3884
3281
4411
265
3876
3918
3373
3604
2074
2002
1202
4102
757
2462
99
1880
1824
802
2581
228
3006
2021
1046
2388
3583
3610
1556
1583
2593
2006
1725
3982
3318
2314
1367
1358
185
2379
2065
4113
367
4526
2435
234
4754
362
867
2366
3909
338
4193
1807
2691
4428
2403
285
353
4986
1594
4038
3156
4154
2945
4674
1552
2396
404
2131
1667
1500
2735
3820
526
2510
4039
4122
3085
4804
1431
4475
3088
2531
2468
3364
4716
396
4064
1214
2342
3804
4016
2287
715
3727
1743
4403
1444
4982
161
2081
145
1247
1423
2387
244
2424
2542
4768
463
2733
3589
4276
2134
4036
1965
2862
4030
2678
2366
3509
499
4324
4325
628
4177
1982
4479
3293
1127
4668
2227
2655
3614
4296
4868
4861
604
4106
3852
1185
2917
1597
3147
3998
110
3036
560
2837
1122
377
1606
2343
1819
3893
2593
3475
4914
4756
1364
3079
2398
77
2624
1965
3681
3818
2117
2126
4225
4860
3162
3668
616
4788
2269
9
2567
4099
468
2885
2395
863
299
4444
3285
301
4464
1567
783
1727
2873
3286
3040
3592
4322
87
3977
73
4799
3249
1760
2729
1441
2392
4816
4113
4
3845
3514
830
3567
2051
3408
2234
4575
4987
2507
937
2179
4954
527
1742
4545
4015
4199
268
2964
693
999
208
3327
3189
2032
2287
866
1649
4551
2126
2841
4332
1804
1023
2602
1101
4567
2227
4032
4096
4081
1919
199
2405
3373
3527
1225
109
3500
417
2144
795
2205
3698
1471
1214
243
1146
1868
981
4948
1
406
3847
1303
4818
4818
3485
4506
4450
4027
1779
1184
4411
3742
651
1110
1989
1940
597
3009
3574
4042
4239
4157
1425
4239
1997
1060
374
2431
3586
4620
88
1489
296
4844
423
3196
2679
3018
1458
1415
1944
3642
3910
2520
2441
2423
2494
310
2295
1419
3927
3368
2558
1656
3033
1830
3748
1191
4731
4261
3252
1095
2967
1022
336
4773
3427
1182
3353
2869
1424
4362
1867
431
3877
1838
2918
848
3143
2196
880
2768
373
4939
3335
1810
3037
3001
1994
2907
4466
291
2975
3171
2730
2300
2806
3598
2421
1790
4868
1126
2127
4476
1627
1873
281
1261
1539
3589
3429
2902
16
3282
3089
4915
2225
3577
1648
4933
1318
1619
3183
800
3721
2828
977
438
2478
4682
2314
246
3539
1019
2901
4113
1871
4653
4672
1311
814
708
3695
969
2033
3536
727
2958
2903
3985
856
3667
1851
1164
4534
1856
2137
3123
3088
1018
1755
3649
2137
4589
8
4988
453
3493
29
2435
1762
3765
1659
4237
1189
3916
3326
2200
4322
4705
4093
3454
3729
1555
422
2206
3941
3801
4288
1582
3126
3722
4765
2850
1521
1216
1034
4511
1906
837
1451
953
4128
3710
4214
1001
1587
4227
2757
2662
89
1376
2088
1949
2661
3226
4282
3115
3989
1068
2126
3529
4137
4896
3427
577
3667
2524
3674
3261
3290
3776
1662
2307
2842
1369
1317
3911
4711
409
4248
822
275
4539
4940
2464
1471
1532
1206
3518
1665
3238
3707
2671
2924
1709
3212
1515
4068
3780
192
3436
4009
219
2620
3745
1157
2233
4955
2583
4014
296
2834
2185
1103
2463
16
254
599
258
2373
3325
2443
4958
2578
3767
3849
3115
4132
4430
65
2115
861
1569
1356
1021
4327
2730
4419
1426
3177
180
4138
834
3091
2409
2844
4531
3302
1923
1593
2165
1414
4587
2680
3803
4025
4871
1540
2067
1231
769
3183
3742
1753
9
2439
1848
3559
2870
1922
4170
1918
4783
2608
4137
1078
254
2777
3487
793
3485
4208
4761
673
1200
2677
1707
4687
1217
1837
3185
1868
1952
3614
1487
4096
2917
2266
1238
3474
265
3015
4852
4538
4460
2588
2915
2644
409
1620
2119
3566
533
3571
163
629
1268
871
4372
71
3093
1300
4869
2845
1388
1244
3420
4194
4033
2634
3567
2798
1421
3120
1693
3244
4003
1759
3924
654
2924
1363
3161
2887
1657
3526
3911
4284
1630
652
4910
23
829
2617
85
1687
569
4882
2270
4216
4508
4908
336
876
1248
3906
545
4989
1403
2924
4028
52
3942
4350
277
1721
4902
4641
2758
756
1074
4873
2932
1152
1864
2923
438
265
1563
1449
4420
2748
65
2587
848
3672
2929
1349
1738
812
4010
291
3017
189
857
349
2812
764
91
1680
84
1424
164
3838
1747
1423
3713
4533
604
4514
2028
4312
4443
3406
3152
3115
3465
3550
4221
2297
4460
2731
3887
1848
1672
2698
4187
2034
2553
3975
3942
3388
3253
4332
2580
2571
342
1654
2262
64
79
1159
3689
1446
4731
2733
1704
3023
3169
4856
1668
662
4115
3681
2852
1073
4160
4867
3220
152
4936
3456
4030
2650
2290
3283
258
2134
3371
2196
4538
3796
149
854
3212
450
2882
3224
233
4080
2561
3954
3920
2706
2392
4038
2411
3906
2774
3683
1729
4792
338
4404
3251
800
3596
2901
3879
2946
120
3655
3880
3200
1484
4906
144
4922
2731
3316
4582
1032
1554
2179
3926
546
732
181
196
2073
833
193
1450
752
4638
3521
4408
2054
1400
2194
2524
3935
1529
1955
64
1999
2739
1048
998
739
3973
60
2733
704
4893
3538
4616
1152
2895
1338
4811
275
1825
1720
1719
625
2996
4637
2971
4604
1182
2407
2034
1963
1365
2576
765
3757
224
3339
202
3894
3922
438
2392
785
4280
291
3331
1954
1858
1631
4283
4554
2591
4891
531
3839
359
878
749
3283
1173
1162
758
3529
4557
118
3624
4163
1411
4594
3381
178
2788
4448
2701
4988
1395
3499
2392
4327
3545
2562
3685
2297
3324
2070
2001
2541
4372
1750
4290
1794
3664
2176
1039
4401
1749
3320
1580
376
2847
2094
2935
3320
969
4423
3449
4157
3141
658
3997
1543
1689
1723
4295
1168
1535
2471
1309
4874
2842
1045
1864
2888
166
3737
1192
3603
3077
1791
3500
1487
3137
875
3044
4771
3616
3539
2597
3532
1674
4679
366
1095
4670
4215
4237
2785
3624
2168
3709
3963
3781
120
4075
2521
4522
3194
5
3492
3529
709
4564
253
3404
1695
4581
4424
4542
4449
4939
640
1415
2647
4588
651
201
4878
1059
625
2856
1350
2517
1707
844
2174
3861
4763
1044
1071
1002
4336
3245
1229
1604
1996
471
3460
3502
1974
1899
2318
862
1913
2503
4304
814
442
774
2382
2470
3711
471
1236
2253
2761
1762
2000
2332
3157
1950
834
976
3495
2273
39
1435
4803
2528
3406
2921
2845
1486
428
3629
1146
3545
2642
2639
3912
1121
3435
3511
2571
1930
4537
4821
4382
980
2474
3120
4078
2097
2348
4468
1542
4192
3350
52
1776
2621
2381
4778
1367
2218
3880
2703
4564
2543
3663
2141
4235
3433
526
3711
3611
1199
1131
2395
4101
1014
4527
2535
4527
617
415
1183
4374
3113
1403
1554
1115
3660
526
147
1223
2147
3293
4197
4047
666
2878
3955
147
4059
4642
481
3201
358
3091
3089
2846
2618
1521
714
3711
1540
2237
3903
1908
3552
3758
146
1620
3438
3874
1634
4888
583
3370
153
3360
3523
1482
1980
2511
4735
1143
1741
399
4068
2639
832
1741
4271
1784
4624
3192
74
853
3044
1110
160
4421
1498
292
2796
2774
2307
1996
1662
2862
387
3135
964
2529
2422
2206
2008
3453
4556
181
1031
2401
155
566
3873
1992
3628
1413
2641
3458
289
358
3335
1446
677
1871
4345
4425
243
2518
13
3022
2120
1290
4304
10
2574
2369
1744
4870
310
1528
3710
1963
4868
4781
1588
1202
2736
1994
1271
3128
3264
1293
1204
1072
4227
3542
859
4915
3053
1327
3804
4527
3550
3147
3179
2369
1249
4544
2418
2265
3928
707
4035
2646
509
1605
1600
1952
1812
1441
1178
4328
1900
2832
955
364
1245
2000
4889
1944
709
1215
2012
4352
2005
1802
2077
508
4313
4533
1841
3058
3241
3101
3143
2824
2498
2838
3986
1308
1078
1222
3641
135
2011
4276
2045
1783
410
1904
2172
2101
2987
594
4965
2749
1824
2006
1727
3621
4242
2024
4941
4053
2397
1818
2323
4202
2741
3351
3495
4342
4692
1141
2327
957
2146
1901
610
1705
1780
4064
2243
4958
4423
4448
1321
2843
3959
4996
3286
77
1559
864
470
3464
4343
2856
3141
687
2481
3685
47
3549
3000
2402
1489
1467
321
4621
1320
699
3071
2541
1076
3205
2596
3795
4734
1487
1338
722
1450
4338
3483
175
4708
4531
2482
1163
1801
2798
1301
1662
1344
4510
4669
2441
3644
593
1902
3332
2294
4215
2971
488
3223
1679
4084
4136
2476
1057
1195
1437
979
955
1026
4330
3774
3095
189
1172
633
3836
2945
344
578
3911
2771
3272
822
2293
1230
483
3853
2559
1385
2108
369
426
459
602
3024
2090
793
3293
4562
122
3234
3227
232
1022
936
4582
4119
3688
1706
3019
4170
2897
2064
4237
1472
4827
4631
2677
2836
1611
2025
771
1403
150
2973
1379
204
1722
3154
3863
2620
371
2185
753
3540
3002
2981
3129
4432
1718
2883
4890
2782
1619
3101
3677
4846
4393
3666
438
1643
961
107
2440
2535
3086
2764
1778
4884
711
4336
634
4676
4365
2613
3178
4069
651
3147
777
4722
4308
342
2706
4441
2543
67
3019
1391
3420
2986
4129
1878
1195
4669
2034
3444
1955
1838
4009
3220
1965
3271
4608
1462
1972
4831
1038
1944
1335
2013
1255
577
1696
3127
3089
175
4986
2952
3199
1559
4568
4423
3265
3390
2805
2528
3827
80
2872
3947
2042
3699
1978
315
2534
4826
1454
3831
379
4592
3636
2733
4829
2034
3163
4345
1144
1831
4668
1486
1649
4445
3982
1739
1142
4617
3013
1173
3378
2303
3016
269
697
1155
372
2933
3193
1588
2025
673
383
4655
4447
3291
818
4600
529
71
2711
4803
1380
4453
3203
4241
4585
3442
2848
3267
197
1833
848
3719
2037
2966
2080
4119
940
891
2554
1207
4591
2110
4108
2691
3645
1657
4088
3855
2096
2365
2220
2740
1557
1641
3656
428
4762
3354
997
1446
2403
2446
2361
4990
6
3850
3275
4298
2778
1610
2087
2822
2628
2422
1562
1885
2239
4363
393
2721
3039
738
3629
1375
3129
3507
2613
3749
813
4366
41
2149
372
3913
3001
4951
610
2176
3119
2647
2036
2907
2168
380
1405
1957
4609
731
3487
1821
3820
1683
520
2606
1705
1386
1373
175
1948
60
1314
3654
1663
3242
520
4064
2509
4776
2992
2128
4606
4085
3524
4097
3413
1170
1884
3443
996
555
4852
4689
1202
1610
4157
4365
3597
437
4564
4966
2198
4420
3883
4859
3166
4009
1280
2689
2982
3231
4428
836
999
1538
1059
4874
2383
419
4632
4162
3984
2964
3719
4013
3479
1435
1316
3312
52
1017
3945
1718
3693
486
3362
4772
1863
4784
4316
444
959
1807
1958
443
3544
3023
471
3678
2095
2972
4236
4100
4831
1379
742
3585
4405
2082
1956
389
1477
586
2346
1995
4011
614
1206
4871
4660
3495
2040
4444
3972
2655
1075
2829
1770
2264
679
1871
621
3258
2334
4346
310
792
4901
70
2550
1202
1331
1369
3467
3414
2588
1818
1165
366
927
4960
678
2452
3999
711
793
4870
1746
4998
3336
1734
3462
4022
2221
1871
4669
2822
2794
4360
462
2945
4928
4132
1393
560
3574
3876
3854
3509
3502
3893
4988
3970
1688
751
3001
4284
1750
199
3968
2508
1149
3268
2016
3747
4009
1448
1892
3577
1178
4983
440
573
3133
4222
2328
739
3452
4701
4084
149
349
3953
3335
1320
4600
2452
3043
4408
2083
1539
389
2302
3692
4109
658
325
4927
2317
2008
3061
4217
3451
4893
1142
1089
1787
854
4290
947
4795
1052
1997
2032
1112
3463
1993
4636
3606
3269
4854
1426
4279
1257
2881
287
743
3100
4874
1490
3823
2226
2473
4134
3785
1048
3195
1309
3711
3194
828
562
1933
2360
3615
4453
351
408
458
2854
4223
4672
4147
4358
3226
4129
2782
4593
4734
2286
4685
1668
3708
1549
2679
4170
1056
839
276
4917
1018
2692
3358
4596
4687
747
1979
3209
3941
4639
1773
4400
631
3579
31
2356
909
3620
1384
4662
1265
524
586
3725
1195
2828
873
650
670
4379
3382
1281
4430
2112
2668
1985
2866
196
2009
275
2554
2528
1260
2442
432
1291
1155
3089
4010
3522
1960
4490
2599
4716
4046
4226
155
1915
4268
4976
1576
2927
3900
4086
4000
4254
2031
326
1233
4605
3708
3968
2112
3444
4472
4192
3544
3134
4786
25
147
4685
4081
691
1511
74
2849
4880
829
3468
4523
1650
3469
1131
2169
2653
3495
2609
540
2684
618
2250
4917
4442
582
3189
4002
3761
3198
180
452
2416
809
1431
4282
1357
3828
4210
2094
770
1246
4187
687
716
2953
4859
4483
2351
4235
23
1327
864
3662
4133
1356
4130
2354
864
2383
1765
4252
3439
666
4724
4835
1708
3421
3277
174
302
2893
54
3
4303
3227
2022
1521
245
3982
1712
1640
2551
4376
2152
1143
2946
3735
2888
1771
366
3042
748
3428
566
4344
3954
1575
426
1053
2218
209
3242
438
2717
495
4854
3662
2439
1409
4686
57
2417
3279
2425
1486
401
1954
3072
470
2676
3377
473
3432
4323
1105
686
3932
3377
3264
4946
538
781
4160
3263
4139
3070
3246
3154
2105
3040
1189
4491
4262
3844
929
3737
3109
1706
10
2378
1025
902
4817
4121
2571
3264
692
264
3558
1949
4283
238
3906
1022
4225
494
971
3320
1410
2328
1576
217
46
282
4111
3425
649
188
4980
2244
1213
3276
4524
4903
2279
2932
3871
4188
1903
2641
4469
336
3442
1046
3957
1858
4744
2329
3046
4711
157
362
1835
3549
2381
296
3208
1783
4710
1229
2425
4848
667
205
2050
3859
470
865
732
1669
3577
3423
1503
1115
177
3675
2636
1769
4178
3770
1509
1539
2404
3945
229
4442
600
1795
2117
713
1139
2151
2047
4746
4430
884
939
4338
3476
2381
2965
3879
1336
3921
3051
1625
4302
3908
2404
1866
4050
1281
2935
154
2667
1442
3044
1334
4160
639
2394
1551
4475
2668
4038
3496
1177
2078
1975
3230
704
417
3204
4077
4365
1536
4074
1053
426
1106
4987
1019
3546
1795
1201
542
4352
1531
2861
4597
1638
4079
3439
335
654
4960
4649
44
1073
3360
1637
1061
718
1130
2753
3194
2922
331
4140
1152
2780
448
3526
3785
395
3868
1879
3047
109
2131
2214
4408
314
1402
1448
89
4034
3230
2048
3611
624
1196
2293
4859
1819
3070
4323
4198
4374
2560
480
4968
4313
4174
4517
1944
1536
1733
4136
2372
2849
2634
3310
1233
4780
4698
2722
2081
2130
2759
2748
4419
1860
2581
805
2836
2384
1141
2584
3898
1179
2232
1967
4089
2292
524
2228
4330
143
928
3217
3861
324
2785
1609
1746
1308
551
825
1394
3116
794
965
3574
4635
386
1464
766
2478
1668
1940
3029
4677
33
4485
2648
524
2388
696
4891
1781
4694
2850
2678
661
1541
1998
1780
3091
1058
3860
798
3590
3454
3117
3301
3381
2020
777
4384
3352
3559
123
4982
2041
3856
2344
3389
4009
783
2295
3869
4506
4462
3161
1009
2323
837
3413
2560
2166
1408
1007
2091
1774
917
259
4623
3318
3332
3226
104
962
2667
2038
2100
699
1807
100
480
4865
639
1544
3162
3804
2467
3022
3824
3977
1108
2884
1063
2814
2916
1805
3983
2878
4391
890
4251
2253
2035
2707
67
3528
4912
1921
2868
2502
1243
973
284
3143
2921
1465
2623
1717
3180
3915
1136
3493
2330
1730
136
1559
1821
3496
859
1466
1797
2126
1564
2108
2526
3114
4590
2432
3370
1928
904
3893
4377
4456
3268
3407
762
2949
1132
1848
1794
3323
4297
2125
4562
4991
3708
2379
4134
3713
2123
1087
3350
171
4546
3187
3692
2969
1572
1000
1478
3561
1925
354
3708
1534
3839
447
2691
1455
3784
4784
1647
4861
4816
1005
3434
2278
4895
544
289
2576
1133
732
842
1802
4525
1612
3129
266
3225
1525
2076
3562
1725
4501
2072
284
4947
4013
1517
3307
502
2631
311
4478
2955
1695
1438
4858
754
1214
299
2520
4270
3665
3513
3226
2325
1882
277
4053
158
3266
4317
553
92
1460
1230
3497
51
2109
3105
2835
150
3734
44
2705
3486
2602
1663
900
656
470
1616
2088
3509
3840
3446
3405
2091
416
1250
667
215
1119
730
2962
1786
4534
4158
2918
4660
4870
14
1959
3938
2134
1506
2726
16
3159
2622
3875
1906
1690
4791
936
934
1287
3673
724
1289
3181
749
1941
4143
4283
3508
3089
2625
35
3806
3986
129
2432
4271
1564
596
3705
3543
611
561
860
415
4953
899
4140
505
746
1486
2100
1374
2162
4749
3275
4045
4829
3532
1005
1357
2933
4216
879
1780
2002
2905
2974
3925
1199
1048
2824
236
4272
161
4924
2426
726
1501
3695
1004
2214
3130
705
4903
2102
3
4154
2520
2280
4678
4693
1325
4935
899
3681
1837
4310
3335
1907
1906
1908
3106
3311
2095
71
3455
3343
10
4070
1709
4023
2259
1262
5000
520
1969
4411
1702
3310
4255
532
2912
3774
3333
4515
1273
1159
371
4384
109
3407
3655
433
221
4168
3918
1943
1157
4627
932
2023
3362
2517
700
1963
1108
484
4766
481
1712
2442
352
4494
4660
149
3892
2050
3949
1313
619
411
591
3752
2350
439
3329
2285
2722
1379
95
4347
1565
3622
1852
3921
187
1596
2836
4362
3450
4702
2859
1929
2091
1072
1597
3436
925
3245
1355
393
2766
3980
349
4427
4991
4292
1397
438
3031
3194
4036
4455
3612
196
3572
2041
3866
865
599
25
3685
485
249
4164
4922
994
2531
4812
1200
284
1792
3709
4441
1160
1008
3512
1246
4664
4470
2798
2403
3205
4054
2931
3297
1104
2456
1052
1873
1673
1448
4410
3511
1417
4092
470
2243
2715
4345
4813
2458
848
3049
2763
236
256
3780
527
4749
999
3974
4825
3191
3762
2691
1251
4930
1784
665
2847
751
4054
2978
1947
263
1782
4094
2176
2821
3806
4083
557
816
646
4650
2505
1835
2260
1819
1034
770
3502
2425
1298
4236
2082
4287
3626
3698
2082
993
533
146
3312
4779
779
2343
3419
1053
432
2109
3524
2116
3348
2772
3323
810
2996
699
2911
3993
2221
1641
1755
4882
2040
738
3587
1662
4061
2948
3679
1517
829
4382
2015
2072
3469
1940
3081
4469
2748
734
4346
1616
3243
2486
3501
1463
3693
815
2923
1400
3666
1025
2556
4483
4798
446
4265
2446
3988
4443
4612
2324
2203
208
4479
2372
3229
1330
141
2601
3571
621
3340
2547
4754
2330
2953
959
3080
3653
3745
2231
1004
4585
2407
3222
1820
4256
3450
1057
4898
1913
1510
4843
3750
3294
977
4844
4714
1225
2747
4910
2239
3703
1931
2820
4568
1000
1594
2319
360
3944
152
2761
3062
1289
86
1681
645
1514
988
4345
4551
1243
1847
4676
462
1986
1409
751
2710
1520
443
2682
1983
4896
2564
3121
1193
3256
4146
1847
2824
4300
3390
2552
1623
3303
2202
2197
1500
1729
2210
2247
4228
1664
2096
2001
2040
3534
4888
2113
1657
1703
588
2868
2024
3779
3608
4944
2476
4643
2820
4700
4486
717
1710
1653
933
4562
983
3005
1252
1416
1461
2087
3096
4918
97
133
3623
1098
2540
2721
979
3250
1488
4298
1761
1119
1586
4764
4751
4319
2065
2558
4565
3885
1826
2932
1789
4543
455
3560
1844
46
2969
959
3691
308
4871
412
4684
3702
1647
448
2604
4246
560
4282
158
214
4096
242
135
1788
2683
4919
3940
1228
1640
1473
3169
1675
3
1381
1352
2369
3219
2572
596
1222
4293
1638
3032
1811
3455
4195
27
830
491
3011
532
4609
3785
3003
3535
2738
1863
2523
3492
1436
3663
311
4374
4754
504
3131
2839
934
4047
3562
925
4568
64
1876
957
2517
3568
3925
3729
1393
4857
4271
4567
3370
81
608
2787
4047
3826
4216
1571
2269
1145
2477
619
2538
4644
3336
4020
4250
3279
3294
4121
2066
4657
816
3318
743
3014
1394
83
3599
181
3865
1790
2547
3465
641
4749
4574
871
661
4727
3891
1837
3855
1068
2265
3873
2363
3671
1486
3290
1473
1238
2997
213
3625
1190
4209
4249
2016
3720
3285
2371
3120
388
3881
2556
1626
1930
1232
575
3898
226
971
1803
2942
1846
2050
3577
1033
3397
2629
1550
2262
669
3853
3009
3126
2859
1317
4653
3115
4551
3856
4795
1753
4030
727
4964
1994
755
58
3004
1743
3436
2403
332
1177
1594
2674
1043
2695
375
3189
1971
2566
3698
1831
144
1297
4938
293
1128
4075
558
1839
3189
1792
1136
4027
716
554
2175
2051
3311
669
4580
2516
3053
1677
647
2844
2175
3499
1584
4835
803
4404
3564
1856
3479
534
989
183
2574
3586
4797
3936
348
316
4146
4737
4567
4979
1422
3756
675
575
2804
4334
2416
3781
3363
4801
2231
941
1902
3525
695
1688
3282
1642
1335
3009
3064
2914
3029
4099
643
512
4676
552
2415
1007
748
2685
3332
3600
4220
2036
4570
1568
4544
2622
3896
2728
2644
1318
3710
385
3508
2647
1611
4639
2478
4834
786
3831
1644
1070
1761
8
3799
4160
4489
1053
3061
4801
2663
4216
3127
3497
4489
2804
3547
2991
3036
579
741
4145
2352
1882
957
1917
4592
2282
1529
2182
3015
3124
4439
2615
2785
2077
1947
3093
4705
1925
449
2205
2675
4972
588
2308
818
2057
3103
3005
4476
107
4368
884
4570
470
939
1041
1550
3218
4294
2718
3155
377
4177
3679
4821
786
3336
1211
254
1818
4246
3759
45
2757
3768
47
4921
1789
4286
2222
3603
4499
392
3048
2876
4774
607
615
3231
4181
1541
3397
4725
1294
800
4694
3242
3458
3548
2200
2396
262
331
3101
2782
4152
2055
2764
4233
2559
1564
488
3529
20
3500
2061
3843
1392
1553
2330
2230
3341
1198
24
1389
2020
2763
593
27
4033
4218
120
3084
4166
3077
2168
2050
1091
1889
2234
1467
4102
1573
2162
93
2910
3579
1099
3564
4877
1530
1782
1652
3014
2828
2070
1809
1956
4281
1292
3230
3543
4516
1483
4482
3390
2606
4815
3977
1969
4300
2645
2736
3213
1662
4590
918
4194
2448
2530
947
2500
3351
3293
3415
3363
1421
2808
4653
451
1961
3632
1722
914
1819
3838
1515
183
2671
4692
1904
3511
222
1402
4293
4773
3491
2592
1670
4721
1647
4200
413
2716
74
1839
2214
2045
493
4636
4138
4962
1419
986
3945
994
4259
2980
847
2224
4238
3545
4341
3933
529
3257
2877
4991
647
768
295
619
2691
1139
4368
2584
3873
297
1426
2651
3
2263
3846
2486
166
590
989
146
1630
4225
2799
2721
3050
1887
1030
1285
4153
4165
1116
4089
4195
3299
4582
4328
3151
49
25
4190
4501
1486
3593
3543
1247
3798
1839
3679
2127
2066
1043
450
804
2225
3535
223
1980
2413
2055
3402
4217
3422
1527
1408
455
4035
312
3532
2518
2784
4840
1512
4310
399
3720
1424
3029
1148
1842
3985
4833
222
3086
1788
534
2820
4737
627
3669
2453
860
1119
1103
1979
3776
1930
1076
1361
4086
4240
1779
2401
1515
3607
4179
1525
668
3935
2553
3169
3470
1777
1963
1719
2303
508
1787
3329
2854
4743
3863
1680
3998
2990
2992
3081
4129
4543
4784
698
3934
3388
949
4729
1894
1423
4441
4125
2299
4271
1836
3686
1589
513
1629
1944
3333
1241
1561
1438
3228
763
1348
1806
2536
686
2696
3199
2744
2167
2527
4777
118
713
1748
3871
3846
4964
3784
699
2048
3655
1801
3952
617
4155
1831
3243
3621
1007
1212
4870
3716
4175
1195
2047
2057
4053
2087
3403
4909
1042
2582
2505
1394
622
1104
4331
4622
236
3824
4399
2048
3748
507
706
4083
4834
487
4542
2086
1007
4718
1033
1553
824
2737
281
698
2521
1909
2282
3921
4078
2161
3550
3990
938
2310
508
2058
4161
4470
3835
1018
3560
1105
4049
3350
2314
3106
1980
4501
94
3790
4863
387
2153
2703
2520
4954
1171
2318
1920
1647
3955
2038
3069
3154
4130
4435
791
3909
4142
3249
4476
247
4069
1168
36
2175
3099
3382
1908
3358
1932
3893
4931
4904
1589
2198
623
1382
1161
4840
1752
2984
4006
4685
4693
2023
4387
1313
1395
3664
850
651
2740
4249
2257
2563
3614
3432
696
229
3892
1250
4964
1405
2138
2527
4004
1374
4659
1844
255
4156
4245
2835
3412
2987
1932
2726
3837
2419
1797
1001
2387
4559
2628
3934
4666
672
3765
122
3822
3931
2140
556
1868
4181
2114
2777
437
3780
3644
1581
3941
295
1309
1263
3114
2739
2544
4950
2016
2931
3747
2938
2605
212
1094
2947
1560
564
254
4966
937
2982
29
2466
1912
2737
1189
3275
1702
4476
4704
1266
2240
1429
625
4020
3348
2769
2149
81
2930
354
174
3638
462
666
4656
1127
2999
4486
2692
4723
1685
3100
816
3409
883
3590
2704
3755
3884
1341
3232
2743
3394
3190
4698
1466
3006
1670
109
1531
4232
1423
974
2562
4051
3243
2423
223
4034
1036
3166
4701
473
1508
2265
2035
4294
3362
4410
3479
2371
1635
1507
819
1050
225
536
3710
3296
3214
2701
584
4724
2729
3928
3770
1025
3160
3619
734
1865
3574
2071
4230
260
2360
3892
4380
2914
2934
1002
382
541
1142
3563
4437
3287
2714
388
1461
3933
971
2125
3034
3133
521
894
2203
4155
4457
4860
1137
670
4822
2859
1177
3914
3225
2459
4320
1019
1814
2722
4351
1343
2137
2606
4435
3356
257
1470
1521
3607
1873
3013
4755
4511
1929
3566
3587
3386
3575
3525
2334
2125
1962
3880
1036
3839
347
352
3866
122
2412
4462
4697
835
622
2310
3698
2932
3845
2177
2482
4285
678
4452
83
218
2677
4608
4825
2096
649
4535
3867
3551
3644
1038
2945
4259
4937
3173
3529
391
2699
2598
3849
2836
1524
1060
1261
1241
1734
2102
1027
1839
950
1904
3877
2163
715
3883
4987
693
1503
4586
2303
2405
4687
4363
4543
1070
3737
754
685
2791
1668
3418
2832
4423
2406
3107
2801
2899
1277
3694
1150
3441
4557
4593
3961
4446
4763
3467
4368
3938
4658
412
1513
2044
767
3789
3258
72
1267
4680
4336
1088
4527
4100
1566
2503
3259
498
4760
4358
4534
616
942
1743
2469
3968
1150
892
28
3212
357
3025
2506
607
2695
1510
4140
2171
3503
2621
987
1109
3037
1188
4359
4635
3327
3446
1538
3909
1425
2752
4518
3847
717
3949
4858
614
4743
4351
2962
999
649
4732
183
3518
3061
4896
3424
913
2034
70
385
318
604
1579
4453
4475
3244
2520
967
1853
4091
630
2111
4565
3948
246
574
2359
3258
194
1163
457
2888
832
2600
469
3955
2197
2898
4397
3803
3782
3656
3297
867
862
1108
3582
2816
1429
3886
4674
750
366
558
4553
4114
2125
1020
4624
3079
1961
1853
2629
469
4424
4158
4183
4227
2137
3000
1588
2077
744
229
1723
4923
2944
847
3663
2072
3526
811
4950
2110
4917
1066
4597
2652
1775
68
2694
1948
2291
971
2598
2521
34
70
3730
4234
3737
4202
137
677
3257
1395
229
2034
3476
2706
1168
464
4163
820
4092
630
512
377
2602
4581
3168
956
3540
3290
138
3338
2942
1099
4748
3678
4757
4909
1500
3602
2106
3311
1746
3903
4820
4783
4567
69
4594
839
3256
957
4482
489
4309
2830
4816
541
2046
2518
2962
1950
383
3666
4760
487
4438
733
2313
1700
4416
313
2737
3881
3050
4773
4680
3025
4904
664
4316
3201
4575
4405
4383
674
974
3175
3519
3253
4724
2784
327
1193
4761
1327
2420
350
4750
2500
3355
203
4047
987
3755
4972
737
366
3412
3618
419
4004
2552
506
1054
1818
1427
3828
2035
4095
2239
2730
819
1631
4995
1270
2821
4572
4767
2568
949
4023
501
2089
3960
2114
3009
3898
4716
3399
3560
743
2757
3279
2042
2250
4683
3485
484
3916
643
2187
1779
2898
1474
2803
7
3631
4844
1827
2386
914
2212
3326
710
704
3683
4903
3399
1368
2586
3456
3942
2640
3233
4433
1634
1433
76
3781
2886
3315
1635
1048
1680
3775
2037
1795
3552
1723
1016
1399
617
2785
4082
4969
1987
1910
996
3829
2730
1188
1170
725
522
2880
4267
3477
3949
1947
3484
2519
378
1001
3029
3484
2071
486
4311
1765
340
786
2475
540
1991
2562
4539
3095
4118
4573
2276
549
711
4024
3915
4123
4401
778
137
25
3125
3908
3984
1268
3252
4718
2774
389
1932
3652
1067
35
1734
2080
3238
3701
3117
611
3815
504
3504
2363
2852
1262
2752
4551
3641
1028
1061
2517
679
36
3658
429
3271
755
1336
2227
1302
3778
2171
4429
3640
2017
5
2579
1840
4954
1782
3044
1237
3299
1558
1374
72
3412
539
3703
2128
4504
2690
1722
2957
3985
2985
1427
4577
1247
390
2708
2731
4905
3955
1579
4783
386
1312
4401
3014
1555
3637
1871
1260
3160
2791
2738
851
2255
1686
4254
2435
365
4550
3836
4149
740
4823
2080
2997
3533
2668
2637
3178
2816
1348
2307
4031
1261
3360
3261
119
3064
3961
4481
3444
1575
3598
4337
4221
397
2573
2866
1049
2330
1405
532
3324
4841
3710
3581
1885
2730
1770
1220
1572
1092
4740
3987
311
4947
2889
4974
4275
4536
1374
2582
2122
4245
4074
53
2149
2603
343
1283
202
479
1511
1154
50
4374
799
2554
4368
479
1294
191
3781
200
2596
4843
1035
3762
378
4857
4897
4310
980
4796
2091
4497
763
623
4667
3732
4689
4934
3014
3150
3410
4907
2479
1965
3064
2162
3113
376
4070
3088
2955
4063
95
3446
675
2834
1131
3589
4238
3366
173
2641
1347
4291
2629
4200
3943
1624
587
4002
2197
437
2336
941
2142
3731
1806
2898
3452
4633
815
186
1941
2610
3273
4022
3427
3703
873
1352
3974
4528
1263
2616
3632
221
4664
832
263
4877
3856
4118
3325
4472
1398
2105
779
4093
2764
1882
2373
3344
3584
3291
4641
4591
898
4846
362
2209
1883
4175
1939
3066
129
1519
2489
4432
2296
4973
2602
1178
3832
3256
3879
69
1379
281
1116
2344
2533
2052
1099
619
3501
3664
4042
3858
4257
389
81
1606
1615
3624
475
2034
1388
3299
3790
1571
2815
597
3829
1747
3947
3365
147
13
3181
3265
3128
1658
1194
1959
4597
2319
2062
4771
849
3898
353
942
3695
1882
4292
4080
1354
761
4286
2450
735
448
2613
378
889
175
530
4669
2984
3016
4432
1406
967
2956
1632
941
2701
3008
1111
2910
3415
2439
4607
2936
1297
1235
3612
1863
4843
4780
485
2491
2081
2030
3035
3339
1198
1665
887
1059
4825
2575
1755
2156
2457
2338
3273
3648
3436
739
2493
1022
3796
2043
4971
280
832
2448
543
4747
2702
1547
553
4232
371
1041
121
2223
4435
800
4942
1317
2280
256
3103
65
3979
2433
4000
4364
686
3752
3245
2286
1188
3194
4738
705
3985
666
2976
311
2374
1232
612
651
1750
4792
4954
1172
4797
573
483
526
833
2485
734
2418
4751
3385
193
463
57
2827
88
2387
1175
2710
1845
2608
3744
4360
1097
3993
2728
3799
2018
1031
1019
3312
2538
4809
253
1122
2347
1098
978
4940
2848
685
263
1788
4973
306
142
3704
1960
440
4871
1587
2450
679
2018
3556
4247
1795
1070
3823
73
3302
1603
4626
2318
2615
2096
1736
4107
1680
3031
127
2793
2066
1283
4615
3945
3185
2181
2740
4905
2613
1327
2426
1055
2296
1645
1503
3353
18
1351
3477
2645
595
3111
4015
3753
583
4690
2872
414
4721
385
4167
4077
1731
4388
4202
1007
4513
82
3146
1833
1675
3895
1173
3601
2828
4182
3369
1797
4050
4754
876
4925
3500
1569
378
1856
376
2328
3095
4123
4752
55
4090
1152
4473
2818
3131
2725
3694
4924
2734
835
2534
328
259
2030
695
2760
1483
2779
1832
2031
755
1749
307
3503
4799
4801
4960
2325
339
2981
3177
4352
4942
59
1651
4161
4251
4661
4250
4564
2186
101
2790
4053
870
3557
1034
1955
228
3112
874
395
3783
1788
4423
4804
3422
2654
462
2401
3975
3340
2539
263
2741
3553
521
3659
2182
1039
1046
877
1754
795
4683
2889
3600
2951
74
892
3305
530
2840
1570
4229
3303
1400
2421
4768
934
1036
2330
3540
4819
2047
1823
663
2014
3326
2252
1033
270
4284
2212
4344
3123
4862
201
876
3613
2205
3793
1891
3263
1085
699
3329
949
3874
803
2195
40
4902
3456
1623
2823
4387
1448
3866
4774
4494
455
3225
1216
2247
2726
2019
1393
1781
4896
1383
2117
4744
1647
1412
3
484
2157
3677
2334
2790
2250
1110
3887
4640
916
542
659
3964
4810
580
360
1162
3981
184
1310
18
4180
559
883
4736
4748
575
1351
4318
2393
4337
2510
584
4167
1349
2979
998
4001
2451
4586
3313
1133
2187
2128
4736
1882
1169
2937
3843
2292
3354
2492
4928
1050
4175
1591
2271
4567
4390
4817
1997
424
4072
3089
4034
3103
263
4443
3531
86
839
4818
207
15
4880
4842
4179
4041
139
3493
253
3569
4364
3412
1832
853
3641
3676
4804
4036
1218
2922
4724
776
899
3264
1023
3725
2704
4557
1668
1297
4319
1651
1654
1085
4345
3955
255
3378
404
1961
49
4414
4140
2877
1125
3580
4700
3711
3875
1309
812
1894
4455
4932
1737
2421
166
1442
4898
3468
3641
2647
3206
4777
402
2934
403
100
3574
4258
4272
4504
1003
2041
3490
3017
2860
3395
510
3058
3209
2895
3167
2852
844
2125
4750
4147
3007
4433
305
2752
3039
329
3554
4490
4641
2804
2266
1324
3673
4415
1433
2195
59
1812
4049
2434
1498
4259
2492
884
2374
4986
1809
2995
3301
4997
4014
4312
1311
946
1509
4846
117
2159
3299
3931
2810
4704
547
2385
3028
2127
4975
3603
4756
3482
2643
1020
3107
3985
3602
2032
2133
1182
1060
2467
662
822
4142
1794
121
1519
277
1083
2506
3511
336
2418
2826
699
1613
213
1273
1015
3481
1099
4287
2614
1604
812
4794
4121
1523
3459
4817
316
4562
3469
374
2672
253
3720
3192
2997
1889
1553
2187
1403
141
4837
1363
3873
349
550
436
1385
2150
501
3899
4553
3139
4407
2187
154
3948
1492
233
4076
513
4690
3320
1743
4569
1129
4361
4924
2003
4586
3798
760
3243
1586
1058
751
2745
4202
629
3037
3857
4794
1437
3650
2818
3891
3103
3526
2180
4953
603
1049
3835
4526
494
864
4920
3798
1508
754
2496
872
187
2126
302
3673
2469
4869
2742
3174
4349
3137
594
977
4493
2137
395
1223
4274
3634
1316
3875
2832
2160
3590
1885
611
3969
2491
1127
3446
1300
1097
4212
2762
612
2368
4264
620
4616
1435
4325
4249
159
1543
786
772
2597
452
2654
4332
1696
880
2811
3966
2552
2158
3379
111
4522
2080
427
1822
475
325
4734
41
322
256
727
155
3047
4659
4770
2541
2516
1343
1808
4408
4411
2873
279
1094
1
2452
3733
418
3842
3728
3425
4691
2587
300
1442
1080
3724
1328
1390
1945
1187
3929
1541
3034
3489
4196
3374
3591
911
4986
4153
154
2100
1663
1693
3537
1515
2863
4179
3776
733
3492
17
391
4072
1677
3955
4038
4192
743
4372
463
2561
4770
1274
2489
4824
1883
109
724
1057
2428
3582
3258
1269
4254
3144
4212
3494
474
2630
238
2035
4516
3065
4112
4935
3384
1486
3852
332
315
1027
3826
3835
4589
4343
833
1865
2581
1335
1935
4330
3681
4732
4111
1952
516
1537
3154
4260
504
3231
3887
4177
86
4468
240
378
4613
1617
3576
4364
3236
1919
2347
4523
4284
31
856
3061
3270
801
39
4697
636
1580
2928
3525
3393
2786
1906
248
176
2767
3830
915
3423
4639
1123
1830
3458
4464
4182
4397
1313
2816
4455
1876
629
1323
1469
3267
2299
1847
508
818
864
4644
4669
838
1952
2454
1314
1447
2314
3297
2629
596
3958
1046
2419
1283
3158
2182
2482
1477
4469
417
4296
780
4777
3283
1019
1105
3463
111
2796
493
1396
649
39
3250
2512
3939
2877
649
4251
2664
1550
863
3918
4674
1770
4551
732
3284
4865
3801
526
3921
4880
4625
3748
3006
3649
518
2959
2879
3436
2773
2655
3181
1266
3198
4279
2797
403
932
2913
3129
1654
4708
2742
1418
4792
442
4402
2180
545
2000
4272
2130
2561
4912
650
254
2607
4936
3025
3737
3248
3437
2881
534
745
4085
4638
440
1097
1566
3571
1195
3243
350
2860
44
4974
1
4918
3479
387
3127
318
328
329
3446
4305
90
2704
2810
3476
1959
4527
673
2477
361
399
2283
4295
2949
438
2641
3112
4337
1835
2253
1571
947
3012
4719
1122
2596
1152
3964
4401
3026
23
927
1693
815
3093
4528
4521
2837
4601
3875
462
4180
1543
1759
4343
1100
2151
1652
4005
413
4679
3880
3527
3954
465
2807
1032
1033
3523
466
2130
9
803
3106
229
354
2300
3180
3521
2319
2716
1530
1600
3314
3180
1786
515
2048
4107
2262
4330
1157
1585
413
3133
4581
1856
1340
1598
438
873
3187
1441
2944
672
3611
3617
3438
2278
4229
1512
3564
1000
996
4607
1171
2804
4552
2877
4523
3381
4180
2354
4914
3034
1403
1355
2354
4482
3033
743
3899
2492
4784
3708
1020
4161
2127
4232
3147
659
4370
2239
910
4121
2655
842
2761
3793
2848
2537
4210
681
4240
4219
4049
2724
4753
4943
445
4262
314
3366
2894
1989
2444
4335
3753
3887
3176
2437
1397
1050
2989
1881
1986
1481
4731
1397
1419
2771
4538
2780
3865
2713
1094
4731
3743
212
2037
2002
2462
795
1410
4047
2745
453
1545
449
4133
4224
3883
4784
2143
3010
873
4907
2329
2103
1570
1622
2073
21
3013
3320
4984
3096
2366
893
1840
1427
3007
1364
2668
4710
3254
454
3436
2641
575
4545
3059
2317
2867
1795
2982
231
2077
2930
756
4105
3311
1601
339
693
3730
1949
2886
386
289
1902
460
1597
59
4108
1088
470
1289
886
3634
1326
4138
529
961
648
3809
2241
493
208
3113
774
4413
4200
805
3329
3412
753
1174
2563
4887
1085
4796
4563
1615
1721
2878
325
4838
1569
9
2218
3681
3969
1380
812
375
3291
3494
3972
4112
1788
2446
2767
2962
3454
1961
1739
4879
2105
4142
1171
1589
21
780
43
2259
4269
222
3060
102
328
4505
57
3891
1926
4366
4959
1796
2844
1797
3015
1318
2035
2736
283
3680
4124
437
2396
2577
133
4794
2924
2107
141
4997
1514
1639
1378
3300
1907
4024
1885
2282
997
3225
963
2968
1219
843
693
4472
1269
4964
3549
1284
1913
3031
1913
2355
1932
332
4395
1034
1368
937
771
3500
4515
2591
2954
3374
4323
1851
2571
4149
2404
1173
831
3881
2805
3587
2728
3639
4828
4670
2227
1864
48
4518
2477
2514
2178
3822
3577
503
256
3539
2056
2314
2262
3610
1064
68
2940
2072
913
1428
3267
4697
4494
432
1393
2527
1126
3569
3315
830
268
4545
4267
3209
146
4321
4250
2431
751
3890
321
1419
461
2843
3834
4464
4481
128
720
4122
270
3837
1738
1398
3186
1112
395
4452
1421
1762
1319
2583
2436
33
4018
1623
1501
3519
1754
4630
1453
4981
3515
954
771
1283
4128
4309
1311
1863
3216
3925
3107
2855
2735
2663
648
4907
1333
494
874
2467
1474
2218
2651
2219
4509
1997
4673
1132
1198
489
2773
3005
2635
2183
4339
1444
2012
1602
412
3485
4052
2008
4619
4578
3954
2084
2782
3315
2997
138
2340
3746
2849
2008
1561
453
3286
3389
3352
2588
2240
4688
4721
1603
1176
3792
1530
3592
2118
1903
127
1448
4869
2526
1611
2118
1839
3862
3803
3892
3201
1032
1471
3282
1305
1930
4
4162
1507
1115
4679
1836
3935
3188
4325
568
587
2982
1068
3022
1590
972
821
3484
159
2824
1722
320
953
1771
264
3115
21
1268
3684
1851
1884
2577
2579
1365
3698
1852
2359
4580
3709
3125
1410
4639
2352
2036
4045
2525
1341
1244
47
1025
1285
2365
1881
3535
2778
1305
3345
472
2343
4061
4524
3132
4290
2132
1380
1017
111
4040
3129
4214
3753
1361
214
4652
801
337
4947
2480
1224
798
184
3906
443
594
3670
4433
1519
2908
769
1254
4836
3147
971
633
2083
2382
4604
1852
2626
507
3458
4174
74
3152
192
689
1037
4542
4773
1226
1149
2809
4298
3893
3350
1028
2266
3474
2327
3926
869
484
2373
2710
4005
963
4206
1054
2710
1486
2320
2666
1509
4815
3280
2139
2443
31
412
2573
1387
2614
4798
4624
2856
2932
3240
3524
4318
902
318
2077
3052
1953
1981
4444
2205
246
1272
1199
1838
3375
791
2899
1696
3143
4546
4179
4435
4312
519
833
3476
4766
2569
2435
1030
3526
3139
1622
3628
4945
3215
912
2947
3317
1957
1893
4988
249
3816
1028
2810
4841
215
3867
347
1930
4980
2177
2100
2725
4268
1883
2256
2766
879
4728
3126
3529
3463
1096
4276
4304
1809
4666
2
4668
4540
4911
3008
2348
4292
2259
2788
2883
3941
2349
3281
317
4535
160
3945
919
4506
907
2492
1605
1845
4286
25
3521
1530
1352
1940
4708
3688
3495
2304
664
105
4450
3084
2747
4707
432
1027
1303
4155
2219
4684
4343
3944
4704
892
2272
2411
543
4248
3869
4166
3399
3545
4392
3380
3480
4467
1126
3724
4640
2184
2221
2382
4239
2547
3571
2085
3607
3664
4777
3547
3781
3549
2097
825
1969
2111
4223
2899
4303
1743
4098
2923
205
4556
4857
1479
3843
454
1902
2956
3487
273
1113
2425
2277
263
3097
1305
2349
1305
206
1467
1138
1527
3826
2072
602
3328
1968
3718
859
4601
1672
850
2344
1126
1452
316
2038
1861
3102
873
2062
4085
3498
411
3697
1745
366
2290
4373
1852
2951
1321
3707
2271
949
2454
1872
4517
1035
3991
4374
2261
3510
4962
3210
1559
4048
742
466
1501
3276
2956
3703
3409
2625
4234
2130
415
4115
3732
261
252
157
1989
393
2020
765
4636
1996
933
38
4788
2074
1571
2189
3158
2177
3040
3504
1669
4340
4037
1319
4928
292
1112
2476
2754
896
1199
3874
2031
2421
2511
4875
2164
451
4869
4355
120
393
3031
2869
1049
782
3211
3946
2677
3974
2088
4200
2997
2336
2726
4827
2961
4269
3441
4195
2311
2127
1866
1417
3586
2890
2461
4356
949
2573
4343
2429
4327
1612
3532
2734
2685
3040
88
4537
4785
4599
4347
254
2534
2208
88
3101
3758
2487
2992
3080
99
1655
963
1180
2188
2037
4333
3790
310
1345
3170
1154
2432
2358
4388
3815
4554
2607
632
3647
1141
3108
4730
4499
4769
523
2290
4617
2843
2945
4287
2907
1591
2771
2752
584
519
3789
557
2190
1077
2400
857
728
132
632
2398
83
3278
1109
1941
4976
1654
990
2968
2267
161
430
673
1308
4922
4207
606
4602
1692
4552
178
3511
3889
3178
2852
252
2226
2411
4975
3548
869
3106
1859
311
4335
119
1483
4719
1942
2115
2389
4469
4890
844
4854
1820
2814
4212
340
3485
2569
287
1906
2692
887
3303
1687
128
4851
1867
3034
1540
3507
3476
1381
2360
353
573
2081
369
2977
251
2091
448
1126
862
207
2989
4658
2811
3130
3708
847
2797
4625
2885
3942
1000
482
2355
706
3882
4358
4982
4265
2072
2345
3441
4224
882
117
3555
279
450
4198
3691
2932
17
831
553
2968
3475
38
2314
32
430
2670
4469
2961
1335
2858
331
4259
2415
729
135
2044
2324
4564
400
2790
1907
1690
3156
3722
4978
1720
1031
961
2808
1625
618
667
883
187
4110
3849
229
1582
3999
1129
2408
1805
337
3023
4695
2158
1799
1696
572
558
3791
929
4355
1936
886
3409
3316
590
1685
949
4578
3092
4110
4250
2452
4585
4462
3075
2393
2138
1651
29
4753
4092
520
970
1405
4507
3892
4788
2586
2873
517
4050
3913
4673
2587
2569
1543
425
3419
4214
686
1916
3559
4565
2255
2827
4995
4582
804
971
588
4157
2850
3847
3692
885
4389
1181
4465
4626
583
1751
460
502
4633
3502
2565
2333
3844
1737
4880
974
2266
1243
1988
1617
3431
1657
1448
2299
3606
2459
1462
3931
4498
17
3245
4203
1194
2047
4545
4927
1164
4677
3143
4557
1399
251
4879
2818
4541
3035
2501
3663
1773
1539
707
2169
4596
2449
4698
4437
3561
1772
719
3283
824
2394
4217
2049
2908
501
4627
1295
3095
1508
3923
4247
1044
3081
2728
3153
813
802
4173
3263
582
381
1588
928
1623
493
2952
782
1186
1013
1004
3180
425
4214
2072
83
3640
3051
2297
1443
1299
1280
3088
4994
12
570
1125
1229
4115
3168
720
1514
3727
927
2074
624
4999
3876
2471
2098
2859
1110
4682
3742
146
4571
3087
13
1122
2859
1357
860
882
760
4342
2088
2838
2531
1957
4339
4237
3335
3550
3363
2154
4219
4483
2327
4936
3479
631
1406
3030
1516
1652
4526
2500
1709
3039
4823
4263
4862
3410
1248
4773
2586
188
848
1581
1646
356
2345
1161
945
2516
4847
3177
3698
4336
218
3447
4055
1387
2306
950
3489
3632
1190
2699
778
3287
2757
3973
2807
171
2725
2042
4992
974
1949
3640
3398
2276
1370
1591
1969
2589
4822
3678
4521
2296
2086
400
982
512
1157
2012
254
2647
1932
1056
4646
4820
1827
1504
714
4014
4112
489
4931
4356
1793
3242
2290
2114
596
1545
3114
4251
1801
2410
1237
4459
242
1045
3069
4091
1750
2170
3270
2401
1034
3094
4818
1039
1683
2129
552
792
1701
4932
2200
4160
1784
1790
2024
2973
1413
2499
416
3326
4070
4675
1250
3318
4456
3071
2223
4834
1177
3439
4886
4381
1379
1663
657
2747
4347
587
3841
27
1541
3211
1463
4024
3284
1231
2109
2516
4482
1368
3332
4820
1285
4399
1158
3277
3362
368
3192
3455
4550
4238
4775
551
1306
4555
4029
645
4767
4348
1903
263
3065
3724
3182
460
4453
3648
2075
1114
3876
3520
907
1233
549
1339
1491
2830
1770
1619
4165
1928
2313
4843
3718
3998
2305
4532
501
4411
4026
3037
1762
2782
510
1820
451
2670
4221
3890
3093
4379
3885
3229
2438
4300
4358
4116
655
766
2421
1131
3828
2530
1162
3189
1996
3554
1040
2459
4785
4316
1490
3714
3373
3829
4282
755
2200
1097
2938
3405
159
757
3749
2720
1553
236
4993
3018
2192
919
458
1528
4027
1092
3502
4319
3502
70
2444
801
2694
911
3418
2871
588
2058
3273
3128
2248
591
4736
2069
242
4243
3051
2053
3301
2322
1918
3896
1826
2254
158
4183
1591
100
2414
4279
234
241
1789
853
1221
869
1614
2101
1163
2773
4793
4533
4473
2975
3573
2115
4847
3827
761
828
2889
2941
3024
3777
3367
4519
4675
1483
1629
692
1641
4775
2614
4558
291
2538
696
4211
2200
3275
3709
1402
4475
3568
4072
2518
2959
2764
4472
239
4149
3623
3113
346
4282
2554
1033
4793
3255
4287
4885
3897
2195
3080
2852
309
2542
2239
167
1046
3202
1743
1082
827
2033
3383
2856
1594
345
2030
2581
1111
3737
528
1637
3314
4176
1649
1274
2493
3235
803
479
3306
4419
173
2121
4317
3505
4683
3848
373
2879
4643
3745
4945
726
4504
1259
4848
2172
3621
3456
2767
6
316
3162
3466
3184
3023
4717
3648
4589
1413
4346
1940
2286
4251
3866
2852
331
686
3326
2705
4396
3804
3541
3159
3304
2778
2114
2467
269
3311
4370
2814
4518
461
3757
404
2133
4988
1953
2261
4947
2892
1023
4148
3504
910
3303
4298
2569
3546
14
3233
3195
1068
2982
3637
1416
372
3776
1995
4551
2851
3036
3422
2964
4084
3896
655
787
3326
1823
2397
4659
4358
2313
1893
2748
1599
212
1832
3243
1513
800
4500
2649
2316
2159
301
4485
404
2679
2787
3322
3051
4445
3472
1402
3836
3809
254
4615
2463
654
4316
2287
1837
4418
4862
1599
4398
4223
1745
4401
2014
2379
1535
2914
3523
1453
1483
966
984
3190
3331
3937
4710
4454
3426
3166
2403
3253
4044
37
1046
4636
3589
79
356
826
284
2444
885
3501
4425
1538
72
4948
672
2471
549
654
4583
1043
4512
577
3908
3989
1626
2931
4673
1374
1589
156
1418
4956
3987
2346
4497
2527
1865
3353
2679
4985
1682
689
3323
1418
2674
916
4633
1864
299
3634
4479
4081
2380
1050
2902
446
4533
2726
378
2654
1705
2820
3319
4227
4444
3115
1062
40
2806
582
1556
3736
13
1940
4865
33
597
1303
1696
400
49
2593
1086
4098
235
1598
573
4702
2742
506
4054
4523
3068
592
4282
3921
4709
1296
1106
2227
2150
2154
486
2787
511
2712
20
4185
3945
2040
1279
2612
4936
2517
3191
461
1832
1300
2482
478
816
3098
3966
1743
2016
4541
1481
2882
3332
328
389
2612
1372
504
3403
459
2490
4038
1109
4569
1095
3182
4767
3872
1121
1468
2432
4680
909
2869
203
4238
2470
4667
2946
2930
2553
403
1800
4789
4226
3102
1506
326
4067
42
2077
468
3583
4391
4807
3210
2334
1649
1052
961
4417
1167
1113
2492
725
1144
13
3295
1450
1395
1286
574
2708
1186
4478
4977
2369
4044
1135
1881
3415
1276
1585
2271
1764
4995
1247
4957
2967
759
4690
365
4264
1548
4895
3642
552
3615
565
3483
3771
3517
966
3035
1276
4916
1625
2024
3337
4745
1621
2969
3076
3619
1116
2613
3793
2607
3901
3275
556
2201
2684
3984
1862
1216
4012
3080
1639
1758
2937
3573
1787
4681
2139
504
300
618
2441
1096
4491
3577
4548
3475
4827
1411
708
952
3814
1151
994
773
627
2635
2015
3130
2683
1169
1459
235
2045
228
2207
4963
4741
1254
2026
4632
4893
1362
3380
594
1760
4259
3425
380
3688
54
2898
2825
2663
2282
3697
3561
2014
4706
4957
2098
3907
43
4242
1435
4836
2363
2069
1854
2223
908
2782
1971
4735
102
461
665
4427
636
2595
4433
2747
3479
70
2579
1796
3439
812
1578
3970
949
309
3638
1303
789
87
2167
1126
4907
3513
3846
2134
3132
3765
4838
3202
1253
3831
40
224
3419
3809
3906
2152
3002
2784
1677
2932
4352
4952
342
2482
4192
3392
1248
824
1976
2138
743
2622
4234
954
2543
228
4865
4604
1185
4923
2398
1363
84
2796
1965
3848
1378
2555
3912
821
2851
4355
2473
4907
3732
4235
760
4611
247
1141
2949
4531
1493
1367
4730
2486
3897
2723
2478
2991
1859
3772
2341
337
4188
3700
3823
132
765
2119
4194
3799
4424
236
2526
3755
2348
740
111
73
3417
3224
657
2076
4546
215
2708
3864
4823
4075
3855
2428
4408
2101
4607
3811
2898
1330
2718
393
2290
776
1442
2510
2737
3873
4177
1348
2592
1241
1825
3995
229
2990
3902
2235
3835
2487
1028
520
2462
1919
1503
550
3293
1727
2602
3211
4203
2
2358
2270
4569
2520
3962
4511
2957
1935
2512
2633
4081
2044
1294
3212
3027
1047
3968
4807
3892
3592
77
1290
4695
2914
3237
2905
4250
23
1711
1543
87
725
1090
4738
133
2436
3134
1534
2021
3674
1974
769
1050
2714
1287
506
1559
4118
305
2264
25
3976
4793
2213
2113
4157
3642
1390
2047
303
4567
1407
4726
3877
694
4785
2323
328
3788
2678
1511
2591
2138
1508
792
4449
4174
3148
222
1268
4854
263
2903
2786
24
4739
4294
1702
3063
331
140
484
4615
933
1623
3880
3926
2788
721
3293
134
2178
3503
1937
4311
4357
3950
190
606
204
4974
2077
4045
3089
1480
3122
3669
2883
1126
2363
1457
3599
216
751
3079
4888
3137
4130
2856
3943
2781
4656
2537
296
950
2408
3390
383
234
64
762
403
4338
3275
2897
4729
4964
2788
2108
3734
1363
1504
1386
1104
1302
2157
620
3848
4136
336
3117
1637
3986
3078
1329
692
807
75
1849
2256
3884
975
4132
4257
3319
2272
3731
3683
3181
1897
2172
4320
3879
244
4952
3369
1941
2613
2938
3935
3496
3716
4800
1920
826
4823
3450
454
322
4410
878
2254
2625
1163
416
1709
2455
4135
2727
3044
2988
1873
2873
1523
2173
688
691
2025
2337
3005
3658
2881
479
4739
1736
1929
2322
2078
1261
197
1570
805
4377
4770
1816
4426
3830
3448
3503
4206
204
1920
3616
4893
4382
3867
3167
3286
245
1335
3042
329
4072
4995
999
2197
2088
3870
2965
3965
4440
3866
4782
2331
4753
4576
4790
3812
2104
4861
925
2556
734
267
294
4557
4229
2640
3257
1219
4961
3836
4090
1985
3059
3071
2533
4166
4237
1614
3742
4729
60
4780
303
1905
571
3873
1660
4508
4797
3070
3439
558
4806
1305
4530
3401
1280
330
4035
3418
1262
85
118
3988
733
893
2451
4306
2363
4139
317
2272
4443
36
1021
3876
2893
709
775
1119
587
1132
2648
2561
3340
4295
4597
2444
3615
1244
1643
3553
2343
2316
2868
3982
419
526
1895
4145
181
2592
934
4022
4444
4951
113
234
765
2114
66
4962
4027
3233
2116
4419
1447
3104
4590
2494
302
1687
974
4647
4743
3557
1979
1466
3937
4395
1069
4469
3929
3559
2899
4106
3842
1631
110
8
1445
3607
1567
3735
2534
1242
500
4338
3379
1180
447
4920
3498
4698
1150
3663
4353
1324
2150
1423
1468
3323
2977
2728
953
3371
4462
317
3475
1887
1948
3492
1147
4910
2516
1367
3027
2412
161
1566
184
2910
2621
2496
977
4432
4242
4133
4655
171
1
2020
1372
1729
872
450
4645
841
960
3696
4392
561
593
4233
4447
3134
3806
1907
824
4188
389
2029
899
4290
3111
4418
3832
4565
3700
3098
2490
4291
3148
280
3611
1761
3413
967
1619
3787
2392
2976
3408
4410
2304
2042
4073
4857
1488
1862
1907
1117
1032
2657
2609
2457
559
2168
975
1129
2350
2130
1369
4228
1739
4566
3178
545
1552
3061
2750
1104
1556
1190
1921
3071
4594
169
815
2508
2835
823
1352
463
318
4260
2552
3023
2647
566
588
3357
4636
1867
3422
3987
2638
1350
1819
1175
2239
1390
2954
3889
3134
1077
2118
3806
2763
4118
3761
4166
2661
2484
4875
4908
1933
2846
4884
3749
20
3644
2776
2843
2076
4099
2929
1569
3728
4640
4225
1878
4168
426
3451
1792
941
979
4040
2484
3432
684
4854
545
2182
3450
3215
462
4775
102
4601
1259
3115
4607
1304
981
1792
3577
1097
3365
756
460
110
2597
3021
2334
1489
3785
3909
150
4992
1155
4399
2245
2514
4571
3044
1407
4238
1962
4425
1400
1253
2550
2492
2892
1359
1038
1872
3452
1666
679
3600
447
809
1507
1626
4551
1669
282
263
4342
287
2661
552
910
2372
835
2575
1796
1702
3175
1286
3904
1483
3134
1357
3584
2502
611
550
2683
4493
3490
461
2120
3647
399
4119
2186
2206
3460
2951
437
3238
3941
2936
226
4823
355
2590
980
4414
3882
641
3710
1143
3493
3042
517
976
3831
4117
619
3570
4749
43
587
1681
2832
645
2063
1323
4165
2610
4657
1297
150
2676
3353
4039
913
1345
2900
3007
4968
1406
4529
1782
4640
8
3517
4300
3733
3625
2283
219
3766
3816
3703
4952
2236
3459
4270
1374
999
1830
4990
760
538
3924
2038
2280
764
2947
3906
3968
332
2637
3265
3850
772
4200
321
724
2649
251
116
4674
4274
852
2979
68
952
3139
1946
2559
1451
348
2626
4805
3346
538
186
4550
855
2538
599
116
3747
4666
3116
3091
623
4931
1943
4790
832
4103
265
1979
2514
1465
384
4618
1917
861
1335
356
4297
3313
3748
1450
3406
1222
4412
1473
3988
1628
3426
1093
3005
3725
996
4095
2809
3497
2153
438
4072
470
3757
1954
2265
4490
4609
3138
4033
3743
3303
460
2877
3950
2429
4618
4973
1689
3745
4804
1157
4820
1738
4893
4888
2480
211
4460
3027
4270
694
2614
285
4267
3486
3731
2129
3444
937
725
3114
4846
744
3741
4193
1476
4088
2272
2397
3899
922
691
3575
1741
617
1155
2488
2360
2013
1709
747
2450
2646
1235
186
2860
1944
2522
1602
4347
4131
4134
4114
3234
3257
1406
2103
49
3808
4676
2884
3600
3986
4083
518
4759
1932
3956
1517
1113
541
4735
4426
4745
4154
4461
3882
4328
4560
4640
868
3926
184
2960
3534
3819
4868
1543
4403
4919
1092
1788
528
1935
3083
353
896
3437
3319
538
381
4598
2097
1296
2966
3035
1234
3928
1683
1042
2101
2958
721
1865
644
3838
2546
1582
3690
3721
2162
564
3003
744
1840
868
625
3802
2404
318
4983
4518
1996
1227
3459
2509
513
2625
1066
572
4476
3537
22
3509
165
526
2224
2007
3261
1535
4512
200
4667
3889
1162
3355
3268
323
237
541
2296
1852
3893
174
1817
1393
1141
1242
655
2399
4702
1508
1853
3761
2272
647
643
3525
869
4299
3705
4877
3676
3761
3732
2539
4723
4028
2100
231
2598
50
4644
3541
4697
3403
4253
2795
1207
1079
1671
476
630
703
3628
2152
4510
4836
3566
3637
2809
197
3180
2940
4103
788
70
3053
3419
2311
3851
2265
727
113
1346
4301
3509
456
3130
4540
2083
759
4007
631
1644
607
3003
4184
2330
588
319
3564
2040
1904
4121
3654
945
2465
1092
1298
2037
1053
3812
3870
2216
2280
3486
1436
4299
5
725
979
4175
3386
993
300
1440
1519
588
2186
4443
3496
1319
4330
1447
1340
3015
3319
3060
4785
3567
2635
4382
3467
1655
417
2554
2394
1829
1648
2723
4175
1826
3719
2048
4828
901
2178
2145
711
865
4267
3143
4691
2842
4573
3266
4424
127
3418
551
1028
4633
4952
1250
2765
809
2396
795
2519
2747
2575
1560
3154
4606
1595
3711
4393
4058
3065
2196
1958
3428
728
3162
18
1774
2991
2620
4636
2007
544
1852
1928
2597
4729
1284
4538
3686
2146
4675
1245
2809
3080
2532
2626
3264
1977
4145
4854
1118
4201
1060
1911
4210
307
2431
4574
285
2050
1962
3564
2747
720
2736
1778
2837
2288
782
2718
83
2987
1770
3447
430
2587
3545
2018
4707
2521
2540
47
995
1316
4110
3863
667
3085
1918
3019
4290
1389
3936
2286
263
4710
1212
1122
1020
1654
599
277
2769
3407
1742
976
888
392
4672
1735
16
3868
3573
2115
3911
2531
3563
1786
3807
4412
277
2288
1455
3608
2691
2328
887
523
3465
1836
4804
3010
1702
2556
1204
2453
2937
4303
4238
4885
2018
1205
1595
4708
3720
3683
4735
1953
2524
4971
1562
3723
4716
2073
3061
3506
2202
82
969
2552
3544
3648
4774
4539
2592
3967
3835
2197
3701
1327
3427
3040
4120
1460
1454
1587
449
4184
3463
39
3301
4745
2335
665
2109
3875
2127
599
4881
1598
3854
1618
4517
2771
3162
272
4079
2709
1919
4892
1470
2883
4893
2650
3086
350
3282
869
784
1127
2244
666
3091
3518
2648
733
2170
4113
2338
51
1315
1327
4282
3927
3150
389
2292
2896
1557
1118
1531
86
3964
1695
585
2774
4332
2314
3939
2910
4781
4133
4080
3722
939
642
1151
4732
2029
547
843
829
1495
1066
4822
634
4851
3890
631
2653
2113
1023
3469
4979
3254
1969
703
3749
3487
2871
613
528
3370
734
4109
181
4660
2118
1329
1459
2126
528
3469
2596
4018
800
1192
1259
4022
882
2002
3020
3671
996
1152
2962
981
1173
4066
1061
3989
3712
2393
3422
2971
4270
417
822
389
139
3237
1869
515
4817
1269
1416
1861
2668
1040
1188
1933
2766
3509
3608
687
825
2762
495
3784
53
3410
4297
4464
1145
4391
3106
212
3481
1602
1967
2273
4474
1433
4255
4094
75
238
4218
3137
4815
2346
3605
2378
312
3827
802
3596
3828
2593
2409
4297
971
3833
1722
3757
1219
3786
1322
2785
3108
2214
4136
4972
1703
2141
3803
1579
4857
4884
115
306
14
2446
1280
2486
3854
780
4504
3359
834
521
3046
3613
939
1496
2418
3406
4962
1903
3675
4557
1893
191
3073
2367
4221
3536
568
3237
4649
2605
3483
1231
2560
3872
2659
4230
1603
2361
2087
1486
4202
675
4679
4316
3307
2871
2974
1008
3035
678
1588
3906
4108
2327
1474
4233
3402
4870
3508
2940
1969
4786
4877
3230
3988
3245
519
107
2293
1025
1090
4820
213
1035
846
3983
864
3602
4247
4562
3155
4256
4963
30
3137
1031
2989
476
1612
4246
1236
762
2906
3562
4025
1513
2717
1558
2603
884
4079
2991
4894
2187
3056
3531
173
346
2366
3325
41
2588
4460
3320
2505
1250
2981
437
52
3361
579
575
1005
2870
1239
4119
1266
1051
2631
2200
2683
4000
1032
274
76
3054
302
1028
2118
1712
3436
2326
1317
1261
3356
1140
375
3616
2888
1355
2187
708
2052
1970
119
4151
3563
2154
2102
1650
3043
2306
2055
1620
80
3226
3819
275
1693
1599
658
4542
142
1484
2558
501
218
3101
688
1057
3336
4701
4926
4156
2637
3992
4858
752
2043
612
1001
1373
1484
3114
1900
3318
3406
1870
1136
2905
4543
3239
3052
2036
4189
4890
1891
2322
2633
225
1938
1965
4648
1645
3530
3262
1632
3080
4085
1976
1208
4055
1253
2068
3169
1365
1506
1236
3511
1664
4127
3062
4972
2462
2577
3753
1203
326
3943
97
423
2227
3547
4724
387
2910
651
146
174
4626
2477
4821
1174
3665
2419
1577
4307
2594
3969
3637
2021
1074
1110
3002
4352
4223
4398
1458
1309
3866
2273
2521
1690
2735
4051
4101
1362
4175
325
3176
4307
2694
2615
4198
2189
2330
4984
529
964
2225
4177
176
4580
619
1596
584
3986
641
1505
3049
3528
3971
4735
3675
2821
743
4457
4641
975
3438
2519
4903
2147
2689
485
3568
1547
3043
67
1951
3019
1279
1391
944
304
3457
632
2574
2557
3964
3143
3393
1691
4761
881
4158
2033
976
683
2896
2897
4476
1421
2881
1291
413
319
2337
1063
2299
4091
658
2317
2235
664
168
2416
329
2222
1090
3637
2823
299
2339
265
1286
1112
2167
3009
3277
2429
3486
2615
4089
4385
3360
2904
2928
898
4503
3320
4471
3289
3602
992
3010
593
684
3357
4977
3395
3872
498
782
465
3022
2133
4278
2484
4640
4982
3117
3097
3901
2778
4563
4735
2715
1780
4185
1220
1601
4988
2198
4657
2196
222
1530
1993
4063
2412
4772
2992
2287
3568
4626
4284
1172
1750
761
2269
783
2860
1631
1235
457
2386
3143
3921
4171
1722
1536
4968
4886
597
3105
4037
2860
3509
2494
409
3982
1702
2152
2936
88
2403
226
2873
1270
670
3393
1813
3633
568
2166
4020
4767
2287
2395
258
2114
2282
892
2016
2957
4564
1787
90
1251
2509
1184
48
3515
4334
2110
3701
495
4903
3158
1501
624
484
3802
4157
1838
4400
1043
94
4673
4576
3715
3366
1583
3369
3520
2065
2152
1922
4794
3465
2529
1606
733
4496
3406
4466
2395
2442
2561
4218
4913
4073
1302
3498
1530
4895
3804
1692
4483
4300
1361
946
4076
3500
3111
971
997
2573
2450
965
3253
404
739
3679
3801
4861
3469
993
559
2158
2935
3468
3688
581
4373
3116
3378
3094
3513
4525
4139
1025
1624
3750
4081
499
638
4995
393
4659
58
2145
1669
4383
4345
1590
3455
399
3145
3862
164
1521
4191
832
2205
1144
199
4781
1327
1113
1145
1722
924
2443
1638
4095
4795
3180
3941
3525
3028
1313
800
2409
4663
1328
3561
2450
4673
3332
3565
1862
1144
1791
2383
1121
1286
2957
3754
1527
2592
2031
1870
344
4291
3816
1187
2611
3622
2879
1574
3789
2669
2241
3832
3405
826
3202
3220
1577
3567
2504
2876
2039
1163
3182
3588
1458
2515
1108
967
4408
3986
4912
1475
4928
1574
3616
1152
1451
3254
330
3247
3393
866
2388
1415
4206
7
4061
1396
3937
3156
2693
2797
2218
367
1264
2625
3623
2987
3226
1552
4218
4673
4444
2058
1653
2582
4024
1207
4757
4952
1050
2459
812
4736
2631
257
4072
3984
4608
2449
500
649
315
4129
4170
1832
4107
1061
157
4734
3862
4567
1855
2208
3124
1033
1425
2899
2811
4458
1766
3300
1079
101
385
1766
4922
1400
661
4503
2434
2271
124
251
3442
870
505
2796
4180
3181
3287
1263
3740
4106
2156
1021
458
1431
4291
255
4117
4101
684
577
3052
3977
4402
4810
240
3973
1070
4226
1378
1909
1779
3110
3035
4490
3496
2009
1264
2324
2416
256
4582
611
497
1548
2855
1092
3094
2614
4405
4083
3542
187
1085
4176
598
2061
2419
2799
3829
1256
4582
3022
3517
1468
3433
852
3995
1742
2224
4862
2097
1685
2829
2313
4001
2243
2301
1106
1476
2044
34
2578
1957
3025
968
866
2721
8
144
4746
4576
1476
728
4285
3207
1715
1238
2855
4047
1113
4476
2087
3782
2418
2654
3690
2897
4132
509
2071
151
613
1847
2850
2620
2854
132
4035
1735
3596
2248
4818
1904
3695
1992
2065
1681
3547
1311
4571
4895
4427
3924
2548
3223
1916
3361
292
1308
4411
3858
1724
1265
2000
476
3140
2837
4686
910
3100
4842
3210
1575
2256
4304
2187
1915
4907
2286
152
1211
1411
4951
3062
1514
435
4951
3421
1529
59
924
3883
3431
4891
1576
999
517
4821
4925
3967
3876
2917
588
1023
2896
996
1150
3153
3529
1041
2552
1722
2120
1372
4419
25
1957
2661
736
4433
2947
3476
1604
2851
4415
2229
495
3417
1091
4252
4015
1286
2196
3687
4473
2781
4255
4379
4188
1215
747
1414
985
4964
4926
378
4019
3980
1085
2357
2020
1690
75
4912
1063
1392
2627
2671
2225
2810
2564
2517
4597
377
2762
4218
1200
1191
2766
2399
1269
3522
2163
659
2944
3772
2616
1302
1143
2779
418
4454
52
3777
412
1151
4171
230
3178
3221
1635
3131
1949
1881
1316
451
3653
3366
3348
3929
796
1415
745
1856
1909
4223
3596
885
552
2613
1431
3720
2084
44
96
2039
3904
2119
3029
610
4321
1180
822
437
302
1630
117
3753
1234
2440
3922
1564
10
4090
2783
4319
1683
4657
3026
4876
4186
530
932
1472
3499
4288
2735
4398
1602
874
2399
2672
1189
4701
2449
2486
857
2244
3346
2188
1637
2026
2832
2560
3097
1786
573
636
4993
2078
2510
3963
204
259
897
2718
3389
2504
207
4118
4880
171
1611
2745
359
4455
4854
2806
1198
1920
4927
1280
5000
4241
4660
3749
4613
1449
3427
4817
2655
1152
3932
4911
4760
3623
1182
1413
1020
341
4129
999
1435
836
4432
1199
2056
3175
2332
4817
4374
3133
4093
656
1930
3464
84
4430
398
3960
4279
981
380
1321
3925
2826
4508
128
2951
2493
111
83
755
1966
4562
4139
1014
3416
45
1220
4861
3081
396
4088
3146
1125
4108
4876
1201
1519
1543
2281
1878
263
1197
2753
535
2536
1168
2283
3124
3452
4363
4116
643
3422
2408
3029
3078
4015
4142
2914
2465
2120
2241
745
600
2303
3383
4529
3140
3319
3802
2530
1571
3394
3607
2504
4107
4915
4748
1142
1656
1238
849
3339
105
4793
612
1787
4172
4414
2612
4723
4433
4367
2990
822
235
4049
2031
164
4772
3524
1333
2548
4112
3164
3237
333
120
2071
3982
1714
1223
3839
2471
3680
4587
1233
3885
1894
4135
3937
3905
569
566
1072
4027
2221
3651
4444
929
625
1436
3392
4664
4842
2653
2672
1081
2193
950
2890
4938
4606
2703
76
1203
2701
2567
4908
733
1220
3780
1606
3250
643
4312
4145
754
2096
1265
1889
3547
2165
3856
4568
4874
4964
2536
4082
4285
1972
3705
4696
4878
1862
2349
4958
3513
7
2141
1128
775
2782
4581
4198
2989
68
4831
3660
2101
4398
651
1015
1408
4390
856
2192
796
1055
4234
2879
184
1819
2508
2646
3128
129
4105
1533
2537
3809
251
1513
2776
529
4920
3369
1842
3977
1264
1349
1491
3101
3738
3560
2520
2109
2110
1005
3319
456
3162
1430
245
317
2695
4224
165
4071
4628
3316
1045
339
1385
2215
398
107
952
428
4026
917
1102
797
507
4211
3419
1474
4765
3599
327
331
117
4992
613
4920
1173
968
218
4050
3699
4364
3544
2861
293
1711
4343
1702
1425
3281
4335
3815
3549
4781
903
99
76
3041
2460
223
492
2820
3752
1620
1581
983
863
2450
4687
2597
1160
3601
1142
1548
2018
2615
2146
979
4435
1578
3508
17
426
523
2088
3731
1471
1493
1588
3572
4296
980
2393
4075
2773
4525
4244
4672
2368
4654
3238
1094
4259
94
4219
1465
2510
1825
3290
3642
3210
2128
2060
22
4343
1522
233
2862
1905
2863
4363
1495
3929
3349
3790
2615
3273
4877
2692
2196
3392
1203
2338
690
2080
3486
2168
1065
4682
794
1151
1706
4071
3557
2741
1120
3189
3993
991
1417
384
2405
4780
794
1800
908
691
4768
16
671
2295
4530
2065
4782
4038
2971
2353
418
3493
4576
4003
1199
2971
576
4703
3809
2753
806
2567
1097
4574
3085
3366
191
711
4668
3363
4121
3192
4325
3477
1361
4191
1124
2431
2386
1988
2230
1558
4201
3926
1390
917
2206
2568
1368
3826
2955
3141
2849
3505
4599
4860
663
2180
1524
4703
3725
1050
2716
4801
1398
2171
251
1295
822
2674
2237
1941
2619
4998
4887
3162
2806
270
57
1405
4773
2973
2286
1846
1636
4842
1931
4437
717
3585
4867
3527
655
1265
1577
3627
4615
1093
2456
1028
474
4566
1555
597
2319
632
402
3230
3841
3797
2533
3646
1336
3082
4640
3467
3864
4866
0
3550
4222
1972
3513
3196
3053
598
304
3854
4371
4385
4939
1647
158
2604
3552
1847
2088
130
49
680
1211
3219
126
1201
3289
3192
4249
3320
4988
1940
4222
1789
2553
4758
2924
2125
1893
2023
3393
4385
2403
4712
3855
1018
1344
2969
4098
2129
375
1499
3901
3463
3380
1269
2697
3809
4588
3043
3040
3885
4260
3782
40
503
4614
4393
3986
3830
633
4662
3684
3665
1632
2382
1915
1562
4329
4183
4205
1197
208
904
741
3764
1816
4617
4073
1639
3423
40
306
1821
3209
1430
1381
2890
2700
3013
3273
879
4990
2096
3998
1698
2847
2471
2133
4955
2532
3768
4764
4966
2607
1661
352
3113
2221
964
1553
95
4229
2598
2751
3754
1313
4595
3629
1965
522
3242
225
1001
4866
3000
1797
4730
3607
1808
1598
1513
762
999
809
3973
2575
4580
2139
1678
3942
1831
2289
2171
1951
2727
4132
2289
3428
4799
4354
4527
769
4651
4769
1248
3189
3236
4475
2673
1674
3510
3417
1356
4693
3139
2048
3227
3361
3823
3651
3175
4832
77
946
2819
2531
257
2480
1786
4329
4872
724
4091
4770
4632
4133
4734
3842
227
4319
2528
4170
4951
2104
1198
4547
503
1726
3870
885
4414
3328
3658
2787
163
1659
1801
384
3124
3695
2082
1834
2959
2804
3960
20
489
2867
977
3604
4197
1033
1975
4576
2366
173
4339
652
409
956
3899
1631
1964
2127
3915
4157
4744
4198
2833
4219
4252
1537
3133
216
4104
3897
4101
3957
4619
67
1333
4098
3759
3892
1296
4577
1700
4671
1947
1861
1898
3370
837
2274
3421
4943
1562
4677
4338
2777
2252
608
752
4424
822
3748
320
2618
1281
2494
2850
2764
2820
1534
2667
2941
4208
4048
686
1081
328
3950
2003
1707
77
1783
2673
1104
707
1203
641
3849
752
4558
1672
4312
2441
4767
3894
3553
1790
2162
616
4903
4239
3875
1547
267
2975
3098
4249
2548
122
1941
170
847
4082
299
357
3487
3904
4933
1141
4986
899
3236
2167
2878
1212
1902
475
1253
4772
380
320
4557
4012
2729
1382
334
3099
3188
4532
1518
4855
4273
1173
3933
1029
4037
251
4219
4531
1937
2065
2913
4445
3692
4114
1730
2916
3561
773
4762
1297
4644
3092
163
3361
1411
3281
3653
68
1262
671
4255
2374
512
1441
4693
1457
2944
921
4450
3131
3785
1776
3430
920
1027
2185
1087
913
1693
410
4612
1985
1325
84
2756
601
4959
933
2121
912
4657
964
1295
4559
138
1005
325
1599
1295
4253
1971
4450
2039
140
1840
1296
325
775
2718
3293
4925
2851
440
2686
3434
245
1312
4115
1399
2473
338
2733
3640
4269
2925
4951
3228
2081
4447
3460
1170
380
10
32
246
2765
4579
2397
1620
770
3619
3348
2040
1947
2836
3758
1008
1098
2292
2529
3836
392
4295
2254
3148
536
1722
4826
234
1810
3052
4988
4965
3576
2550
1420
4705
1790
4153
1027
3935
1735
4503
2358
902
3496
1006
1140
4106
894
3525
273
2884
456
4403
4750
4270
1051
1872
1991
4719
745
4585
1378
3284
4064
3585
3877
4890
4550
4990
1777
2986
997
269
4337
4670
1747
3397
3806
3041
1210
1011
2821
3252
4585
3399
3111
1099
3171
3081
2221
2758
2807
992
2620
1133
989
3293
3143
2753
616
2053
1766
408
500
2247
1147
1325
3045
1330
293
3374
2247
3734
1947
2864
1739
2811
891
2842
994
33
3349
1253
198
4118
4425
4977
1321
4992
836
1652
1085
4854
972
2777
2496
1316
2868
3374
4573
2233
3654
2026
4721
670
3179
1928
2925
1020
3309
4318
817
2510
2923
786
80
4317
1483
1948
3585
3812
2479
3941
836
934
1977
2170
2340
4129
4501
4227
1891
3928
2029
2418
4719
4322
3215
2656
1873
2860
4192
4770
1911
4329
2494
4853
4484
4412
1700
4152
1390
1573
4169
917
492
3511
2653
4699
1741
1136
3093
1470
1068
2989
2924
3105
2142
4975
1259
767
1810
4971
470
1353
2648
2650
738
593
2338
294
1438
1441
2381
4930
4641
3702
4776
740
2413
2076
708
285
1793
2761
3203
871
2925
4169
4189
183
647
345
4643
3711
1998
3533
3243
3536
3873
2854
2023
2960
4769
199
150
924
3514
4714
4206
1351
3685
1946
4378
693
2258
2962
3469
3425
2984
387
4609
4004
4814
1994
1442
2023
420
1304
1320
4862
1722
4485
3173
2813
3819
3597
3807
4437
4268
188
3486
3164
4111
4538
827
2429
3495
2028
4536
2709
3249
819
467
4779
1552
1579
223
3277
1763
4828
4699
162
3186
1750
1942
3781
2739
3699
4669
230
3156
4096
1763
4478
4910
2248
2381
1398
2463
1976
511
4668
4059
4897
2553
1116
4589
2066
3309
659
1541
3415
1138
4890
4083
1276
785
3186
2681
1202
4326
1107
1082
3749
4538
3470
2713
512
1416
262
2813
1468
4140
3391
4430
713
2596
3897
4560
2867
448
1275
399
406
2187
628
2553
3142
1303
2317
2521
3938
368
2251
2628
4559
4162
2576
2861
3100
3867
1896
1569
381
3413
1325
4097
1174
4331
3579
2531
2073
3700
47
1298
4496
4694
3344
4441
3260
2799
3051
1636
3740
504
13
2277
1538
2047
2142
3238
914
3135
4267
1897
2898
1772
1987
2572
1583
3447
686
2653
562
3257
1730
2197
1326
425
1367
3672
1162
4737
3887
3538
4019
208
1519
2891
3862
11
1638
2002
2248
2461
4280
4148
933
3805
1528
4511
111
4054
3532
4975
2874
1314
4461
4647
865
3844
2792
4440
1307
1845
2356
4427
2149
302
2243
1943
3773
3187
623
4012
1068
3315
1636
2406
4454
3547
795
4784
4144
3950
3771
73
1914
2798
400
4317
2642
3840
1163
4863
2971
1420
1098
1337
1668
1101
3324
3154
1121
220
478
3869
2073
4844
1582
3454
1045
2387
3356
4181
2751
4315
4063
1231
3212
2278
2561
3478
1493
3358
455
4302
478
1626
1078
1367
2933
3125
2091
4554
4416
3207
2217
4427
3928
3004
4261
2408
4818
3582
4387
3736
2205
4285
4812
1697
1213
755
980
499
4577
3724
3557
1275
1004
3227
2458
3906
3611
4539
1145
1717
1307
4497
2593
2019
3676
534
4143
2117
291
4225
437
3851
4077
2326
747
3126
3204
2493
552
949
2842
1015
4688
546
4478
4163
2486
437
4326
2394
811
4770
1000
33
3628
1435
4204
3323
2977
703
3582
6
3820
940
276
1080
237
2398
3954
4069
4562
2056
4164
2863
1275
3243
2575
1838
3691
539
4832
2842
4350
2009
1612
321
2398
4772
223
1092
3259
4593
2000
2885
321
3157
457
4884
3575
72
1249
1525
4737
2139
3651
3836
2752
1182
236
1275
638
4126
4662
2624
902
603
954
2871
4430
2064
4670
2458
4386
4290
3457
1484
2295
4790
2076
914
2199
1573
1927
3643
4557
2220
3619
1400
3353
2440
3595
2030
499
1655
3735
2947
2655
3070
1634
1449
1452
1340
1457
4140
4029
822
3485
2196
4783
228
1954
2760
4311
3427
2396
1778
1883
4475
1072
4641
2500
1318
3122
3777
1801
90
834
1481
1024
3051
1981
396
3733
2215
1036
2404
683
3085
4328
749
3767
2597
4441
2684
4737
202
2730
3138
2538
3188
3619
4451
584
3236
317
2711
2576
1872
3903
3625
1082
4591
985
777
606
141
3855
2954
1121
640
4140
2456
892
1844
4821
2390
2244
567
4701
1361
3644
4316
2579
4774
4150
4827
2992
2824
4981
884
1537
2292
2852
3922
3113
616
1900
176
1964
1357
4312
1086
2933
1553
602
2889
598
3660
4410
3319
4107
2114
440
69
1627
2298
212
251
3522
1193
805
256
4252
4530
2718
3402
2409
47
1965
3603
3308
231
4601
673
3655
1063
2936
4762
1556
2084
806
4251
3767
4836
1877
670
504
4928
1436
121
3987
27
4204
2312
4518
3963
4229
4489
1629
1534
2919
715
790
1494
1085
2871
3830
1057
4717
4539
2947
735
4002
3917
2634
4457
947
2523
239
2653
3948
4541
1879
4003
1942
3327
2132
3638
1339
4653
3098
4915
4857
4152
3469
95
672
1432
4665
3367
4664
3468
3432
1522
625
4203
3988
3115
3818
1192
1647
1739
3716
1248
4050
3793
2130
4778
2830
1376
4240
2655
1064
4991
3199
4493
2456
812
4940
587
4201
3482
4966
2753
3479
2616
2575
3352
3118
1983
4021
2081
326
1150
4474
1558
3416
1616
324
1187
2069
2994
1223
3025
3522
4065
1346
596
1944
2206
2145
2968
1673
3968
2198
4911
1799
1119
2138
1927
119
3277
3650
3470
1354
3859
4969
2082
561
2009
3188
1635
1062
4091
4828
3364
1139
1736
3477
3246
456
871
602
1630
3037
4633
4456
2866
2599
1498
868
1748
726
4156
1431
3535
298
2165
4543
4344
4883
1983
4867
160
1587
4193
2947
3635
2675
2263
3908
3639
1098
603
3461
4317
112
643
4478
2975
372
4448
4710
328
1738
3350
1171
4402
2841
1402
2537
2911
3248
1392
4625
422
4480
902
4307
3041
3877
3111
1373
274
2999
367
2709
4618
4774
460
381
1765
651
1767
1117
2206
4495
4413
2127
807
4388
1841
552
2551
821
4079
612
1649
372
1388
3219
4547
507
3370
3606
4112
1175
2887
4777
353
1710
2950
3843
1185
3916
3980
4816
2300
3882
2018
10
3114
1224
584
2222
4122
3960
2154
789
1173
1818
560
2459
1106
2329
1775
2487
4190
4605
3396
509
3001
123
143
932
3230
3102
2931
3151
1831
2004
3646
361
4690
1827
4957
1455
68
3115
4595
2423
2242
2076
1787
3974
4308
3548
4180
3273
4430
2624
41
2133
1501
3673
336
4209
92
758
773
3745
4059
3071
1276
204
3930
2803
2599
1602
3042
3079
3767
4503
4702
1322
3970
3129
1984
143
227
1928
352
228
4821
2695
2046
3529
3513
1067
1709
634
3088
3457
4693
2174
3967
755
3289
3749
3784
4276
232
3606
4254
1969
401
2722
1376
4827
766
2365
4513
653
1141
3556
270
2033
1139
4305
2839
655
4521
1146
1672
1428
4276
2201
1067
847
198
3466
4112
1470
4991
3621
1106
397
1842
1258
1522
1395
2641
2897
497
2620
3984
1088
3015
1793
80
4658
3569
555
3969
2233
982
2070
4259
4136
2631
3793
1761
1499
4835
1691
1915
448
2273
3261
2544
573
1681
1727
2913
207
1904
1552
2884
2012
241
1928
1893
2095
2526
844
1069
1384
3930
3947
3986
2909
3872
1763
1733
4802
1077
2762
512
2803
1313
3289
3779
4240
4402
757
3801
1653
4184
1817
2818
3303
2424
3565
1305
1688
4068
882
917
4120
2039
3209
1703
1081
710
614
2386
648
3630
1652
3899
3470
1437
4028
2221
1283
4788
4568
103
1438
3160
2469
563
1194
3823
1961
2621
72
3693
1477
4542
3275
4925
2029
4131
1027
3035
3836
2522
4561
2937
4429
945
4809
3
4582
3060
2898
4973
337
2838
4286
4240
307
1062
3377
2522
3277
3268
857
1196
4744
3692
3675
3473
2235
1442
1099
2981
2381
1705
3391
4408
1025
3987
342
1859
2220
4304
2391
1664
3230
2619
2714
3056
546
3148
3815
4676
2538
3902
165
3315
9
4789
3474
584
1045
4834
260
4701
1411
2949
1445
879
3943
1776
426
4958
1138
2400
1504
3650
2662
757
2300
4945
2215
2629
1938
3428
2358
1648
4333
3519
4899
1817
867
4013
4175
4099
2236
3165
1294
2870
611
460
2433
1888
1073
603
976
1032
4116
4876
3369
1790
2038
2400
3513
2467
510
3005
4891
837
4192
1623
1119
3435
1813
994
2613
2891
3927
938
1654
3748
1216
92
2094
1416
3575
1122
1574
4794
4797
4245
2422
4934
990
1240
1052
3687
1289
4327
3341
3468
4928
4689
3851
4196
2673
2847
3917
4143
1726
2633
2760
4037
1574
3076
1691
261
1623
853
4581
301
2699
1853
2666
1301
4792
2151
2461
4922
2253
3710
3474
2205
1749
3144
3105
1350
1038
3884
1580
1208
1346
4665
2367
3393
3613
4098
3261
4793
337
801
4844
3866
2467
4457
1554
4623
3455
2110
4295
1631
3294
1778
3384
3858
2058
742
636
2845
2171
4205
4175
1932
3889
136
1878
4862
4098
4875
2262
3913
3884
2837
2410
2897
3598
2171
730
4947
3473
320
4643
3590
1275
1505
2887
4857
2714
3353
3984
1225
735
4091
3724
3440
1180
772
2381
425
4298
465
847
1694
121
2754
1814
4215
1505
2778
1033
4559
2291
1401
731
4448
1472
3079
318
4801
3457
3567
2622
1389
72
4006
4215
1973
4671
901
4090
823
580
4344
1386
3037
1360
3410
4397
1771
4359
4885
3269
2048
1883
3438
2394
386
2343
4876
3551
4991
4990
835
3883
3835
421
868
959
4701
129
1927
2253
922
1764
1988
4560
4364
1332
1682
3002
2886
3273
4203
474
3929
981
1087
4914
2126
1601
3392
1088
3005
531
1667
3141
1715
29
4861
782
2250
4738
4758
767
4016
4548
435
730
1505
2559
2261
4765
2722
3374
129
3779
1584
314
1251
1019
3534
4768
1303
3738
934
3952
1236
226
2262
1625
3457
4088
12
3989
4634
4215
1283
1650
4560
1250
3299
1035
386
3901
336
677
3242
2718
3660
4002
2856
4591
1171
1988
2508
4669
1425
3322
2734
667
1775
456
3180
2219
3823
863
3456
1028
2014
1365
4972
4775
289
345
3334
1593
341
4738
420
184
3495
2085
1477
2025
4574
70
3224
140
2882
1180
21
2150
1901
2637
3514
3143
1973
1235
4920
3426
2685
4705
736
4445
3317
4528
1865
1873
313
2886
4749
928
4245
487
345
3545
2986
2865
2386
3171
1915
4597
2475
484
2062
298
840
4369
1665
1382
14
3433
2659
4271
524
2742
2460
3563
4050
4097
3387
3816
1266
559
806
2883
2040
4582
4111
1214
3194
4748
2515
549
2359
3865
682
1364
3287
4821
2540
4757
3835
707
4458
3301
4761
2111
1771
655
4184
94
1960
1457
3928
58
3655
3311
2772
938
1686
4272
1320
2735
554
4733
3766
3008
104
2238
929
3397
115
3066
1015
3073
1352
4876
3195
2412
720
3042
3815
20
1449
125
1725
2632
1551
4348
2301
2055
870
4109
977
4051
3493
2165
3039
3938
1889
1884
1616
975
3892
1064
1550
538
3395
2216
660
875
693
2720
2451
1599
1499
4117
3617
384
747
1969
249
1492
3881
3043
2239
1459
954
4655
69
2781
2639
1
4644
4435
1834
2080
4011
1344
3862
3660
3586
1124
905
4201
2827
2838
2522
1854
4160
1166
3052
2426
4609
3518
2421
1069
2821
923
182
2960
568
2538
118
199
1615
1635
1142
313
1106
4913
3549
3495
1108
2075
592
2341
4725
2673
4698
1707
4305
4756
243
840
410
322
3144
3033
4567
1457
4050
4615
1278
725
2255
4079
1348
4796
1380
4149
3980
3655
1543
4998
4981
3941
4203
2097
2374
1081
3857
4323
1900
3331
2545
46
2799
4649
4094
2428
3660
2291
917
349
548
4071
3674
3047
4088
2382
4459
2901
4386
3785
4010
3068
3949
221
1173
2816
3218
1031
3092
2265
3962
3575
4322
4723
3088
2678
4391
2942
3446
1991
3088
1264
2722
111
701
1368
2930
1534
4374
3336
1124
1807
2782
805
4410
3479
564
415
1860
4318
1481
517
3667
2985
2547
3407
1267
3010
600
172
958
3401
1790
740
3892
305
4290
3256
3923
1229
1487
4475
4409
2532
3662
3302
3407
2830
420
3849
2464
2272
2095
1622
4334
3614
997
1716
3730
2930
3073
4978
2553
4876
1486
1781
3159
1855
2047
4783
4503
3138
668
3867
197
3953
4696
2871
3532
2825
2844
3901
1233
3346
1036
1042
375
471
75
3913
916
1020
3063
1641
2258
2791
3797
2599
1324
4683
593
995
1047
4733
150
1777
3678
1377
1126
2425
2159
64
3397
389
3570
1006
3898
2036
3638
3864
4108
4047
450
2669
2667
1295
2039
1768
3724
4231
2752
1314
4098
1444
4002
3145
429
2346
1315
2464
223
932
3494
2569
576
227
4551
1111
2432
3822
2543
200
116
20
4176
2908
3041
3001
3836
4211
738
2830
4310
4179
3296
3612
3259
1809
4295
2356
3649
3749
283
4875
1745
327
440
4742
4459
3571
782
3546
291
1371
328
1109
1659
4448
2976
711
4558
4684
4329
979
602
2111
821
4881
1491
4878
589
3112
1886
1354
2425
4721
1072
4258
2242
4844
1363
2673
11
1742
2247
44
3384
229
3184
583
1119
2481
1137
4472
4846
1012
3433
403
3054
3211
4576
2735
4500
3502
1303
1886
751
2272
3824
611
3353
3347
1364
3761
2983
4709
901
2077
3472
1471
933
2656
3932
4175
454
391
2228
849
844
1072
455
4493
1171
745
3963
2454
1101
824
1540
4892
4175
2987
2104
4453
766
3027
1882
1119
1572
2878
2550
1718
1261
2906
220
4882
3254
3044
3810
4566
2496
2504
3675
812
482
4436
2258
4272
2380
4214
14
3342
2931
3424
3753
3567
3454
2710
3481
3029
4303
2730
3241
2706
2471
4166
1386
4681
2805
1178
2781
1386
881
4769
239
3555
3169
692
3401
4281
2956
1059
3520
1516
145
914
3718
445
1688
3285
235
4078
1130
233
4357
2854
296
1444
2455
134
2200
166
4121
3999
2492
2943
1849
4954
2214
4335
139
468
2161
1421
2874
2359
3837
482
1371
2949
3450
2069
3767
535
3976
3770
796
2617
4741
1933
2023
558
3297
1133
295
772
335
4476
2246
1219
826
234
719
1032
3597
1208
822
57
2299
2354
848
896
4044
4476
3206
2791
2113
4409
1090
4238
2733
824
3453
2356
631
4543
1372
4463
3166
597
1215
1179
3965
1510
1676
4358
1117
4827
527
789
2810
2928
3706
749
2556
1411
620
2702
1813
1237
4651
1506
3987
3135
2965
1949
599
3980
2711
1313
16
3614
1565
2316
1011
2450
3406
2171
2732
3116
1405
3692
3780
2185
3941
2428
3082
3979
1463
694
2903
1272
2565
925
4173
238
4146
1686
2843
618
2135
670
48
4132
3203
2565
3872
232
1455
2
1654
1756
1453
1973
1565
1422
2289
699
3820
3811
3078
1979
1200
2545
2734
4038
4339
4514
1847
2799
2643
2115
1189
3667
3881
869
1355
3459
3441
2145
2137
2830
1788
2718
1481
242
1255
2134
798
4132
1098
2817
3716
829
983
616
2025
4616
3529
4320
3784
802
2131
3356
1661
287
1021
461
4791
696
1843
271
4631
215
24
2925
4548
4565
917
1530
1376
3544
2212
79
2362
4546
4431
199
2241
1145
1458
921
3795
4869
144
1264
718
3259
4881
1649
1809
4299
507
3425
2955
1649
3142
71
885
1738
668
4010
1966
149
3340
1032
296
4221
2290
493
3355
725
1688
2274
4883
535
4067
2332
3914
1465
4947
1456
557
4874
450
775
4439
3233
4970
2946
1005
3177
3420
1746
2508
3893
2165
742
298
4015
4791
3913
2997
2222
3585
4759
3457
3265
540
780
3999
4548
3222
934
1717
2286
2993
4949
1512
1660
4642
3692
70
2573
1118
4674
2134
3862
2594
2194
3093
4885
1543
1380
2372
2849
3489
799
3278
3615
3202
386
4501
2026
3491
242
483
3438
1744
172
3736
814
3744
4081
1933
1558
1733
3945
1797
1424
2093
2928
2948
3564
3304
1518
4747
4564
6
122
54
4932
4330
1433
2814
1027
2256
646
1723
3775
4053
1166
3154
69
1823
3616
1753
1609
4968
99
1400
1908
2635
3097
3338
1339
2231
604
2834
3649
4046
186
3089
2887
657
649
287
4257
447
18
2595
2948
1665
4763
3289
3893
4725
153
4777
3725
675
1127
3974
2269
92
942
2074
4863
785
3422
710
2681
2543
772
3533
2408
732
3712
3889
4265
3829
4856
1462
4561
2552
1247
4658
3379
1765
4214
1558
1670
3086
3220
293
3372
4716
3952
2488
1009
4004
2248
1200
2707
3032
3374
2349
1081
3953
4511
3000
932
2517
1018
3903
2912
3371
3823
3663
1198
3778
1496
3159
1081
228
3161
1028
4272
27
4373
3447
3186
2305
3321
4358
3338
74
3809
1952
2801
1262
4410
3982
4230
845
4100
1299
987
4361
1629
3379
3306
133
1179
2863
299
3014
4155
59
3042
2129
836
2336
3483
4911
3473
3928
4933
3656
2158
2314
39
4031
3238
3505
195
1222
4244
3812
565
4874
2614
1072
1195
490
3747
1629
4459
3718
228
688
3687
166
3722
2061
4963
1853
1371
2602
3972
2777
4185
182
2093
599
1093
3343
3439
4075
862
4792
1438
3196
4606
290
4150
135
3281
2858
1886
3767
309
4452
3116
1509
1944
1300
3287
4069
157
2832
4686
2965
2673
3697
2284
1402
238
4444
302
4900
1015
968
3783
1232
4943
3439
1970
851
744
3955
1604
1079
2149
2420
3894
997
4572
325
2640
1532
1848
561
2785
3961
3341
4448
4073
1272
1766
663
600
2904
930
3726
3551
1157
954
3710
1985
1806
231
920
550
1910
4860
690
2769
2978
700
1228
213
4502
356
4238
3780
2883
1191
4488
979
2695
3628
2298
3067
3305
3916
1391
2721
102
3499
1003
686
3522
2586
4954
4739
1736
4472
2393
4880
2366
4949
4538
1016
4427
37
1725
4367
2534
601
1468
1443
3448
3918
1430
2770
469
1894
1319
870
1539
662
216
3092
1602
2142
1494
4401
731
4729
682
2483
2760
874
3594
469
2744
2977
3777
2311
3411
4115
3447
3446
205
2432
2550
2260
4808
475
428
4074
894
1536
2835
4732
3617
1306
3253
1948
3457
3136
3282
4787
3559
3170
2438
3840
1397
2778
2098
1348
2802
1148
784
1284
4334
949
3041
1356
2809
1079
310
4495
505
778
2541
204
2744
1531
4103
1684
3957
2085
869
1877
4023
671
3315
3693
4866
337
616
1413
10
822
1702
1101
18
4381
2586
3412
1410
1460
2776
133
4491
297
2164
3069
140
3661
3186
2553
3929
3689
4210
3582
566
544
2384
3442
152
2525
2428
552
1510
8
4396
2127
2368
3604
850
391
2357
3512
2425
4960
2531
1080
1955
924
816
1379
3876
4843
4993
2055
2326
3111
3301
3537
1256
2567
3298
1388
2568
3530
173
260
3632
4998
4462
130
710
3725
1072
3897
3534
854
3301
152
516
2040
4700
2659
2518
2078
1801
2674
3816
392
1415
228
1585
3864
4801
1757
2213
1127
2584
2132
3848
974
1445
4067
3197
1439
866
3857
2947
3073
4888
3153
2283
3666
459
4385
2825
4277
3111
3953
872
3635
2493
1354
353
2169
3987
2659
4477
2448
1309
740
4360
637
1026
2841
1862
4570
2305
3274
146
120
640
210
2129
4624
2241
2820
1177
2775
887
2761
1850
3679
1025
2090
1647
4096
4326
3264
4999
1829
3784
3834
399
774
4440
1808
3414
3698
1810
3831
1030
43
4033
434
3950
234
4674
2045
666
4666
3399
363
1712
2095
71
580
370
4513
612
1954
4967
1769
392
1545
682
2021
1905
3282
2633
4595
942
4357
375
3142
3315
3493
1922
3612
1318
277
2055
186
2224
3533
1533
655
4756
2779
4696
3526
3023
986
124
3128
3591
2387
4203
2398
1863
1852
3423
642
482
2765
4783
91
4478
1405
3523
843
3763
2668
474
3975
4532
1096
1574
1043
4783
4713
2436
2020
1314
634
3380
1888
3795
4441
737
2606
2193
954
3504
4643
3604
3607
4444
499
4430
190
2872
4030
31
326
4760
1683
2380
3525
3249
4235
1843
2963
4076
1648
3692
1864
2678
156
627
3839
1179
1321
3316
3853
439
2349
3938
4168
923
2011
3879
1950
689
2277
154
2176
1580
1344
1353
3990
4897
2174
957
1592
1542
1544
3198
4379
2463
4362
4516
2025
3632
1570
3277
4331
2639
3270
89
2023
460
4696
1012
4605
4637
4804
4982
3831
3591
371
2595
2251
1018
4944
464
3041
2670
3582
4781
4612
1789
1939
4502
4367
2837
3566
2432
2333
2534
2481
2290
3129
178
2096
852
1648
3416
437
1917
3963
2765
4241
69
3879
2266
227
3634
777
4475
1466
3138
671
4262
4294
1371
4268
1870
3331
1581
3258
865
875
656
4964
3768
3770
173
3905
4887
53
614
3560
2098
4700
2134
2981
1382
2962
1945
4223
2073
899
2905
1979
121
662
3531
3189
1252
263
1693
2186
3442
601
2438
2732
4655
2929
4320
1482
1081
3697
4896
4377
1349
1850
3210
2803
4785
4201
2063
2921
3713
206
3212
763
3002
3144
4983
3120
844
3336
992
2395
3505
379
4759
1671
3485
1555
886
2940
1796
1833
3145
2515
1457
3111
2200
4318
1321
2592
4891
2466
1108
4653
688
4535
1109
1681
4778
3704
2324
3349
4590
208
4248
986
4189
4691
2507
1596
4838
3155
2376
3709
1746
940
4850
4726
1409
1397
3388
3410
79
1283
680
1799
4006
254
890
4176
4027
3618
1085
4773
3863
1530
3133
3382
2860
3407
1855
2887
1871
4734
3627
4029
3170
1682
239
1949
4087
4477
3435
502
3685
461
4168
1211
1050
180
3716
4256
1858
1375
2144
815
26
3836
1855
4567
1062
479
5000
3102
3561
3219
2039
4703
1719
3595
4218
757
1461
819
484
4697
2250
4693
4984
4269
529
2449
1116
932
1448
294
2212
1161
3857
1902
1389
3401
2675
3771
956
399
4389
1799
1915
739
2760
4136
630
701
2919
1051
3215
998
3537
2004
1677
3778
4612
2081
666
3215
1490
36
1227
3340
4788
4912
2294
967
3551
4757
4150
2596
1059
1552
822
1707
972
280
3529
4995
2887
1569
2226
2219
2884
4468
737
518
1476
2895
3861
1751
2944
994
1338
2352
643
3037
1014
813
634
1002
3001
1128
839
2423
4641
4252
291
1306
2905
3153
4431
1704
3381
99
914
4830
1761
1036
2389
1222
4997
4453
2552
804
3512
659
3211
3290
3267
566
3857
2143
1945
2616
1595
174
682
30
1935
1422
1312
1769
4301
725
983
694
4360
2240
2142
2634
1757
2512
1192
1091
4175
3831
577
3721
691
2016
2628
2866
904
3162
2913
3718
4174
2925
3817
3341
473
3593
1405
979
1839
1498
495
1789
2831
4241
2345
3198
654
2206
3919
2866
284
4123
3641
592
789
1768
47
202
716
1490
3340
3500
1791
3763
2730
4933
1430
1352
158
4795
2371
2447
2226
2419
1292
451
4704
4792
2420
1366
2137
159
2159
1990
1553
1403
2586
4254
2320
2718
1316
510
997
1360
2185
617
4403
4922
2572
742
2858
4905
4257
757
2897
3254
4390
1807
2624
1119
4760
219
3422
329
2502
3562
4347
4964
2238
3390
4867
2755
4264
1404
3793
647
3496
1122
4098
19
4934
1692
413
2113
2754
640
4249
2381
1648
544
3596
4061
3471
1174
2607
2189
1623
1771
4367
3770
184
2145
3531
3223
4150
2931
1502
205
3290
1935
634
250
332
2813
3590
1508
3440
3957
3313
3933
4052
3513
2118
3628
2281
1729
999
291
3826
1202
3025
417
1013
4737
3121
194
1759
4375
3855
4739
3163
4647
117
351
2656
436
1788
225
2919
1242
2415
4934
1609
2984
4025
3763
3783
4608
4219
1122
1625
3729
3394
4210
2331
1315
4991
2691
2552
813
2165
452
1897
3388
1316
228
4395
3141
3422
239
2029
651
4151
3384
4157
1956
4360
325
4719
3012
3876
2170
2160
3806
2588
1989
3183
4174
2166
2763
2324
3996
254
424
3372
421
2937
2448
246
1482
3520
1645
4241
3638
1711
3113
3315
3671
4417
4993
3037
4463
664
1007
3876
3429
84
1730
3933
1198
3324
3872
789
1833
2899
4555
801
1774
4803
3480
3984
773
1585
1106
2344
1942
1881
633
4149
178
3145
3993
3178
1138
394
2503
3224
4721
2373
1818
1339
4608
3138
4703
1584
2258
3775
3436
4574
1721
587
1730
3913
3164
4906
3250
3684
2376
3047
4410
4960
1046
3095
4075
1130
1352
3470
987
3857
1490
2259
655
1297
1406
3252
325
3763
1580
3979
4308
22
2717
2998
4501
3336
4568
1475
4207
1524
2521
1
1225
931
4610
2486
2406
3781
1507
1042
3631
4636
4041
4253
780
1100
3228
4422
1622
2939
4743
1207
2602
3039
2135
1372
102
1586
1786
1302
1219
1591
2983
382
2890
2232
1690
3612
1324
4317
203
800
1230
373
4424
1444
2609
1458
777
2870
2039
4293
2448
1376
41
163
1905
4719
4548
4393
4119
4994
4432
3149
4394
3152
1946
725
4050
1048
1379
1956
729
3970
60
90
4171
2880
2975
1502
2328
1761
2088
4415
1285
3430
2047
249
2942
3689
1270
3957
2949
3043
4504
906
2605
2088
1831
3861
4539
884
265
2306
4866
4732
4224
3359
3176
4660
1698
1071
2169
1925
1016
2017
2380
4779
905
733
3111
3350
74
2547
3641
2592
4289
4072
3713
3149
2148
1855
3627
2351
3848
1145
1884
4520
2495
410
3258
3664
3704
2737
2750
1394
357
28
4362
2158
1109
2692
3818
1938
810
4721
214
3593
1698
2332
3635
517
4378
4
4838
955
2103
2525
20
952
2812
2082
3739
826
348
3070
3328
847
1531
4989
1273
1483
915
1888
4648
2075
2315
2891
4956
2817
785
358
4569
1041
1175
1915
1295
2939
4980
1127
995
3508
4934
1821
3987
3103
2998
545
569
639
1896
1613
3705
4516
3643
3357
3769
4049
1366
4396
4217
4642
2915
2156
1596
2547
42
3425
4761
1896
1033
4447
2982
982
3414
4489
2463
1619
4618
248
4971
1464
945
1209
1107
1336
3940
4896
4108
979
2686
683
2717
4516
2886
313
2940
3975
2108
3834
1235
1471
4341
2286
4541
4413
1879
3932
1532
1359
4959
1787
3916
2823
4173
3317
1214
4289
1629
1793
3104
3758
647
1972
1749
2497
2265
968
2346
3353
2314
2475
1553
4846
588
3705
3016
2576
3920
4469
1256
1573
1262
40
2940
2360
4431
3560
957
4685
1966
765
4956
883
3101
4934
3598
1132
3829
1000
4634
4225
273
3689
3861
4370
4627
2787
1043
2679
1305
3807
1323
4966
177
983
1101
2524
1515
4595
1851
301
108
2064
1405
2673
4396
1338
2359
3260
2657
4913
1674
943
129
2026
1416
4142
2588
1683
2279
4835
4737
3206
1682
4617
1059
1890
2816
1181
2427
2858
1181
3327
4973
4314
1457
3841
1182
4524
2730
1132
1399
4388
3405
1619
4482
990
580
673
657
1927
742
1888
2636
4574
864
1592
3959
3179
291
1960
3770
1565
1873
3499
1253
4992
4611
2107
596
1640
4025
1662
380
2578
3648
4994
2004
4912
1306
3984
497
969
1155
2608
4004
1372
1732
893
1522
636
2560
780
3493
4613
510
274
290
42
996
2485
4367
3315
3062
6
429
4949
2073
2453
4029
570
3347
3091
2600
812
1173
2572
4002
3070
346
1827
1072
4875
1944
2796
4806
4775
2938
16
3003
854
1632
4782
3380
1511
394
2107
4796
2996
2214
2883
2363
2680
451
1144
4334
2086
153
623
1355
3274
308
1062
161
726
2404
3586
3200
4135
532
4308
1345
3640
2091
3752
4700
4448
3272
1285
4166
1420
1861
1412
475
3845
3081
1620
4187
3246
1260
2155
4829
4480
4422
4162
1034
4039
4687
4529
3739
347
3495
1956
2103
1253
4739
190
545
4106
865
505
1498
2294
1044
1963
791
1716
1692
791
745
1901
671
3892
1150
2841
3077
1860
4731
4544
2213
438
3245
1102
4781
932
3258
2372
3592
3906
2436
2932
2380
3686
4639
745
358
2822
2108
226
1895
321
3442
4773
1484
3925
4411
1868
622
3201
1168
4242
872
30
2352
2218
233
4288
940
591
1686
3702
155
639
777
3582
1724
4249
3722
3946
1452
4518
3194
4301
2760
4089
69
851
1917
172
3157
1181
3683
4711
1742
3769
4492
1604
724
174
4118
1523
4750
676
143
3330
4938
913
3932
715
3903
763
3986
3878
1115
1393
3820
1084
2104
4529
557
4270
269
2837
856
2967
3739
4488
3761
1100
1090
3933
3018
1453
3825
4764
2816
3138
2745
4677
3871
646
365
4046
4297
696
2809
1585
1356
153
3742
1441
1585
4014
4542
2554
4742
3620
2830
237
1693
2303
3941
57
2989
2641
4812
759
211
3624
2553
4451
2996
2028
2522
3063
2523
4428
2768
2879
895
2025
1391
3814
3045
656
2359
2793
2039
3334
1898
1272
1991
363
690
3523
3343
247
1962
2062
4608
4240
4807
1888
2809
1908
2758
1496
2563
3514
3615
2443
3921
4043
971
487
2644
29
4310
4592
3379
970
4148
1243
4332
1488
782
2449
4259
4608
1974
102
3498
442
4286
2341
2129
1617
568
646
3368
2467
1631
2161
4942
2015
3487
636
1654
2930
795
1526
2080
4918
4832
3243
4320
2459
4617
3263
3794
2596
2496
541
208
237
3830
1392
1111
3621
2716
3210
3965
4667
1476
2082
664
2475
4045
4489
3528
3268
2529
3355
3841
2435
3919
889
1056
1822
2358
4031
1717
2565
3755
248
1794
205
1189
4929
2628
494
4096
4996
3662
905
3836
1993
4603
4933
2308
4850
3547
4953
1633
2921
439
1886
4553
4083
4524
2623
2920
1165
3100
3836
497
420
1039
3184
2778
3562
517
2584
2755
4048
1035
774
2399
2452
350
1373
4699
3324
4830
1435
2212
4348
4393
3151
4102
3730
2156
3302
16
643
2577
4905
4369
4801
506
1064
664
887
1469
2684
4561
3778
4892
1587
1415
517
1428
1451
4563
2564
3502
3370
513
486
969
372
4561
4182
1767
922
3356
4885
2688
845
4932
4056
3430
3244
2014
1518
3689
2044
2798
2486
4263
3467
4649
4765
475
4867
3943
2722
2258
409
3402
2027
4374
1022
229
1517
3527
3311
4200
1400
2577
3796
2791
4172
2975
729
46
3055
654
4946
3241
2994
3752
513
1153
3744
2447
3890
3487
25
3246
1455
4236
3455
2411
2917
3727
742
4445
3620
4106
2300
4636
3171
3
4859
2602
4213
4457
836
67
2362
4245
1205
3235
4981
2939
1267
3309
2341
1158
4020
2472
2136
3992
1013
4290
1376
3881
2988
232
2948
913
3069
1583
2769
466
201
638
4562
3592
2287
3619
1056
2684
738
107
4957
3082
57
4294
697
4446
2014
3575
61
2209
1687
1398
1505
555
3748
3116
3318
3125
3967
1771
2249
3697
902
3553
3860
2266
1070
2858
1698
2164
3584
1324
3086
416
3938
1477
1751
2815
1438
1560
2027
286
1215
1817
2474
3725
4858
368
59
3441
3539
1940
3343
3200
684
503
2125
222
4883
1564
2839
931
4202
3012
2651
4128
513
4672
2059
3987
328
2750
3931
163
4216
3148
1314
4950
4511
272
1464
3955
186
3357
594
36
1931
4850
4872
1185
4236
3788
1119
1143
3819
4957
248
2708
3061
3031
991
4656
778
2659
2298
415
3660
79
2423
812
225
2789
2345
3917
3993
797
368
3933
1228
821
2138
4458
2563
521
3469
1205
4513
3233
2662
1612
1366
4950
3170
2201
2129
4320
3580
2281
2218
489
3820
4451
2991
3842
4849
4233
4612
4713
3608
411
949
400
3967
86
696
4376
4957
3721
3286
1858
4074
4808
490
1599
4069
836
2932
3757
4202
3989
2963
3460
2144
2827
2287
1418
3838
3543
134
4461
4218
1579
1313
2029
3826
4546
4035
2091
3153
2574
176
3846
1308
4356
4566
1754
3132
3191
4638
2133
4063
4378
4755
1720
771
3352
1724
2060
2260
533
2287
3051
3977
4594
3305
4148
2353
3057
4912
1182
728
467
834
4632
2760
1482
1286
1470
1410
4465
2231
1642
2320
4387
3223
166
2823
471
2548
3871
2081
2101
3321
3701
4994
1699
959
1549
2666
966
4310
1730
1505
473
3820
4212
3879
2911
3745
1611
200
104
3910
2994
3502
1286
4939
3060
115
328
3833
3090
4902
3147
2434
211
2710
4051
2757
855
860
939
1882
4482
4227
1449
4681
276
4092
2728
1627
3615
1503
2143
637
4287
4807
666
2497
2990
2385
3855
3700
3176
436
4746
3156
145
2701
1306
3544
3707
3195
3173
273
1581
1882
1332
4379
769
163
1537
167
482
4439
3380
2809
936
4384
1120
127
848
2452
4086
4415
1024
3596
4424
920
3219
1776
3940
4508
925
337
2908
141
3580
590
1500
3689
4106
2844
1555
2227
4060
4745
4596
3696
4110
3633
4436
4056
4810
718
2572
1991
4590
545
1668
4945
1390
4643
3128
3799
718
2655
830
2477
4041
545
353
2909
2603
490
4846
3805
71
1021
2295
1459
1897
551
4359
754
2814
3289
2162
751
3093
4973
4547
4953
4415
30
2748
2675
110
1587
1802
2708
2641
1152
1764
3995
4065
3095
100
2904
537
3646
2626
375
1876
769
4841
942
4891
4908
777
3931
2869
1029
4949
4104
1706
2439
2526
1526
1447
4966
4166
892
4813
955
1733
3831
3956
290
4817
4250
1131
2190
283
897
3645
3617
520
968
1513
3509
3050
3355
1122
4013
3654
2634
2989
452
2047
1543
2778
2197
2017
945
2098
246
3743
4611
2231
191
3306
3538
3751
3357
2535
52
3750
647
3504
1820
4474
1956
758
1179
450
1013
4947
10
3408
4934
4530
806
3121
4162
4050
20
2125
1904
4612
2379
893
1936
620
677
218
1924
2390
4534
2376
1731
1145
4874
1246
92
4258
3764
1164
3172
2250
1031
243
4133
127
3584
996
438
4021
3279
668
4753
3260
733
3668
127
2016
3140
2547
2703
1294
4346
3736
4824
2774
2247
3297
4600
3821
3914
4974
4368
3122
1005
3441
2880
4628
1199
4828
1198
1413
3182
2022
2473
4528
363
3162
3886
4629
4111
3229
431
702
2851
3122
4725
1068
4679
692
4120
4009
938
3397
3910
4841
2335
704
4567
1213
3237
1171
4296
1183
722
2124
4971
2704
4938
3032
4559
3021
3489
1230
14
1994
2902
4232
4954
2260
3106
3068
4708
1576
1163
3949
290
341
1444
2810
205
580
4800
1084
1992
1669
1101
1188
4336
2820
1502
3854
83
2774
1989
1340
2708
3763
2641
1711
1981
3807
3433
42
674
4700
1158
1624
1416
1111
4572
4724
4
614
4220
515
4732
267
1359
4804
968
956
3972
1573
4066
4497
146
648
4007
1876
1591
3156
2496
3263
250
4217
3064
4159
4404
2354
4295
3999
4552
4487
3107
1768
2119
4956
3603
1146
1647
54
3746
4006
1766
379
1442
2462
3220
492
2711
298
195
2198
3854
799
4999
3434
265
2973
3379
2631
2332
546
1955
1734
4220
1781
2420
3235
2590
1153
2996
4549
4992
1453
4922
2347
4097
3871
3483
2007
4016
381
1946
4213
2718
2704
4417
724
3831
3436
242
1066
2258
4194
2642
3861
4846
1664
2970
57
2107
3531
2067
3999
2665
4057
4406
4454
920
2320
1561
779
616
3426
4169
66
4810
3704
3635
3236
1761
2792
4071
874
586
1041
1530
1693
4296
1942
2980
2200
3817
3707
638
612
2324
4650
1828
159
4942
4891
4743
4199
3503
4383
1133
2378
130
3254
2583
3734
1360
4394
2872
3179
3284
1276
3080
1131
1130
4090
170
3712
3958
3711
4993
1456
3836
1498
4471
3900
854
870
2624
1684
4769
3506
4573
1395
1083
2979
3266
2638
452
2306
3145
4490
1988
3857
111
1302
3143
1826
2565
2807
3800
3497
3904
2085
2312
2397
866
4040
4463
971
3212
2321
4287
2654
3017
3885
3346
4599
1414
2403
4055
4317
574
4843
784
1948
4517
1710
4087
938
2259
3272
3626
2272
4057
622
2486
3625
631
3203
4033
1648
1931
2755
3685
4700
3600
1584
549
2940
2015
4125
112
4180
4968
3651
789
1733
3524
4858
1200
1961
1372
1790
3244
4334
3821
4340
2706
659
3502
4762
785
4121
2191
2866
1220
574
2390
1253
1111
3052
4874
159
33
2643
4740
1864
4117
4435
3388
3555
2717
4054
1247
132
3101
1633
1096
2688
13
2887
489
2248
2578
1112
3459
181
4137
473
4121
1686
456
1637
3867
1626
3781
3409
588
4068
381
1477
1801
3087
4924
744
2933
2723
2854
2536
692
4939
3451
992
3675
744
4611
1232
2015
1558
193
2599
1191
2891
3126
1472
1756
3705
1175
866
3560
1240
3552
3101
2178
404
2573
4874
425
4883
1264
1579
2651
4825
3647
2258
1960
1471
1839
612
3044
3663
1358
3834
2332
324
3480
4903
2118
4475
4205
4874
1589
4652
3036
262
1542
2392
4164
1504
4628
3800
2500
4039
1185
932
1689
4239
914
3204
3625
2820
878
3182
3105
4378
4986
4913
1021
4235
56
2615
29
2337
1752
3522
4193
2684
4894
3018
3365
1856
4265
2342
554
1412
777
3760
2302
2321
1687
519
1666
3420
4273
287
4538
126
3179
642
1642
2508
4632
1292
3300
4892
3774
442
2573
1575
1111
2125
3989
1185
1094
4751
1157
3925
3913
3276
2136
4364
3097
0
4357
3604
2498
1358
940
4583
2026
4792
1087
3979
2005
979
3804
1152
4954
1448
1456
226
4968
1981
3021
4078
1964
2872
559
3715
4402
2282
1357
3145
85
3153
2743
3314
3824
3792
4211
4965
3256
2600
3785
2695
997
3491
2569
673
18
4917
2449
1030
4688
3768
4120
1039
4150
3531
2230
3098
1848
4107
947
4175
3210
2380
2540
3558
334
263
2853
2537
1584
1542
108
3518
1816
3942
1876
3424
4687
1114
685
2549
2276
2364
1837
1954
3476
1247
4015
2513
402
1097
1836
567
2120
4262
2918
4165
3842
4330
3074
2084
2980
2179
3185
1110
3442
2902
4667
2407
3777
1072
1343
4768
3178
3212
3925
4693
3110
98
1243
763
4949
530
4632
4001
3612
1228
3656
689
3417
2894
1837
1791
2302
1670
3904
3801
2032
1169
3267
3034
3711
42
3876
3481
4673
3039
3061
1355
2951
1651
553
2359
4420
3099
474
4012
3179
1250
1733
2519
2337
3640
1587
4626
983
3627
2813
2294
668
2200
3445
4401
2003
1575
2623
2609
2041
3509
4664
4718
3423
730
4181
175
428
4588
2461
2761
4440
743
3687
1308
1978
2877
4922
4631
920
2745
2148
3847
2421
984
1669
7
1590
4196
2989
838
3092
993
3005
2125
3933
1090
1693
881
3632
185
4355
2453
874
4504
2496
2270
1568
1541
1835
1210
4261
3556
2669
4965
1434
170
1142
1184
4314
1585
1947
2229
4360
3485
2218
2283
3814
3278
4469
960
4283
3074
2056
403
4480
2328
3539
3640
1368
3055
641
755
1145
4155
342
3906
2869
1550
3040
3102
1965
1734
1660
2637
526
3840
799
2471
807
1034
1780
150
4397
4083
4838
2205
2440
2959
2030
1570
3744
3047
2551
4554
246
42
143
3883
1952
443
3157
4559
569
2035
4662
3193
1214
4488
254
104
1067
4439
1471
1135
4736
4292
1198
1846
3270
326
4958
827
1950
230
4073
3785
3224
1568
213
3098
3284
3384
3965
2796
2250
627
2530
1109
1444
2709
722
4142
91
973
1457
2591
4585
1933
4512
4458
2682
3606
3686
3229
1769
2267
3420
628
464
1990
1633
1221
2263
3412
2055
4445
1356
2027
2255
2104
4797
1206
758
2819
1174
4393
3502
3667
4046
2626
2856
1249
4900
1446
4841
261
2753
368
1284
4761
608
1969
77
713
777
2433
309
993
4273
4696
4838
543
3216
950
4185
3069
99
2734
295
3615
1946
1328
3449
7
4826
125
2251
1400
2802
4381
2659
384
670
2689
4832
647
2211
835
1812
4150
2329
159
2523
2310
917
4658
1680
1975
4816
2064
666
2782
3263
4973
1836
1277
2636
2551
3648
112
1536
3791
353
4989
549
1801
4298
3178
3016
4186
4671
4439
807
811
511
2833
756
2194
1218
2003
4385
4759
3258
4294
3459
888
4012
4212
2339
1139
900
4535
1235
4043
2303
1563
328
3658
4277
3552
3964
3553
4003
1705
3993
2138
834
399
419
577
3550
4510
4404
766
3444
3246
670
3879
4741
1220
618
1325
4217
1549
2109
2915
1492
3968
3914
2187
1576
2625
2674
1263
4454
4919
2465
1108
2316
88
2355
1742
3647
4337
3123
4078
1178
2727
1558
340
734
3670
4810
1217
1773
4089
4014
4899
456
1434
3924
1110
3199
3157
4435
2768
1099
1020
447
3339
4625
3755
1321
3644
1331
4040
1051
1426
919
1674
4392
3588
2709
4829
4749
3984
4056
2988
1120
622
1520
4028
909
832
4011
1222
3204
3876
1852
2999
916
4459
1815
1277
2835
3377
519
1092
1180
2050
2739
31
1895
976
1127
1906
237
1932
4288
438
1008
4275
2038
1697
4046
1876
15
3456
3892
3419
2837
1615
2770
597
567
2383
2945
3676
997
1728
4038
866
2415
758
1813
1388
2075
4303
4204
2978
2262
1361
1869
4458
2927
2163
201
2387
684
3777
2296
3563
2811
3802
1013
3084
3074
2197
805
900
2669
3300
3852
1676
4246
3505
1759
3713
3362
4162
4661
79
3700
4689
497
170
672
4041
2701
3745
3050
1651
1364
1847
1793
1143
4300
148
52
903
1946
2203
866
2413
2770
1067
1005
2006
4292
2527
4809
3802
1272
2711
1141
4605
4505
2316
4379
2472
1261
3431
4354
1040
313
1898
3642
3069
2954
4738
239
4172
4912
4026
911
3482
2379
537
1858
2053
4253
240
545
1355
4021
210
4902
894
1659
4867
539
4361
3248
732
2192
2405
4012
3626
100
3812
11
1532
3370
1829
2790
2447
2792
1150
920
3014
4235
3068
3744
877
1565
1896
4280
1755
317
2363
467
966
2782
3886
1461
4587
1769
1696
126
4042
586
4487
4426
2128
1192
1534
3250
4756
28
2466
2677
1987
1579
4401
3322
298
3834
3229
257
2379
3553
214
235
3118
324
4347
3395
3655
3847
2440
674
3084
2336
2410
4693
2248
2435
3894
3518
2185
2542
3481
219
3602
828
3586
2350
288
3240
1139
3477
3921
4552
3170
314
907
3034
4149
4588
353
1148
1992
3608
2313
2618
3728
997
4990
3538
2438
3787
1477
2683
2941
3269
2098
2778
1669
2986
3240
2520
1383
796
2678
1857
4988
3850
3618
84
1906
991
2467
3317
308
4453
4591
1334
4878
4282
1932
176
1492
2158
3414
2090
3736
764
3114
1434
2564
2950
4359
1515
2668
4990
2355
283
3756
1897
3920
1729
1959
4286
3979
3179
3105
1081
43
4365
50
3548
2397
4020
135
224
1834
2569
1535
3496
2703
3446
1150
3540
168
4779
2601
2781
4511
119
1572
2145
1064
4255
314
2025
4530
4530
4188
2010
250
1109
1267
2056
2849
4422
4173
462
59
4058
4374
2535
900
3300
917
256
2024
4632
4625
1353
1449
2012
2263
1287
249
1867
2248
2851
3849
3340
91
1805
1995
1357
2074
4298
459
1238
155
4203
4949
3897
395
4540
3934
414
162
1549
3947
1799
3056
4259
2457
4256
967
2819
274
1999
3809
427
59
3434
1533
361
4054
1788
1553
2396
1952
4722
187
339
3409
4128
677
2503
4905
836
1573
1846
4748
1675
3509
4680
3459
2848
3781
4965
109
4476
4929
1254
1193
4344
4599
1312
3455
1472
2717
2990
337
897
3500
3074
4981
2706
3017
3645
3777
2847
2185
3933
827
2210
4056
4180
2319
4589
402
4232
802
3618
388
1934
4218
1068
4377
2301
300
3881
3882
1621
3337
3875
1127
4679
3422
607
1728
4409
166
2536
1292
2168
4040
1927
1601
4736
511
2108
606
4993
3979
3200
152
1744
2829
2111
2767
2138
3364
358
1865
3724
2479
1535
4870
2853
3350
4354
2224
2035
1981
3579
2400
1222
1107
3744
38
1053
3111
4352
1146
4385
2648
1377
1965
2418
1543
3110
4573
4471
4731
3653
3598
1621
2692
4370
2235
3838
3363
4327
4415
2336
4588
2251
1776
474
2828
2904
1258
973
2197
1282
3175
3114
866
2621
956
1151
181
3855
334
4036
2577
524
868
4690
3925
155
1529
3138
4907
1665
1193
2882
1561
1327
2463
3818
4444
2796
1098
1180
309
3132
1285
1877
2419
3520
4905
80
1942
1863
2534
4354
2571
1740
199
3048
4910
2121
498
4954
148
1899
4327
3228
72
1732
3705
3089
284
2357
3153
3728
1928
1657
50
3973
1986
2204
3139
708
2598
2073
323
1024
3625
4557
3765
4866
2277
994
4085
3445
549
4748
2575
2029
1230
740
1758
3725
2909
51
385
310
4919
1160
4440
2565
4878
562
20
2269
3672
4715
3384
3486
1061
2433
3016
1370
2958
4143
3287
3247
3641
3949
205
4922
3937
4024
2824
842
4478
1786
2799
4504
3204
1605
3579
3297
3729
1226
1662
2129
3738
4610
4140
1799
656
2740
4391
327
3457
3595
1014
3100
3268
4808
13
4405
4777
1592
91
1492
13
4580
1149
3559
3588
649
938
3950
2629
3612
987
3844
3842
2331
520
3206
3647
1681
192
4712
1027
3474
1481
2692
2299
4333
796
1007
2078
3
2413
3574
188
3318
2308
838
3669
3093
3108
757
3752
1869
3697
3512
2628
3469
3559
1092
1329
3236
3488
4367
2223
5000
179
2274
2295
1446
1813
4978
634
2624
4034
3571
3354
2212
1120
595
7
3798
4395
1429
943
1402
3345
4535
2937
3912
4587
4789
414
1807
964
868
2379
4583
1020
3682
1892
2154
2415
3827
793
2403
3377
3938
4780
3282
2339
787
2672
2652
1096
582
2126
3884
1065
3177
1016
2491
3970
2282
3317
1275
3047
4232
4870
155
1705
4796
762
2027
2661
1839
1219
1834
1284
1007
1990
174
1444
853
2818
4395
4810
2408
3624
4440
2276
577
3180
4995
2164
4051
2887
1220
877
2784
1221
3349
127
3912
461
1884
3743
2248
4865
4226
3584
407
3960
4012
1017
2
4310
1865
1475
2106
143
4656
1634
4165
236
3343
742
3738
780
823
2777
1202
106
4405
4310
4995
2884
3574
4392
4174
1447
2134
735
1430
2264
2297
3308
1989
3549
2633
1433
4921
3354
4343
4829
961
1611
2728
1303
2838
4951
4850
2609
1810
1945
1422
1144
518
3053
2670
791
810
1069
586
227
4042
2539
2896
138
494
1737
2294
4560
752
4987
348
4326
2946
565
4056
4583
209
532
4293
147
918
4929
2165
346
956
3379
2678
4525
4764
4101
4087
1859
3286
2449
1309
1857
1829
863
1797
1202
3303
2575
3624
3203
270
2763
1033
4545
4637
3428
3120
1947
4459
1735
3495
4673
1920
499
3829
786
1440
4289
2008
2573
2842
4268
1744
670
4947
2407
4165
1621
4644
4081
4640
770
738
4406
935
3896
642
2411
2726
526
4014
4295
4183
2388
3842
1267
2642
1844
1671
3875
3514
1532
3227
1468
2735
4039
3933
4200
3208
582
4293
643
4971
1509
4758
3946
4769
820
3190
970
2029
1642
302
2740
1469
196
3272
278
1593
2817
483
3430
502
3346
363
1209
2017
2674
3032
4135
2459
1254
4341
1443
3951
461
20
635
1990
573
4061
1561
2422
2802
794
4331
2566
4860
4669
1669
2614
1699
411
1171
1905
1955
580
3946
2278
3513
7
3613
4466
593
2654
312
749
4279
2335
1842
798
4578
3490
2936
1326
769
297
1417
4677
4683
2447
4639
2185
829
1023
4191
802
1717
3341
2516
4622
2553
600
1360
4838
2296
2139
3182
726
1512
2560
4853
1938
1983
4933
1928
1347
4922
4096
3944
3218
2331
2091
2718
2696
4892
2497
2331
626
3798
776
1548
1621
4347
287
4251
3349
4025
523
4120
745
3193
2870
1001
2038
3191
3118
590
1344
1769
2523
4522
2222
1590
1968
285
841
3804
1504
1097
1556
3299
2055
369
3056
1163
4851
2572
125
246
4761
2405
3168
2071
3881
3362
2895
94
2457
4250
2327
2393
1978
1805
4949
1190
4
1863
3586
3233
4847
284
1787
3436
1010
965
3362
1733
1639
1025
2517
4112
1971
638
388
1674
3230
902
508
68
700
4751
2107
3549
2541
2229
1671
1181
673
1666
4369
4931
564
2689
4897
714
2759
19
1544
4240
2003
3329
1455
1672
230
3772
1193
3494
1611
961
993
3097
3774
1501
4505
2092
3532
2740
4555
1812
3357
1556
2565
2445
2092
1922
4207
376
1436
341
2607
3001
39
4908
2306
589
4328
239
3110
4867
4269
3408
4215
3617
3672
4127
4602
4764
3017
1079
2251
2127
2505
522
4655
284
3137
2856
3484
138
457
698
165
3338
1870
4033
4573
1567
1118
263
4002
2658
884
2633
3979
3126
4118
1111
3928
1636
4954
2747
917
144
3885
419
3536
1637
3653
1043
2874
3500
541
138
592
1026
4846
737
2718
854
2860
1428
1949
237
1331
2551
4047
3949
4416
3597
3093
4422
4433
298
574
2179
175
2906
3083
3988
339
26
1361
4070
3004
1879
3930
3841
744
3994
3505
630
1537
471
3643
317
1615
186
4205
4407
4598
1847
348
4578
1759
4588
3924
4975
2509
3479
4314
497
267
707
3897
4366
2453
1014
2241
4974
1603
1474
2458
7
3366
1057
1281
4004
705
2304
1498
2004
1933
3456
2322
2676
2749
2205
822
4527
4603
4741
4035
2886
2018
3347
3260
4963
813
1648
4573
2352
1182
1091
1304
547
4143
4885
2947
2605
2686
4009
4019
634
2630
828
632
2880
4678
3687
4671
2003
238
2039
884
580
2946
1612
3046
357
399
2645
591
435
3887
3581
2568
4520
971
45
1611
3876
2269
515
812
3172
362
2827
5
4917
2679
1336
3609
3471
1644
3698
2936
439
2252
72
2831
4564
3922
2489
2582
3130
502
1671
3113
1543
4551
2804
936
4050
647
913
1854
71
2535
2392
3531
2666
3039
510
287
4794
1900
2624
2985
1370
1319
4061
16
4552
378
1580
2128
1721
1757
4584
3246
4005
930
2620
2844
1942
4864
3862
3327
3211
4315
3502
684
1844
3695
3153
3187
2841
2094
2424
4404
1393
1182
1894
2888
918
2082
2038
1275
1058
2108
447
4478
1660
3541
3917
2028
1633
378
859
1629
2617
4236
2002
498
1643
4837
4533
2378
2122
4160
3274
4921
2109
413
2790
117
2112
2880
441
1144
3077
666
2146
4913
3008
117
4081
3546
4445
2396
143
1510
1259
2826
3312
2142
1641
1703
1433
728
3742
1345
1627
3333
3063
1220
1758
3519
3688
2339
4913
4327
2209
4595
4481
4515
3080
1864
2327
179
335
4676
2218
1185
4958
508
1621
3911
4372
974
4076
4056
2393
2482
3587
883
2362
1482
3469
4549
3519
4315
1244
4183
1876
4787
673
3514
3865
541
1429
489
821
4543
458
4372
714
4031
2568
710
2084
4646
1310
135
1953
4191
2873
236
2620
3822
2166
4690
802
985
2828
651
767
2386
1647
1249
2551
2159
1526
666
1164
836
3914
2071
4261
3785
1637
2328
3073
964
774
566
2573
142
4518
275
1497
562
4656
1624
2134
2627
195
1179
180
41
1957
2523
2723
2731
2296
4013
614
4370
4206
1039
1058
2225
291
1808
293
994
3424
3052
1209
1730
4640
1797
518
1322
3432
3665
1867
1621
4795
57
228
4719
3516
3986
4554
1368
112
1537
3068
2519
3209
1172
873
3340
3508
1444
368
1767
2409
1565
3088
3342
2934
4808
1516
1403
703
3301
4564
2138
1607
2290
2504
1483
1407
2699
1528
878
1256
1523
4214
4924
3261
3141
322
4531
3732
1501
4357
4079
151
1726
4418
227
2235
3257
4689
305
3530
2549
1231
994
1900
599
2253
2658
3137
708
1837
2277
1928
3211
4552
2607
570
3489
429
2745
1411
957
1707
3072
733
1847
4789
1452
4121
2466
2372
1234
3241
1989
290
3346
523
1918
3730
1941
4884
439
1432
946
2404
2501
1164
3174
1668
1652
2304
4093
1896
950
4842
4613
728
1467
4546
2203
3840
1563
2110
131
4457
2131
4635
4117
4829
3794
2170
1146
2667
1961
660
4304
799
2472
2962
4276
3962
2721
3132
448
3224
2181
4277
17
313
3094
98
1468
3270
2723
2080
4650
3428
1162
3632
1189
1268
2605
4225
3845
1848
2160
3256
3592
1045
3453
900
4761
2930
1863
4688
2814
434
3570
4690
1084
2934
3472
2596
2407
2661
1708
1085
581
4154
4402
2113
4428
4889
1529
3760
18
4309
1406
2162
1624
3842
1908
804
848
2018
3975
1116
998
1307
1682
4811
3401
2935
2705
1504
3943
1927
246
1190
2560
544
1648
2970
2883
1660
409
3485
225
3688
3145
2705
800
2190
4281
3372
881
1593
995
803
2192
2838
3816
2347
1744
2404
3172
1935
4858
2924
4419
4937
2555
264
1581
4132
2620
1823
52
4008
3269
1731
2416
3433
3485
303
225
4362
3002
1138
2954
2127
2563
2852
2147
2498
3958
3104
4081
2163
3563
4054
229
3915
2848
1671
3481
4186
3234
3566
2478
4856
3695
3173
4745
732
621
3652
3569
3954
529
2886
85
1553
334
1093
1669
317
4851
1339
2301
4473
3855
3110
3987
3665
1137
1358
4589
1014
4113
4375
1560
638
296
3510
2727
2746
268
1704
24
665
4274
4133
3168
1961
1182
4061
3252
4841
4324
2484
1546
4404
525
2213
530
1161
3358
2780
3453
4057
1157
4024
81
1517
3483
1336
965
2584
1264
2408
1262
552
308
2466
4067
762
44
2320
4219
2873
3202
3946
3274
3700
4137
3333
4503
2361
387
1257
300
337
949
2400
2739
130
3668
4902
79
4245
736
4719
2074
4290
4253
2694
867
1217
4822
1394
2324
2572
581
4082
698
4623
4980
1999
4843
3803
4110
4147
812
960
144
4659
4836
4008
3887
1713
4572
792
965
1404
3426
4464
1685
2108
2785
564
3615
1650
1421
4479
2322
3236
734
132
3529
4757
2596
1337
200
6
799
1993
4034
2880
2493
2892
2863
3334
2681
4834
1880
1285
3104
3103
1749
336
3600
4886
510
4850
2256
183
1523
4989
2410
1558
3597
4198
4735
2652
919
2668
3368
2140
4103
1492
1294
1400
1818
1202
1807
837
1126
836
202
3625
698
1987
3828
4013
157
3726
1177
2572
1714
2875
2774
4190
3510
1037
4394
849
1438
3703
2114
3803
4620
2263
329
709
3896
2157
1552
2961
745
2935
2932
1143
1138
3241
3073
2719
4472
2343
961
2461
1098
4524
2756
2698
3258
4297
3370
4428
328
1553
4694
1920
4907
4213
4500
3965
2497
4404
2044
4632
2317
2296
4910
3170
1664
3962
1009
2598
2159
3369
3637
3938
916
2613
3158
700
437
2899
2174
2364
3956
1637
3081
2163
1864
163
4027
1894
365
586
2985
2883
3530
2841
4956
3217
1254
2320
598
3646
2538
1514
4012
1011
3200
3974
3531
1277
912
389
2649
2726
922
798
4799
3059
1712
3256
4702
1741
2775
4041
3462
1529
4156
1380
4296
1653
1751
4090
2076
1618
4275
3518
4198
2220
893
3799
332
705
3125
481
4850
2638
2049
1936
1570
27
3916
4302
333
445
4993
1619
4582
4330
113
3033
3857
1426
405
3570
3069
429
272
2164
4484
1351
3763
1344
2494
2211
1195
4028
466
3838
3948
4226
4847
3558
65
1417
3399
3334
2119
4300
2925
4880
2325
225
1315
459
454
1602
4947
977
2670
2196
3700
267
1551
2081
3799
3503
2506
1600
4024
4606
4682
1915
2213
3738
1802
3055
4086
275
4992
3208
2455
1514
1625
3456
353
3655
3863
2063
2639
3422
3330
1429
3053
4040
3736
3842
3455
4166
246
1743
4443
1245
2692
897
4115
3314
3807
1093
510
4461
3169
4576
3737
2660
3749
1625
4895
684
1426
4609
2665
1585
2652
4920
3205
3189
3768
3306
3390
4889
4413
4460
1010
1232
3739
1170
2707
1198
1281
4779
2815
4211
1571
1861
1942
4721
1972
168
4157
372
1039
276
1456
2470
3777
1378
4847
2963
1141
4992
327
3399
1576
2544
2942
4134
2870
1720
4664
719
3468
1805
1267
950
3564
3751
857
1131
4802
1783
3928
3168
4248
4421
1235
3063
3424
4847
1360
1622
4390
2051
4114
319
788
2543
338
295
638
2632
2652
4211
932
19
4360
1721
4526
1170
3961
1667
143
627
3246
44
4507
1813
2190
3601
753
4304
2688
2634
3748
3373
3326
4459
3020
3002
4507
4761
3007
3520
2446
3231
2865
586
2306
4576
744
3203
1237
1081
1286
4655
2764
968
4475
3974
308
1826
4518
2336
4550
186
3782
1215
2782
4955
412
1518
4198
3314
1884
3408
598
2066
1712
1213
679
3862
1848
1986
4856
4437
1617
3857
3863
4274
2904
1496
3912
714
214
749
1333
4948
4736
1038
3084
3494
2172
218
2272
4050
37
3849
681
4568
1025
4027
1346
2856
158
2755
350
4672
100
2626
3233
3951
3649
1307
3261
1216
4040
4992
4592
3250
3890
2603
3159
3105
1466
188
130
1012
4495
1631
911
303
1517
3733
501
139
4798
42
2773
291
1962
1958
2547
4704
2362
177
3820
4516
2829
199
3386
4967
4997
1268
4559
540
1526
4875
720
2132
4054
3410
3162
1382
2329
2400
3160
1550
3745
2318
2556
4938
1298
4972
3458
2904
409
3149
2522
847
881
3430
1131
3753
1344
246
3413
4739
950
1518
2452
4326
3208
2346
3157
445
4483
2436
2016
3681
4039
4385
3155
3378
634
2649
339
439
3421
4333
2452
1476
564
2657
2266
3242
3640
2347
1608
1612
3808
2594
3854
4792
3301
2570
4777
347
3331
256
2323
819
618
2618
1023
3104
1648
281
583
4895
3192
1529
3927
745
2348
4164
2222
4997
2038
2818
2990
3672
220
2054
4236
2846
4703
4350
1328
671
1541
3987
2380
3279
2541
955
3730
3806
427
3379
4192
3913
4590
3135
4973
2525
437
1047
1043
2012
290
22
3191
3287
3962
537
4167
655
3030
666
3936
4608
1750
309
4353
118
95
1988
2912
179
1191
3511
4348
285
1303
4138
39
471
3001
464
3693
344
1165
3641
3261
753
4127
3500
3425
2877
3946
4624
3572
1237
4050
941
1403
4054
3499
2485
923
2256
2630
4053
3425
1208
2543
2983
365
1039
2303
2314
4384
3210
3865
1199
1282
2335
4865
260
3099
2398
4500
2369
112
2497
320
1752
3554
3452
1456
1061
1600
4379
2454
4090
3197
1339
163
3746
3742
4540
2433
4289
20
136
4224
2702
3098
918
1548
3664
4648
3831
4544
3074
1683
709
2783
703
3323
701
842
1235
3246
2211
825
1593
1766
3525
4604
121
216
915
501
839
3458
1518
3422
685
3233
801
4571
4326
619
4508
4003
2641
4116
812
1933
1352
2600
4474
317
4649
518
114
4002
2077
2379
1088
938
1464
2232
2133
4136
323
1278
1484
560
3940
359
665
3414
4693
3829
3886
4295
990
2855
4542
4514
4799
3577
1551
2902
1874
1773
3468
2812
4651
4880
1887
3893
4635
4011
3721
815
1239
2176
133
473
4976
1196
3343
1978
1476
4289
3904
552
675
2539
1302
4574
1613
2957
1040
4039
1009
40
181
4386
3340
173
375
3382
1492
3463
3737
3213
2178
756
241
2558
3934
3285
2402
3985
202
3749
2796
3094
234
4328
2396
4958
3649
4869
2745
3092
4419
884
3896
3902
989
782
1110
868
2226
4443
15
756
1894
297
2720
4310
2533
4332
3980
1082
4645
4196
168
134
4923
4313
274
2994
4535
1024
4549
2725
2366
3089
2931
2932
1502
2761
1620
2315
4872
3558
3849
2519
1911
626
525
3168
4239
3587
2646
979
3935
1490
152
2640
269
4059
555
398
4436
3412
3849
4813
2477
580
4417
3750
795
1439
1737
407
2160
1068
3537
612
4801
960
1590
366
2105
2788
519
3814
4660
1334
1477
1737
2381
4861
411
3993
2110
1661
3333
4850
4513
4423
2469
3917
950
1584
3196
4528
1024
2278
2462
4564
4347
767
3021
4207
4616
4483
4989
135
1109
4354
2267
4336
462
2805
3228
1546
4297
2016
1152
1443
4452
3151
778
3127
3731
4486
2681
1583
2464
1830
1390
4536
3711
584
3668
1190
2366
3501
1942
2042
975
925
4368
310
4791
2835
2274
2337
894
3075
2866
1658
3369
3657
4766
2767
3615
1497
4214
46
2177
1651
2939
4732
3043
2325
2964
60
3048
869
4402
2813
3424
4718
1835
458
3345
2037
1821
670
674
3525
3414
3619
4922
2115
3752
4942
4013
4014
2500
3839
4820
4185
3572
2408
2805
1325
4174
3003
2819
997
2815
4383
2201
1368
3809
1972
4078
4356
3653
3983
948
4451
829
670
4802
1695
1651
3871
3263
624
4386
4202
2252
3085
581
4468
4394
1783
4806
760
3337
2900
4259
2200
3419
177
3506
4730
33
758
4728
430
4737
4083
318
164
1316
3473
888
341
809
185
2212
1091
3895
4435
512
662
3422
950
3022
2480
2180
3346
2261
2109
938
3101
1219
2341
4347
4270
4817
3604
3001
1611
3208
3800
4541
3983
4721
2490
3414
3746
4569
3209
3214
3840
1833
3934
2533
3586
3535
3618
753
4909
1584
525
2656
2763
1665
3001
3582
2204
431
3334
56
87
4888
2770
2850
3949
3465
2832
1790
3044
3826
2459
1327
3714
3826
2803
1862
1522
3468
84
3370
2385
1512
4292
3805
4429
3546
1770
255
414
3168
3267
955
332
4432
4967
2870
4202
314
3065
566
3053
1361
3841
309
2849
156
4505
993
1656
3431
2114
1077
550
3667
2253
3996
1174
1796
2088
4336
1606
2485
611
4681
3142
2707
2456
3034
2245
3881
1551
484
1069
1801
3240
4191
2055
2064
3578
1444
2612
4168
425
2727
3570
4451
2957
3098
4190
604
2904
916
2861
1460
4113
3564
3762
4403
2706
4251
2022
1345
4722
4686
2097
3789
2731
4985
1640
4611
1629
3110
2608
1309
957
671
1601
2991
4732
3559
1341
4821
3332
886
519
123
583
1049
4585
657
551
87
885
2339
1051
2901
1906
50
413
2480
94
4239
3745
676
675
3447
1255
2529
4116
1042
734
1372
3419
3626
1906
158
268
1456
4127
910
3849
4271
3993
2035
580
4379
4462
3599
2214
3577
1049
2595
289
308
2472
2360
4490
4775
1473
2648
957
15
4780
3961
4028
2441
2507
1638
3952
4834
1493
2960
1324
1403
3531
1704
4590
3678
4163
2062
2748
4582
1175
4368
2652
2749
4373
3914
271
3463
1451
878
380
2787
4082
638
647
4663
1292
3817
123
932
1002
2618
336
2617
2844
3219
3129
4640
2404
607
4076
4761
357
854
2058
4433
885
4884
3483
2958
153
2065
4583
4330
1624
3363
4144
3289
1624
1387
3370
2636
2809
282
3274
473
35
702
2431
334
3040
4334
1320
3398
1961
4078
4724
4186
2207
1474
4753
3986
551
683
4883
925
1826
1387
271
863
941
795
1998
4114
2417
4832
381
1010
4552
146
1348
1109
1267
904
4161
3146
3151
435
4801
1
336
3064
300
1499
791
4845
3783
382
1979
3761
1686
1880
1839
579
4263
1720
3541
3853
1936
2899
2400
777
945
2477
868
201
1739
966
768
4251
3050
2066
1432
3266
4677
2665
2514
4905
960
1374
4823
3185
4743
4215
2353
4313
4543
2731
1159
3058
2408
2828
4797
2485
4606
2990
2590
880
354
4957
2172
2235
1559
1149
646
2581
4957
1578
2571
1355
3193
178
3058
1194
4137
3743
4799
1301
3165
2649
3819
1806
680
3547
492
2942
3119
3327
3456
1081
770
592
168
4038
2722
2848
3868
604
125
2316
3940
280
3355
1801
3052
2778
4986
2480
626
4750
4586
3836
3021
3013
2890
4238
3947
201
4766
207
341
3950
1354
1382
115
878
2420
3881
2954
2767
2173
441
3875
4702
690
1335
1555
51
4411
1733
1591
2505
222
1079
1266
2947
4701
2664
3238
3036
4571
4874
3112
1992
409
2566
4812
3696
4189
4210
788
2659
4511
1456
3060
2770
4007
3415
1625
1947
3558
178
3861
948
373
791
1437
2863
3055
3496
2405
3877
4385
3228
3554
3928
4399
1419
4018
1120
3120
4874
2892
1826
506
787
1741
3999
544
2329
3214
1089
4052
3226
2933
1682
2192
1256
3167
1571
1058
4861
4975
4143
4941
1960
1196
2102
3364
4995
1924
2991
1755
915
960
4027
1975
3725
825
3326
4719
614
1779
1539
2624
2341
4545
552
2347
739
1331
4834
110
2393
4044
2897
450
192
4584
1567
1624
571
4210
1843
1668
1780
3832
1914
2078
1941
4688
3452
1695
4404
777
4814
3529
720
4365
4065
4734
519
3963
778
1007
3578
2252
3002
499
3017
2323
924
884
2188
1283
2168
4488
4736
726
1017
1565
2979
3873
83
591
1002
3071
1556
4593
997
549
4416
1858
603
3732
3831
114
1235
4807
497
2873
1658
1085
3314
498
1984
1947
2565
22
4106
3317
4394
3337
3026
3075
3417
887
4006
4869
3398
4951
3991
2321
269
2421
4172
1494
1930
426
3537
3650
3934
2175
369
57
4080
3030
552
4131
2172
4823
935
1635
3513
1973
4595
1564
1413
1923
1064
4423
4779
3022
1415
1887
3725
1133
1328
4544
3624
2872
3130
4565
4097
3294
4626
1842
1962
1639
815
700
2004
631
1398
4790
3088
4416
4478
3671
27
4372
4882
3904
4600
3537
3611
231
330
2615
3055
1360
3904
757
4854
2972
4582
1129
2467
976
3290
2428
1703
2215
668
4053
3685
3088
1754
60
4716
4641
4035
2469
1346
3177
3195
4205
1358
2052
343
3121
123
2693
2891
1349
2732
4830
1373
3846
1241
3961
3155
3025
1562
3241
2324
3342
101
1777
4472
972
2516
1047
3242
730
1034
180
3599
3255
2128
288
2050
4396
1563
1909
4822
1350
2307
1175
3302
1083
919
1657
2836
1894
2534
94
2505
1091
865
3956
4330
4216
2321
1886
3097
3463
1408
1449
3873
2234
2906
4808
576
4424
919
1083
1793
111
2066
1817
3668
4092
2125
4051
169
2539
1910
708
4325
3123
581
707
1923
2626
4515
780
4081
1860
3921
3279
3734
372
4408
2626
4294
2257
4255
3551
2960
932
3099
1134
1241
2884
2364
1316
2043
3050
2177
2823
843
3770
4041
1044
1233
675
3204
753
1349
36
895
1072
2479
890
244
3136
2083
2951
4635
4997
3315
777
334
1214
3757
2248
2298
853
2516
147
1399
3861
3500
4477
1904
3512
560
2026
756
372
747
475
4628
2229
3176
56
1483
148
744
1756
3921
787
4122
4264
2748
3772
1327
4685
3975
2642
2261
4395
4634
1445
1481
2117
234
1344
3221
2459
1299
3117
1196
3584
2895
2298
4338
3654
267
562
1266
2210
1373
3808
3933
4890
4025
1229
1305
4289
4420
2143
2925
19
2749
1646
3696
598
2309
608
3555
568
4449
1653
1223
4907
2577
4421
3347
1364
2137
465
1386
1233
4443
3562
2789
4399
3269
3585
442
521
423
4384
204
3738
2911
4300
997
3069
2224
1396
430
1954
1854
1725
2353
700
2142
4942
1228
2341
1918
3906
3960
1864
3656
1949
2488
4776
2731
1917
2522
1397
4898
3364
4148
3772
4342
3833
4428
377
666
3961
3214
3458
947
2695
4401
1996
1678
3501
996
2210
607
4224
3840
2994
2494
4386
805
4788
3115
2601
486
1580
979
4076
4075
471
3485
3431
3982
1604
1857
1845
311
546
1579
3602
4200
3536
4826
4002
1129
3864
3909
1899
3089
2628
2817
4811
2920
548
3432
3588
4189
4197
4372
3497
2305
2842
1121
1288
788
3358
2760
2641
4292
4226
1346
2536
1076
4667
1762
4884
2230
1630
1188
3395
4323
611
197
3711
4801
792
2642
3256
1021
3714
3635
4136
2023
2125
1375
2246
3740
2262
1149
3189
429
657
3216
2822
4944
4864
4445
4984
285
2328
4152
3561
383
1035
557
259
371
4771
2045
1300
2191
2515
1499
4614
57
2795
3136
903
2556
253
3612
4403
1702
2702
1758
4845
2893
1445
3467
1977
1373
1703
4175
309
3766
892
2423
1134
1425
3459
3052
701
4643
3288
4500
507
3780
2042
4543
2588
4741
3556
1266
2516
1577
4391
2136
928
3467
3513
73
925
3616
4632
1787
1416
2836
4357
1296
3226
267
1192
2577
648
2928
1474
1066
3824
3359
1761
4450
1472
2169
1538
1841
3073
1585
3151
1498
3232
511
4186
1166
897
2692
111
1458
1619
1357
4896
4046
3252
2080
208
448
150
118
4652
3093
4567
784
2154
3937
2799
3823
3299
2011
1442
1922
1702
4229
4969
228
516
1879
1717
2784
4102
741
4957
3184
3603
3061
4688
486
3427
322
1670
4505
1815
1698
2733
865
2062
2817
686
2848
1
2216
4607
2662
30
1055
1489
3378
1378
1427
2205
257
4921
208
2168
2430
1936
715
51
2699
464
262
647
2697
2666
4247
622
488
4063
788
2197
1708
1005
3978
1682
3815
1815
1869
4503
2102
4045
4569
4781
3976
2412
1972
1661
1487
1227
1685
2730
2346
27
4372
3507
316
3853
464
3857
3186
614
4908
170
2759
4706
3762
3873
3234
3483
1335
1726
4973
1060
3405
3179
3792
1110
4337
2315
3640
4862
1845
4799
2580
2041
542
1639
2203
2956
2669
3797
417
2242
1461
4985
1254
25
1168
808
1661
4200
1545
1031
3984
3882
1228
557
1507
1996
3815
3968
3884
2557
4443
4030
3806
3544
1994
4743
1409
2005
4363
2051
545
3370
3871
4305
4737
3239
1659
4405
3513
3519
2266
4416
2882
1109
3114
2189
384
548
4333
378
2109
3043
2330
3903
2087
1338
4331
1574
2998
4515
3999
4834
3176
1124
766
1444
3177
1774
2239
1492
4039
581
1965
3148
4647
1183
2965
3888
2284
1752
3507
1235
3160
375
2875
4793
48
3566
1244
4029
3783
4798
1840
2
2565
4521
2421
4585
1972
3633
3418
4908
4665
3752
4260
867
4541
4390
2824
995
2045
3984
65
450
2894
1435
3573
4265
3275
2064
202
1835
2206
4962
2829
3219
3129
3900
1247
2563
4724
4740
2684
3940
4410
896
2067
2935
4771
4904
809
123
2668
3804
772
2240
1477
490
1998
318
2242
2307
2668
3542
2925
3366
1097
3332
4630
4205
219
3128
4604
4620
1604
2896
1729
2216
2240
3381
1165
125
2593
480
3688
1139
2395
3384
1442
4995
2943
2146
3087
3350
2924
2120
4804
3718
1925
2860
899
554
4910
1552
2298
3833
4704
4240
2445
3355
1788
4116
2578
4261
627
847
2989
4172
4782
3688
429
4838
4346
2651
3515
821
4778
2972
2869
645
4010
4186
864
2723
3109
3955
4400
1200
448
3302
3544
4334
4541
70
2131
3006
520
2669
4608
275
1323
4167
4662
726
2715
1819
2729
4500
2769
3507
3936
3562
1373
2279
2371
4136
1619
3920
3771
2090
4151
3953
1988
2595
2529
1708
2023
624
2289
3144
1962
4570
2097
979
379
1354
2667
279
437
379
4473
3994
1709
1967
2888
1100
186
2582
2930
4601
4516
1617
938
787
3490
3840
1986
801
4061
464
2578
1415
2694
4659
3806
2844
612
3866
1307
302
3794
312
2094
4483
1643
4066
4974
3816
1896
2278
2091
3688
2288
3025
3029
2091
1516
1155
4919
4141
3791
4880
435
976
4217
2108
2647
1879
4302
4945
1160
4831
4453
1682
1748
704
3452
4978
1680
854
776
527
4356
4424
2001
4631
2364
1574
1951
4917
4437
3313
96
952
3672
281
568
2350
2670
985
3056
168
4950
1473
4696
2989
4383
1529
749
1301
4532
1342
3283
4551
2154
4459
3058
4076
3986
1602
408
344
2720
1630
4859
1352
514
2345
2174
3073
4292
1981
3304
2662
3977
4922
1030
3674
698
2568
1148
534
4582
106
4843
2211
1029
2360
145
3130
3495
2789
637
2646
2289
3558
4295
2898
3964
1633
1690
100
342
290
4903
4151
1267
1239
2208
1150
471
3540
2950
1150
1233
4860
3522
2182
536
4657
830
4728
4960
4902
4844
673
1949
3243
2416
558
1085
3041
3182
4398
1353
959
1169
3922
4803
3893
358
3117
4208
980
1034
4928
1518
3110
2358
4194
4725
3388
4862
3307
4626
2144
588
1016
2043
1298
984
2871
2267
1898
3550
4249
1219
2317
3011
4946
3368
3649
1614
2229
3932
2127
3643
4508
4412
2996
3471
221
1334
4377
2055
3015
4047
4809
1910
2200
3712
2095
2735
4210
609
4840
410
243
2312
3654
2838
940
3386
3053
1873
3332
2145
1641
4690
3762
3227
1680
1368
1186
3896
744
3767
2833
4369
4636
4386
3223
4778
626
1588
2840
3330
879
779
195
4571
967
3512
521
1701
4154
4600
1357
785
4091
4297
3950
4815
4564
1684
2312
1542
691
3956
4805
249
2836
1521
2816
1736
265
4792
61
2486
1590
1093
298
250
2687
2061
927
3300
2770
474
3368
2946
4773
2115
3061
2383
1023
3115
4912
4580
824
2196
201
2248
4624
3624
2316
3180
4412
1258
331
541
4637
443
3471
4807
4005
272
4571
4453
1323
1482
1979
4682
1599
4418
2154
1422
3428
724
1960
1064
690
1537
4516
2751
1492
1473
2909
1032
2557
3536
4271
794
2099
4035
1332
2982
2955
291
2134
504
1901
269
4693
4394
3602
1834
3419
623
3441
1896
2710
3999
889
3750
4513
2222
1185
828
4024
755
3389
1751
1364
1281
2306
4634
4088
711
1212
1011
2864
153
2200
4976
68
2736
3679
323
1040
1809
3471
2402
2856
3432
2672
1492
549
3341
2600
2124
2679
3232
1662
1845
734
2839
353
4875
1813
2255
1350
2718
4563
2068
4121
1376
3774
1291
3114
4637
4321
1925
1518
2397
1082
4850
1018
1511
3402
3265
1029
2440
3196
4694
1069
4366
2348
2726
3509
768
3720
1482
1658
1140
2263
2525
4594
3636
4095
4793
548
448
922
1090
2550
1132
1587
3328
3120
1510
3073
2103
2814
4652
4053
583
1903
462
836
4746
3380
2722
4403
4772
1632
4919
1527
191
374
2301
941
437
945
4952
669
2155
4345
2752
3348
1061
4773
79
3861
2931
120
2280
4209
223
1744
1820
4060
609
3729
105
3183
2965
663
3553
2948
2714
3908
68
3509
856
1498
4341
1072
2996
1708
1783
3476
1215
4777
4395
1058
2961
3819
3875
4801
4247
1318
2502
576
2847
22
1375
2803
59
1960
4256
4515
1982
951
3577
4076
151
3545
3487
2236
3413
729
4805
439
4090
437
3850
2026
2212
1563
3478
4459
4351
1044
2934
3272
4284
1270
274
1507
4054
2823
2558
2191
2316
791
3406
3095
504
3878
4013
3431
3083
529
4502
923
3644
4053
8
3237
68
4256
3024
4522
1687
4664
938
1615
1840
4776
2185
430
3881
3083
1483
4928
3121
1564
4059
2208
3604
2238
2656
3698
1672
2626
539
4421
3372
4109
2574
3312
185
46
509
1321
3033
2272
4987
3700
2600
4749
1560
4936
2138
30
891
2797
3692
4510
4050
623
2091
723
4824
4283
4218
3610
1582
4441
1803
2946
4381
4814
3672
714
143
3099
2669
1101
626
4918
2314
1765
2725
3551
3557
2043
4798
1121
2855
1436
3636
54
3959
1439
4605
4493
440
561
1447
4565
1979
4297
31
1534
4786
945
3313
1094
1123
3769
3798
794
2014
791
1684
1253
2284
3021
4823
3065
4737
1318
4704
2048
4527
3750
3941
266
1156
3120
1921
1220
463
2506
4363
3291
4148
654
2162
1076
2961
1173
2419
4956
4058
3509
3901
2109
1511
4349
4698
1093
2643
2325
56
1684
4018
1468
3776
3332
1101
3019
4336
1140
1643
988
2258
2661
1518
3392
636
1317
3350
2331
552
4412
2660
63
2981
3022
1263
4640
4938
321
845
1588
4807
1095
2589
4449
659
2530
4403
1877
2418
1738
4672
2164
3750
1509
1328
3427
847
2716
2874
1214
3680
3744
3648
3171
1355
1122
3441
4142
1892
1026
2929
348
501
3015
4862
1069
1961
2599
1572
2507
923
754
2824
1389
2111
4515
4634
4512
945
3029
3428
1142
2191
724
753
711
1162
805
2027
3750
3860
4431
3775
4111
2277
4981
2570
2040
717
499
4380
2576
1334
4125
374
4743
571
1277
313
4876
1120
677
3930
4806
3882
3108
4499
4398
3978
3071
1195
221
4496
3276
1095
1647
4753
2862
274
133
3771
1281
2356
4363
754
4336
4229
65
2895
566
3100
2685
2127
615
3928
3394
3484
2785
828
1722
1270
1914
773
933
3355
1859
4556
4774
3821
1548
379
914
4677
979
1830
2220
1241
2659
3734
2693
195
854
3141
4647
1924
2958
3069
3273
4446
45
1058
2979
1659
3889
4153
4117
1517
3945
1673
1076
3988
2586
2379
2453
4252
4539
1890
937
3553
1271
4601
305
70
3344
4849
2335
402
955
3012
1685
4878
4290
4450
1145
2826
4881
4598
4403
716
1197
755
61
1865
3088
919
461
2288
3536
4749
3995
93
2308
1436
956
4815
2596
1942
3452
3130
2618
1825
4580
830
744
4287
2549
1322
3818
3556
4431
1990
4575
2115
1084
4243
4438
4687
4124
2772
2549
1100
3318
3546
1529
2433
1376
1342
2946
837
4074
4524
3901
3637
738
1872
4851
4675
929
436
132
3938
4066
1136
2563
212
4620
3010
2384
3501
2405
4310
25
1712
4802
3367
1814
4141
2249
2515
3134
200
1760
2551
3405
3670
873
937
4885
1919
161
2005
4325
1721
2009
281
669
33
784
4026
2574
523
1513
1517
2775
4499
3155
1060
4446
3958
2093
4487
1521
3106
3931
4282
1330
2918
2026
1664
986
3133
4013
2018
297
118
2410
1629
3694
2563
2620
2683
728
928
685
3798
4314
2083
2374
481
4220
327
499
172
3954
3567
4983
1388
1181
2161
806
53
4696
2663
51
1709
4818
2002
1985
2277
1679
4415
106
2296
181
758
1966
2411
2456
1779
76
2631
4822
599
160
3618
2211
990
1055
3915
1466
2499
1881
1935
2257
4673
828
1775
1082
3137
4073
1687
709
3608
3542
1768
3784
2513
1368
1441
2282
1793
282
2439
1009
2451
4665
2935
307
3744
2370
2830
1765
87
4033
4672
2009
3380
781
4937
868
4676
1152
633
1607
2743
1044
527
4619
2894
2485
2424
2422
1955
1391
1857
884
2900
579
1305
2707
530
3919
1375
2173
4840
1796
3003
3630
3358
1811
1991
181
668
3318
3706
2906
366
1804
4943
798
3148
3716
2738
4805
2563
1927
1350
1564
21
4152
840
1707
1703
4186
3965
4960
3885
1453
3912
3683
1972
1678
1616
3772
3741
4428
3221
1157
1974
3557
1941
1904
4322
2217
4069
4298
4277
2784
4657
2824
84
1240
227
1483
1938
2348
2552
2074
1136
395
3369
3406
320
2014
3403
4325
2177
4713
1712
3911
227
2045
3391
4131
1845
582
4142
3817
2677
575
2318
3375
3462
4041
3783
2335
4054
4166
3710
898
1777
637
4787
2604
4021
1817
1589
1271
2221
3197
1673
4338
194
4095
4893
3386
97
3641
1175
1817
3625
2541
1897
3714
4935
1487
1858
2476
3159
1176
2893
4704
4083
1132
2539
2669
494
1280
312
2986
2148
20
1269
1057
651
620
4667
1545
2160
2574
4165
2275
2597
1816
2084
2707
1123
567
2459
2857
4549
3959
671
715
435
4163
2042
4853
2490
3973
3416
3181
1797
3777
4529
4348
4851
2197
3301
2504
830
2941
2371
437
3304
2201
200
3666
581
2474
1194
2662
3091
2469
2020
608
4982
609
2652
784
1562
1701
3900
964
129
863
3553
517
4086
4925
4661
3244
3959
2259
2402
1161
1237
4193
3163
1753
3848
126
4862
4163
3138
4475
356
4848
2656
1710
4357
4384
3743
3393
1492
3304
658
4561
3360
3302
4910
3
4845
4912
2078
4869
873
2655
264
303
1792
459
2863
3076
420
1747
823
103
71
4558
4556
1994
4234
747
1783
1209
4032
2194
4602
4160
4936
2173
4572
431
4657
122
3073
1747
3644
4578
4980
1047
2299
4806
3702
3412
4496
4331
4379
1726
1933
4577
218
3064
402
2203
3667
4078
2077
3318
3222
2438
4291
1849
557
2463
4463
1347
813
275
657
2642
760
3043
3304
3035
709
121
1258
219
315
208
4473
266
1699
4238
2889
3870
3455
3535
298
1352
4203
231
1268
4888
81
4187
2226
3356
397
2638
2981
4836
4355
302
238
4875
4857
4367
292
609
827
3284
3285
2432
1143
4219
1887
3158
1430
3106
4738
290
748
3842
3371
34
2749
2925
4893
257
1969
4600
3295
2187
2153
2918
1132
1726
138
2598
307
142
3657
4697
1042
1875
258
4574
3571
4438
4229
3410
1562
428
2834
275
4250
767
3321
178
4452
1111
3404
2672
1612
2940
903
2150
1712
213
177
4348
3800
2274
2570
1597
2228
1405
3797
3884
1064
4211
1388
2716
4115
1516
858
3743
3003
187
2864
757
643
231
473
1323
1214
332
2787
1410
2877
4114
1731
2765
4334
3503
4249
1888
306
3463
1502
763
2008
3778
820
55
2643
3735
3195
3229
1553
3776
3416
4281
941
1749
295
950
4082
1840
1752
1336
3869
4100
4884
1656
815
3724
571
4826
2441
1633
1859
1241
563
760
3840
3287
2804
811
3120
3338
2605
3999
1297
1561
2318
1767
1848
1191
2208
2497
1530
1649
3371
2827
4715
3678
4822
2774
3985
4714
373
2139
840
732
4153
4540
915
1308
2590
4106
2558
223
4685
2853
983
405
776
3757
3525
2982
3996
1717
847
1377
4182
2735
3057
1907
1152
1681
90
2545
262
2011
4612
3664
717
1216
74
4840
4608
4112
4427
4216
2973
1381
4915
4083
3977
1666
2952
1904
4784
979
1762
1594
2385
3112
400
3938
805
184
4152
4786
2489
1197
2207
2486
2464
3018
2536
991
2649
3326
3735
1314
4702
3491
40
2431
202
156
4370
3185
3974
1905
3986
648
3253
4193
2031
4516
4301
1132
1037
2224
1457
2449
1465
2548
4139
41
20
2608
191
4275
7
3655
2793
2640
777
3091
644
2491
3604
615
364
223
1440
1112
1237
1332
1191
53
1099
2068
1793
774
1567
590
2867
1004
2307
2815
3789
3404
2652
2768
1245
1922
4011
2657
2142
4398
2232
3033
2785
707
4474
4792
1383
2665
275
1978
3480
4702
4704
2751
2996
1340
2664
442
1408
3535
2024
4446
68
4804
4489
876
3504
3142
3400
3271
3208
153
2130
1913
4895
1791
1879
1708
2404
2136
4532
4955
4699
3565
396
1922
2943
4560
2650
579
1882
4053
1402
4670
2879
3814
454
1939
4457
2231
4424
185
846
2002
1395
1706
2027
4123
2733
4433
269
1022
4455
2524
473
65
1928
4789
705
869
2537
2357
812
2434
2626
4456
2836
4889
2284
3206
1805
523
4816
145
3236
3571
652
4734
1759
956
4301
494
3909
1130
4262
425
81
4775
472
1067
1532
1964
3456
797
1730
1243
2955
183
4402
519
3352
4207
2280
4541
486
3129
4340
1113
383
3255
3389
4353
1938
4671
1177
776
3218
21
3978
957
3012
421
3978
626
989
2309
898
3631
2232
3895
1826
3893
494
1097
4095
1902
3340
4657
3099
3437
444
3401
1028
4178
1405
4381
994
885
4911
1514
4227
3839
825
4288
36
3111
1374
450
1732
2521
2570
471
2415
1534
3774
4199
3784
4501
2046
2390
2766
2211
2847
3931
2279
3703
572
4251
2149
1510
2318
4691
3411
2961
1266
4418
4579
587
4030
4223
1785
1341
2
1364
1349
4004
3899
3197
1539
4619
164
81
3111
3751
2378
3263
4728
611
3336
2476
362
1592
2522
1040
3889
1654
410
951
4748
4145
2422
809
3125
3391
975
454
2245
4727
4541
2186
3987
2530
2717
2853
4849
371
365
1409
4935
1607
4564
1075
3160
4431
432
1869
775
706
46
139
1287
4307
3987
1431
1209
962
720
3656
4985
2825
3126
4951
3818
4026
1454
3701
1736
3769
1183
2714
3649
2349
2967
2099
3426
2528
1657
1547
519
4463
493
2552
2144
1729
475
10
4849
3544
789
2292
1433
867
4824
4850
1926
1965
4491
2
1844
133
3758
646
3408
2726
3531
344
613
2247
3051
3973
3748
4291
1928
4098
4832
306
2193
2397
4395
2526
4744
3915
3546
4522
4288
445
3395
1879
1365
4959
2515
3269
2280
1291
2672
2478
416
1128
2392
4211
2079
4030
1519
3858
4044
1107
3296
2450
4893
3815
4702
909
2690
3993
4158
891
2663
4447
4086
2784
178
3218
2582
4081
1386
4929
751
1722
3831
680
3934
2919
1691
3556
667
2618
2014
4572
1381
1887
3606
4171
4386
3557
967
4767
4803
4952
3538
4067
382
3704
3763
4022
429
4585
597
4364
4406
2237
4498
1797
861
3212
2691
4873
1712
3171
1408
2544
783
2978
4932
4527
3892
470
2970
157
1257
3632
2174
713
1264
4892
3869
4003
3659
2565
1040
1311
1057
3784
855
1228
179
2530
2012
228
395
1870
2484
2520
1023
3516
2215
3100
4043
995
430
4909
4721
71
3374
2858
3996
842
2191
3556
418
3287
1303
1885
4361
4140
2719
4653
2155
382
1544
4244
1825
3511
3094
1720
4914
2950
1206
254
2191
3419
489
3730
986
4827
1732
4484
4727
4934
721
3533
3481
3748
1138
1821
1981
2953
3226
222
3888
3480
3027
4547
570
4345
3219
4428
1870
1903
3178
580
4828
2110
525
3942
3470
782
1665
1837
459
1203
3081
3310
740
1049
3368
940
4377
4893
3144
475
2028
2828
1724
3811
837
2696
3324
4656
4219
2966
1828
4762
1456
4550
799
4608
1343
939
1052
4036
3468
871
3985
2135
4538
1666
811
2353
947
2759
1799
771
1859
4067
4710
1628
4852
685
1781
3053
2958
3130
4268
4973
3184
3313
3650
4363
1727
3692
143
4035
4824
4043
4249
4483
743
2686
4463
3148
4891
774
2721
4010
4189
2193
141
3596
2155
1892
3201
1649
4768
30
1456
3109
2675
679
3647
104
2858
4366
4703
1146
4873
2285
957
1809
2308
566
3687
1989
4642
2285
2147
3682
4661
668
2059
2451
3993
3973
2771
1381
3244
4274
1333
277
4479
1039
4532
3241
3725
3639
1387
1490
1110
4809
4959
4322
1939
4015
3423
1580
3156
783
3804
2714
1829
1177
2028
489
1315
4475
3484
4071
1351
857
3826
1748
4558
4746
1402
3144
3027
3342
1753
4182
3737
206
1198
4084
620
2661
499
4622
2181
3540
2326
4009
504
3936
1188
190
3334
4413
109
3780
4805
1281
4785
948
3456
2810
1159
2177
1214
3721
2889
1921
2722
4230
2921
3446
3729
1862
1938
330
1833
4017
2513
1276
30
4445
956
3966
2808
378
2685
3102
4871
2349
797
3576
960
2381
1493
4007
1106
1450
919
4276
1940
4351
1215
3132
2017
2178
1078
1153
2989
606
1471
546
1867
2967
125
1456
2223
692
3292
2020
3214
4583
2579
966
482
4764
1603
4782
3650
2238
3284
2287
35
1322
3556
4642
1949
689
3606
4084
19
4684
4937
3100
318
551
333
4803
2547
3662
308
1151
1995
2806
2464
4856
1706
2144
2586
3512
2072
522
3807
3547
3584
1521
2303
4517
4777
3535
2555
2600
1871
3598
194
4317
944
2111
2765
1766
3940
4655
4816
941
296
2165
3137
2609
4580
2263
4695
1502
4905
1206
4967
1687
3399
3072
2469
1606
381
2968
2219
2886
4373
3284
4640
449
4899
4936
4649
136
803
529
1252
510
2133
2824
2840
4026
3863
2076
656
548
164
2349
4501
1092
2148
3749
2022
4674
4793
3577
1978
3916
1990
3694
367
4168
2341
73
4436
206
3227
2021
300
3744
4257
797
1640
2898
892
3
2662
2890
2690
1861
4557
2070
706
967
343
1368
3353
2469
4484
2842
221
2352
255
4040
3798
3919
3592
1000
3117
2813
724
4343
3190
3728
1395
4717
3087
4855
295
29
4182
3237
3544
2545
3639
2542
2150
1117
3489
1223
2770
1820
2053
4699
1489
196
1067
3703
3696
622
582
3394
1409
2096
2289
3962
1511
2575
1427
1102
3910
990
3924
1980
3664
3353
1419
3064
3481
4444
3098
2932
510
1764
1292
93
4254
1462
1818
3728
3663
2294
1411
1303
1371
1957
4420
2551
637
3586
1570
271
1600
1870
3267
3311
2435
1442
186
3772
672
3982
2288
2358
2394
1954
2595
2146
826
2674
1322
4316
643
1226
1760
1971
662
4752
2280
4650
641
3403
1762
3058
4704
3080
444
2090
547
2984
4117
2603
367
3292
3246
245
1727
483
2752
2231
2128
1254
4862
2465
3809
2297
3010
3105
2306
3943
3471
3977
3709
4828
1533
395
4438
1802
4674
2538
3177
3528
1853
1254
4795
1356
1094
2983
2116
3182
2014
4857
1858
3430
1665
3065
1283
3931
3814
4669
4574
2193
1034
1378
831
2707
2230
1772
827
821
2645
4684
1968
4084
2705
4024
1899
697
1068
1396
1915
4390
2492
2779
1475
4474
3010
655
3855
3104
4444
177
3806
3744
4800
2117
1939
2213
3297
1798
577
4863
2881
1054
161
1858
1279
3428
2835
4373
3767
2284
2205
2824
2689
2109
2612
2802
2123
4686
4618
474
4980
3868
1605
4763
1417
2037
4248
12
1341
4178
3382
3805
1126
3898
1703
2290
3687
2829
4451
219
3078
4795
1240
1050
1569
1230
136
355
4923
4703
4451
4290
2212
1704
4102
3060
768
2882
3983
4461
558
3763
1954
1111
3000
267
3221
4650
2179
3040
3773
4079
4711
2294
4861
249
221
4267
4277
762
4900
2309
4437
642
2648
4444
4963
1212
4346
2826
506
4253
3783
4691
2713
4988
4954
4293
1676
3727
1042
1796
3773
2203
4951
1395
3664
4492
906
4791
1561
2933
1710
1240
3107
2864
1925
3674
1869
918
589
2551
4539
4439
3900
841
2313
4282
1793
3261
4770
2485
4340
2082
3641
2497
1800
4685
3703
3256
3874
2058
3531
2025
521
3518
3053
3797
4585
2186
310
4492
3338
4594
483
956
136
1244
2555
1077
4371
797
4091
111
4529
646
4800
233
137
3256
1385
4418
3525
3716
3509
3098
2823
943
1615
4338
1254
3611
4966
2529
2035
929
3826
2171
508
1930
924
4026
1069
2219
1036
3360
4003
1423
2172
1213
4649
699
3329
4121
4699
2292
815
3076
2349
1247
2620
2364
3331
2760
3794
1889
22
1242
508
1270
3326
3494
883
4691
2294
4499
1919
3503
2192
1798
1232
4276
3546
2096
3324
3140
2892
1325
374
1897
3397
4468
78
4468
4634
436
889
3622
3835
1653
184
79
3600
4621
3774
4463
3925
3913
4496
5000
27
2031
3949
3849
3168
4973
3253
3161
2121
1964
4205
6
375
2631
2618
4321
4303
262
3937
3381
4816
4075
4599
862
2384
2418
3945
4825
4534
1376
1901
47
929
2058
3449
3399
2594
1046
2397
900
4865
1440
4805
1037
1757
4061
1094
1242
843
3736
1704
304
2786
2206
358
1996
4519
3711
499
446
3832
2405
2785
2145
4758
2962
2763
4472
1657
302
1074
3991
3776
3781
164
3162
884
2568
2253
296
4597
4229
2315
836
4642
1341
2997
2501
346
1720
1634
1778
3650
3493
2400
246
1895
2084
3383
1456
4056
4982
2283
1350
4492
2340
3569
3020
2324
4605
4302
1471
4939
2400
1170
4264
2271
1663
1994
3468
4605
376
3209
2578
4737
1072
4290
2528
4992
3381
2501
2522
3857
1632
3515
4861
1398
2736
2799
3745
861
654
1886
1890
4738
4742
1201
1248
3740
2806
1045
3013
1428
1243
687
2137
474
1482
281
4667
2087
1479
4040
2218
2384
3172
1999
61
93
1015
634
4035
2703
3399
4096
1593
3856
465
38
4088
728
1089
2405
2626
1028
4827
2527
4401
339
2121
306
2763
3548
1433
1600
64
3429
3595
1193
4832
3367
4410
635
3964
166
1285
1118
3778
1264
2124
3130
3219
368
2389
2529
608
2121
1892
4020
1166
1888
726
4260
3354
4657
3646
2769
1161
641
4590
3930
1543
1323
2173
1481
1958
643
3540
3748
4853
4730
699
163
1517
4304
3112
2161
532
2659
1439
4192
308
3195
3216
4119
2902
4895
4879
4518
2601
3766
91
2338
2433
4220
1448
1196
1704
4149
2845
2419
2079
2239
4968
1256
3595
924
1635
3417
4798
2082
736
1867
2610
1619
2207
1321
2311
3466
3381
3855
976
4923
4056
3575
4052
3885
830
2555
3227
4281
3746
474
586
89
1450
108
1238
2396
182
353
399
4093
3473
1205
925
3489
4761
1127
1282
24
2538
4680
4126
1220
3547
1974
2920
958
230
842
1397
1801
756
969
4561
4192
4823
1805
3906
911
1433
3831
4158
1248
3967
4368
184
3920
1404
4596
146
873
1824
3497
448
2064
173
3262
622
4783
2414
1921
3240
362
2741
2888
5000
4477
2302
1742
4685
563
1115
2596
1573
3357
3551
995
4817
2746
1524
1511
2616
3093
4232
1418
2090
2270
2627
1037
837
1817
892
842
1702
603
4482
4141
2440
467
3596
728
1927
4985
2930
1252
3730
4173
4365
1857
2926
3275
360
1067
2801
3657
2588
2457
2501
1763
182
4948
4670
290
1314
140
2854
869
2397
2288
637
2107
187
4824
3189
4550
2854
4327
3795
289
1124
2493
3602
4894
3781
830
3592
3368
1615
3377
4080
392
1790
845
2135
3084
3758
3269
1150
407
2202
492
320
1273
3385
1548
2169
805
1983
4267
2026
1814
4934
1467
481
42
2578
4452
3032
4076
1700
4974
2159
454
3597
2113
2627
4742
905
4382
3291
3600
4453
4937
3523
3210
2350
129
4913
1863
2177
4909
3374
1705
1815
2596
2697
2467
3176
1992
4559
190
3187
2238
1949
2645
3378
4149
2222
2569
2671
4947
3883
671
2883
4441
2908
2442
211
1434
3445
1517
2989
1633
2931
3320
511
4894
2627
1336
3899
1542
2611
3077
4351
4122
4741
974
3809
855
1068
3022
4969
3951
959
1249
4334
3913
4446
112
2280
2489
2081
1012
3207
4790
2316
1361
3367
3067
4970
4012
2671
981
467
1600
3111
4405
3264
3569
4433
423
4661
2531
1761
3151
1720
1762
2888
1839
583
4880
915
2509
705
3406
1450
3038
4539
3033
3941
744
2856
1783
4666
1256
552
2472
4343
3163
3900
1052
4887
1233
84
2276
4827
413
1209
4724
2928
4690
4556
2724
1766
1326
2574
422
1515
4730
761
2623
4421
2270
169
1408
1071
4986
1639
75
3019
2582
4084
2596
1663
1980
2872
2649
3088
1187
461
273
1921
2763
686
3723
1938
2569
782
2263
3440
3058
1465
2227
1855
3461
3934
2498
1302
981
1795
1460
3440
2794
892
4912
4236
538
2094
4305
2330
4476
2909
4510
4015
3077
195
3309
4823
4388
1314
2541
3081
4874
685
4171
4004
661
2886
3721
4199
4381
1048
3067
4271
1662
883
2159
579
1311
3312
58
628
4962
799
792
4754
4195
2352
1270
3893
2318
3962
4565
1027
3911
276
4518
3857
3818
4892
4063
4200
57
3764
2489
532
1313
754
516
1615
1799
4692
750
1197
2516
4345
3809
1909
2374
4922
4540
3105
240
3785
1284
1730
4943
4566
3476
4167
96
1595
834
4471
1536
82
2126
3756
4050
2025
2572
2947
4009
3115
2298
1695
3438
1049
2315
2422
2292
1364
104
2675
1975
4112
2340
4583
800
1950
3641
4524
3503
1241
4888
2240
1358
575
4777
2803
439
458
4827
2120
872
1317
1433
688
1631
2973
1232
2776
111
4162
2626
321
2562
2355
288
272
69
4904
4169
692
2552
2961
3357
4317
3152
205
1439
2320
950
2461
1109
2386
1385
2834
226
97
279
1456
934
1973
1108
681
2317
1647
4857
3891
51
4980
478
4060
997
4563
2195
3339
3296
4236
68
4045
759
3358
1672
1854
2117
4774
4538
2249
878
4731
525
2375
4916
1591
152
72
1455
3365
1596
3787
3275
4656
4898
383
718
1664
878
4907
2304
1476
3042
4895
2051
3303
57
4344
2803
285
2287
4035
3272
3727
4629
3643
3230
2602
2902
2443
532
3358
3504
3973
2416
4145
3274
2664
2664
4741
482
1296
2709
2711
3964
3967
2686
2785
3538
4173
1269
163
897
1472
2359
24
236
4450
4881
1915
1350
1119
3771
1555
4499
4816
1621
1454
286
2997
3900
2676
11
1574
2883
2043
3107
3050
2667
4337
4594
4092
422
3676
3151
4543
437
3171
1073
1535
510
4286
2727
244
4952
1494
851
381
3448
4967
2952
3616
1090
4867
4067
1147
3586
4720
4236
0
3770
3075
2404
2342
95
1013
1719
3851
839
3423
3195
3417
767
482
2354
1288
1509
2860
696
2529
3135
382
4460
4516
606
21
2549
503
3102
268
456
4079
1122
2878
4453
4165
2981
2483
3267
4447
900
4641
4036
2276
2598
580
3572
3698
2646
655
2935
93
1577
1
1971
1542
337
4014
965
4546
1980
1885
4904
4931
3700
3862
3730
1059
3189
2631
3910
1452
3770
881
2799
3236
2332
2345
2903
4287
1182
3700
2130
4921
3131
2882
2332
3599
1430
2529
597
4971
858
4226
1617
1405
441
4413
1511
3234
2856
984
1818
3004
3920
2689
4368
2071
480
4400
1447
4634
1102
253
2155
4822
4419
613
4837
4166
3771
2009
4016
1700
324
1310
3556
1964
3711
3701
4562
3344
2426
1743
866
1132
3706
4655
1270
1640
2316
2837
4904
3050
3058
2961
1633
506
3179
2664
1359
1753
3058
1013
1153
59
2963
1969
620
3697
4893
4460
1780
689
2154
4799
4461
4953
2324
2569
235
3175
376
625
2999
4979
544
3702
2295
4972
2626
1533
4577
614
834
115
1686
2020
2042
873
571
4189
4708
2912
2071
1611
1222
4538
3279
2200
3869
4900
3484
834
2555
4368
1340
1793
2670
3870
3670
990
4436
24
1688
4906
2855
266
2678
2361
2006
2914
622
838
1743
4336
4327
1240
2547
3841
312
2591
4203
2471
1639
143
145
3111
164
3700
4748
4513
1803
2651
3872
3215
4729
4877
3309
3309
2846
3412
1126
3575
1421
2470
1605
4447
3770
1979
3813
3579
1336
2000
4408
416
13
2347
4709
3773
2640
1012
2723
3516
2931
923
327
180
1149
2867
4448
2194
1947
2655
3962
883
3311
4672
884
2242
2445
2854
3626
2148
3350
3925
3283
1181
2917
4458
3888
120
1492
245
1136
2701
3359
2139
4419
3142
4435
3076
2900
3695
3256
4884
3131
1726
4836
2540
2265
1292
4474
4687
2105
4383
3586
803
2976
664
987
2995
2979
430
3447
1141
3876
1790
2150
2514
1700
2178
2621
4157
3697
368
843
4333
3197
1057
1034
3668
4470
985
2326
3675
113
4541
1491
901
2583
1824
3977
3761
2008
2603
2245
2092
1935
4725
4578
1470
4875
894
1455
1306
4746
1107
3033
2855
956
3220
1055
795
4681
32
3511
4331
2240
4766
887
4968
3785
2506
3492
2933
4085
568
2217
961
1790
3054
3625
3064
2816
3151
2793
1457
3168
679
1072
713
2401
3872
3135
2358
3695
824
1109
367
2258
4979
4241
2608
38
2541
823
2166
2286
2157
4732
3307
1158
3838
456
4156
4311
4072
1122
3871
534
2748
1416
4916
1129
427
4018
673
1704
3130
511
2263
2408
683
2511
2073
2178
793
4254
3665
4720
531
4235
3489
4764
1871
2798
4499
1308
20
1571
2001
154
802
3586
2106
2829
848
2888
4479
2505
1445
3733
2972
3522
277
325
1971
722
3470
1726
1813
2853
923
4385
1891
580
3795
3453
4059
2144
1106
2372
483
3377
3268
110
4582
2174
2448
4812
1992
4446
2820
4294
1820
765
3505
3121
1241
1410
627
524
1307
2842
378
4886
165
3067
117
4974
3667
252
427
4573
20
886
551
3547
2354
1653
666
355
927
4495
1221
4347
2807
4963
1436
1576
3028
4822
2655
2646
566
251
333
3702
2159
2883
3883
4867
715
120
3023
929
2393
3637
957
3430
4450
712
2876
2176
2319
4369
2332
530
39
3629
1660
4000
2547
4092
1327
1978
1419
2544
4814
3201
3245
4971
3329
1191
3410
1907
517
24
158
2858
4506
1391
1391
4168
3680
1778
2554
3110
1265
2724
4535
945
4456
2917
437
2934
4574
3998
4369
2290
4872
3545
333
4632
2765
1496
2628
16
1049
4620
1136
3170
1941
4505
4813
2590
3805
3587
2239
1366
4355
3876
630
727
1048
1690
536
4302
1526
2172
3821
4909
2357
1129
3617
1441
4785
4872
897
1934
3713
3229
3705
3397
2919
4786
3300
2920
784
2757
4469
3082
4591
4845
4982
3294
1934
4313
519
138
923
993
1212
3145
3864
3791
958
4836
2431
2707
1262
552
948
4535
1940
3720
3133
4818
4874
4552
2515
58
1591
1682
1246
1650
2470
3345
3144
3050
563
3996
1695
1606
4277
1667
1582
160
4711
4098
3179
3970
3009
4221
3800
3003
2967
3644
1180
2321
3160
1093
315
548
1986
453
2344
1217
4433
4914
3728
4456
222
1549
2701
4362
1868
1041
4054
1051
1958
4361
325
2994
2740
1525
2313
4681
2272
185
2735
4221
1742
1320
4235
2772
378
43
1270
3025
1206
3729
2650
2270
3662
1409
4820
4832
3703
182
3256
1011
4685
1796
3651
564
3859
4746
2124
2798
467
4086
1722
2559
4834
3719
4519
2058
756
583
2521
2043
1690
4329
1590
2374
1920
4177
3337
2827
3446
3063
144
1615
141
2267
1437
1096
348
2980
473
4197
4855
4946
337
834
4411
1130
4184
169
2486
2950
2794
1828
4774
664
1280
4556
3531
2432
3859
428
4327
4514
3742
3016
1917
1119
1126
1041
1500
2879
1624
2221
3345
1834
1291
2134
2266
1912
440
760
3540
1992
3203
3329
3482
3130
3315
3418
1514
834
650
1788
2829
2302
3882
1773
4427
3855
622
1668
3747
3817
4447
1096
1900
2102
2345
2556
2118
935
913
836
2493
1212
3091
4410
4980
966
948
3043
4738
646
1700
2733
3606
986
55
4260
3636
2929
3336
603
2059
2703
4118
4664
2407
4746
745
4268
210
4118
3973
1146
3915
1696
4196
3861
3518
4110
801
2753
704
121
4308
4323
4339
2824
3839
3715
3771
2910
3972
1933
3752
1033
4682
4553
3627
3151
3333
3493
1180
2022
3147
1815
1268
846
240
664
2451
3871
2714
3702
98
4158
3520
3536
637
128
462
412
4957
2481
4618
3615
4994
4004
2869
3352
2717
528
1576
3656
3402
2298
3534
2512
3814
3997
1910
3529
423
542
2796
2253
117
3548
3593
4554
4554
4088
177
1260
163
3682
1869
1469
1479
4440
376
3483
4821
4189
4093
1393
4590
3648
303
938
425
4513
4832
4440
352
1421
1247
578
3295
374
1783
1728
1128
3221
4786
3090
1749
1810
1109
1721
497
4672
953
2032
4422
1216
1652
205
4477
1032
3653
3093
4541
3712
321
3087
1481
3758
678
4488
1979
2478
2384
1291
2454
2379
2443
2870
4108
665
98
1555
1196
4006
2012
2476
2697
1712
2934
3199
3594
415
2773
1112
755
2567
484
3486
564
3373
3410
3589
1965
4840
2809
1682
3806
661
4046
1948
1582
4158
3826
1220
1804
3925
4460
1757
2417
1239
1192
2218
827
1479
3209
233
775
2601
2897
4411
4999
4452
834
2146
2257
2921
4311
3073
4888
117
1437
4435
2935
855
1628
119
3443
4161
1543
1456
3035
1615
2954
54
217
2892
1527
3262
4930
3758
3612
150
3645
668
1610
2861
1309
1087
2984
4123
1647
3375
4986
1495
2826
1082
3145
919
4623
1761
4459
1665
1962
3897
4562
3797
4081
1165
4789
391
1125
595
316
1792
4272
3596
4804
4553
1870
1865
2872
4557
4431
1852
4825
2099
2181
973
3300
1132
4135
3471
4460
4669
1144
3668
2657
2588
929
1111
1524
170
3055
2233
3575
4285
2549
4
2682
97
2384
2851
3374
1800
3857
439
4951
3635
144
1322
3472
3459
2169
1435
1320
4882
3065
1544
267
3868
1016
1621
2439
3588
4268
2578
4663
1664
229
4574
4834
583
4275
3269
1950
1829
3129
2991
1665
2389
3351
4089
4885
3239
4265
224
4426
1856
2982
2633
924
1578
515
1254
1054
2796
627
2870
1401
1740
4673
2512
2537
3521
3115
1963
4426
354
1984
4976
3286
1000
2189
2911
2607
3055
1222
4030
462
782
4976
4504
3794
2636
21
4618
1564
759
4028
1265
4874
3454
1835
2724
2012
4665
3830
605
1601
1500
2406
3279
3711
3392
4960
4593
871
1187
3317
2490
4306
3518
1519
3606
2536
1003
3257
3387
3599
2897
4753
2271
4315
1760
973
3027
496
2559
2451
3385
3025
2659
998
1788
361
44
1493
1244
4451
3306
3512
981
3493
4812
4367
2713
1531
396
1079
4498
1499
4311
1858
2036
2315
2289
251
3098
3340
3408
454
760
4510
1759
722
4181
2443
2994
3591
4272
1861
1279
2392
3914
1294
1749
323
2901
4852
37
4327
1799
1308
962
574
1380
3438
3281
3674
2645
4155
2304
2026
2009
649
1097
3469
2428
1468
3712
1118
1214
3241
862
2995
327
4829
672
1860
2052
4633
4130
1371
47
4590
2642
530
3059
4969
1041
3211
555
3606
3050
2093
1197
521
2992
2328
3566
830
4024
4922
860
263
4888
4617
3753
1017
1441
188
120
1510
4927
2288
4047
1211
1906
893
409
3434
3359
4716
1117
4205
3313
511
3922
149
659
747
2586
296
4126
1402
3893
613
83
2329
3481
3483
1878
3125
3136
2808
1444
3355
4817
3508
998
2164
1005
4227
173
79
1457
3166
3640
2885
2238
3045
4465
4891
2689
802
1134
1624
2774
73
3777
1562
2404
4070
3963
3988
62
3074
3509
1628
3152
3402
3026
1430
3937
36
4369
680
2
129
1982
2521
1266
2831
4193
3577
4556
2599
2260
2668
3954
2884
3475
1981
2731
963
257
2589
1894
3304
3059
4312
2127
3573
647
3290
2610
3348
4749
4065
843
4965
4318
2357
2288
1902
420
2736
4742
2791
3859
676
499
4601
4045
963
2974
3490
4696
2101
3717
4294
3853
570
477
1367
3190
4307
2563
3468
3159
3171
2239
3773
1023
1724
3294
206
1341
1153
2948
707
1278
3257
4343
3047
4806
1897
2755
2848
239
1361
511
4257
4115
2556
1444
3066
2098
4421
3939
3425
2465
876
3937
4047
1590
3947
2787
4615
480
2730
4743
953
2833
4997
1791
1742
465
1325
3022
1068
4877
4320
4507
2255
1684
620
10
4537
4416
1730
1302
124
762
1907
4043
4271
2120
4909
4093
4504
902
1360
1464
899
2783
1786
2447
1666
3589
873
4384
3986
530
4595
31
1703
2146
4160
3540
2653
3879
3461
4042
4768
2356
1966
3239
3642
2768
2415
2207
2959
4993
4366
1436
4608
506
2352
3528
4189
2259
1972
1642
3668
3130
2619
2540
3942
3761
2210
1324
2398
4127
2198
2164
2015
4667
622
78
176
2712
2705
577
964
152
3153
445
2643
3056
4450
1027
875
1797
51
1508
644
236
3858
2870
1979
2374
2631
884
3401
1966
4625
2570
2316
4982
1028
4471
4603
2995
3199
3830
4340
4388
1565
4998
2617
1768
2118
1129
1048
1709
1355
1821
3257
1862
3420
258
3822
2928
1158
1051
1850
754
3257
3535
1375
4228
4742
2366
2125
2473
390
4650
4714
2770
389
4986
4697
1801
4298
972
3547
964
544
2827
3140
1598
2777
1469
4447
2300
4216
2320
4211
1601
452
2448
3308
4671
3921
189
3966
4814
4437
92
4699
918
4699
1403
2191
1910
2272
3524
725
1849
4896
2054
4775
2716
3063
2626
3687
4169
3567
3943
3379
4478
1509
3689
2673
169
394
4776
3495
2773
4313
1157
1830
3601
132
4403
1053
3768
3028
213
2081
2629
590
2271
256
2792
2048
4971
4478
2330
2982
1793
3919
4850
2571
2911
2756
2706
1165
2744
963
2283
58
1997
4654
612
2848
4868
546
593
2612
4648
4851
997
3139
1638
4349
4538
1446
3263
3579
4693
4718
1994
4858
1333
2453
3350
966
976
2073
4998
3727
1558
977
212
3918
2822
977
1552
4124
3923
3278
1018
2498
100
3298
1578
3387
4884
4076
3159
1820
4363
4420
1038
84
2382
886
1425
933
1995
1316
4531
2286
3854
1564
3787
3492
863
1298
841
2879
758
3293
1359
414
2081
2022
3337
1134
2877
3196
3623
4526
920
2032
4918
3908
3853
2821
2691
1496
2042
2600
1033
207
3092
2233
486
721
4478
3549
496
4864
4972
2461
1579
3792
138
376
3699
2479
4065
1450
2711
4435
3327
3986
4320
2485
1164
517
4488
2748
785
3371
4553
2844
1151
2155
3776
4265
2083
3465
2090
1282
282
4283
3182
940
3384
1043
2974
3458
1551
965
4413
520
1816
1509
1833
730
3716
2370
2067
3332
3789
3446
651
1621
4333
4389
397
163
3800
2635
3020
867
2773
4124
2811
1499
3437
3524
3146
3343
3672
2575
1281
1683
1357
2895
2211
2220
2641
2795
3369
4828
3451
3372
3273
450
4014
2422
412
4780
3626
2451
1537
3006
1160
446
1400
2069
4172
4878
2211
259
3448
298
4283
3219
3488
3421
4010
1533
4386
2588
4629
1273
4271
723
2679
2859
1538
1456
3529
3960
4773
4709
857
33
4248
2364
2212
3719
3243
4749
949
3113
1799
2293
2371
4049
4328
2395
3913
3622
4064
1000
2439
1280
1675
624
2701
508
4347
1640
2288
1076
1269
4289
4995
3987
4519
4383
546
4233
845
2135
3965
240
955
3359
4313
289
363
2314
512
3048
4146
4005
2717
3694
2120
1632
3359
1983
1866
1631
1087
3701
806
450
3876
4507
1992
708
2466
948
3545
4434
4657
3119
510
759
1471
4719
2677
3138
742
2400
4105
4803
4968
4033
4656
645
2100
2199
4320
3253
4609
1744
3795
308
602
4865
3142
4217
4722
4337
3713
4239
1499
3764
887
361
1317
3751
3776
4112
3999
2203
359
574
3251
1873
3183
3029
4998
3863
4823
2202
4085
3341
1513
1612
2280
1778
2300
1332
4229
370
2610
1792
2558
2124
3133
1034
2888
4575
4910
179
4063
1806
31
4879
3622
976
2610
4626
1288
609
770
1759
1352
1767
1694
3313
3692
764
424
3497
782
3500
3143
2897
3093
3919
660
4779
1270
421
526
972
815
710
1122
1247
1367
2264
1528
3250
4429
4215
2657
4704
3632
4261
3568
3056
1159
2272
278
2795
397
2891
2085
3381
2735
3702
3584
4783
648
1642
2556
2316
4347
2118
4090
1139
3884
3508
1730
3169
535
4214
1063
1843
4852
443
860
4182
3789
855
4427
915
1243
4164
1605
3336
1621
447
3208
4453
1426
3039
1029
1045
4820
929
2798
4089
3205
893
654
2524
513
3328
4191
217
826
4428
615
3807
3280
1227
3780
2266
382
2740
3041
3643
327
4821
899
4962
170
3190
2438
4152
4980
1943
3045
4509
706
2231
2609
2286
1599
2700
1163
2639
3820
960
1925
1615
4556
1467
3557
1537
193
4575
2734
523
850
3965
3887
4930
1891
2965
1681
1318
4331
3236
2117
2321
2871
4074
1427
394
1513
3163
2236
418
2758
2405
462
336
4691
2547
4572
3800
1561
2088
1157
633
2741
3717
3090
2557
4200
2703
4867
1879
2986
4021
2607
2418
2133
1363
1675
2542
3518
3500
3098
1108
381
3881
4988
1359
702
2840
340
1318
3027
178
2274
1643
3181
567
994
2569
883
1640
2107
1090
4265
4764
1678
4839
720
4838
3975
4219
703
2626
3811
1114
4328
1185
949
64
4815
462
4453
951
317
4929
3105
2188
2975
900
1121
3844
1014
2811
1679
4180
4847
2650
1330
1809
2870
2725
3433
3759
1685
708
1187
264
721
2440
3709
4450
2701
4925
3955
2611
1310
2778
1968
3340
4688
1408
3031
1739
3530
2187
3196
2343
3248
2817
1305
2355
3056
46
2824
3358
123
693
4196
316
4169
1853
4023
324
1352
2402
4834
4748
3065
4754
3172
969
670
4945
4452
436
1975
3105
2203
4011
4584
3845
1732
4460
1568
4499
2126
594
2102
2133
1655
2970
4594
3111
3230
3442
1111
1475
3329
3611
4511
554
4824
2279
327
1656
4533
3708
4130
2572
2574
3024
1506
2870
3086
2485
1855
3164
224
1234
3951
409
2173
2013
4584
737
4683
4962
3877
4533
3061
382
2034
2675
2030
2615
4725
1288
28
3314
1938
2564
1119
3000
3761
4995
1489
3930
4755
2467
599
4050
2863
3809
4552
4155
3555
4998
667
2645
2003
2534
2464
2479
1608
1342
2997
1242
4506
3668
4343
3918
3179
1679
1371
2592
4076
312
4528
2624
2530
2742
2492
1996
165
2547
769
3363
266
4542
4108
1964
3253
669
972
2174
1308
3478
2656
802
2620
4448
2141
3881
2235
4684
4044
746
816
490
1901
3749
700
93
2447
4179
408
1899
2895
2366
4014
3889
4051
3581
1651
4775
845
3487
3030
1079
2487
180
197
689
4429
2112
230
4318
3891
4764
3337
2636
1419
3270
3805
3117
1730
27
4887
2252
4397
3914
2305
2922
4351
3486
3379
3986
830
4138
959
208
1879
1133
4527
4287
1721
2134
2903
1157
3708
1772
257
765
1232
518
737
3211
2359
3681
1538
3837
215
2113
4112
2950
844
2719
2513
4696
2575
1104
2497
4825
2781
1508
4683
736
4406
4654
3509
1143
2998
4030
4149
1715
3495
2471
520
2685
2296
1091
1469
4096
4828
3585
3022
1678
120
116
795
217
3213
4473
131
605
2020
4301
882
1206
1472
962
3427
2616
277
1856
3027
3903
2794
2944
1260
3763
1736
3198
13
1400
3680
2951
2369
4583
4334
3736
1317
3133
2540
1619
3235
3940
3777
4128
3131
1209
3331
3747
4590
4952
2131
4561
2705
2374
444
3602
3674
4338
2207
2377
4263
3520
156
914
643
4264
57
2157
2415
4187
4511
185
3761
4999
3578
3641
1254
3443
2235
1410
4338
577
1129
1062
3514
214
4994
4301
3483
4095
2942
760
1847
4401
1321
4713
1111
4609
616
3042
4731
741
1368
4892
3995
1043
4180
2177
1820
3965
2109
4549
2441
3817
4383
350
1859
26
1731
4788
1895
2417
4289
3188
1385
3743
3421
2890
1126
1000
3757
1866
2483
3465
1907
3349
1617
4502
4561
762
3551
4000
3830
2921
4813
3720
1026
291
3102
1143
2216
2355
1606
1947
1088
4635
1409
3107
1276
3739
936
2740
3630
4270
3995
4915
3870
42
4409
212
1925
3984
4376
2755
1311
1386
3894
1711
3274
387
3937
870
2796
4369
513
1215
716
4861
1443
70
4731
2383
1178
2810
3977
1999
4754
3770
4804
2835
4568
3874
2605
816
2292
1641
4723
4990
1840
3829
3541
4146
1534
2033
4333
3017
767
314
3677
3359
195
493
155
1756
1525
1655
3426
2568
227
2672
2398
858
1399
4949
2931
4009
4783
2823
4729
1542
4752
1083
2580
3122
442
3718
4041
1393
4310
2945
924
3245
4597
988
3005
1919
411
4852
4702
3643
2731
1776
602
1796
1867
516
2154
1208
4486
3222
2977
2531
1393
1901
834
731
1415
3639
3674
3558
2064
1158
2892
3968
1595
1072
1167
94
2262
2736
3389
1114
606
4384
3480
950
3145
2616
3338
1921
4872
1327
536
3763
2004
3998
1706
3894
4448
534
1780
2415
4477
2829
699
2345
4556
2122
1371
3143
2682
1945
601
2817
2107
3523
1697
108
2179
145
2022
4924
1085
1727
4149
3401
3413
2672
4544
529
4087
3644
22
746
1786
4452
1559
2671
1911
4308
1996
3785
2078
140
2729
1923
3522
1018
4560
967
4557
1076
3080
1571
4789
132
2562
4079
4486
2857
448
1956
326
3226
2483
2926
519
3419
4804
3405
1630
967
1553
4879
3387
304
4624
2748
2125
4263
4120
2660
168
3627
3755
2397
1248
696
4986
4845
4437
425
1739
2305
1916
4974
882
633
656
1230
3345
2772
402
1655
1089
1628
2565
3335
2221
520
4038
53
430
857
1501
4980
4046
821
1793
2796
4481
3959
792
4020
3358
1882
2289
3324
3769
4241
2727
1902
4249
1968
4932
1304
2196
3334
65
3029
3595
774
733
2448
2481
1893
3252
1392
2608
334
4062
3481
1892
3645
1430
417
4099
3487
3893
662
751
4418
2983
1920
1390
3610
4517
907
981
2462
3517
943
268
1484
449
1756
2083
4786
557
3981
449
4787
2277
4120
2891
2377
2817
4444
4535
1775
3498
4865
1869
2776
2075
4614
4424
43
4268
1508
4863
2597
2772
1226
1912
754
158
2483
3883
1971
1854
2714
2348
3331
4573
278
4439
3477
3614
3885
55
2608
2624
3027
4385
443
4508
1226
4207
4846
4325
2211
4053
2995
3076
2549
2757
4414
890
2560
291
392
2027
2208
3756
4937
2927
1630
4066
2495
221
387
3974
4412
1965
3999
954
3265
3763
1329
1390
956
3243
1117
4495
4776
3755
3985
4030
1198
1227
2736
997
4729
866
2280
2383
1668
4216
4220
3405
1539
772
4647
2965
4330
14
4223
4865
4699
1245
2163
3979
3817
2924
4486
319
3215
3902
2943
3089
3679
1413
504
3114
3307
3914
443
2768
2418
3982
904
233
3551
2265
2213
1991
683
432
1156
2428
4957
3049
3113
2823
2049
1
802
1115
226
1461
2455
1517
719
4485
572
3123
1248
385
2110
3185
673
1189
2835
3456
1671
2481
1
2354
3955
3893
4880
1500
4553
411
804
4300
4545
3862
2632
4602
3277
4455
3345
972
3702
1700
3423
3246
461
3927
4180
3705
2035
1843
2364
1208
4391
295
1439
2442
3921
913
1293
640
4154
4340
3254
3211
826
4267
406
3245
1920
3940
1800
4960
4008
2952
4750
3936
996
1655
3248
2654
4886
465
705
3128
684
725
1238
2895
2237
3985
1559
1731
2259
3957
2625
843
1995
1762
1364
2033
1725
3062
668
3702
4245
4741
1516
1919
2936
3876
418
591
3876
2624
4925
2920
421
1987
1225
1766
4938
2783
4849
4864
3147
33
4221
4482
2295
2450
3561
1383
3097
2808
4531
1089
3209
4507
2735
3555
463
4816
4644
3458
4373
2467
2117
3112
4045
1765
4108
793
703
4473
3308
339
844
1960
1218
2877
4288
693
3382
2311
771
3043
4021
1700
136
2192
939
1298
932
4130
4292
2518
4709
4034
4116
3397
1894
109
4618
949
4917
145
3004
2750
3896
1643
2280
2815
4030
2041
2526
3521
4495
1885
3873
3354
89
4377
53
3836
2820
1655
483
336
368
1107
1348
560
3650
4827
214
4274
677
2440
3347
3967
357
3363
3275
4909
1774
445
4688
1465
803
2901
3581
4628
3117
3697
1109
2145
2212
4476
4690
2566
86
2339
2800
1159
2825
881
1294
4706
148
369
4794
45
4149
1626
4036
2896
3478
4987
337
3854
2770
2047
3662
3121
2990
2777
1567
4089
957
4243
4107
2858
2268
3573
4006
3977
4637
1751
266
2810
3255
4582
46
4598
3911
2914
839
1771
4895
1839
140
3415
2944
4617
4810
615
2889
2170
300
758
4113
1097
2425
2711
3914
1208
264
4050
4028
3396
3990
817
1343
1465
2940
2779
4798
1112
1871
1727
1009
388
4811
3263
3693
2026
3908
3647
3271
2926
2907
3961
4451
1453
4651
4297
4861
4207
2596
1728
4382
3650
1142
3428
310
4309
3951
2555
1383
4717
2505
2912
101
1409
1279
2091
583
667
248
1109
15
1353
166
3376
4946
3440
4748
988
4309
3905
1933
2146
3794
4880
1165
4253
368
1775
1228
3526
4365
646
1243
4714
1264
3963
1314
3859
1604
2191
1426
2656
3342
1979
2803
4825
3011
2390
2979
58
2101
3772
4139
4556
1026
2961
3499
1293
4768
2918
1367
1624
1144
4668
90
4775
2925
2616
2730
1552
2038
3727
2502
3943
3176
108
2771
2181
847
3687
546
2597
4030
4806
4148
4571
3041
2110
1363
962
1388
4242
2024
2242
2019
1333
1432
4229
3413
2016
1002
931
1470
3562
4625
4120
1878
4187
538
2978
423
389
4043
3625
495
426
2197
4742
1797
4173
1036
944
2009
2199
1153
4082
1559
101
2375
4673
4255
1348
3459
1088
3880
1857
1542
3290
2625
4704
4300
279
2430
1604
1225
900
921
513
4266
4374
3498
2671
1242
4109
2173
3261
3015
3739
783
2446
4941
1116
2060
2323
3462
28
2917
3371
809
2709
3293
3160
341
2601
2930
1513
4864
3472
544
295
225
243
1410
2224
1733
721
1044
3753
4911
4550
3682
1088
3214
2682
4876
551
3008
1955
3090
1835
1524
3920
319
4921
602
1818
4013
2455
674
1930
327
3521
695
1621
331
284
551
4361
211
312
3331
4794
4237
2151
4647
2186
4750
3924
294
1666
2758
253
93
4352
3515
4109
2547
2119
3947
1469
2793
2326
1148
955
638
2660
952
3179
4308
2344
545
363
1866
719
1952
4552
4392
1400
1879
3717
3215
413
3603
2560
3626
4664
4686
659
1614
1031
4678
3164
695
2709
2668
4150
2891
3232
3219
544
3390
4175
3879
1694
2595
2489
2706
4531
4653
3480
2663
454
2837
3396
4553
486
4629
4436
1305
984
4311
3294
2172
674
4036
2209
4168
4484
3341
1219
2888
1433
4163
3981
4453
778
2474
1827
2827
582
1764
2349
527
2950
2865
3559
325
3634
4645
4049
3458
1190
3965
2080
4816
2441
3491
255
3172
3232
2719
2907
356
1949
2360
3641
2586
1701
3987
3278
3373
523
214
4995
885
1337
4373
4758
2851
3536
667
371
52
2805
925
1670
4374
859
3173
3132
4075
1941
2102
2044
1151
1712
1909
2111
2723
461
753
1095
3227
3143
1676
514
1863
4024
2634
1676
3902
1670
448
2886
1891
2196
2508
3240
994
562
2240
2166
2560
557
3020
3522
2838
1649
1200
4530
3024
1571
2171
1702
1505
727
4625
1017
4745
278
4555
1076
1575
1577
3663
4023
390
2624
2699
4049
4710
939
3025
2626
794
1266
1354
121
3169
347
1498
4117
3865
551
1041
2287
122
3123
2543
4895
1574
4629
926
4321
803
4388
605
2119
2559
2154
828
3573
4863
1863
188
1756
4046
3530
4452
2872
1119
4503
4851
2320
2296
1243
253
1317
2743
2806
1573
1900
2832
991
42
2509
2910
3339
4289
4714
924
2798
4129
3690
3406
3023
3411
3678
3703
3454
125
1416
4561
2252
4551
1047
322
52
393
4896
676
93
3182
3833
631
2402
3217
3744
4967
1267
923
4352
1596
2368
167
525
2958
625
706
187
3642
1376
684
2072
133
2911
3334
1045
4018
4463
4191
1229
3299
565
229
4834
3269
2319
3364
4774
1415
502
4005
2338
4602
1850
2055
776
3889
1398
3823
1114
4199
1124
4208
4885
595
4912
4471
635
3360
4097
2214
3796
714
4105
1955
2126
3332
3205
565
1547
710
2874
4665
3782
1050
4254
1725
397
2202
1838
1543
4922
3721
2643
2010
579
1929
4435
2
3823
2264
4275
3476
4065
284
1494
2130
1211
4413
2704
1309
4517
3226
2876
1600
745
1985
2205
1067
4798
1229
141
4120
3782
2381
1493
2034
2846
228
4149
525
3001
1857
2144
814
977
181
303
4912
2470
1034
2879
4699
2399
1176
3725
2827
4797
1678
533
4037
3699
2501
1421
885
815
2344
2001
1072
963
2716
304
710
4768
1016
1890
205
3838
3788
2703
2569
4843
4323
1899
4075
2436
5
1453
3513
4603
3150
1820
3142
1239
4987
786
2108
338
888
852
4461
3308
1952
3926
2629
2011
874
4033
3141
2341
4887
896
4955
4435
614
3243
1885
1889
663
1140
3364
1524
3456
2396
118
732
3294
4263
921
3069
3345
3392
4978
1497
3358
381
266
4812
217
2358
1320
1185
4085
3615
3516
2115
638
621
684
3356
2881
1570
3824
4218
3564
985
251
4307
1858
4247
3122
4746
2788
2903
2997
4983
2127
2255
3768
4380
4911
3896
1756
4522
3847
4521
3607
1236
2292
2304
827
3601
933
233
2438
1870
3039
1007
3483
591
1965
1681
933
4519
3566
3436
3739
83
1807
3176
4410
1463
3233
4640
4285
1496
1696
3336
113
395
1564
2626
2303
4102
2162
3822
1149
3051
2207
3808
1549
128
845
2165
3163
2679
2728
2966
3302
4996
419
79
220
4955
1196
4482
3228
3565
509
2737
1288
4201
39
1367
1963
999
4650
3545
4580
1620
4619
3235
3390
1168
1797
3510
2768
4172
396
4357
3652
2290
1532
653
1780
3554
3664
1452
3670
193
1337
4689
2666
4099
2030
4454
3638
974
3326
4598
2855
3183
617
2558
862
583
3806
3795
371
1199
2441
2457
4775
2138
2030
2184
3267
926
4047
2390
1852
1272
1273
1137
1164
4386
888
1611
1121
358
4903
248
2559
1841
4576
2889
4944
128
4129
3973
705
777
1104
3606
1988
708
3484
4653
3891
4475
624
4045
1643
4294
3173
1311
3043
3188
2547
1926
64
3690
3555
3328
898
4014
2817
3787
4094
875
3106
461
1235
3642
2683
2191
214
1964
337
3295
4578
795
644
1552
2943
4253
766
1395
1700
2842
1740
4166
1118
2342
1692
1874
3358
4615
5
3190
4119
3928
1208
2617
519
476
3014
2284
1072
3464
3106
551
4502
2222
4108
4153
4672
309
3760
3825
2132
4089
895
763
719
2976
1362
610
1485
1597
2539
1434
3155
4348
639
1059
2759
3095
2498
740
3144
599
3647
4745
1841
4063
2408
3486
1084
561
2494
3734
4040
4003
4286
33
3274
91
1004
94
3119
3807
991
2028
3702
2406
348
2626
1922
1827
1367
951
1030
4738
2575
3031
494
4703
1143
2673
4162
750
3297
1914
3434
4712
1860
2508
4995
3704
1964
3894
1163
2856
2083
833
3469
1518
3394
1043
4278
4348
1784
4708
4485
646
4516
2497
2618
1683
1730
1083
1466
975
2208
4635
4961
4806
2549
1773
4993
2904
1597
2102
390
4591
4142
1498
3125
4287
213
382
3112
1260
1685
1918
1593
2923
926
2685
4028
531
1310
3860
4239
1069
4148
3771
1762
403
254
1918
927
3128
2502
3101
1322
3771
1439
1847
3442
2581
3660
2408
902
283
3872
1101
1534
2812
3247
3108
4803
2864
1969
2349
430
1023
3757
1
2630
4421
3908
3317
3916
2927
1213
924
4719
2482
1072
921
730
2383
1786
1146
3774
1176
2391
2197
1377
341
1949
999
699
1080
243
3512
4096
2559
3955
4936
4801
3484
534
3814
1852
2840
1676
1960
2847
239
772
2179
336
1160
1187
935
322
748
4431
2513
687
2853
1943
3730
723
443
3920
3882
3652
462
1835
2589
2571
1136
1650
1164
2337
434
646
2709
63
1005
3133
1572
4644
2547
4182
1026
101
3705
3106
677
1624
1158
706
3182
3481
3259
2526
2226
4746
1997
3157
2944
2443
623
2598
254
4018
4304
2260
4682
1719
889
999
1782
1891
1231
3820
4492
2536
3864
2528
4713
1359
2290
2289
3506
1498
1188
2720
2533
1181
947
669
4981
2428
967
3362
1794
3701
2733
353
2316
3
1520
4510
2555
4698
4453
4069
4804
124
815
4422
546
2527
1627
621
3169
2245
1194
1011
3385
222
2596
4810
4665
3403
3140
921
4542
318
1470
3199
2767
3599
3079
2347
4125
2045
277
855
4630
2428
1554
3559
1943
4165
1877
2924
4961
1341
2617
3524
4357
2168
2854
2598
3120
3360
227
3785
4138
2317
1652
4240
471
709
2520
3282
4913
1191
3128
2471
406
3757
706
2714
2355
1849
3904
1985
1251
4614
3249
4552
330
1566
4129
2625
4016
1299
272
2740
4237
3257
3974
241
3468
3049
3054
4464
798
4624
751
4138
2327
516
4602
1221
2082
3359
550
2173
1636
834
766
4849
2831
4237
4024
146
4891
3957
2777
3794
4058
3560
2237
2197
4478
2321
3915
1182
1472
4592
4139
4893
2937
1725
4454
3078
3310
3337
3701
4650
3399
495
96
2016
95
2650
4833
2673
4609
3980
4255
545
4741
3121
2516
2701
1407
1442
4326
928
4163
195
951
1757
4598
3928
2722
2573
2064
2439
1459
2596
1476
804
4655
1661
62
186
1849
2178
918
263
148
3640
2058
4771
1313
4282
1080
294
4799
1839
3772
345
261
4492
1429
1918
167
3895
2951
2130
1943
300
3961
3336
746
177
313
320
2918
2568
4324
2533
592
967
888
3280
4207
1908
2845
913
4935
3063
1599
810
2349
2528
4805
1453
2201
3449
3913
4165
3167
2909
2170
2565
3630
1391
3713
3231
3907
3534
1092
4006
2149
144
2152
2354
1891
1383
1566
1759
868
359
3456
404
170
4486
4621
542
4925
4734
4051
4654
2670
1370
2906
2822
4141
2652
2618
2893
1581
1809
3013
4104
1807
2734
2276
1138
1997
1718
1002
1721
2337
4769
3975
1513
4301
4050
1661
4694
517
2407
3787
941
3775
405
4630
2115
2486
217
2509
2739
1897
3791
4575
4393
3644
722
4655
3583
1375
971
3537
3451
4575
4458
1355
2619
4394
4410
4600
3359
3514
3734
1611
2747
2633
1491
2374
3726
2150
3697
362
2660
3082
3071
1838
2288
1572
1635
257
3615
3269
4363
1410
694
4647
4922
4300
1988
3255
2369
802
3453
4421
3462
3243
1751
1297
2145
1682
3104
3134
3288
2844
4633
4455
4218
221
325
3997
2146
4407
2108
2378
581
263
1589
4275
4570
2242
2542
3756
1168
12
4310
4965
201
4762
263
3371
3936
4057
4670
586
96
2690
1975
4963
1150
502
1438
982
2111
900
4000
4252
3528
762
4474
4153
4508
4748
3007
389
1659
1516
4243
3901
1697
3956
2372
4132
3698
3182
1022
2053
4084
4435
4436
3889
4684
4733
1718
1674
1873
3083
235
3779
2496
3269
871
334
4090
1929
2227
3418
2302
1866
1266
4223
4189
3428
3571
4995
1747
3590
4563
1353
257
1112
834
4802
3310
4351
3850
2495
2196
553
267
2833
4409
1305
62
4924
4803
419
3563
2758
536
4130
3863
3838
4394
4540
1153
4269
3466
2321
331
204
3712
3807
2956
4289
4875
2816
3653
999
283
1374
934
1744
2844
2271
1479
4999
4315
4570
1371
612
336
3496
1905
374
4394
2125
192
4826
351
1455
1500
4491
4646
3099
1362
4630
3903
4021
1055
550
2854
3361
4065
2202
2495
270
3301
2803
3533
1949
4677
793
2965
2052
1467
2538
1537
2743
3162
4731
2113
4432
2414
3255
1340
1703
3014
4442
402
3032
2090
1521
4639
3696
2551
2910
2741
4883
3268
4077
4902
4325
3611
4250
746
3832
2739
832
1955
4300
1501
806
1614
168
4323
3838
3946
9
943
1876
3431
1357
3937
4953
1352
4014
4465
483
3164
4244
1021
4531
639
4520
4118
3112
3611
1128
3283
2194
4863
1813
4769
4891
4819
3535
3955
1475
26
3070
4198
3592
3038
483
3749
2578
4326
4745
4947
4297
1827
1242
2671
144
2837
421
2891
376
2836
2302
3097
2328
4113
3175
2737
4760
1797
2861
794
1667
2078
4205
1713
2699
3490
735
1165
2767
2383
4219
1326
4538
710
3519
3816
1836
207
36
4951
654
149
3274
3546
1108
3823
1999
1741
385
357
4356
2694
828
834
1886
2985
2115
2882
1208
2147
782
2150
1607
4189
2793
1491
2514
768
868
235
2241
3392
4489
883
1071
2170
4559
3825
3449
906
341
1183
866
1836
432
1386
3206
3560
2832
553
273
1145
3728
3385
1199
1022
269
1366
2759
324
542
2564
1726
2448
830
564
4535
853
3270
1096
3391
4107
1514
3400
3122
2988
1751
2375
1304
1567
4139
4119
3658
3001
4746
663
3263
909
3165
4288
1095
3387
1008
4407
3522
2903
2894
3783
1250
104
2311
919
4062
1636
2937
1878
8
3853
4991
2965
309
195
654
1504
4618
2568
2906
1000
2251
1720
1480
4341
764
4659
314
3062
1200
853
3555
709
4056
4105
2393
4768
4369
2752
2164
1428
2797
299
3814
3295
204
3443
708
921
1758
4169
1499
4603
3270
4668
2135
206
1039
2949
575
3350
2631
606
1017
929
424
2748
244
4319
1566
4401
3219
2879
1406
531
4253
4277
998
3370
1829
4390
3346
3546
1841
185
3797
3688
1942
3764
1599
4359
2033
4464
824
2283
213
3661
178
4241
406
401
3588
2431
2300
512
4842
779
1096
3110
2025
3286
3750
4940
981
759
2480
1131
2501
4394
1258
3575
1906
1741
3611
433
3437
358
3086
1118
4564
4939
278
2375
1028
3794
3745
1144
2018
1826
2001
4633
4432
2329
12
655
1732
2443
4502
2878
4641
2310
2711
742
3746
1184
4539
2358
1098
3989
1842
4544
4029
2399
1946
4288
4179
4781
3187
4061
82
1906
976
3511
1913
4953
1436
1634
2162
2724
126
2584
4961
4151
4671
374
1171
2781
3746
254
1290
4698
174
1118
956
1784
2004
3410
863
2564
371
438
2628
1021
3007
2196
3340
1283
4115
2800
2581
650
3385
2640
213
1766
2908
51
3707
261
1719
2678
990
2044
1993
4404
4768
709
3793
4335
4300
4754
4461
2905
3402
2276
4574
905
468
513
2684
1533
4637
1909
3521
2743
70
1176
1642
1451
558
2433
4371
3673
79
4056
2118
931
3576
721
433
1495
1660
4840
2593
3005
1900
4991
390
2045
2676
1936
3312
3930
1855
3374
3174
4198
1439
780
1794
2475
3084
4545
2995
2336
2542
4145
4669
800
746
4944
629
3842
4463
396
1456
268
2386
4289
3064
1493
2883
3168
1364
3974
4615
876
2117
850
1748
4014
3547
4926
3644
2642
312
2138
2423
1997
2633
2502
2867
4369
3147
877
2092
2394
4971
1214
1124
2426
4805
3196
3677
2713
703
1322
1282
2524
966
3886
4462
3831
377
4715
4149
3904
3332
2338
4622
3144
4390
1941
4068
3660
4670
807
248
2841
2748
4571
4098
4962
2177
2808
2939
2366
26
3952
3587
580
1285
2695
1610
649
4127
1450
2085
1121
1851
1246
4815
1158
3059
1684
1177
1665
136
3158
1178
3931
2782
164
3372
4034
1097
1353
2860
2227
4231
3945
374
3309
1076
1938
4172
3276
1603
3825
2086
917
3801
1089
4866
2906
1471
873
4164
4985
2152
200
2018
1460
15
1916
1581
2199
4368
1929
315
4126
3534
833
2752
1462
1242
4511
3305
4683
4694
436
497
2373
4622
2896
976
3636
952
850
2176
2073
1451
3390
1638
900
109
314
2334
2770
1577
1209
1590
3212
3494
4562
1660
4229
2029
4804
9
2691
2143
2502
3997
323
4350
2392
3672
1765
4637
3943
3371
3693
1907
4631
1167
526
2263
2951
1595
4583
3376
598
3040
593
4879
3115
196
4167
4362
2365
2318
3105
1536
3342
1453
1602
1549
4237
2238
855
2729
2688
3404
2225
32
2846
413
3940
2227
2064
36
2503
2618
189
853
4796
508
1170
3862
1552
1770
4268
2247
1890
489
887
4260
2146
3566
3861
2217
764
3005
2199
314
1677
3423
1227
776
1160
3086
1682
923
2256
3624
4789
3876
2086
1958
1810
3762
3783
2632
1648
4055
245
2776
2344
3262
3625
1175
2046
4979
4650
3461
4002
4111
2803
1031
4846
654
4220
4974
2096
4983
3944
1772
4924
98
748
337
2120
4111
3712
3418
2496
569
3121
1909
1396
2296
2431
22
2676
1236
1371
1289
2029
1691
96
203
4977
86
1026
2753
2677
4792
2995
2543
3339
963
1398
691
608
249
3541
900
2071
1005
1215
4911
2663
4206
2437
1038
2299
4705
1957
3847
2727
3906
4918
1215
3629
2571
3634
2656
2849
2029
714
2515
4648
1190
1263
336
4594
3780
105
3711
4197
211
4144
4724
410
4943
4367
2398
900
1580
2774
4686
2504
4392
2800
3818
3821
4262
4220
2548
1920
3944
1175
1856
777
3857
200
3525
3568
3294
3946
1484
1983
4300
4265
4874
2167
3038
4295
1694
3898
2721
4256
4972
3069
2363
715
974
3192
1936
2060
4418
1572
3665
2262
2142
3547
1690
863
3253
729
5
2433
436
3783
4319
4684
950
4461
4622
1889
3623
4470
2318
801
1545
2839
4562
3499
846
4154
692
1265
1914
1708
2156
116
2486
4650
4123
4240
4175
3822
4273
1710
1718
2802
1961
2368
873
1116
424
566
2028
880
2931
782
2680
1228
2523
1950
1532
518
3764
4535
274
1973
2627
1630
2473
4549
1006
3564
3246
3101
393
288
4318
4898
2393
3797
3266
4198
4230
1603
713
2834
3376
1236
778
862
1158
3497
4041
2132
2903
1662
2907
3900
543
4440
3590
2979
3676
23
153
1229
3506
1254
3134
2327
4849
340
1796
4176
3575
1635
3729
4156
1286
4145
1935
34
4068
2048
2987
4750
32
3393
3065
1065
236
3168
196
388
1736
4490
687
3227
627
1480
350
2066
4226
3132
415
3220
3348
1886
2218
2451
353
504
3972
3015
3335
2893
1952
3903
746
3816
4035
1379
2732
3665
2817
984
949
4836
2555
3995
2135
605
1121
2914
696
1765
3373
240
4851
2790
4726
3487
4422
2081
3622
3526
4740
144
4185
3775
3152
614
1875
4983
2724
1246
2869
4710
1111
108
3858
1115
3202
4003
4982
867
4794
1496
2624
337
2843
4320
2505
4193
2700
2015
2060
4644
3029
352
4519
233
3379
4333
1240
1206
3381
284
2916
4982
3524
3915
3071
4801
4259
2072
1473
3232
2808
2007
2557
3301
2494
108
1508
3101
2336
772
2362
3831
1707
2637
4665
1348
3908
2553
3256
3606
954
1902
2448
3529
3635
1222
3816
3552
3158
2499
4518
4581
4544
3717
3868
2397
2385
2124
447
3615
3352
2197
3715
826
3922
4333
4183
2923
2664
4860
3348
4019
2771
1930
4803
2491
1275
147
3619
2866
89
4461
3700
2324
2575
1042
1960
1679
2373
4182
1598
1545
4472
1015
3821
2005
2994
2902
1930
4175
2076
342
4653
2293
4885
4255
904
3725
2286
2587
2143
1136
4699
4392
1527
2020
1580
2555
3207
962
3898
2328
3008
1758
3594
3661
3783
2500
717
1816
2218
2149
4473
8
2185
934
2714
3419
4952
2185
3117
4495
2205
998
2
3654
1923
110
1251
4203
4918
3353
4860
1402
2323
752
2567
4167
158
999
41
4313
2683
1079
3156
2493
32
1462
1158
659
835
4852
2716
3734
1404
3121
3872
934
2184
1216
150
4297
2968
3555
1803
1866
822
1433
3503
2162
2117
1535
4161
3962
4462
4775
1917
2776
1613
995
2878
3042
2575
3544
2324
3709
744
3327
3586
1544
3132
4039
4156
986
582
3791
3443
3068
3581
2651
599
3165
4774
2323
3953
2201
2632
4400
2218
83
3817
4980
3568
4909
3591
1164
4756
1875
3256
779
2570
3386
1848
4787
1332
4960
2091
4746
2067
2355
3988
1644
2166
2293
596
2879
4913
2161
4224
3303
4360
3095
1469
1893
1900
1570
1830
3569
4882
4697
2194
167
342
3742
3775
2280
678
2901
2295
416
2809
4861
225
4601
4722
4918
3856
3333
4358
3885
4815
4668
3516
2392
4823
1586
1623
218
4524
1163
3823
931
3830
2054
4585
4836
2646
2244
2690
1381
62
2596
4146
4940
1725
4693
2701
1666
2736
4267
75
1251
1917
2345
4604
2800
3675
167
710
4337
4545
1039
942
1402
816
3698
986
3730
3101
1441
3873
1394
4698
330
2551
706
4881
237
1616
2719
3874
3365
1534
1428
1197
1243
737
3
567
4091
1593
2712
1050
4579
8
1618
2406
2287
4497
4831
1040
3522
3177
3831
374
4030
3847
582
3934
2259
4262
4381
3517
526
2719
3604
1483
737
3366
2455
1464
2860
2286
3747
2879
2090
361
133
4571
2696
3493
2989
3799
4870
772
4923
1604
3778
4917
917
409
1998
1931
2841
3064
3749
185
3088
2526
3682
3416
917
4616
1005
847
2296
1448
4993
3364
1199
1362
2103
3559
1632
780
1787
2518
3440
2562
2137
4756
3335
4965
1587
3183
4702
3600
260
4319
1782
3069
3553
4283
3237
3289
3544
2635
2972
200
3006
26
1954
2758
3445
3677
2878
3463
1858
2683
1155
3600
3190
1675
260
2329
4748
1178
4238
1549
3727
247
4059
3826
1376
2017
1489
1563
4170
2556
4346
1177
3160
4251
2618
2083
426
2362
4675
150
3415
4149
82
3134
4959
1298
4031
2965
4050
383
4974
2246
1707
2166
508
2501
1569
731
2992
2796
1500
3068
4470
3727
1454
1546
2778
1152
4759
141
3859
3766
3837
1416
3327
2218
793
4497
2661
3807
1826
1870
3101
3852
3109
2592
2838
1162
1634
984
4360
1082
2218
1755
854
2861
1035
4909
2203
2783
1674
1462
2915
2731
2603
2232
3495
600
110
976
4564
2070
1331
2881
1295
3510
1445
4390
1331
4335
75
3277
1666
454
4837
3701
3972
1985
3779
2213
3145
4305
4836
2652
2006
2953
1053
154
322
4915
1618
3305
1264
1074
4663
3557
442
4341
4099
2023
3403
1389
4921
3027
1876
2996
3097
3390
2569
4816
4100
1067
1361
3547
1948
3437
864
1166
3483
606
4142
1613
2828
200
3875
4668
3682
4351
2996
2254
2285
2075
3077
213
131
4198
1502
215
4180
3357
2416
273
4711
4895
891
3973
2612
4993
3566
71
4621
3527
4445
2306
1081
779
4533
4540
3753
2619
2964
2511
1141
3453
3043
4567
4449
4181
1241
4211
3873
1417
289
486
570
2704
1050
3148
4351
3235
4786
3906
613
2079
4375
3209
483
1583
1789
2174
2485
3364
4082
2062
1110
4928
2386
972
354
1069
3601
632
1076
600
88
2427
2026
1784
3017
2038
2817
4433
1270
4664
1520
1179
4218
687
1526
8
4830
1740
1372
4148
2839
1513
3808
2602
3001
219
1539
3306
3256
730
168
670
998
3502
2042
4130
602
1330
728
4904
3267
1528
1133
464
4914
50
3560
4489
4830
1344
1239
4071
1795
2346
4760
3184
2494
4721
2432
2598
4616
2640
2249
1843
4505
358
222
3263
399
1807
1271
2976
3378
1808
888
4601
2912
1437
1511
4290
3229
4926
602
3745
4968
3975
2974
2933
4451
191
4355
2890
3522
2841
2978
4870
3218
25
2874
3594
4132
1761
4151
4280
4139
1627
3129
2758
1605
1894
1041
4821
49
666
3809
4944
1974
4500
4504
3139
3104
1843
728
2327
1040
3189
143
724
368
2158
3602
4815
3418
3059
2584
1045
3151
535
1576
2218
669
446
330
4798
771
2037
4393
1632
4578
4372
4830
2241
1791
1197
3285
3021
1774
3064
4965
3012
458
2396
4258
3240
463
1457
4331
1892
2949
1448
3169
3493
2227
681
1376
526
4398
2351
893
440
3370
1388
3441
2188
3572
829
4598
2842
1766
601
1884
1658
421
3714
4699
1858
458
584
4166
1971
20
4780
4393
2730
781
3235
1680
703
4728
4782
1616
3314
2242
3110
1872
4754
3169
3973
589
3308
1653
3536
848
184
1750
845
3312
4889
168
3688
4813
4312
2400
4054
1269
2150
3229
1992
2873
1636
1254
610
1820
1493
3991
2925
2295
3785
731
4673
3937
4085
1063
3972
1983
2090
4868
3918
4462
4017
1725
4816
2781
244
1095
1696
2037
1084
4184
1360
1136
2944
3089
1320
857
2105
3677
4958
3573
1092
4701
1841
4782
3581
2474
569
1451
4536
2218
449
4471
1788
1992
4211
1628
2285
3175
1309
692
1234
4268
2734
2145
1941
2055
4439
750
2430
2886
2998
779
31
2245
2448
4006
2506
935
4880
19
4506
2276
2099
802
4707
437
2496
3311
421
4322
3417
636
4132
2700
3956
4071
107
4051
1950
59
3293
2532
3418
1312
1517
523
345
2729
515
3990
647
3730
1792
2356
1562
3662
4378
3583
4583
2574
827
3659
1456
1086
3000
3978
504
3423
4935
3361
4216
4052
3697
4746
4342
4475
482
4872
4020
3784
3347
2037
3433
2639
3282
4737
782
1685
3432
2801
2503
4633
3469
117
3724
2147
671
3431
2787
1133
1223
3968
1853
597
2222
3349
107
741
2318
1388
2565
548
412
1582
703
2743
3702
4855
3097
82
650
128
4576
679
1690
871
3002
3284
200
1748
510
3892
1148
303
4631
10
2211
2228
991
2331
2816
3734
3897
764
2335
4566
326
2557
4619
2746
2098
2424
1039
1755
3058
170
1563
454
3470
1017
3197
4701
4828
146
614
1214
700
2581
4800
1321
439
637
1785
4356
2726
2888
449
3920
3594
2513
1122
2409
1096
4049
3768
2568
67
2764
2858
1942
2595
2647
743
3797
4695
246
3803
4949
698
4488
2505
2977
4671
3140
1903
587
4701
2671
4157
4374
2814
3182
3106
2467
4841
2266
3150
4256
3841
379
2778
3432
3759
739
256
3176
3364
1205
117
4357
196
2261
167
146
4123
4639
1668
4784
4086
3664
2006
2560
3028
4341
2513
245
2094
4686
376
4067
3133
4953
3148
3621
4220
879
4836
872
4402
2461
2252
4419
2110
1489
3647
1894
479
361
1743
461
4787
4887
504
3310
4370
216
4386
219
2784
2611
2625
1900
1265
25
1669
4358
4679
3698
3674
1017
3249
633
1858
3389
3078
3214
4660
1856
1552
4367
3894
706
168
4415
2880
3169
388
4366
4335
4171
779
1577
3996
2420
3265
477
722
4190
4977
1757
2191
619
3400
1722
2211
2233
283
1288
2340
4197
696
2637
4694
3039
3474
3372
2172
4377
2524
3801
663
2283
1519
4716
4575
541
1906
4629
4763
1463
1034
3304
404
3276
3996
3742
3600
1015
1845
4362
560
3642
2866
2573
543
1358
3262
1638
754
2931
960
800
2252
1040
2734
1558
1958
1169
2890
641
3158
2103
215
4959
1597
4475
1022
1315
2554
3623
282
4190
282
449
4178
2435
3272
4480
4319
1199
2684
4767
4961
588
3779
1044
2945
2284
987
2865
1258
855
877
3324
1062
1653
4336
870
4647
4545
2591
206
708
1824
4517
1726
4142
2858
2308
330
149
3307
4420
2548
4621
824
754
2764
4563
1520
483
4068
3229
4130
1741
2121
1610
4320
3682
3427
475
1209
1919
4043
4423
1810
993
224
3305
1716
1430
3714
182
3223
1107
3764
3187
3177
1158
4552
4104
717
383
2594
599
658
2259
4381
2641
3234
2305
2317
3335
943
4887
3879
3978
4025
3756
202
3197
4515
155
324
1358
3597
2365
1480
3113
2581
1451
3312
2045
4870
4313
4784
2148
833
256
828
1130
4824
473
4835
560
2134
2092
4742
291
3095
2192
1889
2321
3018
4462
1477
4930
531
4861
2827
444
144
2642
2658
78
2658
385
1732
599
2321
3099
508
2795
4236
2143
1601
823
748
1561
1582
1978
3794
339
1477
1396
228
3963
963
1889
1410
1395
4651
2327
2767
2764
89
2044
1147
4181
3580
827
1831
579
2379
745
4833
2037
3916
1440
1125
2030
965
603
2812
1912
4362
408
1886
4281
4874
1922
3938
1838
4847
2959
2013
4448
4824
2095
1756
965
824
3329
4729
3592
2503
3728
3226
2504
693
1703
1048
4806
3962
110
4977
433
1686
3434
427
1458
2401
4663
1519
3680
1643
4228
1817
4838
1735
1361
2371
2212
4759
1928
4500
3372
1171
3111
3206
443
2020
4237
3675
347
4315
598
46
1029
4458
3653
3019
1231
4790
4037
4892
438
1074
2925
2521
2144
4021
3247
268
3318
560
2153
1491
1811
4231
2200
500
1633
2319
1142
2922
1602
2713
452
553
3144
2184
825
2546
4885
68
293
3475
4362
830
1900
2967
4545
4895
4290
3978
4313
3944
363
2919
3068
530
1641
4589
220
4373
4937
3990
4604
4156
1222
1830
4278
2122
1544
4908
4659
326
3223
4337
3893
4495
2812
1105
2934
3689
3909
3810
510
1824
1083
4930
4672
3330
460
1250
54
33
368
960
4542
4506
3543
3753
2141
4461
4825
297
4774
4972
1819
3654
2062
3898
4048
923
3966
3691
4499
2887
4960
678
4583
3272
2082
3477
658
3809
1634
2893
2328
3058
532
4565
4998
2249
2818
4005
983
1653
1856
1310
813
3918
3416
1293
1815
1511
1514
624
3878
4259
1524
4812
1611
568
3089
4833
2287
985
2509
1874
3770
3428
3391
2769
775
471
2240
1709
340
970
2778
580
2145
612
2231
1762
1959
603
3708
1796
2433
2208
127
2869
4125
4172
3587
3480
1226
4617
2756
1256
3958
1692
1670
1188
2233
148
4826
726
3210
3372
987
1519
812
1252
3307
3690
1122
1179
4858
4266
1087
592
3686
4758
1992
3468
3457
4282
1445
1173
2670
978
191
160
2766
1189
797
4535
4680
1240
567
2593
4582
153
4103
3236
1872
1541
4492
3523
1163
2941
3865
4451
656
1809
4504
309
808
3982
349
3857
275
4226
12
3692
1006
1257
4598
4181
292
1459
4803
4865
2931
774
1716
3918
3773
1039
4377
3544
3802
881
3902
3849
1645
4867
4555
635
733
547
595
464
1815
4699
4284
3558
1091
4035
734
4551
3425
2214
4908
4301
2971
915
4825
4824
2135
1406
2885
2051
3338
3846
637
4412
4692
1353
3277
3397
1655
325
622
2082
1271
593
4490
3473
3564
3981
487
2017
3295
1881
2239
606
2493
2374
4352
2184
4093
2086
3631
31
3409
1036
2920
4214
979
3147
4510
4847
888
3256
52
1662
785
4376
411
1580
4683
4515
4818
2025
3025
4601
1668
6
4084
2513
694
4991
4894
2010
3473
307
4204
345
870
3442
4434
1221
4747
4628
1975
2882
4149
2693
1563
2311
3822
2911
1904
3392
3385
2799
3401
2972
1755
153
2209
384
4444
438
2298
4744
1399
2608
2622
8
562
1318
2458
3067
678
2462
1219
3085
2940
914
3337
1875
1196
1687
101
4932
3662
4022
1596
122
472
4200
3526
3027
3009
3054
4335
2574
3034
4945
2732
4395
640
2556
2540
4817
1540
4254
2206
2381
1746
909
4591
3209
37
2592
3546
4371
1155
2837
989
4614
1994
4469
3174
4111
778
1676
4036
2827
4876
2866
1820
2967
2944
4967
3565
3818
4619
2550
966
388
1540
129
1955
3885
4255
4650
4288
1630
2444
4171
2828
1467
1369
4176
291
3574
1490
3039
4115
1613
502
884
2108
36
2062
633
632
4037
3230
4023
2463
2508
2437
795
1764
2354
108
46
2659
4865
105
4185
1527
2020
4357
704
4272
256
528
3564
4168
4346
3779
4084
4680
4026
3444
1727
203
2194
4722
2189
4115
4464
1624
3403
274
2458
4327
3805
3933
3773
2626
1766
2449
1760
3792
569
4920
2225
167
441
4153
496
3101
4002
2853
1815
2195
2210
1707
791
3844
1660
1943
4499
1932
64
1801
1822
4251
2793
2394
3299
1247
4876
2555
1276
1649
1407
4526
4322
4268
4749
4578
1324
3618
1050
4091
1991
4404
2930
4412
853
1983
2764
3643
1683
4587
4819
3964
4177
312
2241
959
4983
2559
4673
3040
1007
2180
3015
308
1812
2076
4784
2129
1479
1904
2415
142
1339
2797
872
295
569
1195
1680
1378
1367
947
1374
679
3370
2521
1607
2957
512
1057
4999
3878
2955
3238
4897
3973
3414
3101
2841
3058
1944
1966
3174
3662
3379
488
349
1741
4844
4715
2894
4677
2561
3918
2642
4297
1455
2134
3306
4473
4062
3482
36
3441
4586
105
3660
4255
3275
1251
2042
484
4388
126
4641
292
1457
364
4297
3491
654
2410
3271
339
4577
1393
87
880
4390
4453
57
816
2359
3080
3717
4842
548
348
5000
3399
607
3384
4476
1039
2746
4942
331
1264
1532
4239
1297
1790
1607
1712
1458
270
3840
518
1915
3408
2724
1013
2164
3294
56
2087
691
4657
1463
299
4872
1620
3986
4981
577
4591
3963
4563
856
4305
3642
1730
284
4283
985
605
4675
1899
4515
2555
4838
4719
3912
4819
375
3805
989
2799
151
3703
2657
1465
6
2744
2172
592
2102
4193
1347
871
1327
4968
1234
3943
4813
3287
1487
4114
4064
2803
3726
1987
1956
4892
997
3590
4675
2440
3645
2931
1006
4999
3722
1241
623
3457
3764
2962
1776
3745
3523
1076
123
3006
3085
1966
494
368
2
746
384
782
1583
3606
1295
338
3227
4741
2123
497
3586
1934
896
2216
365
3469
4432
81
2998
3313
156
3768
2265
13
1850
1393
4034
4265
2233
4697
3898
714
2722
4120
4934
4683
1408
2470
2126
4508
2364
1015
4993
1010
3428
1916
2213
4819
4299
627
4364
951
3588
3665
85
2015
1860
1251
2029
451
2887
2353
2664
2641
3233
2415
3825
843
2564
202
3246
4313
2667
1572
3138
1343
802
3795
836
96
4265
3360
973
2057
1480
3924
1044
3590
2846
2345
2737
1627
1033
4405
3675
3287
886
544
4436
4544
2655
3971
4755
3388
4006
2240
3507
261
839
1037
2969
4013
322
1256
2776
1328
3352
4490
4338
2859
2155
818
4903
30
2420
2799
3815
1310
1625
2870
2953
1643
4596
1588
1928
4131
1219
3200
3279
4866
2422
1755
3800
1773
4469
2149
500
2311
331
4655
3575
3171
4024
3351
4213
1833
2863
453
4353
4579
2674
4918
4923
65
1336
1956
259
1767
25
1283
3425
2564
1883
4091
1119
4074
3173
3454
3553
1550
4567
4634
3604
4479
1252
4978
2193
2532
2218
255
2307
3848
3476
4933
2685
2203
4821
1430
2126
3975
1957
2964
3959
2146
2085
2106
1565
2865
1312
2855
1107
1211
3008
4956
3890
2813
2991
3429
2453
4652
3619
1468
2650
3777
2350
333
1550
4249
4685
4833
335
2914
4878
455
1231
92
2917
3656
4304
539
3235
2879
3690
1101
190
1569
463
1485
616
4588
3210
1942
1666
1652
2269
1223
2455
2392
3069
586
4563
1273
1076
2837
1325
2695
4633
2892
4909
340
1269
2889
1382
3168
4981
2054
2247
1053
144
1573
3630
3344
2506
2225
3018
3402
1593
1655
4804
3557
3610
606
2715
451
1485
4294
492
2206
4327
4079
3640
2474
1795
1014
4097
2861
2923
4998
2548
2639
1956
2375
3163
2321
3334
1435
4587
887
4266
44
2129
189
2307
2778
2746
4173
572
4466
3444
3219
153
2289
579
4972
3832
1526
4646
3863
3113
4527
4017
4107
4296
4982
1464
1236
4550
4302
3525
3859
717
4416
2698
2690
223
1316
1239
883
839
1640
223
1281
2896
4561
1796
304
1299
621
992
2566
3580
4031
4478
1579
3182
2292
1922
2020
4154
2348
4431
391
3345
4197
1191
2456
4396
3595
3826
1790
496
1229
4856
986
2284
1800
1386
4934
1492
1788
143
3168
3503
4069
4933
891
1691
3156
1568
1334
442
2730
2938
4495
3856
4472
2209
682
68
2347
1934
3148
3520
3253
4453
4107
2990
886
831
1994
1510
4411
2488
3333
3030
1637
1068
2097
2188
684
4619
1522
2988
4059
2448
3531
4722
2295
33
1139
1141
4468
7
755
3685
4460
2131
4273
4205
4779
4665
3319
2896
4810
724
1343
3703
3572
863
3852
2368
1209
4997
4591
1516
44
813
4463
2813
4969
2873
2332
4144
3321
2302
4284
4479
4973
1510
1953
3725
3163
4695
1634
1149
1375
4997
4799
3351
4608
3493
3479
2875
3905
508
3462
2753
2701
2570
1663
2627
4247
4533
1677
1830
3349
4560
4240
2071
1820
1349
3815
231
1323
2831
1239
817
3241
968
2737
2941
1003
4418
3137
2028
3028
2518
161
1323
3043
731
4635
2855
2570
3490
37
4362
4538
3591
3790
3795
2089
472
2111
4183
3609
3054
2527
3120
4798
3342
1478
1128
1277
821
174
3052
3385
3796
4218
1935
1322
4906
4124
1440
2883
403
4682
2372
1254
52
4330
917
2200
429
2073
4635
978
3404
4199
2022
3872
2503
4135
2625
769
1304
4543
485
3056
2250
477
369
1540
337
2115
619
1229
4213
3078
95
3677
2361
3136
193
4869
4880
2414
3199
3197
4151
1841
1176
4512
1110
3736
2803
885
2101
1186
3504
1575
4742
4473
2101
4542
1292
1489
666
3707
841
1886
391
3717
1482
4533
2080
2021
1965
3147
3582
348
3104
2969
3185
4687
4626
4963
774
4498
3696
4340
1748
1524
2595
4371
4997
3077
4713
2174
4406
3755
3763
2316
793
2694
110
463
4589
10
2310
490
3104
2184
922
2125
3264
2403
3773
294
2427
2819
3375
2181
4468
4592
2712
3400
2196
3215
817
4257
4241
1997
4746
3113
2276
1032
2917
1403
2174
855
3759
610
3628
2765
4306
1853
1195
4885
1673
859
4304
4095
1524
4585
3356
1485
4779
3420
2974
4593
3386
396
2240
1437
2408
2576
1666
3183
4807
3641
3015
1891
2701
3387
4244
265
2672
2067
775
4969
4534
429
1914
3319
3979
4153
1277
2771
2071
1717
3058
620
198
94
2519
4207
4078
3301
3900
3262
4545
2428
3710
1398
4747
4843
3294
218
1962
1324
3990
955
926
4299
4223
374
199
2700
4689
4887
1710
3072
742
2174
1551
270
2558
4661
3704
3306
2043
2899
2069
2016
168
1374
1022
4012
4001
4537
4570
2947
2448
440
4
1353
1427
4010
3333
1885
2331
4455
1252
419
3565
1214
2458
3894
1148
2028
1060
2504
1758
3683
2177
3276
1222
3275
4957
4398
3092
4156
646
3322
4159
2836
130
4462
928
2525
2413
1470
3691
2560
4838
2840
3219
3663
1714
4327
3502
1849
2655
1987
4989
683
2023
3555
4918
4119
1003
449
529
4599
4033
4241
4432
1074
2266
0
1334
608
4771
4296
1150
2456
3411
1756
894
4690
2337
4705
1057
2630
536
724
1779
2698
3787
1170
1268
4172
1401
54
251
1842
1201
572
3035
337
4625
1498
292
3544
2520
2986
2281
3488
52
4939
2095
2946
2217
3809
3855
1568
923
2604
2382
1182
2607
351
3958
2029
1103
2909
3697
4582
1584
398
4363
1068
2286
367
4908
1280
49
3041
183
4615
3594
967
2061
2258
1930
1552
2492
4426
163
1187
826
1862
2744
3203
1711
397
1310
245
1391
2940
896
3637
3021
2602
2888
4333
3670
4905
2377
3923
476
3893
1254
3189
167
3267
3730
3139
2362
3514
745
4561
3061
2808
1974
3192
974
547
3198
2137
1872
1380
2290
3095
1255
4272
44
4669
1531
3822
3439
2485
1472
4933
4617
3077
2002
751
4393
4448
2255
4047
3796
137
4929
4833
3216
1898
2194
4065
3614
4497
2531
3631
4596
2676
914
3892
4569
3590
2823
2426
4154
1437
3815
3677
2099
2163
1259
950
1146
2386
3816
1627
2184
1291
3885
595
3719
2009
2172
561
519
2992
2461
3755
2806
485
1684
4917
174
2234
2109
2285
2699
3674
1426
2948
2716
3117
4979
177
1286
2841
4916
4014
2909
3874
2377
221
4496
4068
2186
810
4122
4675
4253
1366
1087
3961
1687
4674
4429
130
364
345
2212
1114
4889
4720
590
544
2308
1028
2836
4202
1006
3770
4099
3875
1207
3095
4565
4553
3145
1181
829
2100
2616
4228
3426
1532
1296
4433
841
2346
1118
2654
128
1277
4701
2337
4242
3560
3292
4692
75
2613
3337
3880
3791
468
2467
4932
715
4029
2392
1516
1937
541
585
969
2866
1538
3864
2273
4947
4177
4418
2227
4540
3274
3018
1113
426
985
4409
1970
1188
2367
828
2149
1033
646
3113
3280
4241
2313
959
1649
2238
3333
3841
3432
2261
3685
1458
3525
846
2783
2456
3333
590
4112
1427
4013
2358
1349
1311
1276
4914
4742
2900
2955
265
1247
1107
4501
2714
3193
3387
2040
2442
500
2974
908
4095
2123
710
1922
2309
517
3462
3196
2119
13
2296
2234
2865
2279
484
699
4367
889
3524
2337
3625
1784
2797
783
371
3804
2854
493
274
900
808
4517
4230
4501
140
506
1301
2543
1255
3983
4564
3005
814
4016
681
190
1171
1178
1424
576
3386
3001
4534
4573
2705
1897
2609
243
3205
467
2509
888
212
1869
1426
1912
4933
515
3104
4433
1597
1049
167
3477
2422
1918
539
4088
1212
54
798
4373
1821
288
3755
2325
4284
4483
1958
3779
4901
3673
4307
2387
2721
3402
2293
1727
2112
2752
1279
2942
3022
1416
1931
1734
1433
685
3443
2827
4531
3306
2793
3508
2350
1594
51
3879
325
1199
1896
756
1974
2438
1027
978
275
2368
354
1703
2075
1110
2137
4924
1164
1203
4063
2497
4735
3953
256
1223
63
190
1319
719
3471
1307
329
1344
2336
739
1478
4134
4902
3252
3515
1527
4445
2469
4552
1512
3074
3534
1603
124
1984
3262
2506
3080
3245
4069
1215
2379
2707
1753
152
3888
1839
3308
3346
576
4472
4719
3984
2711
3104
2895
3560
4060
4547
3520
1038
3184
3974
4281
2123
211
3145
596
1871
4105
1719
2838
175
4375
2505
4523
2549
3803
597
3720
1570
2553
918
3209
4598
4446
3047
4989
4958
490
505
1704
4739
141
4059
188
4495
4690
2193
3611
4267
1261
2967
42
1164
1470
28
3539
687
799
4115
4177
3285
1879
1145
4338
2594
4821
425
374
2796
3900
267
3034
4705
338
519
444
4434
2383
1842
4709
3404
264
3487
2747
3764
2504
4073
2997
1610
420
2620
2670
4566
2909
1710
4239
3893
3967
2923
4916
1551
438
3589
2175
1334
4352
4873
828
1535
248
459
4295
1601
3509
4853
233
3829
4413
4101
1698
4056
2845
4498
4758
1353
2990
1085
2659
2490
1196
253
1796
2291
2741
884
3041
3207
4128
4436
4688
4727
3596
4095
1577
1574
3858
840
797
982
2391
4219
4306
2738
2326
1780
3708
3328
1821
48
4104
3349
260
3718
369
4562
535
3575
4568
398
2954
4380
2730
1958
2644
1395
1918
1957
4993
3787
4472
3366
1115
3991
1614
1194
3503
4972
3995
4790
1490
3552
4133
4545
4261
3030
4734
4411
4008
1444
4758
4761
4278
3619
4793
4599
667
2241
3626
1155
1676
3364
113
4528
4163
2564
1181
3251
782
2074
3478
1577
1970
1993
1973
2556
4539
150
4856
425
4468
2809
3320
3893
1772
2804
2599
3120
3605
4874
3974
2122
1902
790
3766
4567
4400
2345
2406
1806
1310
2056
4124
887
2084
2454
2791
3485
4831
3661
1573
3267
539
2498
529
3217
1857
429
4118
2786
3116
1209
569
3668
2398
2205
434
3539
2533
2664
2508
1217
2231
3546
3027
4925
2037
1147
1280
2547
4070
3069
4801
124
1435
4121
3177
3180
2871
545
2488
541
314
4933
3925
2961
2586
329
3552
4938
1935
667
4094
4469
2268
3942
3073
2990
1628
2129
4523
3473
1927
4312
4032
1810
2063
1046
3014
3526
2631
3911
4915
132
483
155
1194
2777
2081
1594
835
4939
3910
3267
3714
2368
1938
4650
1040
571
3121
3709
2742
320
3963
947
802
2150
3800
1529
1205
3911
2988
1199
1877
4878
4021
3161
3765
758
3045
601
1216
4066
2483
1253
580
800
2733
4019
3273
4678
2909
2759
4295
4440
3391
120
4820
1374
4916
358
148
265
1730
376
401
1834
1462
2841
326
3516
651
57
1210
4969
1732
4160
4612
3720
535
3762
266
482
3566
289
2066
2086
2344
1825
794
1479
3624
179
2538
3046
2266
3938
4132
630
3571
3666
3449
2296
32
1944
4737
1940
2129
56
715
2440
4269
66
1704
4238
796
3367
4249
3839
1220
561
275
3653
4360
2882
3135
772
3422
458
2607
2972
4993
4741
4217
4230
1276
2769
1482
689
2836
179
4096
885
3606
2494
414
1694
1884
1510
2347
708
4861
4792
3890
1152
276
3324
3795
280
3460
4448
3013
1486
794
2399
2728
3629
3779
234
3847
1830
4965
2774
515
1815
4190
3802
902
2499
4849
3607
493
4419
3540
1153
4933
2659
2597
2082
669
1955
298
4864
4169
2081
4997
2616
1188
4201
2416
3596
339
1876
263
4250
3791
4926
1452
3979
1788
3791
4964
910
1966
1705
1410
1441
536
2267
682
3041
787
4337
4823
1652
1000
687
4906
963
3471
3461
1683
2688
2036
3403
975
3238
307
4854
2872
3749
4798
3515
4742
795
1901
4634
2813
4179
993
2528
4387
1690
1339
4280
503
3464
4314
3742
4507
714
1083
22
4427
186
4670
3649
1357
641
3664
2120
1617
4194
1764
4852
965
3453
3953
3196
994
2353
1688
4268
647
4485
243
1689
2616
4310
3132
2577
4315
330
3984
1637
1641
3680
4908
2642
3008
1625
3587
640
2897
4719
235
4266
4356
4050
170
2693
2859
1782
1672
2178
721
1779
2175
2859
3594
1182
2488
82
518
4670
641
2497
768
3143
1799
4483
4894
4806
2817
3377
387
444
668
2365
1210
4116
187
1713
2487
2176
1823
3902
4599
1951
2207
48
4595
560
2893
3954
4282
1736
2368
3388
2138
4549
573
1725
2699
806
2919
2720
2678
349
1286
1465
1459
416
3601
4706
3420
4074
4776
2674
3919
3667
3712
2566
4659
1379
317
1533
4360
488
3027
4526
2659
4456
4000
2211
362
3742
2709
2897
2783
4005
2227
3358
3652
295
1108
4080
953
828
3886
3876
1218
2478
4919
2122
1712
3792
3065
1269
3045
1251
1726
4405
2105
875
3815
4705
425
1358
4765
247
3161
228
4444
3990
167
1336
820
1095
2030
1744
4649
4960
3469
2238
3626
2636
1151
1110
1599
2065
4680
2770
2774
2542
3366
257
3135
2088
4789
3124
2028
4657
2528
4004
1046
3736
3300
2048
3972
1882
2153
4576
4005
1187
3404
4162
512
1406
4706
1498
2893
0
2679
3615
1857
528
4503
1820
1644
3847
2373
2140
2819
408
4445
4906
3997
853
2608
4158
3930
994
2278
2615
940
710
3964
4751
4944
3478
4836
2140
576
3791
1224
3813
2239
1089
2082
4833
1845
967
2647
4371
4042
4527
3349
3041
1910
3648
2504
1650
2300
3580
2386
1899
2517
2652
2579
2220
3752
878
4418
2268
4229
4988
2664
1492
78
1500
1252
1699
1244
4290
1619
615
1719
1682
2275
2249
1807
3701
1462
4318
3922
1991
829
3401
3402
2799
1638
4492
1714
4640
649
4147
542
3178
3909
4578
4547
700
4742
3714
46
1562
4713
3782
3281
3546
3912
4133
495
3011
277
4266
316
352
2409
1632
1619
160
1284
172
3320
2471
3104
439
3440
3094
2409
4377
4753
4806
2222
1195
4364
4079
3113
3734
2925
4703
4935
4620
787
3300
2954
897
1911
3752
4987
4320
136
417
1225
847
4475
3413
4983
1464
4085
3711
1062
4052
298
3250
4561
1199
3673
1807
867
681
1602
2341
4576
3863
519
3103
701
4819
420
1989
4608
3034
3501
972
4212
822
1221
4399
2634
3445
4409
3123
3864
4491
3916
2336
4572
1832
3516
1015
3996
4868
2560
3371
2261
2241
1371
514
4996
4165
2450
3738
2780
839
2939
4602
1545
2359
1003
4260
938
2503
2803
3621
2149
1652
4298
670
3494
2391
3395
1921
813
3490
1967
1325
735
2463
2433
4956
2269
4611
3333
2625
1679
3764
4144
4238
1291
3790
2386
2209
1697
3082
294
3561
1970
4208
4058
334
4718
4520
2980
1260
2456
3856
2420
3226
4623
3055
1653
4275
3906
3502
4232
2137
2410
2873
3712
3724
3583
2968
4711
4105
2224
3754
4265
1942
879
3922
1576
2778
3672
452
4061
3327
1892
2255
2582
2368
482
4228
843
3608
1399
3646
75
4360
2666
2606
2558
1081
4572
4146
200
3654
2098
3080
2762
3959
1130
201
3959
1436
4836
1353
2278
1427
3989
963
3611
375
1023
2756
2411
4877
220
2803
2349
3010
475
944
1904
4950
2723
1569
2022
392
4095
3210
78
2870
238
2362
1438
2371
1956
1348
49
1261
2801
4349
1932
1904
1903
2665
3406
643
722
3071
2550
2426
2471
2852
852
1195
3161
4856
3362
994
2266
4283
3886
3432
2539
3760
4734
1151
1807
1511
3272
1360
3162
1599
4501
3749
3495
3311
170
3228
3186
3860
3259
2753
1274
1108
2884
417
4826
1131
241
4129
1910
2378
4579
3332
1662
3680
4846
3619
2754
3159
4146
191
4497
49
1617
2498
458
4588
955
1291
3652
331
650
4888
3337
2198
3747
1256
1475
2401
2145
1219
1076
2987
4817
1887
2932
508
600
438
2907
223
3857
3916
3421
1778
170
1929
2663
3299
2650
3563
2565
501
4276
227
1315
2639
1798
4097
4732
1143
1519
3280
1071
4176
1247
3584
4869
4339
2133
3885
3469
1580
3146
189
4849
4652
3418
4309
745
975
3894
238
66
4544
1572
643
4619
3388
2834
633
4028
3153
2882
979
4420
765
763
3319
283
789
4842
2448
2652
3576
382
156
4666
3173
2484
2526
4901
4215
1471
2636
660
25
2321
355
3317
1530
2594
4863
3789
1812
366
663
1401
4714
3390
1519
2293
1228
1241
1542
608
125
2377
2852
3034
966
2265
2365
2541
4963
4360
2931
3564
520
4953
1204
3458
1548
1042
1995
3337
3109
2315
54
2206
1521
466
3606
3753
1071
904
429
3640
78
3181
3629
439
1842
2035
893
4826
2859
2591
838
995
3709
3591
2788
2228
4009
250
2551
3797
474
2769
4903
4763
4124
2454
3163
2038
2435
2708
2143
3512
137
1572
3862
4620
2169
425
2694
2791
3283
552
429
374
3674
4715
810
261
1307
764
2697
2881
4776
1627
1318
1508
3306
282
4869
2480
3386
4918
3296
823
3227
677
1274
576
154
4074
1150
2384
3279
4034
2231
4499
612
621
313
1232
2385
325
4841
2642
612
4474
4720
4967
3630
4872
1976
2708
2890
2194
2616
1591
787
2511
1232
473
4969
37
2554
3742
3982
706
1998
4589
2940
1130
1052
1152
1541
4027
735
1858
4436
1871
376
3199
4100
2359
2517
4196
177
3733
1247
388
2054
1320
1994
3515
2555
2230
2767
2862
203
4132
469
2910
2337
406
2883
1220
1827
4356
4321
3880
1494
2968
4717
2688
4952
1335
991
44
3826
3852
702
4298
4411
1533
2208
4477
992
2158
4278
293
2490
1215
2407
1440
2168
3434
132
678
895
3554
4326
3225
4679
3917
4441
2943
4344
391
2473
3136
4161
2824
3999
175
2354
660
2118
4415
3058
2129
3559
865
3406
2611
4379
322
491
4193
306
682
466
575
967
4015
1350
4646
3114
3379
738
2083
4073
4286
2727
1560
4723
1475
3288
1360
4301
1458
3584
4452
1740
117
4708
74
3726
2361
2118
1801
1420
4683
194
3832
2680
362
4912
4234
4203
2580
2847
2207
4038
2983
3594
126
1211
467
1109
1487
4126
2451
2884
4450
4827
4151
71
1713
4978
1296
4161
2979
1647
409
1718
2047
4460
2171
3450
3626
4759
974
4767
305
1082
2572
4602
2675
2271
1105
3752
4263
4264
1178
4471
978
4012
603
2620
1675
601
2169
3079
2855
238
4975
3298
1816
409
479
2808
131
3496
4246
2762
4734
4918
4216
74
2977
2932
1252
1095
1481
1510
1862
3360
2129
6
1657
2546
367
3077
930
3658
4814
2837
2273
2006
2648
1045
4347
276
23
1663
3192
4634
631
886
2686
1487
118
1733
3822
1607
4937
130
1951
2038
4202
3750
837
3888
2830
1577
749
3256
1870
4924
849
442
4504
2168
1020
1784
1317
4659
13
2400
4082
4504
628
840
1748
4959
4380
2727
3776
4915
350
1005
1860
2771
911
4231
3933
2409
4461
3232
1911
2179
3535
1325
4069
3577
2091
4365
4678
4781
1446
4371
4041
1716
930
599
3708
4359
1336
4840
4384
2864
4376
26
4147
3461
3177
4435
4895
3482
246
3397
2507
585
3784
578
4878
3417
347
4940
611
1456
3575
3038
2405
4760
3572
1936
1151
4356
1076
3309
3425
1117
2187
1492
1237
312
3977
1508
2569
3746
1371
3821
455
2390
1767
47
3758
1152
2511
2000
1366
3018
1999
4790
4878
4733
1894
4263
797
4480
2584
67
2017
3736
3495
3847
4960
358
4044
1903
872
1851
1255
3465
2078
4968
577
1426
2873
1948
66
2094
4541
1278
3301
3095
2873
4107
804
655
4012
2003
2227
2892
985
1411
4186
926
3668
1541
2787
3464
1300
4144
2122
2929
2780
861
4389
1974
3660
308
1213
2031
401
3761
679
693
3502
4108
4493
3426
3388
3656
854
2650
1788
424
4017
933
1755
4188
3732
1292
2792
2502
1766
3161
1137
101
2686
3231
2418
1856
2962
2423
2110
4450
2772
4602
208
1025
2420
3697
3145
4748
1864
3918
2197
4337
3154
3500
4011
2730
2323
3989
2261
1876
3920
36
1409
4927
3180
1431
2484
4184
609
3150
1614
3488
2595
172
3847
1515
3217
3982
4155
718
1396
2307
1394
869
846
833
4307
1654
28
3145
2139
3777
4428
1938
2920
238
761
163
319
101
1179
3669
3349
94
3538
126
1399
2509
4763
759
2284
2706
3108
3802
1974
4384
652
2236
2184
942
3607
1379
770
766
749
2370
2351
116
4653
4982
1345
2641
4471
782
3738
1375
4495
1111
2004
1357
4097
2334
1594
127
2979
4810
4218
4201
514
1652
4393
2006
3124
1157
4741
3342
747
1970
4663
590
2045
1511
298
3864
722
314
1137
4276
2516
2881
2523
4066
337
3583
32
629
3372
1576
357
4714
3154
2203
643
4620
183
1547
184
1432
3693
4813
2161
201
2287
2298
2071
501
3593
1161
3432
876
4071
1878
2775
829
2861
4936
3112
4238
4132
3686
4287
4813
779
4415
3119
1321
543
1127
1541
3446
2469
2235
2960
4015
4069
1642
2128
196
4341
328
4327
590
317
1152
1721
366
2353
3375
904
3887
312
3557
2510
2108
2843
247
1034
2319
4493
3054
228
1049
3880
3624
342
646
573
3308
781
3024
3224
2936
1623
370
287
1263
645
3017
2374
1942
2313
83
865
3993
4745
930
2098
4448
4554
2674
4998
2218
1956
2476
3368
1992
2428
962
4201
1392
334
2179
1360
326
748
2569
2483
3916
4214
2315
4137
3022
800
1295
3228
121
3523
893
1337
3040
1462
4644
57
3871
685
4563
4076
1860
3972
4366
2424
2657
4602
2700
3535
1976
1990
274
1308
3269
1397
1546
1160
3904
44
797
915
2924
1920
3329
376
3745
2095
3894
547
4309
4316
1618
4252
3604
732
379
2883
603
1491
151
2414
4750
187
2457
466
328
4049
45
4536
880
1334
2308
1417
2991
2788
2605
3469
3752
2837
3926
1092
3564
1987
170
2217
477
4841
3453
2270
4056
4751
3724
2259
336
107
4800
4580
1882
4013
2675
1800
935
4784
1767
2400
2543
3150
1854
1710
4168
2607
4961
3785
4628
4444
1695
3794
4060
4908
1536
1518
2402
3018
2433
3920
3386
670
3175
153
2326
2912
2315
3202
2876
1809
1387
3867
4255
3833
1324
4815
4389
3596
4338
445
4447
2837
4696
956
1046
783
1219
269
3828
4437
3357
3647
2233
4260
3132
3669
401
4771
896
2036
647
2444
4061
4736
1609
1463
3881
2216
3287
834
2539
3262
2080
3302
2704
929
3652
4267
3336
3096
3061
4349
4566
2025
3676
60
4086
3258
3739
2279
1418
3436
420
2487
1198
4492
3404
3668
3077
123
4687
421
3565
2133
825
2652
3947
4895
2915
3695
3765
2740
4543
3547
1874
71
445
1843
2071
3265
4846
586
110
2449
4008
3990
4235
3023
4779
709
4003
3773
178
4301
3284
1464
3503
387
2449
4040
4254
3392
2533
3903
1335
2364
2295
4040
1580
1087
2543
1009
3966
2733
576
1497
3179
203
2390
2397
1537
123
2650
1666
4830
1243
1354
2722
1825
4027
4469
4972
3475
1508
340
2421
4887
1503
2447
775
3209
1291
4625
1425
2896
4602
3416
1154
1033
884
4518
4782
4113
3433
2456
4136
3276
2399
4379
3920
98
315
2452
3357
2371
1680
794
4273
1552
1029
4183
1732
2708
566
1556
1350
3932
304
4472
178
3593
2864
2588
4453
2160
3798
241
3508
161
3090
2017
1265
1303
991
2682
4666
800
4835
1613
2348
4356
4362
2208
4943
1527
4378
2004
3706
1624
3035
3458
276
4386
2159
3375
4872
3376
4144
3052
1519
1843
4129
1423
1095
1959
4211
3458
4418
2494
2199
4863
4274
3429
2576
4789
3789
270
3673
2096
1846
1784
3683
4059
1198
760
4733
180
3921
790
868
4735
3771
3584
4062
2499
3345
3762
1446
976
1791
3361
4699
2420
4235
4688
2347
4568
1674
3584
1931
2529
1571
4217
2008
4710
1289
1558
1787
3260
180
1335
1416
801
3497
91
1363
4115
4458
3867
3711
1959
3606
1827
2342
4743
3780
2551
107
4675
1815
3181
4487
3339
1728
2946
2974
401
313
1962
2023
1183
4234
4003
4412
3423
404
1914
1285
426
1766
3136
4683
3123
1247
2809
1213
3003
4363
4742
4270
4426
4398
4471
581
2803
2288
3791
169
4572
707
4014
253
3787
74
2961
317
1106
2650
3775
780
3241
3884
1084
3939
4107
316
96
3983
1574
2863
555
3078
2590
725
1581
1461
2962
928
1517
46
2538
557
2495
843
3860
813
638
1362
1706
1824
4050
2979
1148
3165
3098
7
3166
222
1836
3148
2509
1665
4354
2408
4780
3028
219
1216
2388
2158
3319
2997
4235
2959
4418
2067
1750
1302
4448
4183
1536
466
1592
4311
2376
3887
2744
3558
2095
4329
3319
3231
1886
1389
462
2735
3148
2645
3305
4934
1012
2829
2834
4045
7
44
3534
4583
4429
4044
153
1310
3908
3178
2583
1695
2317
3895
3451
4750
2370
2434
3679
2939
2314
4076
1582
1814
570
3156
4388
1140
4889
4715
3022
3201
3132
352
3084
3230
3180
3022
1974
1305
4001
3618
4240
3854
855
4845
1106
1967
4428
3494
4870
2277
1758
2977
2230
931
1427
2341
4819
4946
1199
3155
1467
570
2908
2511
1346
4834
1735
1249
1217
2627
4662
2112
4787
1868
674
4716
2018
2468
3762
1430
3361
866
4178
3662
4885
4297
1704
2246
3104
3876
4878
3073
4033
1257
1590
4185
1051
2957
3481
3786
1161
1977
2978
1835
4051
4342
3268
4846
620
612
1884
1545
4241
3234
4546
1599
152
3918
4508
457
4124
432
1668
2526
2478
3138
2407
3539
2487
1669
1088
290
2556
2710
2831
29
1666
4695
123
80
1678
4924
3279
3346
2827
4357
438
3278
2186
4704
2844
3393
1711
2744
4296
195
1572
737
3541
385
2081
112
3244
2513
4637
1782
2956
1517
1169
729
1962
4041
791
721
934
814
1197
4917
220
3450
642
2587
1131
40
2693
2000
782
1651
3541
4090
2592
436
2399
3167
4043
3011
2302
418
2092
4869
1384
3920
1666
4950
422
98
3037
3354
4652
1136
3362
3114
2748
4233
798
3758
1382
4599
3749
938
1843
1262
632
3533
4932
4271
2470
942
2136
4869
2387
3960
715
4265
47
1969
4164
3022
4547
4437
322
2691
1559
781
1381
1780
4692
3366
2213
213
1146
4327
4405
2030
3754
4849
2121
3631
4169
2606
1127
4502
777
497
1332
52
1647
1261
4807
4200
4512
2610
4956
740
1945
3056
428
2213
3906
3142
252
3821
4694
4255
1058
3388
4696
4233
825
1902
4674
4073
58
567
860
878
4306
175
1599
2297
2424
2589
4593
3422
1259
2848
138
1895
572
2305
942
4693
3910
1827
2879
39
2936
3310
1669
3061
1975
2966
4462
2957
4007
1234
4490
2038
4953
316
818
4240
3323
4999
494
1765
3170
1036
3085
4664
2725
4421
1281
1230
1407
661
1619
1338
1283
2161
1227
687
4795
1691
2054
146
1575
1300
159
4724
4839
4972
4956
818
474
4600
1983
2665
3307
2155
140
2667
3167
1557
4231
1944
1832
1122
1332
2264
3668
3285
2168
4144
3655
2397
801
2926
2429
1994
3576
2572
942
3797
3942
3869
2488
2555
4785
2962
479
2032
3491
4009
4209
2364
706
3847
2953
3719
2642
4902
3734
1831
1536
444
2724
1388
2981
2061
162
3733
2397
585
1183
2643
1706
1207
691
1184
3880
4849
1270
2381
4912
3314
1517
2870
3176
4366
2823
750
2350
4933
2805
4945
1789
1570
993
2119
4316
2477
2548
2900
3924
1049
4936
776
4198
4086
1948
97
379
2747
4529
3741
3737
4305
4922
3590
4409
2320
486
2236
735
1162
1053
2207
1044
2244
1751
4555
1452
4694
2839
1733
295
4101
1866
2386
3167
3661
1768
3011
2129
1560
3451
2623
2195
1775
4659
1434
4670
1543
2427
4464
2645
3065
4825
2457
2196
4550
3663
3076
2719
347
4263
391
1499
3883
143
1317
322
3898
3938
1004
2039
1604
4004
1450
4867
914
4857
1950
3305
4379
1329
4205
1340
4660
781
2960
2758
996
1918
163
2417
1060
3109
1876
2709
3561
3625
2925
522
3054
583
2088
4822
4902
1520
3114
3893
53
3459
3064
1150
2132
1648
1838
1318
2731
1588
3539
2990
1869
4001
64
3717
2179
4083
4436
2904
4642
4678
782
837
3750
4386
4377
535
170
1261
1074
2628
4155
3396
4838
4792
3279
257
4187
2694
306
3051
1187
2816
2207
4128
4948
1391
1719
1114
3230
3783
3646
454
4867
1017
2075
378
1478
446
4782
4355
4516
1691
3614
339
849
4831
551
4182
843
1484
2008
124
1189
1007
2734
920
2710
704
4142
2501
2957
1480
389
3580
2635
2113
2796
1320
2908
4175
3879
1879
3418
2705
3182
2364
3443
4609
2568
1694
186
3351
3802
1793
4238
1597
4909
3637
2659
2832
616
1249
473
3701
4131
2122
3474
3412
2778
1066
262
1736
1134
448
4347
4546
4994
4599
4114
797
4833
539
3648
3954
523
2630
3183
2602
2216
2527
394
1832
832
732
727
2167
2298
4342
4142
4931
1918
1949
367
4846
4233
2870
2585
4615
3972
893
2648
4319
4597
137
1592
3638
4093
2403
3558
4466
1150
3808
2918
4804
1624
1302
378
2001
3096
2634
2530
590
3800
1810
803
4538
478
1326
189
890
3055
4093
2984
4859
3127
2894
3237
2060
814
2867
1324
4055
442
2310
185
2732
3217
1085
4820
1645
2274
4900
2485
1001
351
1197
4946
3982
1566
3699
4842
4415
1825
2302
3385
59
4747
3047
2745
2771
4763
1355
2268
1269
4312
4529
3805
4960
2737
2522
4475
3814
2023
479
290
4712
605
2015
1213
283
2308
4460
680
2112
1926
3397
897
4341
4616
3509
4406
711
995
620
3239
162
3033
4313
13
1121
4575
2728
2229
2931
1371
3495
3821
3345
783
103
4239
3246
4958
1085
1777
4192
1716
1670
1074
1747
2917
3649
4280
2918
3085
3100
2795
3150
1144
3096
4766
2918
976
1739
3313
1925
1733
4200
2207
693
871
2326
966
718
640
4732
4869
4579
2313
1917
4068
3514
1817
4745
64
228
2127
4936
3495
3209
1242
1353
4606
4436
3969
2722
514
5
1955
1245
4634
2588
533
4694
4176
1222
4071
2237
229
1457
3488
4125
3442
3679
715
4700
4105
3485
3049
1957
411
435
4012
3349
1014
2736
1722
2849
2816
4379
680
3112
1540
4397
1588
2462
1477
1442
1734
960
320
4842
4598
3763
3211
4860
4168
4025
2551
1091
4650
3940
3840
832
3926
1668
1481
1542
1302
1928
2874
4050
4940
591
2812
3102
2166
3455
2561
2480
2485
1636
905
4670
1313
4926
799
1774
3475
2130
2087
2493
4383
2307
2579
2638
4894
3218
3727
817
2541
1673
2283
3487
3715
4444
54
4876
1877
865
2600
4554
2470
2995
4799
4467
1460
2949
2427
4343
4272
65
920
1638
1027
2667
1822
886
615
394
3473
4528
2315
1761
1270
2785
2784
243
4416
2529
31
234
4672
3630
4901
259
1363
249
1681
1743
3022
193
3513
4467
3661
1800
2847
1170
251
3780
1907
2180
257
4753
4253
2558
854
2535
4315
2124
1947
488
1500
4651
4702
4719
2353
897
2933
2890
3353
1360
1401
4472
1575
3234
1938
4661
4575
2401
4970
4405
3453
4670
1223
4359
637
2222
2123
3339
996
2986
139
3487
1915
2751
3554
3329
225
4194
998
577
1506
4676
1473
3056
4850
1010
560
4325
4725
1821
4530
3785
2732
251
2911
637
2947
2531
3752
3946
3892
2542
4244
1366
21
1388
4551
2798
388
105
1966
3129
253
3500
4604
1497
3442
4551
4129
2752
656
2454
2162
63
2056
345
4960
1205
2316
4068
2900
1415
4980
4380
1732
4115
856
4804
1798
973
4097
4703
4320
2753
1468
2533
4512
2858
2974
3410
1736
1327
2134
2465
3351
988
2943
916
3035
4414
2510
3240
4427
876
1087
4281
3726
1712
4539
997
1179
1776
2469
3344
4481
4061
3699
3466
2746
2259
1327
2081
1353
857
2371
3316
4295
2541
2003
4853
2153
1510
1430
3740
4191
2911
2960
1190
4150
1831
286
2244
2391
4380
3680
1991
1519
2437
3253
2822
4796
1033
3821
646
1285
3525
200
1876
433
4828
2517
3366
3951
462
4915
1051
4006
1473
1144
4265
269
4930
1234
397
4642
4502
2370
445
2539
4161
3212
1230
2385
3810
4825
1961
1564
2583
1967
4133
3430
1413
1670
3663
626
4958
1891
1651
519
1150
1370
1213
179
2654
1307
148
117
1893
759
1620
3017
4927
4407
3487
3722
4527
3877
4113
2174
3883
928
1326
2856
4923
3722
1720
4440
3355
2697
4310
1102
1685
522
2513
1420
952
4341
3036
2055
951
2390
3012
3557
4095
1967
573
789
1767
1267
4070
1703
2552
1105
1801
4519
1853
745
1344
528
1612
43
4944
4156
2690
3006
2220
2054
1275
3933
3491
2771
4654
4613
4746
1841
2202
1032
4419
3170
4341
2116
1509
126
190
4595
2518
1631
1209
2819
2529
3706
4623
3942
640
1165
787
565
4109
511
1632
1352
4069
3425
3916
3423
1660
425
3332
3704
1400
4147
4658
1304
3048
2443
2633
1581
579
2475
3701
3922
3020
4472
3692
2331
1449
3428
3700
1236
2929
4334
3446
3385
4032
2466
1358
4470
3623
4927
989
3392
3473
3160
192
1914
2721
2704
772
3224
4236
2261
2006
3655
1218
3295
1959
1290
1617
2181
4567
3990
2812
2346
2811
3711
3227
4009
3192
1332
3608
1241
2264
1515
3473
4483
3272
4161
1433
2627
2486
3016
1800
439
4520
4821
3802
3468
3663
3712
4835
1989
2645
1785
2857
1248
4739
3567
3874
344
219
3937
4659
1305
2227
4624
1671
2452
4735
2639
1277
4332
1018
32
4390
4498
3242
1395
4165
4489
1780
3406
4962
2078
1513
1916
2774
2973
640
4216
4731
971
1927
1327
3745
744
4427
1394
1012
234
2535
1373
1995
1885
1670
4095
682
2973
4405
4068
2326
515
1459
1338
1203
1647
4581
4676
2113
3468
3163
1146
3163
3878
2056
1520
3142
4840
3638
1511
4356
3080
4411
3307
3544
4558
2517
1189
804
1294
722
2698
4633
4610
4064
45
4727
4731
499
4060
4001
1783
2317
2618
1992
4773
4368
3104
2120
61
1048
4936
4232
164
4570
2028
1597
1117
2237
1944
2490
3395
1507
230
3596
3577
272
1488
3420
3750
4829
1654
2030
1959
39
3170
4399
4118
4670
1246
1805
2448
2148
2397
133
785
4639
1018
900
3384
1929
809
4466
3057
4568
1816
3351
3700
3955
67
1469
3488
3920
4800
4953
4541
2510
4299
2062
3172
167
2737
4429
2509
3751
2639
4658
1235
1568
968
402
1197
360
2350
4179
2791
2181
1707
2648
228
2977
949
4263
2293
818
1353
1765
4746
4017
2883
2191
1846
4958
3283
2330
2802
3468
1468
4491
2546
2866
4895
96
1655
2846
2071
826
4794
1956
1429
1093
1804
4198
3671
1656
1567
4568
4100
1287
3081
4186
2695
753
3776
4812
700
4981
2513
2702
3320
4025
3166
4318
4749
2306
3461
4554
3275
4692
3239
22
3124
3621
2123
3217
4274
545
4241
4480
147
3909
519
3819
2126
3308
380
3854
3770
1755
2495
2818
2910
567
2382
1520
3484
2775
2840
2459
4210
3748
4617
2560
2852
3098
1438
4265
4793
449
850
4701
2144
2013
4582
2036
3645
3801
1720
578
4691
1984
3885
1319
1938
4835
1862
3854
256
44
3468
2468
1933
4850
3632
4334
1174
3847
1957
4634
1132
3635
582
3669
4782
650
3099
1589
3675
3402
347
4890
1715
4321
3310
2399
2198
4762
592
3045
2071
1474
1504
2137
2721
3793
2129
4398
2246
2810
1903
1425
4376
4141
2626
406
2548
3500
2820
3330
3833
1202
1179
457
3708
4845
838
4246
2671
2614
3857
470
1311
3398
613
3143
566
3945
1160
478
2038
1620
500
4317
4170
2148
1513
1285
1325
2530
991
1198
3501
3818
4944
4019
2645
3248
35
588
4610
941
2451
180
4216
54
3903
1955
4150
3680
2263
369
2808
874
3972
2772
3141
1206
3704
4348
821
1106
2382
3086
3292
4539
2440
4676
1388
2659
56
4623
2445
4898
4666
91
1285
2311
1193
1602
4051
2738
583
4905
728
1056
3374
1072
1594
3173
2138
446
3555
3785
698
1248
3389
70
4411
2598
4698
970
3803
4575
691
3171
3235
123
4417
4821
1695
3762
2783
2993
407
2236
1297
3207
1743
4750
331
150
4159
4132
4826
1207
2431
3197
4292
725
4571
801
793
399
646
1014
2307
3959
3267
388
24
4918
1774
32
2684
3736
3874
1095
3934
1118
2365
1949
3544
3387
3396
319
287
4265
1646
4833
391
997
4678
1359
294
4228
1944
1575
4863
4769
3840
4083
3579
2223
1983
1429
4105
4807
4273
4631
3768
479
2250
1979
1280
3985
4091
1135
2844
15
4765
2510
83
3700
2675
1395
4226
2277
1001
2586
2241
1424
3130
4441
3408
437
2372
155
945
3078
722
2580
4813
2341
551
3068
4229
3754
2081
1528
2614
1540
1517
2381
4572
3624
3532
1707
791
2491
3586
3277
4660
420
2146
2553
166
3624
4470
572
1661
1241
66
1992
3583
1253
1897
1816
1467
659
4772
3999
2502
2004
904
841
4699
438
4505
3739
1249
136
4223
2500
1984
935
2626
1902
2670
4085
2349
924
210
3921
19
1722
338
2377
3889
3803
2394
3638
4665
3629
3535
2050
3198
1873
612
2885
611
34
4563
3330
2143
4101
3803
732
1646
3435
4112
4170
2409
769
3497
2286
4903
398
4776
3756
3872
1029
4916
970
2505
2634
1472
1490
3339
2759
4216
2837
2262
3746
2921
4399
931
679
161
536
3722
179
2457
838
4319
1451
4928
2845
89
4447
1592
1462
3411
933
3694
3939
709
4977
1312
3197
1215
1487
1275
4674
3804
2794
3645
4627
2432
912
854
2710
3442
2847
2584
1311
3326
2749
923
2003
3237
2215
1110
1399
3290
1837
1714
3961
3825
3864
26
725
1212
332
38
1924
556
2979
3658
912
851
2158
104
4856
1984
2030
1091
1296
4953
697
2773
2993
2652
1054
3323
2923
4834
4067
1576
4938
3636
3872
2619
1728
2825
3336
4802
4034
4245
4939
3177
50
4894
2204
3814
2058
1623
882
3716
1874
3885
4496
1474
394
4202
2063
4135
3029
992
1494
4907
2859
3464
4543
4321
1850
3984
2770
1050
1074
1704
4745
3134
3038
1538
896
2414
420
3256
514
4653
2070
1204
2416
1407
3570
3597
128
904
801
1915
1432
1195
3986
3524
2218
1452
2915
2351
4709
3471
2831
4318
4329
1060
3970
4093
2127
3136
2764
2134
1037
1744
4256
3030
2261
883
2011
4340
1919
3610
4271
1887
4309
1397
2998
4262
2996
4270
24
3131
2209
2283
1417
286
3313
3688
2279
891
2212
284
3571
1319
581
4549
3859
679
2667
3539
585
2994
2158
565
181
3339
2598
2914
1888
2698
4511
4247
1200
3094
153
4838
203
4435
132
3821
3754
2105
808
1659
443
4005
4283
4019
294
418
2971
3670
3959
2751
812
1170
32
2236
1108
2732
699
2174
1263
2113
990
4117
4255
2936
2999
1702
1047
4728
4063
3315
2152
51
2841
4452
2734
515
2852
4159
1730
1487
178
3586
3765
4287
4559
3204
4215
3202
3421
3854
4582
1608
2342
1266
2778
4993
4355
4087
1278
4414
282
2875
1843
3594
4434
1307
2369
3013
731
183
3084
3727
3265
52
3647
3584
1615
3643
2111
3830
4585
543
4275
1884
1686
3118
3991
1476
1845
2588
3787
78
1090
4136
3908
2034
2850
3532
4444
4001
1963
307
2310
3857
4362
3972
3206
3288
4921
2927
3557
2578
4436
3661
4702
2688
4506
4296
1224
3953
3621
4240
1927
3080
4477
4582
4033
1442
3119
1530
1765
2252
3057
53
846
2531
2324
2538
267
3671
249
2168
4723
974
2173
1313
4915
3993
4539
3361
1862
325
1596
706
2638
619
1504
2050
3987
2621
4656
3133
1736
957
4013
3921
348
4985
4383
4875
3981
295
4325
4833
4677
2336
966
389
3048
4384
4561
2523
1949
775
2424
4131
3868
3844
2627
3799
3585
1193
1355
190
2729
2923
4623
2990
4864
2703
2461
3599
4783
125
3711
4523
814
2171
2697
1616
4222
4408
1607
3542
169
1035
668
4607
2974
4454
1650
1786
1350
4815
702
463
1728
2474
3749
2630
3909
2275
4186
621
272
3180
3510
2730
697
3190
3864
723
4702
522
234
3496
1406
3415
94
4891
3189
2815
841
4015
4955
770
2523
645
463
1069
609
4034
1730
512
2179
4451
3966
960
1038
1848
3709
2230
4480
699
2287
251
782
1094
4091
3659
733
430
91
1163
3060
137
2586
3564
1089
733
1407
696
1768
311
3672
4649
3171
1554
1468
2084
2407
2578
3610
4966
905
4173
3470
3283
4448
3308
295
1904
4662
2199
2840
4167
2620
2059
1614
4590
1139
4165
3301
2885
2404
2723
1904
3569
4586
3887
522
942
2693
26
4182
2722
4432
3228
2358
574
1804
3384
3160
796
2960
3960
2775
3058
472
983
2607
4974
4574
3365
3387
1266
470
2300
3232
2244
4686
2072
4731
3742
1417
1843
1226
1555
4870
642
1307
14
1445
1434
69
486
609
3366
646
1634
4035
3195
415
3475
254
1046
4220
1451
4377
4445
33
1022
175
1986
2379
4390
3058
2600
3398
3
4735
1222
1530
2238
2679
2507
54
4090
3347
1417
3327
2581
3356
2684
4613
1523
2850
167
1608
699
3687
3578
3110
1191
4962
4664
1460
2839
2977
2625
3576
3654
3240
378
693
4988
2949
2662
2261
1727
1703
1950
45
2467
3197
1682
1434
1831
4497
4395
2823
2193
3906
1907
3426
264
1750
736
356
2993
539
4719
2416
1155
3287
1374
4979
3082
1525
577
4416
3576
1349
1671
4391
2361
758
1190
1724
2883
1386
4533
1606
290
3446
2979
2540
812
1528
1569
1294
2209
3709
634
1807
920
1607
482
3270
2408
1202
3908
2000
4197
1816
670
2732
2991
3320
3576
3543
4080
3400
581
3339
4965
3884
3470
2729
4205
633
3671
135
3845
3894
856
3120
2688
3898
1713
2393
3124
1737
1997
4467
905
3137
2600
304
4307
1765
2009
1797
1961
4367
2104
3944
3755
4068
4444
3670
1884
4571
1077
3279
3638
563
450
3303
1255
201
4292
3120
2142
773
4104
12
4506
3603
4196
1870
245
1780
4477
2098
2469
4383
4345
3817
348
136
4341
2925
1964
4764
3874
1020
41
1748
3422
4977
2623
3004
4236
536
2120
543
4682
1494
3435
1893
4279
3492
4426
3691
4427
763
4219
3486
4416
361
2833
1964
4219
907
3099
3373
4834
4190
1862
665
1906
2641
1551
4371
2728
2195
1026
3012
3878
446
2261
2567
1215
4905
2012
1648
4560
1512
4494
2240
1801
3038
3779
50
4404
4070
3481
4510
3593
4189
2757
4801
4215
3558
4214
4770
2042
3221
3428
3421
231
8
2773
847
78
352
1700
3831
4276
701
4909
109
2854
3632
2945
3813
4194
975
2901
4987
3989
1479
4596
3831
4241
3307
790
2858
2098
2869
3648
907
4268
3450
1831
1904
4616
1651
3119
4805
98
3171
4374
4200
4762
583
3724
3703
4083
3336
4695
1475
53
2214
1558
192
3272
1626
4183
781
2847
3095
4224
545
4937
4904
2797
2756
1397
2443
3632
1268
3232
4022
2738
3395
3419
3858
1107
4160
196
4319
3680
4480
3568
981
4745
2234
3524
2648
1432
4695
1665
3980
3031
3056
3669
4797
4452
4922
1872
4564
4595
4543
430
2124
1427
4464
1314
3840
3243
2507
3515
2481
371
3073
84
943
3478
2777
2866
1031
4244
1115
2560
2529
851
4919
899
2505
2875
924
4110
4821
3862
3954
1390
4130
4367
2560
2435
3210
1455
4512
4985
4534
4564
3605
415
2025
4907
269
1755
191
263
3433
3217
1751
1269
3528
3688
2697
4892
2816
3031
1742
1386
2741
2138
3455
1400
3350
3511
4566
537
4606
2283
2520
3189
3851
4969
450
2452
3241
69
2730
3191
3449
1437
2460
307
4467
4456
1446
2959
2106
1694
4544
3790
1762
1379
4434
1161
1772
1926
1012
1710
1030
3446
4174
3228
4628
495
156
4662
4098
2392
4209
397
3556
1940
988
4652
2189
3829
3409
3892
4738
1247
2622
3286
1960
1762
4649
4971
1245
640
3568
4782
1598
2188
4194
28
814
572
3718
3221
3367
3506
3683
2145
2105
4993
1976
428
2817
755
3911
4055
2541
3506
840
4056
1842
1234
4470
3645
2167
858
4257
3021
4305
6
1840
4593
2487
2200
3795
3114
4456
3819
541
2959
1719
3008
1012
2576
2915
1856
83
442
3894
4873
3376
2821
4189
3466
104
4860
1663
1172
204
4358
1871
1467
4010
1939
4808
3025
534
3114
831
2034
852
4950
2155
2938
4828
2959
3824
4116
266
4855
687
2438
2352
243
4892
3630
2850
1784
4400
3394
589
9
3388
1858
3541
1027
1766
1050
987
740
4993
15
2495
313
2923
1030
2675
2553
2308
907
3274
4184
1731
2047
479
485
844
1221
4280
4381
3635
4426
384
1039
862
3250
2225
2994
1909
2784
3653
3192
3817
432
4274
955
904
2187
1423
4147
2174
3916
324
1045
3661
1888
2852
4831
3050
3223
1921
3527
2661
1433
4425
3516
2410
4522
2950
4754
4706
908
3608
2219
623
2206
1403
3053
3967
3258
89
2187
2904
3554
4990
2989
657
1185
1371
3292
2143
4873
288
1866
1553
4065
3465
1085
113
3696
716
1363
2660
1931
3818
1784
224
4657
1504
3175
219
4000
1597
3962
308
4063
2517
4027
1952
855
2039
3991
1375
885
666
4632
3869
4524
3926
2246
358
3587
3634
1248
2696
2589
527
4114
2682
2607
2066
1571
3261
181
4454
3108
3065
4349
2986
1308
1511
3824
4425
1940
1297
4135
4608
3059
1070
919
2628
1066
3075
2292
2956
676
212
4087
791
855
3296
4097
3909
2626
3498
3494
2441
1627
1209
1228
2917
4550
4226
3063
124
533
3786
3392
3968
4283
4402
4230
171
3449
4619
4580
4798
4497
3506
683
2434
1100
63
3476
1380
4668
652
4203
3118
4396
373
4350
4621
3531
4278
1112
4684
1839
2118
1508
3327
4924
1715
4789
2940
673
4700
3857
292
2029
793
2401
1959
2069
3540
1707
3612
4282
39
3678
501
3121
3295
3916
445
4116
1726
4050
4423
785
2954
358
1043
4523
2298
2071
150
1255
3419
2835
1344
4092
2586
4135
3347
325
3655
4821
2093
4039
2922
4327
2878
2291
2965
1314
4154
3375
3954
3190
4660
4492
4470
1541
4803
3311
1398
4608
2763
578
2013
2176
4081
280
1473
1870
2666
4826
413
4181
1101
2483
1745
4257
2371
2567
3511
150
4506
4149
4284
3582
3748
4007
4768
4112
3299
4067
999
4299
400
1204
261
2961
4402
476
2726
3122
1444
2850
622
1235
697
3038
151
3233
245
4368
3444
151
2096
1356
544
141
56
344
583
2289
1431
554
4194
4355
1041
3357
1522
475
4961
4540
1679
3010
895
3756
4018
2031
1672
888
385
3158
4789
4852
2881
3851
4727
1892
2572
4213
2634
1403
3611
774
3271
4280
1886
2205
2267
2887
2505
4168
4913
547
4212
3026
2986
2605
1218
1661
3020
2293
2713
2554
1118
1994
3408
418
1650
696
3719
4225
1742
675
3429
2891
863
968
130
1487
1403
1540
4625
2193
3879
3760
3519
2724
3144
329
3437
4227
2540
950
4837
1746
3690
4677
4198
683
688
3470
3980
2929
2948
183
2213
4951
1236
4948
176
1006
2825
2842
1116
22
2985
1077
4153
2968
1780
401
4471
924
4677
3678
61
2299
878
4460
3834
1561
1478
2297
3502
3117
455
972
369
1634
314
4662
4299
3981
4720
1591
354
3604
408
445
3458
2099
4529
3768
907
1141
4345
403
2813
4066
1422
60
2296
1206
4481
3894
2706
566
3085
3163
4962
634
1557
2947
848
1298
2846
3405
2498
384
1999
4693
4766
1255
2707
4235
678
3019
443
4466
4081
4568
8
4217
916
2473
875
1680
2593
2636
574
2994
1357
1961
363
76
4844
3958
4324
3393
145
4720
967
2619
3337
4999
1012
3489
4679
1421
4012
3647
693
3101
2215
1405
16
440
4306
3541
141
604
4157
837
2299
1319
3603
1761
938
1514
3481
115
3725
2408
2852
4404
4356
4144
2364
3412
3108
2575
3632
3311
2438
125
2344
2799
4793
1299
3837
3737
2812
4458
221
2184
101
3344
2147
2267
2977
50
3181
3682
2259
237
3533
1863
2415
4700
875
1553
2043
2793
3940
361
432
1376
919
3500
4457
546
2113
145
1795
3153
1694
1299
4610
1443
1488
3284
4134
961
1950
623
2498
1033
1112
701
1258
1015
3272
3920
4280
4719
2499
3660
4891
1649
3721
1606
4827
3243
3920
558
4220
938
3034
2487
1418
4002
2556
3599
2733
3064
2328
404
4699
2039
1235
4876
3969
3852
1360
385
4969
2068
1551
1146
4642
3249
2664
0
1461
3625
4009
441
1658
2613
3489
2569
3247
2268
260
1443
2522
986
914
68
2356
4339
4365
366
1704
4679
1271
1083
783
583
3413
1840
1534
437
265
3341
1794
3184
3959
2390
4648
656
2239
4059
2087
2120
3230
1080
2700
3050
4922
3158
1496
2152
4692
3421
2601
3601
3057
3386
2859
4353
2462
3273
4277
4660
2265
3914
4572
3244
4561
241
1426
810
4895
632
4102
435
2161
4168
2675
4718
807
303
3067
1708
421
1214
2932
1933
84
63
4269
2457
4215
4430
990
1244
371
2009
2678
3591
809
3283
1783
2135
2016
1867
4711
3328
152
2150
480
2350
1579
1304
2508
4541
2768
1208
2142
3992
4221
2336
3623
1924
663
131
3412
1162
4288
2750
954
1524
4762
2815
260
1873
219
2125
2817
1411
943
3830
142
935
3434
2598
4276
3619
4836
2552
3765
765
1125
3329
2693
1349
1397
3231
1928
2219
2859
815
3547
2526
3677
3578
1400
4696
511
3712
2395
4641
425
4443
4943
1163
1320
1415
2725
4972
1000
4398
4724
4202
1467
2376
776
3143
4929
4873
637
3369
2461
4581
2127
991
1743
4098
1831
4263
2761
4452
1964
3291
2987
3457
4059
4150
1132
4404
857
2385
3535
2632
2099
4661
1166
797
3837
386
1229
977
1136
2764
3952
1142
4002
4252
792
2230
2675
4967
3947
89
405
3233
4784
3467
4576
3625
3767
416
2581
3280
2410
223
1370
4711
4960
2512
998
1925
747
418
4341
4414
1041
547
5000
2577
4356
4005
4752
1645
1589
2379
348
1140
2233
780
2147
2278
878
3188
4256
2899
2905
4268
3064
1716
3586
1630
1591
3455
547
192
974
3081
4893
2041
4838
4713
1763
2038
3271
4111
2007
948
2575
4073
1204
1760
4106
2322
421
2508
1788
4204
696
363
4116
4953
918
3353
3290
2267
2381
2621
3237
1956
1681
3081
344
4421
4337
2806
1536
1751
267
1960
3466
4548
2914
4355
1769
3827
3569
4369
2534
4834
4517
1884
3667
4519
2643
43
1075
4777
3299
664
1794
3382
1149
1759
1392
998
4104
4175
4333
3593
2305
3328
4843
3737
4983
3527
3767
2136
1372
2728
156
554
4451
1994
4712
4335
108
4521
547
2603
4735
2450
2933
3450
4079
2881
165
2247
4872
1035
276
2547
1534
1317
3782
4590
1575
1621
4606
447
4299
3492
2875
4562
4936
4641
788
4049
4304
883
1325
205
775
4873
646
1176
2964
1348
4185
529
2114
1732
25
4402
4854
3140
2072
698
1948
4384
2137
270
2758
1242
2477
1318
4560
4445
2873
1965
1892
3725
1452
750
2078
4735
3961
1257
836
1332
4556
1849
2933
485
4057
2672
3422
3340
4467
3143
4361
4406
3217
343
4604
1540
3596
4222
2592
4020
3715
4869
859
2969
2626
4319
4555
385
2128
153
3706
1815
4918
2864
2048
4104
1854
3670
1235
3028
4868
2029
623
4902
2722
3179
76
756
4614
1112
2516
4447
3250
3011
3356
2562
2183
3766
1343
2226
3408
2266
4330
859
2972
194
2937
3796
213
1718
2901
4597
448
552
1327
2376
3928
3720
3000
2195
2958
4302
1991
940
3409
2904
366
71
3766
2210
3827
1662
4758
2581
1160
1337
2362
1107
3016
4986
3213
4019
2018
1761
4456
2632
3270
3311
3471
4826
3934
4149
34
1553
4860
4402
3359
4712
4314
413
1022
4450
1194
2448
676
2859
1394
2330
3780
2848
4123
2652
857
3077
1479
4329
2540
4809
4941
4355
667
2020
4375
329
2911
2842
814
1949
3498
2694
3813
510
3359
38
192
4032
357
586
2910
2260
3425
789
3537
3372
3766
1595
2236
250
125
441
1516
551
2444
1001
2849
2930
2816
2778
4172
451
3456
2572
939
2932
1086
3598
3685
562
4129
2322
2117
2828
4054
90
1099
877
4466
3885
4381
2315
47
2828
1478
2748
2934
1525
1285
3005
873
3426
226
2312
4516
1667
3678
2943
4715
2340
3267
22
1085
4830
3906
1742
346
2043
4497
657
2256
4988
1283
2411
2224
4694
3122
1951
3534
1590
3507
1661
4583
1696
515
1164
4340
357
883
1974
2360
1286
1553
393
363
2241
3607
3310
2522
2362
4558
3939
3377
4762
500
3926
2318
4682
3271
134
2890
2276
843
2429
1094
529
1079
873
4904
647
982
3974
8
1431
2228
4109
1188
1403
3539
1889
377
3617
723
1355
1684
1082
1087
3845
3278
472
240
4532
4150
1442
2692
1848
4420
193
3944
1056
1009
4613
1325
2955
3031
3593
1212
2597
1579
4925
2551
3843
2852
2624
2814
2817
1474
100
4165
3289
207
1745
1027
294
4393
1134
1464
3367
4490
2469
3482
3139
3507
3425
1973
2045
2018
4242
2264
3601
2095
3106
2562
3811
2171
119
4225
2742
319
2796
4846
2477
327
4876
145
2316
1528
3150
2342
3011
4992
3983
1356
2840
1058
4218
1545
4857
4848
3609
350
3191
439
3480
446
1330
4508
1167
3041
2094
4198
4928
3346
432
714
2815
159
3281
3559
429
1691
3576
2167
2503
2400
1043
632
3008
4550
731
4844
4984
841
3020
244
3898
3776
4181
2964
2510
3090
215
1032
3807
244
3723
4610
4119
1597
3614
187
618
4883
387
4900
2245
2442
4653
3963
208
3913
3633
2677
4275
3599
2028
413
4357
1679
400
2565
401
2844
824
2207
3042
162
239
3650
2761
2330
3705
3863
1010
437
245
4272
1992
3182
1896
2388
873
3699
4745
1209
531
2211
660
4281
4063
1541
3794
3624
1629
1961
593
1154
2534
1723
2549
921
896
3327
3214
673
288
969
1833
495
5000
2493
4732
34
2644
4479
1723
975
1894
4375
3712
1230
2432
2358
2231
98
4398
171
1430
3171
4020
3220
3452
3123
1062
2997
835
3172
95
2337
3744
4126
784
4431
1459
1092
3575
80
4560
293
1348
730
1251
3282
3300
2692
4845
372
3665
2739
3160
1654
1026
2536
2663
3696
490
733
2266
2575
1653
4077
49
3435
4055
3781
1077
4749
4518
1203
3133
3008
735
4472
2508
37
626
240
477
1860
4133
610
3307
3460
1283
880
2368
1656
884
2287
3392
3932
1981
3817
1774
626
2076
1396
1991
4799
2835
211
617
276
1008
407
145
3958
2450
1790
577
3183
905
2584
3016
4451
3831
4286
2293
1878
425
3435
2637
1335
3513
1430
3561
4532
1288
1810
3932
1078
1877
2977
4803
2292
917
4316
2960
3468
2005
4796
695
4878
4345
1038
88
2294
4559
1891
3877
4046
653
789
2136
2993
1019
313
3832
4579
181
544
1012
1493
4483
4872
3169
935
2932
773
3797
1621
330
284
4321
1748
1906
2850
3598
896
3442
2942
1532
4611
4115
4009
71
3075
559
471
3386
4120
3156
3682
1140
3156
4087
4910
1686
2091
2127
114
482
2509
1330
3815
3591
2361
961
1182
4554
3201
1800
2431
878
4974
4038
3468
4750
995
1841
3118
561
2203
4804
4944
2197
457
3223
1392
4762
1392
3615
1586
4743
436
3212
4983
1698
3556
2930
607
1754
638
3661
1473
1543
750
3421
4245
1090
3710
4933
4422
11
1569
424
65
3210
3507
2903
4672
1656
627
3942
110
2684
455
4307
1686
2771
4462
1492
4591
1962
4235
3075
3064
4947
32
519
2743
2380
388
3771
1411
1037
4294
4160
1837
1765
3420
199
578
1688
2862
2
3389
4986
2630
4005
1853
2133
2630
4917
4628
4192
1870
2755
1218
555
1749
162
4811
2306
501
4182
3838
3628
2012
988
2071
530
1392
163
4044
2708
1355
3851
3126
2096
994
3640
4578
2651
3396
3799
930
3547
4675
3231
4594
77
724
4849
0
4586
3368
891
477
4405
4680
1427
3508
2983
1421
4615
3329
1954
3951
915
633
3750
936
2873
4132
832
1875
4618
4254
2748
3513
1073
1787
1072
2232
784
3341
1467
1672
2397
4274
604
3025
4294
1016
2212
418
1758
3647
4193
2515
808
4657
398
691
273
2575
4451
4030
4001
2263
4966
4617
1368
2624
2226
2498
371
1578
2503
1500
257
2550
330
4020
3595
4478
3268
1324
2212
3390
4271
845
2376
2717
2794
3204
4673
2864
2315
2393
3110
1
1074
3944
4275
1519
1203
1785
1802
3270
226
2927
370
2936
3206
389
4348
3525
3410
3299
1952
4624
2357
667
61
1859
2678
2903
2725
3418
3954
3159
4210
3231
3415
2528
3875
2633
4775
3092
2097
2419
4747
420
2922
3777
4000
2737
4059
4566
98
2508
2364
696
3676
4168
3934
4176
3596
1106
1269
803
4068
3340
3894
1036
510
313
2823
2869
1974
3416
193
2011
3341
1294
4049
1787
903
2880
1767
213
2660
2603
1831
1394
68
943
1079
2765
415
3433
4058
407
2027
1439
4679
195
3483
2589
4380
2260
2167
2237
3127
1556
2829
1404
635
1521
3250
679
2066
305
2528
2296
3289
1862
1315
2513
499
3156
3132
870
3398
1826
2678
685
2820
2586
1819
3803
3055
1588
886
2330
4464
3595
3502
3652
3752
718
2763
4361
487
4526
1903
911
3867
1780
1740
1335
795
2635
2987
4358
2352
2700
2932
4314
3132
2732
129
1066
181
1993
2639
4945
4781
709
307
4225
3973
3071
3670
3222
4319
4517
977
3687
3551
255
717
4311
2213
2895
2569
1411
1436
3546
3003
4421
3507
3613
2070
4385
988
4686
710
2630
657
184
542
81
3427
3189
4364
4603
4535
1502
2067
801
4517
4848
4081
2117
1608
3072
3569
609
2369
1181
2379
3985
4870
269
2756
1394
2157
2261
677
2358
1155
3813
391
1589
1956
3658
1888
3020
2981
2143
232
2096
2947
1311
586
3724
73
4330
4857
1185
3150
948
395
986
1366
2498
3409
3885
4649
2325
1382
1146
2295
2936
444
2330
307
3233
3441
2050
4407
4285
3712
2351
177
727
3969
3484
531
3280
4347
1260
499
2194
3100
4042
964
1057
3264
4205
3270
3591
4491
1234
2046
3127
1149
18
3453
514
2697
4920
699
27
4023
470
3098
2933
1247
1578
3486
1038
1137
308
1905
2659
3103
2287
412
1244
581
3950
1739
4182
2964
3225
2830
1689
1502
1233
1334
2632
1724
40
3130
1825
4188
3451
4349
4847
552
4881
4739
4448
4830
2168
4170
3235
4178
2854
2725
3655
2939
3303
3979
1069
3735
3276
3172
1370
3062
4138
1988
3645
4701
362
1675
2611
1305
2834
3426
2008
2347
1367
3554
4202
2956
290
7
2469
823
1539
507
481
3632
1161
4237
1280
840
2771
1188
2371
1448
339
4749
2908
1937
3088
762
4055
3711
1761
3926
2241
4588
2290
2402
338
3881
3256
3842
4721
2930
1409
3418
1349
1074
3024
1911
2106
2091
633
1798
2577
4477
2246
1256
4562
731
2372
2427
300
614
3800
3244
4425
303
4863
4028
4658
4303
4288
3886
3266
2361
3945
4560
2343
2925
2800
1864
2262
2141
2795
529
4442
1298
4333
4656
3229
1388
3837
2464
2654
176
2125
2753
1516
2645
4864
3265
608
3495
1035
3063
1531
1121
4767
3922
3090
2699
3309
4219
923
4551
3213
3846
4584
3075
3793
1057
819
2507
4907
39
4019
3944
890
4802
1700
4470
4771
1534
1732
1098
4136
4809
285
2144
1073
2983
740
3200
3259
2503
566
3552
2190
4552
2521
3076
3390
4099
1274
1619
1192
1368
4662
3236
2293
12
2275
633
2008
4283
4292
2138
3246
4583
4479
3852
1519
1588
91
3819
2633
1606
1072
2374
199
3680
3395
4010
2308
1203
2360
3757
3141
4672
2813
4304
3161
1509
2984
1824
1901
254
4475
3975
4411
3113
4144
2547
2928
2696
2285
3796
1067
629
467
3881
1429
555
665
2179
1498
2508
4992
4050
2269
2845
3500
1151
2991
180
3385
1048
342
2531
2203
577
2693
3779
1349
3414
2865
79
2830
1343
3328
515
4335
1863
1784
2662
307
4062
4580
3379
185
1757
2110
564
4346
2392
4020
4494
3443
2830
4426
2201
1785
2523
2275
3864
2228
4524
4380
356
4044
1657
1833
1923
1768
3496
3387
980
1665
1867
838
1748
3223
1970
4505
376
4692
3503
1928
3425
497
1560
2763
3144
2964
611
153
2205
2266
2197
1191
4227
78
4280
448
4123
2221
3820
3857
2245
2490
520
4776
2116
1507
1797
4151
4757
3150
1587
2966
1868
4458
1306
1738
107
232
3316
3207
3410
3255
4264
1552
4297
3085
4879
4679
1795
2616
479
1475
3866
2102
3436
679
4044
1649
4338
1909
4060
3365
4980
431
1099
2131
3190
293
3205
715
3915
4640
4105
2126
2098
655
3491
1298
4141
488
4741
2574
264
4914
996
2880
497
2712
4059
4364
3378
1981
2885
1781
68
4424
1024
4497
4407
4727
1529
274
1697
3798
3458
138
4357
102
4484
3482
3997
4807
1765
3231
2338
3367
4685
91
3880
3256
3845
4953
4882
2592
3201
522
4776
1315
1316
3401
4595
1378
4630
1688
729
1965
1450
4360
2762
3059
3902
2831
1294
1436
4494
1360
73
2629
4124
653
874
165
224
3717
707
3080
2123
3421
27
1027
546
3983
2473
250
4314
4715
2998
3179
1534
3274
1210
4617
2115
1921
4644
1404
3582
4982
1172
212
2397
3554
1716
1844
3386
1965
1101
733
4805
2796
2780
1127
4292
4401
822
267
1282
2797
1929
1097
309
1081
3472
2829
1346
2687
213
3221
302
224
135
960
1328
3466
2582
2127
3996
107
3839
629
602
355
3710
2045
3856
4644
4007
2948
790
1779
927
1605
3646
3644
4873
2751
3177
4826
1045
5
2468
1561
4688
2561
4271
36
3472
4674
4016
2384
3597
645
3882
3288
1355
1037
1601
3230
410
100
3113
3363
1061
1089
2978
1913
4933
3235
1657
4336
4247
4426
4149
3709
4167
979
2748
4278
808
1254
2029
1114
1692
1839
4714
3977
744
545
4567
448
535
1669
1484
678
4385
2122
3795
2806
3216
1633
3022
1961
4103
4269
2799
140
702
2844
3916
2466
1088
3151
4669
3450
1000
3345
4349
2655
3354
3996
2152
4556
2107
1062
2606
2825
4543
1772
2428
1123
664
4635
2597
4264
2491
3440
2537
3553
2684
1757
1857
375
4559
2802
4438
3534
4871
1718
4813
1431
364
1927
1741
4110
4371
2103
3022
3734
993
2119
1767
2596
4726
4258
549
3179
1260
2124
1858
4635
3530
188
3802
3545
3011
4346
147
2632
2340
2823
3166
1875
2580
3964
346
1611
444
1706
1126
3077
2825
2209
1941
2507
4542
2518
4537
4206
2055
257
1284
4038
4526
1447
3714
1965
3408
1908
3190
633
3096
3757
2650
2634
4650
2712
2748
3783
1214
2907
4929
4029
1497
3220
1229
650
3809
1428
1803
1326
363
3220
851
1894
3487
3636
772
390
1564
3508
230
4504
3659
616
1604
1745
2726
3123
1770
3267
524
3945
457
191
4590
2239
3262
1577
3337
1150
4712
4167
2871
4962
3023
2808
2561
3749
2453
2479
818
4894
2010
1316
3420
1766
3137
3593
1936
3948
41
3899
2962
3620
997
1427
37
4122
3379
3432
412
3420
2286
2388
1155
203
3046
3896
690
3688
2138
4715
221
847
2545
3432
570
2872
2120
1563
15
3640
3569
3954
3535
3364
1058
1680
786
1293
3366
3552
3913
1103
489
2685
549
79
1042
2708
222
1176
2886
2942
4853
2215
2417
88
1914
317
2808
4267
1563
4128
286
211
307
2371
3601
2282
3917
1792
211
3990
3324
1398
2876
3236
4840
710
1759
1238
3424
3514
1210
2083
632
2419
1356
685
4392
1409
4177
2040
2836
838
4601
4083
3477
4646
3448
4479
815
480
3086
3296
2563
3300
4959
1999
3924
3596
1265
1803
831
1442
1042
3335
704
3671
1158
2118
3807
3288
4776
3035
2230
3588
2603
4727
1557
2646
3114
50
4166
2062
3571
3236
4442
380
2061
836
3281
3677
1827
1127
3337
3678
4558
4820
1683
3138
4946
4586
1213
1493
2466
4896
2341
1557
1256
125
1344
608
3502
2656
1631
3072
4393
505
934
525
2591
4478
1697
1854
2439
509
4988
3505
4028
2573
4671
2461
2770
4978
35
2911
4113
6
805
39
3747
4016
1572
4486
4212
1994
3017
3237
1027
1183
2214
1307
4999
1434
4250
4261
2331
9
3774
4115
4498
3817
3190
1821
51
2081
1255
984
474
1433
630
4091
107
650
2470
872
2173
3177
3359
4109
2527
4206
2372
4191
1582
4376
4744
3391
1491
1108
4102
2869
2458
3152
4253
2365
941
4381
106
383
1003
487
1233
4496
4883
862
362
4755
4605
2717
4930
2395
3297
21
568
2871
635
4882
3474
4851
4946
270
3384
749
3464
3759
57
3195
1552
1070
1110
2254
1709
2563
1006
4745
812
3566
4580
4170
3221
900
4067
2020
2177
4539
730
4827
4599
2978
2227
229
1785
2402
396
1877
181
2611
3845
2969
2095
4877
3602
2452
2050
1400
1125
2306
4080
1232
4588
421
4999
4634
2475
1610
3062
2697
4739
668
3232
4067
4982
3676
266
1586
1378
1663
2715
2277
3768
2898
969
3733
1476
960
4051
3958
548
3460
558
4679
2075
1883
1220
259
2002
399
4077
1593
3269
731
3160
3574
3799
270
1543
4705
4229
3119
3434
920
3694
1504
4472
2248
2625
3223
210
1436
4554
2388
449
2455
3995
1154
321
455
4365
2314
855
2658
909
199
1673
2588
3555
1984
2292
2080
581
3871
4466
2376
3617
3777
442
2005
2336
2126
1805
151
743
2524
755
4263
4029
1067
3735
1694
2734
3684
1576
2715
405
4140
3679
2195
44
4317
4075
1407
4136
1844
4314
2030
3874
3385
1254
3169
2870
3784
4746
4602
4880
4025
2797
1479
3102
4881
3884
2911
3171
2495
2041
2520
503
892
1085
4477
4369
3488
2656
4886
2369
1376
1497
297
2201
4851
4840
779
2992
3284
3764
1290
46
4359
2882
556
3300
2650
3138
4527
1861
4821
4068
1755
4433
81
2317
585
791
2793
3090
354
2514
613
3038
4294
1702
3956
3543
1920
4727
3835
2555
3246
4862
2932
4126
4703
718
907
2175
3257
1943
1576
2133
3254
1298
4022
1813
1099
4106
1454
1222
440
427
3478
3716
3356
4496
532
4725
4810
36
3673
383
628
2411
3686
1512
1801
4726
3034
1631
2466
3557
2437
128
4995
2277
185
2211
4522
3051
1843
4055
3204
2581
4485
4180
2933
545
4414
686
4505
4508
4943
839
3953
4407
1555
1525
6
4191
102
2177
4423
3866
752
1987
420
4001
1544
3667
702
2352
4734
3084
2368
4850
4075
4802
891
4560
1546
3938
1248
3955
250
87
1233
1610
2440
4682
4480
1327
4104
4813
2722
4253
2106
2342
1735
4204
4895
1509
1935
3412
507
2285
4149
557
3608
410
857
1752
4008
2015
813
146
4126
1521
2873
4449
2141
2052
2561
947
215
4219
3279
2528
4386
453
1196
2356
401
272
3736
4351
1974
2882
726
3420
2600
3965
1603
948
4589
3956
3530
1091
1144
1652
4712
1088
562
61
2517
3284
3874
4292
1295
3929
2988
3827
606
559
588
4490
4207
1543
3454
1611
4480
608
4301
803
4737
3716
887
1122
4172
290
2657
451
903
2827
3722
418
3916
78
156
37
1529
1084
613
4605
2455
2165
648
1012
2876
2402
3622
4826
2507
3207
2632
4476
3743
1044
427
4916
1522
2359
431
1454
3804
3018
947
4166
804
4160
4957
2210
649
3882
1955
4972
65
4275
1059
2548
2991
1645
978
3737
2650
4423
912
786
4507
3823
1132
453
895
2710
2474
2511
4260
395
2401
3040
1645
548
882
2247
768
25
1601
2083
501
1897
2267
4599
1538
2473
151
2236
3379
4781
1055
402
2759
3727
3269
189
4427
4143
3502
1902
4828
248
3696
4500
2092
884
501
365
3769
843
655
1069
2041
2018
400
2599
2989
1759
4604
1517
3711
1620
182
1997
2150
859
2430
1435
2635
2591
543
4147
4109
3480
1232
561
3865
4900
3750
1689
1548
82
4170
3489
1970
64
458
3516
3612
3721
3158
4324
1561
897
4427
27
1987
765
4128
2975
4693
877
996
3818
1306
2253
1467
3290
4446
1665
4681
4263
1684
1223
2139
67
1071
683
3744
4507
1922
1367
1118
4608
175
3070
290
2813
4394
1869
3596
1367
1884
661
3262
2315
2634
980
3921
848
2767
1038
831
2646
4255
1936
3211
1537
536
3779
3243
731
1152
1273
4120
916
4991
4003
4316
527
996
4126
2971
675
3227
3561
4127
4432
3828
2975
4393
9
2053
997
848
4249
389
1143
179
961
1212
3731
3324
3408
4753
465
1596
3771
3718
913
2275
2578
567
1205
853
440
1114
3512
3868
335
3308
1207
2407
2234
383
3786
4306
4311
4030
416
3675
3326
3073
2499
2679
2539
3105
3642
2031
3431
991
142
1578
1701
3714
3438
870
3678
2013
2511
4149
4820
2624
3611
2463
2103
4374
4489
3881
1051
1202
4112
1219
4210
320
1930
1699
4788
1783
648
2058
2690
2122
1800
904
1924
3983
1168
2430
3281
4199
2388
1768
3360
4949
3528
2295
292
432
3305
4183
250
3718
1451
2849
4857
1220
3806
821
2872
3094
1323
4252
4042
499
3652
2987
3490
314
3128
4734
3789
1356
4587
2582
4089
3249
2715
3181
3615
3957
3174
1080
2696
3945
3882
3096
747
1873
244
4227
1173
1251
2886
3618
3333
231
4455
1632
323
699
1683
4850
3108
1097
1892
4506
850
3128
707
3844
36
2182
2841
4559
4751
789
1804
4656
1516
1887
4615
1887
2663
1845
4931
1396
4226
859
207
460
3223
1414
1926
2256
1916
4714
1263
2160
1168
220
2584
1524
641
2987
4854
3268
3898
2901
2059
161
655
4736
4934
4859
324
1116
1077
1284
160
3370
919
4716
4338
2524
4831
3434
1408
3943
3180
3629
3437
4396
4755
988
922
423
2833
4154
1635
4477
702
1789
2434
2504
4727
4111
2297
3599
1094
2033
3033
3555
869
459
1330
665
4138
272
3773
4993
2187
3631
616
2040
1736
1154
2397
4507
4106
1207
439
1169
752
2550
2349
2693
4471
2941
2955
4536
1317
3637
2921
4438
3622
1419
1401
3376
3704
2248
3713
2695
1624
4436
1388
430
835
2918
1935
4446
2596
883
1254
3908
1789
3537
4304
1122
2956
764
356
1818
1108
2955
2425
1138
1507
1471
1201
2495
969
911
2715
3286
1227
2542
1391
4027
1261
459
2686
2459
4946
4297
3620
2855
1756
4953
2467
2450
1496
776
329
4734
24
4295
793
322
3836
1631
1524
1096
1807
1701
1245
2901
542
350
1817
4655
2893
1060
2600
4149
1763
2090
4543
4191
2768
202
1217
716
1305
438
1887
1494
2871
3746
3611
4129
492
252
1235
2972
2518
1713
1166
4557
4698
2888
4490
1943
2320
3991
3583
2111
2598
1713
738
1414
787
732
4982
1363
1181
2411
2831
1934
4026
3298
4617
4031
874
3458
4275
2127
3496
1009
393
467
2305
1445
2889
4235
4704
4628
1390
326
4642
3418
4147
2239
3177
548
4890
4157
101
1099
3605
3987
622
4055
1942
4245
1326
488
1300
3757
4823
2610
411
919
587
2444
2574
2960
3555
4567
349
1614
1058
501
762
3428
1163
1409
3423
4447
1401
2656
4309
3890
2693
725
2351
4705
2626
502
805
234
1782
908
1319
404
4441
3885
1744
1906
1912
3878
2448
2816
3410
1224
2808
530
2281
4773
2429
1173
3359
2651
1732
561
2932
3012
1207
4808
2502
266
1982
223
4470
41
4619
1468
537
773
2681
3723
4267
1818
3936
4759
1482
1392
2264
797
3453
1004
4929
2670
3187
621
3410
4138
4189
2704
1565
4365
969
2605
413
2419
1451
3069
2257
768
2564
163
3324
1453
380
3541
1936
1986
406
4468
1953
3854
4951
1140
1315
440
2577
1994
4509
1002
2334
4864
3489
2285
962
369
3872
2070
2851
3106
3851
2811
778
4763
3013
76
4600
3918
2967
3470
373
424
1878
2438
1734
2478
1164
2136
1411
1759
1949
2022
4109
4409
4167
3065
4277
1307
3415
1254
940
4409
115
4231
2388
301
458
2262
1068
3527
4134
1229
12
3498
3311
574
2976
4385
1343
122
4048
2472
1462
2456
1282
1071
3196
4119
4892
1127
3090
3811
460
1258
2851
3027
161
1726
1339
1277
4419
222
4888
1285
1462
1583
940
1546
2110
3963
3665
4429
2297
2925
3136
960
3730
2092
4544
3299
2854
1685
3308
2892
4362
3322
4682
579
654
2900
4957
3119
3802
3320
3965
4095
3973
433
2952
2323
4181
2841
4516
3719
652
284
1145
631
1562
1730
3759
4220
3965
342
4068
1098
2947
4186
2062
698
3407
4198
1927
2389
1009
4480
2603
504
1134
1552
1851
1126
121
2667
2896
2932
4332
4408
3069
3816
1489
1587
1395
3380
1389
1775
3151
4370
2671
3558
1826
2828
2776
2685
1213
4702
1184
1539
2335
1506
4166
615
3375
4319
2270
308
3738
2492
1491
3377
1658
3815
4168
360
2878
4889
2442
4397
2021
613
2297
902
237
344
3295
3974
717
84
1160
4607
536
4900
2646
4468
3650
344
3654
2054
4964
1173
2688
811
1605
1164
4803
1628
2148
3197
1513
561
514
3956
2770
2509
4944
4535
2183
4227
2323
1526
2584
1784
3344
3450
2465
916
3333
4110
2366
2593
5000
3717
2569
1461
2250
1073
4459
1099
4199
1865
2666
1241
4012
1254
2144
11
3707
1727
2028
4423
3869
2824
4014
1751
4920
3480
2903
1675
444
860
4672
1812
4137
1145
1246
1528
137
176
1987
653
195
2389
4755
4785
252
1127
1027
1690
3746
496
1246
1772
1023
3767
534
4863
2858
440
4898
1369
3792
4520
165
2494
2215
1360
229
4160
3524
2020
3722
2045
4038
3394
1077
3370
3008
777
2238
1044
4843
3024
1810
1113
1025
187
3721
2871
3435
1872
331
3054
1139
1786
1039
3296
2298
1569
1773
4691
4074
4995
92
2986
414
4676
4310
3685
2092
4159
1595
311
3074
3049
2352
4943
1131
674
4671
42
4684
3620
1399
4914
1351
4145
2607
3164
4214
2711
4534
1590
4750
1816
1211
1619
3255
395
852
4550
1891
1023
49
2687
1165
1326
1836
1142
4093
1282
2115
2852
1998
1558
2713
2595
2269
3586
3087
4348
3795
398
147
620
4311
2511
1299
1643
2161
3623
1869
4051
2067
2616
741
4450
22
1809
2477
1630
242
4985
1724
4002
591
4973
847
2902
494
3727
4338
1154
406
1560
3827
1044
3233
4345
3830
4591
4632
3306
1971
3250
2392
1607
4499
3174
3599
130
2292
4692
1083
2251
2542
2287
1236
4371
2169
47
3693
3793
1617
4280
1412
1523
4932
140
2680
1601
501
1317
227
2310
220
503
1702
2522
4261
4284
3439
2288
3561
591
4456
4739
8
2262
2307
2301
2249
4048
2944
909
1936
3624
3475
4311
3024
2053
967
1304
3554
2116
1494
4393
2731
3025
3165
1181
3424
1377
4730
3887
1851
400
1586
450
2415
2501
4583
1687
1003
2095
4623
1173
1904
2593
1188
3380
1228
898
4543
579
1623
1971
2392
279
1569
4092
3176
3765
619
1687
1556
2641
4879
2442
2638
3115
763
4003
2150
2982
953
3103
2400
855
553
269
2257
639
2391
4776
267
3233
4843
2313
4995
2621
1707
1034
4373
771
1462
3936
3881
3298
2162
2788
3692
1139
601
512
2770
4022
2256
2498
612
2486
1495
1884
932
4117
172
898
4723
2729
655
4036
4853
1163
4388
3455
1994
750
588
3885
4840
2983
4421
4068
3750
4636
4335
4133
303
4707
555
2996
1946
3227
2372
1715
3469
4133
1407
3700
3882
34
586
777
4959
1693
4366
4428
698
4490
4733
1554
388
898
3197
2534
2038
2852
1731
4452
4364
585
339
1155
492
4707
4438
915
181
687
1722
3897
4515
3775
2468
323
3062
894
758
2440
2587
3875
1321
675
3218
2879
136
3147
549
859
1754
4289
4749
2215
2576
2558
2990
1728
256
1117
4864
1031
2529
1306
804
607
2440
4614
448
3045
4719
1873
4266
3046
2939
2481
2468
145
4819
2603
790
2534
2776
3808
1790
302
1051
2815
4764
4372
1828
1535
947
683
4532
786
488
2286
3036
2938
2904
2322
635
3972
4725
2414
3030
4963
1019
2514
4507
2694
2217
4162
1452
2403
41
4991
3232
52
389
2124
4223
3394
2021
4106
283
204
4199
4382
2499
94
2178
1836
2704
2397
3217
4286
4509
4073
4886
3695
4561
4316
1959
4582
1106
2025
4998
596
324
697
1975
75
4275
1448
1091
2968
4333
262
2648
3834
4038
230
726
4656
1292
3141
750
2879
2566
4901
2756
4337
2082
2568
1809
4410
647
1357
4110
4978
4386
565
1264
4391
1875
1590
445
1450
3010
690
169
4805
3837
4242
4089
1225
4678
4541
2665
4407
4607
1359
3184
1507
564
2600
1376
2376
3385
419
3006
346
2872
2317
4773
1955
3955
2950
3068
506
4102
2209
1392
583
568
2134
2862
1301
36
4756
4504
851
3507
4224
3588
2196
1603
1657
2633
43
4878
3856
2442
4933
1364
27
2394
516
858
2776
4112
4680
4353
4731
4700
2818
1394
4735
163
1190
1031
3582
2469
3814
4430
4766
3582
85
2794
453
2637
3265
2884
3738
4298
4695
1125
667
840
4320
1109
4397
415
1505
4892
947
3032
4515
1534
2248
1095
4673
4031
2958
4775
1223
2600
10
3797
423
207
1103
2291
1417
1855
2578
952
2069
2952
2912
1234
3491
4346
3332
743
191
1086
524
4629
362
1890
148
4057
2154
3283
2720
4158
135
2921
2782
965
3777
3143
521
398
1574
3452
1717
1175
3390
4150
1771
2975
3859
143
1441
1293
800
2098
2960
4241
217
1814
730
3358
4741
3041
3042
3448
3229
1799
851
4088
15
2541
624
3607
1402
729
3138
4494
3436
1257
17
2932
3820
4455
3051
2931
2343
1019
4446
2310
86
1403
2801
4245
1211
3512
2612
763
545
1708
4610
2143
1340
190
2322
4131
2355
4055
37
3199
2718
480
4683
3456
4572
4968
3122
2230
2584
2925
4014
4116
2055
1741
514
1200
4037
3036
1410
3798
3488
1096
1494
4736
4263
4463
4385
3280
3007
2347
1847
1826
4828
3840
2193
4852
1841
154
4194
1214
1441
989
2503
4262
1932
4578
3289
3590
2250
176
43
628
1005
4142
1977
4184
4339
2185
205
202
1228
4891
325
3731
2717
265
176
4371
3083
3775
3756
3321
720
4102
4300
3377
447
3305
3495
404
107
895
4628
1135
506
3786
1110
4977
4560
3624
1838
421
3645
3024
1149
1677
123
244
3111
2748
2671
2575
3287
3666
1722
799
252
2518
4930
659
4618
1641
2948
2537
510
2368
3511
2233
2262
4885
3367
2496
2331
3759
1859
3901
3254
598
1696
2184
4787
693
1939
4555
4204
2109
3032
2389
695
3047
3012
2239
2922
1384
3938
1269
1646
2080
1377
1242
3496
2395
2956
1537
2880
2804
4720
1232
2145
2910
3916
153
324
4893
4708
1877
3892
2593
2861
3340
4497
4911
2586
3282
3799
3996
3754
2607
3153
526
881
1107
1117
1618
4718
3396
4190
444
2639
1058
1142
3276
2444
508
2510
4018
1645
4536
737
853
2270
4657
684
3463
3430
2225
2976
439
3848
1920
383
4498
1749
802
1978
1814
1722
4075
3361
4523
3102
4195
4961
1666
2279
892
768
672
3358
4119
4074
3904
3036
2770
3190
3708
991
117
4640
4778
450
2032
694
3162
4617
3172
289
3852
2893
4502
4798
4404
1378
154
78
3375
4429
4670
164
3823
2978
2748
2044
2600
1367
586
412
29
4832
2457
1983
2386
2742
1842
1620
2365
675
1289
710
84
1507
3132
3846
234
943
3074
4870
818
593
1103
2924
632
2185
2540
2024
2009
1200
3899
603
205
315
2029
4967
717
3067
1052
3838
4633
2545
3616
88
305
3446
4657
4018
2295
633
971
4962
1396
1088
1949
3822
1188
3270
4296
1479
1459
501
1069
4269
2099
355
3172
2030
1024
1168
2528
1506
4903
1458
3795
1153
4777
1107
2947
3934
105
3106
214
3541
4741
403
1123
2487
3761
2791
4183
2712
4589
3773
520
3021
369
2489
3208
2708
2488
3290
4800
3206
2790
3517
2818
4528
4609
4113
2015
381
639
113
2853
1769
1907
617
2129
842
4393
1799
3830
2185
4785
599
4914
906
596
3828
3043
4908
1111
402
317
4939
1454
3042
1325
451
800
4784
3482
4222
3789
3893
3710
891
867
4032
2860
4272
1617
1129
818
3482
2814
671
4227
899
3182
4230
3771
2506
1526
369
2505
1090
853
283
1949
4319
2619
4266
466
3526
782
3527
1310
2048
1291
1576
168
1842
2902
420
2686
4772
3715
1361
1816
2737
4475
1689
3272
1183
370
974
48
197
2348
3427
131
4356
1316
1605
3133
2501
491
1023
2412
354
4981
4746
2580
3990
4854
286
341
1781
1402
2770
3838
3612
4318
4797
4744
2137
319
1306
4169
2071
254
311
1673
4464
2705
4972
273
547
3093
2758
527
1159
3038
2787
3248
3092
1687
4261
1046
42
3044
4797
4553
4485
508
4091
4998
3677
2247
2987
1159
1109
2311
3663
4956
967
3231
2746
2163
2802
2962
1905
2170
790
1704
2735
4152
218
4166
4906
198
1107
3171
1493
3512
4196
4763
2449
3193
2596
3084
1610
2891
627
4398
43
1014
1297
3680
2961
268
2857
344
3597
1952
943
392
4353
3875
1610
318
1447
2322
1729
2285
4190
3763
3689
4974
562
2156
2108
3372
4384
4455
629
2855
3368
4296
2422
4352
641
4144
1897
3712
1408
3697
2464
2606
2543
357
2154
4360
3417
1116
672
1950
132
4662
378
4947
876
4082
124
1355
2008
638
538
393
49
802
715
2455
3156
3876
2402
1171
4625
4572
4404
89
3349
3214
2515
1510
748
1049
1221
3406
3329
138
4532
3654
2593
3489
142
2086
4644
4896
1908
3072
1652
3475
787
3730
2588
3963
4545
420
2861
1883
1733
4554
511
2730
1350
900
2663
991
2122
3359
256
1540
191
1667
2044
4732
3127
4551
41
4602
2333
4166
1940
714
664
3655
3786
1774
176
1635
1652
315
2791
1887
774
3482
2599
1940
1628
3657
2621
129
4523
1019
3336
2192
1004
2142
4031
1659
2600
2672
4385
3812
4541
2036
4415
3219
4144
2923
1450
2309
110
3334
786
3100
4480
3014
1843
4151
4279
2958
3265
1540
3312
2076
2879
2291
1850
1760
4615
522
2765
2160
1880
4993
1848
3269
1167
353
23
2511
813
3554
4577
1998
3548
1327
1329
2235
2430
4286
176
51
160
498
3758
878
2145
2398
4244
1732
2948
2940
1724
880
2269
2587
2642
1445
1006
3373
4339
2698
2022
2452
2468
2406
3722
1364
4981
3758
4484
2663
3549
2027
4257
957
1208
1591
4252
1167
1447
463
3855
495
3336
2351
178
1406
937
3824
2508
1757
1399
3382
1937
2111
1719
3758
836
2006
595
1070
1856
1294
929
2425
3378
2718
495
3565
999
4277
2581
2072
1915
3906
1990
447
2554
4257
1243
688
369
457
3182
3002
4858
2352
1247
282
260
1793
2052
3770
1999
1677
1127
3434
1639
45
3732
3685
2705
2709
4851
3686
4056
1840
2761
2652
1496
1978
1139
3369
4924
187
1251
4115
4956
1023
2775
457
1004
2093
61
3562
1148
567
2329
1019
2682
2506
1759
1806
667
3479
801
783
2592
3793
289
2248
3266
905
3112
1799
766
1988
1615
4373
3875
1119
386
2976
2764
3426
336
2428
667
4917
1807
4042
4636
2458
4224
1341
4832
3062
1901
1518
377
411
3073
1568
2028
2853
958
3829
45
845
1424
1442
1904
4442
431
4957
1428
4486
935
4147
3948
3562
2730
3737
3912
2980
4469
4629
883
3693
3224
3930
2803
612
466
88
1877
2700
58
4340
2974
1591
3919
4432
110
3106
1388
1809
1745
4931
4470
4222
2695
1102
4995
1488
571
2417
1082
1133
3816
4552
2656
2975
3656
3673
974
4483
233
466
1627
448
4169
4623
810
3782
4779
3736
4134
1586
1007
1646
4405
3120
2254
2312
1233
1642
4002
3150
2392
794
4211
3647
1609
1679
1281
4610
3023
2489
3758
154
409
4282
2704
3855
4130
4525
4429
3333
1331
4271
4512
994
3842
290
478
3944
4119
3180
2262
2936
3352
4491
4006
4974
4897
799
212
3631
285
2640
3336
4769
2120
2443
4774
1122
260
1742
217
3062
3682
3874
2109
2785
2790
426
697
1356
2839
675
9
3583
658
2329
3850
3242
1993
3571
1988
1479
558
2032
2063
2831
292
1061
4982
2925
4606
1979
3363
1929
4073
2581
746
3133
4808
4643
202
3685
450
1073
4825
1498
10
4821
3485
3656
115
1281
403
1982
1923
4757
4636
2275
4790
3605
726
3470
1166
2391
3688
677
2828
1695
3288
2930
4630
1823
462
3656
2923
3091
3751
4393
4227
2361
1561
271
3725
4451
4955
2428
4156
875
2904
4789
3324
253
3497
3831
848
400
541
4234
2618
2280
2506
1047
1196
2510
2380
630
4436
640
2957
346
1634
965
2887
4230
477
2976
3597
438
727
913
4087
138
3259
4551
2036
4277
2751
4161
1984
2082
3240
1346
3556
3743
2839
1693
2091
2100
4725
2795
2040
571
4907
3725
47
4015
568
2144
1107
4034
797
2634
1069
1345
1568
722
2127
2872
3452
1457
2028
4265
2670
3645
1101
701
1732
3959
771
359
4297
3352
4665
1137
3379
4398
1862
1348
3524
188
4380
3040
82
4866
2479
3206
837
648
1184
3293
3749
3061
3710
3552
2000
2038
119
3409
2576
1009
353
1112
356
4565
4434
675
3426
5000
2398
1112
484
1218
2083
1587
351
3682
1544
3516
4242
31
4236
208
3425
2426
1174
4564
880
4170
4863
3282
3788
203
4403
3573
1050
1439
692
2297
921
1578
1594
3288
3857
4389
4186
4840
2852
2295
614
301
2195
427
2808
901
619
812
4420
5
2258
1779
2389
2442
1810
3687
4023
2658
3062
1888
2712
2274
3271
1104
3839
202
1111
385
4575
1932
1385
2173
3194
216
388
301
4193
3091
4334
1698
3664
4700
1044
851
755
3531
3247
2380
4271
3929
1291
4973
663
4213
2488
2495
4013
2308
745
4129
4240
2853
1028
4787
3300
4342
938
2340
3172
3027
4232
944
3932
2039
2981
1753
3442
967
1386
4300
4422
1301
2096
539
2514
1529
3815
1949
3400
2982
4411
2055
4383
2303
3306
172
1504
4129
907
3563
2580
2882
641
3698
3318
3696
1408
3866
4853
657
4520
1118
4301
1862
3114
3685
4757
320
3183
3704
2039
3082
4847
4026
107
1219
1216
2700
2049
29
1501
2846
2489
532
4398
594
3050
2649
4175
472
4165
60
3237
2036
3269
2839
4432
4162
4677
1469
2904
177
2534
3181
3611
2512
4764
3190
546
3109
4110
1909
3225
739
3594
2618
2570
2804
1485
4277
2081
536
4110
1647
3416
4290
3787
1642
17
214
4254
3354
184
1219
2046
4406
743
1751
3005
723
2780
4457
4476
4583
1858
281
1953
3599
1147
3816
4555
2443
2922
2776
2581
434
2854
1869
171
4017
4599
3988
1181
3971
1694
929
1175
4599
2602
2891
1022
3677
3280
4877
846
2814
553
4550
884
462
2513
3329
3331
3373
3695
4380
60
2250
3240
1536
4319
3727
4002
239
417
520
4634
973
3987
632
2523
2386
760
519
4130
4133
748
1068
2233
2580
4466
2047
1262
2713
47
4376
3207
1018
4495
4803
3924
103
4601
913
3679
3324
389
4420
590
2103
1761
379
2962
864
256
1808
824
661
4296
2533
585
1493
2433
919
977
893
4670
2537
4580
3661
3448
1475
97
1156
4993
4824
1668
164
3653
1537
1606
4045
1615
1420
276
1137
2353
88
1448
4171
4960
4789
4416
2242
6
3950
1169
4562
419
3298
230
4027
1307
2085
1465
1299
2115
1406
298
3947
1065
2611
503
3885
730
505
3046
1749
797
95
2084
2605
135
558
4220
4810
4466
3761
832
4666
4760
4049
2438
4570
3820
411
1623
1279
4696
502
108
126
1487
826
752
2627
684
1805
3515
2072
1871
4021
1440
254
4123
4496
4170
476
2897
2945
2173
4263
2094
2675
1779
741
2511
4063
997
2687
2852
775
3474
4394
509
709
3817
4289
1470
4815
1886
3416
2827
2638
1860
1344
2282
1770
1597
998
427
2969
2624
2059
4726
2020
1671
240
1234
1596
4301
4162
3310
1617
488
1168
4767
644
904
2919
2422
3055
4173
1212
3320
2247
1236
4230
3462
1219
3102
4187
1712
4130
2497
4127
3704
48
853
4681
2712
1164
364
2462
3975
2227
3331
721
4846
703
3632
3329
2699
4132
4280
3947
3202
1980
4397
2917
2396
3300
192
4819
4006
2989
4355
2979
1298
1179
3282
1653
4551
395
2823
4960
3894
2876
1131
3176
2499
3817
2213
115
2912
1426
3245
4066
1592
3249
4163
245
3018
3541
3183
1786
744
1326
56
1127
4058
4187
1647
4774
1245
4827
950
2664
2086
241
1454
1094
545
4127
1365
2332
3899
1370
2533
4960
1246
4659
4531
4809
2238
3719
2679
1871
1966
3365
4943
3010
975
508
2844
3937
1459
3241
1819
772
3499
4165
1648
2287
3049
4938
2552
990
1544
2690
459
772
117
4423
575
324
4266
711
3114
3554
3697
1196
3403
94
139
2835
1920
4310
1958
4670
1543
4449
790
908
1002
2124
4781
4035
4799
37
4992
4022
3700
2620
4271
164
4865
2282
2318
1399
3584
1994
2362
51
270
1014
3786
2498
3564
2420
1227
4538
3954
3174
3919
3113
3524
2864
4630
2052
4056
2129
4664
799
978
1562
382
2449
1014
2179
2563
4253
3539
3020
2739
3216
3194
3197
358
3514
2157
4332
3443
170
3928
3911
4362
396
441
610
3072
1487
328
2252
2719
4642
3214
4562
1398
4886
2603
2100
1015
4785
3595
4727
2156
2533
3628
3341
4314
4169
2554
118
1673
3101
420
937
585
4952
4906
3448
846
3059
1346
3397
4582
1594
3431
3681
414
1251
751
3720
59
2384
625
2445
3424
1674
1601
735
3679
1048
1379
2290
603
4633
4491
95
276
312
3458
2747
4424
3218
4001
2726
2040
2231
2841
713
2013
3826
3818
1232
3108
3031
4975
4133
1772
2230
2079
1657
3262
413
1908
2131
1907
4094
3537
2948
3188
2759
3266
4247
2839
4138
2196
3779
3324
2928
1205
216
2948
1549
3284
192
49
4792
3410
1816
2036
3012
1067
4775
2584
3361
1414
4796
2119
1230
4154
1638
2012
509
2581
2562
642
1010
4346
4727
1253
1763
2783
1754
3845
3257
1218
4037
4287
4642
4681
4003
4165
3486
3947
1759
1793
4092
4764
3047
3342
3687
3492
1488
3205
4383
2001
400
2389
3201
1721
1844
792
1525
3227
1557
3403
2293
1230
4888
3909
1648
1166
4586
1193
1101
1338
2532
2192
4288
3067
4719
153
1246
4943
4862
1268
3862
393
2029
3650
1779
4733
3385
2833
2705
1080
2521
2397
3039
4909
2376
2805
1414
1026
443
4720
2358
1445
4578
922
3867
1674
2707
4595
2751
400
224
3942
551
3189
3701
4544
3625
3644
2651
3562
2345
3519
3913
189
3216
2313
4174
1542
451
1629
4308
314
551
3561
2346
324
951
1408
1352
3469
1560
933
3358
4111
4273
4822
1384
251
1455
3467
601
530
1040
2560
4192
4598
2416
1178
3482
807
4499
2482
3468
2795
4440
3399
2156
4045
1492
3058
2667
4751
3097
4958
443
3531
1107
22
1349
4087
976
4099
108
3607
1317
582
2677
4178
4625
1772
1271
4692
2018
1004
4768
194
3481
529
3539
400
2807
3030
2425
2945
4565
3298
2645
2181
2747
772
2056
4765
4550
4618
2987
1746
4757
4249
2321
3725
3984
4023
4935
1612
4981
945
662
3491
3028
2604
3075
4007
4189
3040
1081
1316
2437
3007
4667
3000
4548
1869
2471
1905
3813
2073
2760
4939
95
1692
3990
4403
4279
2648
2262
1311
807
808
4200
2304
1242
3954
2017
4647
726
536
1200
3074
1570
1982
3395
4560
2915
4850
4820
4250
3297
1710
1229
3757
1301
2580
980
2329
4291
1516
2635
280
2462
2903
1253
2287
2571
3631
4152
832
3498
854
1812
2347
2695
1346
448
1724
1790
3002
1550
3665
561
680
2030
694
100
537
1591
3375
4862
3721
2041
2623
2363
4101
4385
2346
2347
2095
2557
2004
3458
226
3466
2612
3088
123
4709
1097
2741
1137
3046
3327
3050
1162
3171
123
850
1499
936
2427
1456
4028
3551
2519
691
4469
4266
1467
678
413
4662
916
3408
3640
1419
1637
4219
54
3987
4736
4203
1344
4143
2006
2766
4931
198
3264
1679
3287
2091
508
4947
3152
943
3299
3107
4740
4150
943
368
3056
3859
1673
118
1646
716
3650
4021
1635
4675
4805
1492
2719
2557
1182
4975
2853
1870
4448
1868
567
3578
2499
1760
988
2002
1198
4089
4992
953
1395
2823
2726
4060
2531
4505
3305
1608
4229
1956
3504
1175
4037
4087
1950
3381
270
4269
1607
4356
2224
2904
723
4191
2108
4957
2348
1059
1187
4865
127
1903
2655
4676
1671
750
251
4578
426
1177
1292
1455
858
1264
3799
3553
1342
3803
1701
2254
4018
1031
4806
4010
597
1835
4308
1154
1855
882
2405
656
2932
3166
3804
1176
249
4844
3233
1119
3766
2478
421
1961
2688
1636
2855
1859
4641
1840
2732
398
1086
4805
595
2643
1793
3030
2512
218
4779
361
4705
2700
3162
2308
1693
2160
4641
913
1461
3073
1967
1910
3115
561
4477
1567
2772
4059
340
4364
1193
1862
2278
3440
3370
1965
1942
4747
3379
4974
1189
3021
4511
4948
4140
3433
1678
2931
3669
3174
901
3090
727
1213
1850
673
1839
3862
4558
1024
807
2527
4419
894
4314
1875
3956
3974
1440
3607
2976
1713
4746
2775
456
1950
1371
1069
406
3711
4537
3513
2699
4676
2129
2953
1984
3154
4034
4438
4098
2626
1270
4639
3317
861
4921
3924
1847
1532
3665
3895
1291
3042
790
2833
4245
4681
2523
820
356
2197
4430
4272
4738
1663
4571
1748
355
4759
141
1548
2358
3604
4610
2401
2400
484
925
1938
700
143
2367
994
3777
1682
2598
1127
1646
3698
48
3564
1778
4259
3863
3395
4145
4771
379
3149
1361
2674
4267
1976
1134
1738
2077
4664
3472
2678
1362
178
3264
4809
410
3781
4820
2620
1196
3786
3206
2570
1953
3948
4363
4697
898
1599
1892
3606
479
4199
119
726
905
1940
2461
4669
2829
3370
209
4105
3862
2478
2814
3356
4276
4932
4466
245
4034
4592
1077
154
4429
3582
3550
3985
2543
4231
3182
1310
2422
3436
4234
4105
2938
2720
3313
3540
3791
4513
882
2658
2577
3343
2345
936
4259
2035
1718
1170
4725
1136
107
879
1483
353
1503
2087
2810
3722
2526
249
3373
2895
4710
1763
2842
723
1059
532
1012
474
4697
358
2364
932
1565
4110
1414
3017
3772
64
1335
2348
3395
2677
4218
2647
655
360
1682
750
2117
2053
2977
3321
476
2931
1900
3734
1914
2966
3322
881
1624
4709
6
511
3568
830
1433
1004
1431
2766
3608
4663
1226
4282
1040
2080
2374
1103
3118
4716
1228
2349
2579
3433
4360
475
4001
3014
4895
1088
44
4104
3107
1511
3647
548
1860
2462
3199
2526
443
314
4910
724
3670
4871
1658
4668
4392
2297
3890
1864
3411
1353
2096
4267
2079
2440
584
83
492
727
97
4881
3022
4279
1031
1409
3002
2893
4399
3109
4683
2850
1674
1079
1075
4779
63
4407
4856
3844
1642
3823
2458
2657
2017
1682
2887
3115
838
373
1214
2850
41
215
1452
3803
4039
3726
1312
477
2601
3762
3802
3259
3885
693
713
807
4072
1835
4316
1775
4067
4485
3451
2313
4799
3382
4996
302
1511
2008
3830
2254
2216
2285
1899
396
3421
3492
791
80
2608
2404
3330
55
1764
2620
4110
3937
913
2644
2681
1140
3262
4608
3030
1300
1430
2115
4509
1442
2930
3823
3202
2653
2254
4286
4275
3831
327
4673
2234
2406
47
4860
2355
207
831
2483
1917
1915
3624
3236
1258
4740
2612
2997
4478
4978
1526
4040
4424
3432
3650
358
767
4500
2624
4514
182
1689
2561
4966
3988
1640
9
1391
4196
999
4060
2655
1079
4348
4283
4984
4817
563
2302
4871
4387
3060
352
3877
4733
849
1833
1574
589
1764
4803
2002
732
1957
2446
1331
2835
1322
4571
1033
653
835
2102
4344
952
212
2740
2057
2249
3561
3285
392
2393
78
4456
820
1172
4444
3896
181
2673
3555
725
3713
1790
2550
3875
909
88
4443
1969
4773
807
2483
1583
3531
1177
2666
2268
1936
2201
4998
4957
4301
2152
1058
2500
463
3585
201
783
2887
3062
4656
3797
4920
2923
2844
380
918
4214
4581
4629
2772
1824
1759
800
89
4771
4211
4166
3908
4386
193
1680
1337
1752
519
4474
2599
4117
1403
4788
2968
2368
33
442
2556
1465
2996
835
1714
2794
2550
1108
2962
3896
3428
882
2948
2475
3572
1821
4987
2361
2444
3714
1993
2329
3192
2319
1655
4819
4230
4277
1336
2299
2275
188
2429
1327
4558
4309
499
4998
461
2683
4502
591
4425
1286
4362
2739
3222
1986
3463
3510
741
4092
4577
4131
602
2928
348
1441
3297
1294
2220
2369
2133
1239
4902
52
2018
4824
833
2838
3064
4884
3430
2594
1826
3948
1255
2499
3596
1234
2620
4093
4739
4160
2053
2442
2521
4614
656
4507
892
2532
3714
3208
2696
607
1920
3933
2911
560
1645
4734
245
3904
1230
4650
4641
1518
2435
1747
959
1499
2446
4641
4779
3113
2403
2641
2860
65
1148
4476
1784
4983
3327
386
1336
1192
908
2742
501
4313
263
1024
2618
4329
4142
174
2510
396
1772
1176
8
4925
811
1979
2117
1088
4948
3482
146
919
3712
4407
1328
1827
3185
4157
3965
4254
4106
3960
811
2857
2570
1003
2560
3318
1994
2509
2210
1957
40
1329
19
3606
2790
3368
455
3739
884
1871
211
2632
1321
3789
3540
2436
709
4739
2800
3648
2368
1648
4311
1005
68
2997
3985
3321
1022
1147
4095
1747
2056
312
2483
3621
753
3559
3558
3330
1257
4961
1698
4815
2262
2169
3279
3465
4377
2598
3023
1021
2446
1033
824
69
4533
722
1139
956
4516
2327
3534
4178
469
1151
303
1918
4952
1253
3617
3033
4609
4249
1420
3697
253
3619
4519
4643
760
2448
4031
965
3213
1856
2697
4731
237
4873
578
4728
4749
2929
1922
2664
614
2050
2866
4537
2122
3302
1160
1607
1593
3894
2038
4299
3279
4426
4622
660
1740
329
1102
4852
3662
2228
2694
3359
2572
3102
949
963
2323
3793
12
2042
188
3953
3327
1941
371
2291
3689
1050
3088
777
1973
4702
3446
1629
1797
2711
1588
4993
3963
3710
4000
1758
1796
176
1569
3471
4715
4350
4761
3480
733
2058
779
3900
4650
1028
3099
205
335
82
4691
1340
524
2614
3912
4463
3916
3725
3641
163
1223
1157
4972
99
2709
3316
1738
2666
4078
3546
150
2980
1118
3323
3526
3571
276
1190
3016
2285
4755
3778
2968
4072
4826
1682
664
4733
3119
4797
4979
4203
1797
3534
2940
2847
1189
13
762
4296
130
4890
260
4521
4274
231
1735
2483
1724
4667
1969
3063
303
115
2440
455
4996
1672
1183
947
4082
506
1053
765
507
4786
592
3071
2628
4589
1676
3657
4509
2459
161
1960
2073
2317
1904
1397
2968
297
2239
2020
1676
3808
3832
3045
2394
2059
3099
2402
3018
1695
2549
1656
2406
4029
2888
1055
3485
3797
793
1260
1115
2220
4752
4543
1935
4579
2303
3420
1708
2545
2365
2577
510
4600
802
1633
2958
4564
4221
4081
4593
4283
1655
2049
513
27
3392
246
4186
4702
3516
4208
2768
2693
2208
4498
4034
3784
978
1419
4064
4374
998
2064
1511
2687
1695
3616
1841
749
4061
517
4488
1794
1440
365
2943
4277
1132
1691
1885
222
2390
286
373
333
3678
4422
2458
2425
564
4668
3979
2285
962
792
3588
1541
1491
1646
3465
2282
640
963
4300
3856
4905
3517
668
4037
1196
3636
2721
4678
4111
2315
2459
1669
4462
4210
1373
4932
653
2044
3895
4965
4852
878
1516
2744
2841
748
1566
1428
2429
1673
1678
2512
3447
1033
1459
650
1636
91
1510
213
1960
3807
1061
1966
4452
2121
151
3715
4004
2087
1118
4517
1269
3172
776
4998
4838
2520
3868
4441
3241
3437
3501
597
1330
686
1526
3946
4333
2385
2072
4518
4053
931
2674
3425
166
2186
1717
3043
3061
3608
3708
3544
2947
4671
2340
4259
3844
1688
1546
4977
403
823
3952
4167
4739
1239
2103
298
2381
4857
4300
4209
1966
4509
4205
3670
4641
4241
3785
692
1782
4202
461
2531
3624
3965
427
2843
3498
1123
3177
4777
841
3686
2092
4651
1567
1998
2846
3026
4614
4395
3288
4758
1672
542
4108
3417
2600
1358
2353
3507
3150
1497
3470
3030
2280
1904
132
3721
341
39
1718
2136
1814
4971
694
2746
3471
3970
2179
2842
1360
1988
3030
4944
2584
4193
1759
2620
3950
1280
4280
4253
2526
1540
4634
73
1310
371
4761
1852
4919
2387
3694
825
482
1607
1550
520
788
507
2739
4796
1931
2917
3291
3018
2791
4447
3829
4225
1989
6
1755
3199
666
4128
897
3050
3113
3625
3208
4481
3546
4382
1794
1621
1618
749
333
2772
2413
362
80
336
2026
2767
2019
18
984
2026
1688
4230
2426
1194
3509
2842
4144
3782
3747
2173
1192
1595
3811
1519
1473
2014
587
514
2361
2513
2848
3475
2761
4434
730
1184
1852
4944
2555
756
2829
2191
2934
2153
241
1997
1763
700
3514
2633
3935
4939
2746
2518
2921
3069
728
482
561
4060
4066
3378
1671
2547
4924
4718
1666
4328
880
995
4978
674
183
735
4290
3710
572
4998
1633
3868
3642
3075
2400
3252
3321
4449
2053
51
3118
4590
4155
3997
2297
592
3592
3205
1777
1401
2309
4443
4514
2908
3132
4770
4920
2746
4157
1284
4369
3522
2265
4341
2660
3690
2369
3614
1560
1696
4571
3637
2287
1800
4335
4830
1868
2915
3956
61
1952
4110
3096
2129
4768
2910
3758
3420
3900
1635
2762
194
711
2921
3543
1519
4675
4951
4245
2430
4500
2433
458
305
3013
2913
156
1980
857
3435
1381
315
1413
4014
3939
3213
1009
191
1617
2045
3177
3950
1020
1811
3666
3364
3595
2380
3374
3805
99
3901
1457
1592
3676
4348
1705
2206
59
741
4698
613
285
2359
4180
3692
334
118
350
3
3413
3780
4323
891
3100
2890
3214
2623
1710
4958
1612
3566
2702
3755
1610
2895
3872
1148
639
4456
3395
3679
3543
3428
3706
2830
2036
4607
116
2824
4972
4549
1166
1892
2723
3137
4691
4540
1500
2143
174
3948
4617
2226
2145
1322
543
2559
59
2682
4488
42
914
1930
2901
4773
2006
4971
4776
4651
2146
1117
824
4456
3747
622
437
4417
2210
691
830
3995
2666
1568
1855
76
1440
2534
450
529
3293
2185
2137
714
1472
1703
45
772
2671
1796
1234
932
4415
1761
3043
2096
1587
496
336
4742
107
4510
3563
2979
4725
4742
3245
2784
1590
4479
2364
2845
518
3819
507
4701
4447
357
2086
650
2036
3822
4933
797
3969
4095
3961
739
108
2808
1689
2400
2121
1557
1085
1011
1286
4062
1206
3558
685
790
1474
2272
1985
4965
3363
4722
3759
2843
3163
1998
740
625
106
300
1379
4136
1609
477
1294
3223
1213
1295
3046
4361
1756
2817
45
4464
3329
4620
957
3368
3533
4077
2509
2353
4088
2695
4683
914
1969
4656
4603
4397
1608
2570
326
2373
4773
653
3949
4191
727
3227
4433
3400
4417
1492
480
741
1926
1500
4204
4260
1609
3166
4979
2349
4974
1056
2685
1531
2716
1003
3487
4306
2840
3238
3248
3357
4712
3239
1958
157
4165
2471
4063
2466
2488
1747
2286
4452
4057
2906
2714
2402
1121
4760
2014
4803
598
4794
2603
3326
2331
813
3398
4355
1761
771
1990
637
2763
2348
4533
1997
315
630
1354
2951
1423
4936
1105
2659
2660
4660
2372
4585
2107
1630
3039
2227
1908
3273
1067
3802
2428
4805
969
3646
2141
4411
1677
491
2760
3036
3079
4423
2300
4432
4538
1910
1452
2231
48
1982
3710
1092
2601
4869
502
979
35
3694
1311
1179
740
2609
827
2012
1944
291
3948
2887
2682
3439
2834
2828
2565
2517
1584
2492
82
4736
2563
3869
2469
4892
3002
4479
444
1463
4821
2263
2184
801
4707
128
4586
2351
4694
3236
1557
511
1195
3427
4413
2790
872
3972
4390
4681
300
4458
1255
4872
377
3861
4632
2619
4749
1621
471
3848
2792
1046
608
2768
3617
2200
2716
350
2520
575
520
1545
4806
1784
4469
3855
1749
731
4484
3988
3611
966
2654
4614
44
4705
1871
1596
3810
3318
261
4690
3266
1269
798
3334
1753
3653
4331
1566
4842
499
2822
4033
2258
3428
2874
720
3742
4815
4496
2273
3528
1393
1791
2656
3144
1042
2588
4342
1624
4265
1784
4101
1234
1422
4660
2541
4034
2076
2816
1135
4772
1900
766
1827
2651
2123
1250
1848
4734
1431
3165
4832
2976
1705
3537
1495
3023
4707
3138
4059
953
1898
3556
3010
1584
2779
3027
2201
2164
2006
4552
4124
1495
1091
587
4038
1335
239
4098
4940
3179
4798
3552
3944
864
4063
3635
3468
2322
1935
878
3594
1901
4732
4818
4495
576
4048
4309
4015
3528
3617
1182
2199
1544
2493
2494
1988
1067
1046
2157
871
2436
1070
4685
3266
504
1448
3850
920
240
2915
1523
4970
3359
1596
615
4567
3262
964
1853
1712
954
3912
411
1027
1151
1532
3740
4964
962
643
4306
1973
2081
3205
2471
385
2473
3455
2588
3099
2502
1812
2105
2438
4654
4862
2408
1736
3501
3321
1736
668
3214
1370
4376
3276
2387
2752
2726
2529
1090
183
3286
3607
716
2081
4339
3396
4041
499
859
3474
1859
3340
1121
3219
4497
4500
4093
3031
3005
3997
643
3190
4078
4616
4292
4477
3607
4732
2696
1700
1981
3463
72
4157
2045
667
3291
4457
1122
1506
4474
2338
4667
3411
807
547
4087
4658
2434
72
1089
1401
2133
736
2249
549
3657
4512
1861
1174
4979
1314
3357
333
2489
3330
4775
3011
2495
1722
1084
616
935
3259
555
3510
3404
4173
1468
342
3928
2200
4047
1167
1810
1859
2254
2438
327
614
2900
3859
4068
80
570
128
1455
167
2117
1900
3966
3996
2093
406
761
2480
1078
2385
2287
2549
4771
4829
2048
1822
277
2137
2296
4282
3555
2312
1629
4096
3607
3422
2137
1285
3293
991
4135
4877
3669
2131
2968
768
4734
4994
2857
3627
4012
3180
4421
2897
4092
3881
4630
1142
3677
3866
1171
508
1143
4048
4052
3839
3196
735
1487
2165
1101
4062
4463
2291
1154
2548
670
145
4905
3890
4408
3850
3618
1396
2900
1802
1755
3207
2827
2223
4599
4307
3658
3366
4324
575
1932
4483
1377
4898
2821
1265
3935
3785
4471
610
855
2783
4896
905
2291
1936
2273
3830
66
3052
3662
1976
4330
4991
315
3912
3479
2408
4425
1681
3599
1381
2527
1522
2935
2996
2369
1049
1289
3209
1785
817
4385
893
1969
4187
152
2195
539
4874
2150
1688
4034
3027
826
1091
3584
396
2332
2944
3246
2968
4098
2592
3077
2556
1772
3630
4948
2327
3689
4881
1964
1538
826
4683
2157
4
1669
2611
3182
1036
2010
3042
209
4570
1112
615
2371
811
3297
4540
3356
3892
3801
2730
1909
3191
3454
4234
1414
4179
3507
446
3394
875
4248
507
4491
2058
1559
3447
4817
198
462
1705
3111
4818
4550
2893
4049
1521
1269
3574
3246
4240
3017
842
471
1634
4779
1474
1866
1254
1070
2888
52
2733
1525
2063
2406
4203
91
575
3702
3856
866
3995
414
2412
325
2067
213
1529
532
542
3482
396
3182
4304
715
4198
3007
1616
2253
2079
2119
2107
1693
1052
4657
1397
2671
3122
2300
2673
3329
283
2602
3325
2565
3819
4523
2864
1142
233
2230
4301
4038
3721
3574
4390
3110
202
3089
4487
4198
1822
424
3054
1434
735
4936
4245
2589
4681
4114
4831
829
4336
2456
2973
1958
4879
4053
3262
2923
2545
3354
3334
4210
584
478
2323
3080
2816
4400
3589
3908
1071
369
4859
746
4644
3263
3569
526
162
270
2259
3132
4809
3486
129
423
847
2108
1884
63
4654
4393
4927
1171
206
991
2985
4269
2863
69
1252
1952
4098
4479
2976
1576
4952
991
2262
4352
3747
3974
269
422
947
227
3631
3492
2490
4077
3274
1430
1985
3415
3718
135
180
1619
4035
863
4009
1264
3375
4945
574
3110
3107
3437
465
1328
1397
4832
2241
2721
190
2351
4230
1355
4983
1892
2600
459
3778
1358
2440
3688
591
3383
3234
574
2636
3593
3019
3989
3545
1334
561
4987
4608
2651
1521
784
1330
810
4611
2015
2181
1610
3435
2405
4224
3546
2912
1238
1733
4602
62
3929
4725
1459
1563
2547
4956
3304
4501
3335
1436
693
2509
3246
3635
1006
2096
2789
3972
1775
1565
3850
591
2897
2045
4881
1020
1181
1709
4845
4930
4743
3571
2315
2754
4828
1811
1100
65
1421
879
4239
1407
3743
3057
2122
3262
3860
1009
3181
4809
526
2412
2648
2159
3395
4115
3368
1133
4377
3025
2238
803
2078
1342
359
4729
3553
4065
1106
1847
3613
4422
4594
2740
2350
1163
4930
2851
2571
2295
104
804
1298
1717
1526
3338
942
2935
3325
2601
2277
3951
384
4266
302
98
150
4514
4272
4952
557
2127
1597
695
2954
1069
957
1745
2520
1081
2002
3422
2750
596
4618
2625
2062
1612
4436
366
558
1097
1149
2132
2368
296
2235
998
2102
705
2420
4767
814
349
3902
4478
10
260
2445
4071
4685
1819
3603
4877
4800
1763
438
412
3462
3128
470
173
1298
4261
268
4538
2162
2610
1656
3369
4101
984
4886
703
1069
1794
550
3725
1039
1512
2789
2523
2314
3222
1542
1468
2421
2751
1122
760
2751
197
2455
2995
1444
4320
2225
1555
3929
1341
4493
2421
3080
361
3741
469
1028
1870
690
4444
3576
3560
2633
4127
2403
4858
1068
2006
2123
3199
275
2751
3310
2772
1614
1594
1822
784
1652
4834
2538
665
2948
4858
4493
183
775
2784
3517
1548
636
1308
3623
2559
2366
2199
1631
3096
4186
1629
4964
4167
1805
795
1845
1380
914
421
845
2986
629
1917
1015
4096
813
360
3757
3725
3749
3659
2971
1840
1346
4203
2859
22
4143
1069
3407
2997
631
1736
3595
2148
934
4430
2644
1655
4895
503
4709
3124
374
2435
3146
2168
2595
1271
374
4436
3798
4896
3330
2340
4
4629
714
3680
125
2266
3676
4225
1507
1059
4218
3911
2991
411
2848
3419
509
3624
3489
3808
2741
1486
1472
4542
3732
1179
2102
2511
1612
2357
1245
1791
262
2917
1935
1589
3824
4882
3367
4366
2311
3838
375
4519
2501
398
511
4523
700
4087
216
205
3614
1818
2197
2713
4364
1777
3271
469
4737
4931
569
2634
1907
2051
4773
2414
1896
206
804
2500
229
1438
1029
4575
1335
3014
3995
4052
624
1928
3243
1693
2121
1200
3973
135
273
4973
2019
2324
1101
4820
3008
4089
3276
242
505
3565
1835
3851
2144
1295
4537
3731
2967
438
2995
489
3578
3793
1080
181
3198
3259
960
4975
633
88
2144
4641
268
3232
4426
3351
2676
2982
4382
2315
3565
12
2515
4403
1935
2289
4295
2060
1144
3515
2367
2668
42
1377
2499
2785
207
4999
2740
3236
1199
665
4184
2333
2593
4693
2727
4859
3001
1114
2998
2349
1926
4016
1907
590
131
496
4840
1044
2044
434
2570
2405
2017
4705
826
3555
3825
819
1725
3967
2396
4172
4752
2104
4366
4530
2455
4357
649
4294
2981
2958
1054
1229
251
4423
4558
301
1531
3232
4890
4975
1989
2048
956
748
1992
4384
32
3800
2130
1027
4336
1431
200
4419
1290
4014
648
3491
4644
4148
4136
1972
3231
2576
179
1065
2149
4223
2109
4721
1671
3675
2347
2239
3097
2563
584
4393
3706
2322
4216
4473
4690
2445
1456
4460
4203
3548
4866
3003
1343
4009
3645
3169
1550
1898
2239
3250
464
3933
3532
1264
919
3184
4441
2683
2481
4803
2886
3101
3353
1919
234
1801
1753
2827
1252
3394
2171
4694
1491
3686
2647
3805
192
4067
2787
3189
245
2181
2547
2928
2218
1131
2435
1295
5000
2891
1376
4145
3439
2525
7
3454
2432
2949
31
3549
4424
4538
3130
327
4424
3996
2248
4245
3726
1848
4574
3512
2619
3819
3489
3782
2988
2441
1030
1176
2606
1676
4906
1573
2753
2413
2948
3145
4559
513
1665
1322
3817
4334
4835
4888
1651
4184
2100
477
1452
1119
1402
2365
615
1860
839
4424
1511
2449
982
4271
1483
487
882
3112
61
1650
2513
3169
2538
3518
3893
4041
2775
1966
2708
1824
3936
2639
1895
3355
4285
893
1881
2231
1529
1360
2285
1557
1707
1640
282
4366
250
707
4737
3560
627
4511
4500
3863
2996
3584
3529
509
3628
991
768
3038
2518
665
2591
3384
3627
2948
1072
4834
2917
880
2130
3991
457
3252
1710
592
183
2065
2203
3365
293
2021
3375
2243
3251
4694
3541
601
3166
1289
2513
2835
2055
683
431
1735
2047
4570
3015
2093
4631
2934
893
800
1413
1405
1937
2710
4318
72
4423
1840
3140
1231
1063
2752
1626
835
1248
2636
2423
813
4140
3500
4713
1472
2125
3355
713
2881
1389
1139
2173
4789
4484
2372
1533
3877
3617
2293
3915
285
282
4190
862
3017
409
1764
4468
1951
4397
4744
3255
785
2349
856
4058
2795
3975
1600
3639
2344
769
1232
4999
4234
1132
2641
425
1837
3393
2407
69
4388
171
1586
3138
4429
4019
2044
1931
3427
2333
269
4811
3677
1177
2243
1092
387
4200
1442
4231
1023
1009
4064
3186
4391
2703
2997
4105
4812
4343
4302
3231
3868
2314
3351
1205
4382
1368
71
1862
16
3907
54
197
4904
1750
1372
4257
4914
3925
2945
4799
4403
498
3036
4939
4703
2680
2255
3726
4430
2091
2433
4383
3074
4748
3848
1218
4889
3194
1229
1659
1666
4012
3586
641
564
984
2183
3884
3991
992
1013
3652
1984
1041
1477
2994
930
2282
1480
3390
1871
4423
201
4043
3517
2882
4903
1603
1579
3540
902
1365
152
1328
186
3914
3306
2276
2232
903
124
3526
237
2149
1038
2381
4636
4303
2636
2415
3550
35
4984
1156
2062
4381
1164
1391
3895
3595
911
1134
4014
732
4678
2776
4186
596
3240
2490
4865
4777
794
1253
2332
4293
3881
2464
2950
3288
4120
906
2694
3271
4836
3791
4986
2141
1868
641
1186
2610
296
3421
4571
3637
806
1592
4157
4501
1211
2273
3133
121
2237
3825
4233
1453
406
1648
2089
1775
3368
3658
3420
4367
2323
3486
3311
1840
2444
169
838
82
1555
2176
950
4238
3272
3921
361
3496
4722
3314
4086
4783
3598
1555
2924
3
4242
3731
4696
321
4363
1164
1325
1983
3597
981
3709
3284
4437
122
2930
1020
4187
844
810
2607
214
2480
931
905
2960
1973
3714
1055
2585
2675
4099
4495
4419
625
1709
543
3892
205
4587
3974
3197
3455
4365
1600
4756
3941
2869
4916
1593
3758
390
1474
1789
104
1165
2719
3000
3397
2387
1522
1275
1462
1783
1292
934
2072
2968
2360
2829
3617
1385
2689
1144
3867
3615
1890
3120
797
1398
4043
4307
3625
2327
2492
2578
4675
2786
1192
1904
1989
3717
3900
4343
1667
4835
2482
2611
3183
3435
472
4493
4107
1598
180
4635
910
1404
294
3643
1514
1413
672
98
3881
3260
1992
4903
2648
1072
2948
3284
2060
1992
2127
694
120
4095
2178
4261
2036
4684
3023
3172
3548
2888
3929
384
2080
2536
259
1436
2453
4304
2966
1996
2836
4068
4637
1530
4058
473
2835
2370
631
4796
270
3259
1678
539
188
2008
3402
4987
1918
2170
1988
1153
1266
3217
4933
214
3252
2038
4749
1321
1993
1427
4301
1451
3081
2709
4508
4407
485
1438
1200
273
1554
4366
3140
3583
2932
4087
4351
4470
184
1188
4699
57
4970
335
1534
1829
1393
2711
4522
301
1930
3186
4603
2912
2479
1360
3556
2155
1303
402
1082
3114
4417
1698
3094
197
1838
1075
1861
4781
2156
198
1840
1755
4858
4505
2066
1498
2882
1213
1685
919
2657
4295
226
295
3270
2266
780
3398
895
4556
2014
784
2692
3891
2719
443
2558
1884
1393
1504
3729
4061
630
1612
1354
198
2977
4560
3043
212
2939
961
4169
897
3704
1235
3960
2075
2513
1143
1949
4202
3770
3842
2911
915
1654
2409
3362
2499
29
4172
1592
507
198
3356
3986
3538
3425
2361
694
4828
4481
3852
927
3345
335
1060
3678
2466
1848
2551
2047
3385
4353
4148
3525
4269
4072
662
3817
1903
4658
932
3197
1274
3225
1557
3493
3631
442
1951
497
3203
4780
2019
283
4932
2592
1374
4735
4795
3236
754
825
1214
743
681
4925
1825
149
764
2075
4653
3343
3887
3525
4052
4961
85
1343
3506
3035
4556
437
4249
2575
2694
2434
1190
58
4576
3451
1631
4371
1762
3128
4409
1299
4266
2956
1768
1689
2176
4651
3089
2649
3447
2779
1703
3324
1795
4778
4013
1438
1536
3416
3948
202
4990
1564
4440
4791
263
610
133
939
2508
3242
4119
3697
4967
889
506
1243
4333
857
2221
2272
3279
3564
2512
3592
1156
4843
2579
3096
4784
2906
1433
4195
1025
949
1168
3839
2217
4341
4350
2634
2626
52
1176
4179
29
72
4088
4164
4694
2263
630
3430
2161
473
1765
2511
4213
4494
962
4800
405
2690
1660
1526
3301
3747
3862
273
4170
559
4016
2006
3567
4265
769
3408
3626
865
2079
3945
4991
967
3702
1643
3238
4174
1488
3789
4156
3559
1137
3771
1965
682
2271
4650
27
1577
4788
444
688
606
1640
1110
533
1946
3561
3428
3591
2770
3510
553
266
4398
431
652
3426
1805
4025
3722
4826
4075
414
1615
2496
831
978
3643
1202
1249
2675
4815
4420
1613
2791
1393
3105
870
1083
1518
3138
1581
1201
4443
2985
4486
1243
3160
545
204
1535
4790
4655
4271
2030
2798
4656
4297
3387
1366
286
1400
190
3074
1786
2490
4287
2427
2204
3007
3642
4493
4368
3055
1854
3441
2269
2024
2222
4615
2404
862
3609
4703
4268
408
1467
1431
2392
2932
949
4904
4312
4528
50
3511
662
4008
817
2163
3900
308
4393
436
2566
1448
4786
153
3446
2643
1303
1796
4935
4773
302
1729
1709
3666
891
4482
1038
904
2017
3521
1039
2663
3006
4740
2553
321
2322
2231
4294
3267
299
4443
3852
1671
2639
372
3797
4144
20
2708
2821
2637
2333
1807
43
2819
1929
4423
4670
3137
3508
4305
4098
4521
940
344
3735
4465
1085
3497
3433
1579
4413
2760
1526
2441
2044
2026
3993
2659
496
280
4946
4559
1177
1987
3903
979
3361
2931
3778
3333
2798
3397
4217
1710
4687
2978
3158
4901
1380
2212
3775
4149
722
3937
3529
3639
2596
1680
3466
3920
2401
2913
1287
1662
3325
3789
1777
2931
4367
1273
5000
4945
531
3664
4770
567
1359
1828
2188
2698
3954
2496
623
3181
1309
2991
1809
4009
3969
3995
2448
4408
673
423
2258
861
638
3905
2816
4939
2184
2587
3982
3057
3990
2822
88
3335
4636
4023
4988
1906
1427
612
2738
1893
3106
228
1057
847
3094
4024
1530
4125
3275
1957
1076
4025
1547
4284
2389
3754
1425
2368
4654
3443
3387
3473
3853
2914
478
4188
306
2255
4038
609
1974
17
1670
85
413
1048
1755
2020
1706
3634
2996
247
3849
184
1568
1081
3832
936
1075
1383
1921
1486
3688
4121
4173
1453
3261
2757
1371
513
1535
3466
1657
4189
1715
4140
389
1893
3248
3110
1521
1553
277
879
2568
2981
151
3921
4904
3662
10
3464
259
2640
940
4944
3442
3934
2513
24
1748
4779
342
3828
738
3127
2137
3779
835
3681
4467
2961
1367
438
2043
178
3297
2904
407
3462
4272
6
3608
2957
1421
328
978
153
3525
2679
4819
1769
4842
1469
3509
2226
1589
3560
1149
3729
1666
3470
3201
4398
118
3888
656
2708
1397
4109
2905
4970
1379
1180
3178
1461
221
4603
3991
822
1522
1132
2912
2515
1352
4343
3455
1396
1871
15
2265
1541
2803
1007
1283
1741
255
3842
3871
146
806
879
2585
4064
645
985
1927
3186
2162
929
1359
4891
2774
3825
2026
4269
3818
3337
1423
3331
515
4151
543
3054
2837
3787
2122
1929
2570
2539
1031
1256
1813
543
3824
3014
3915
2740
173
1660
4244
1034
3939
3889
3143
2938
2633
2259
1823
93
419
3683
1906
1801
3892
2087
3578
3105
4595
2967
33
340
2265
2456
1190
3090
1135
4677
557
163
2217
1001
2262
2035
2869
1521
4588
1242
620
2864
3753
4260
2140
3656
3445
3968
1082
1809
4568
4441
3594
1836
1148
4379
1989
2024
4045
38
1437
4972
2759
119
36
1511
1087
1233
537
124
2474
1315
3419
3752
1392
3935
676
1376
1998
4007
1524
1446
3243
3579
4321
4126
1727
1563
301
515
276
3430
2091
4594
2286
1008
2732
1676
3977
1506
3675
2727
3758
2531
3005
3334
3785
4235
1656
4553
3311
2411
1470
2887
2134
3312
3045
1877
2878
3474
1186
4792
4822
2941
2863
691
2440
2492
3917
3135
961
1270
3668
4207
3571
2935
1853
3428
2482
4860
473
2239
2228
4904
2071
668
3334
4436
2970
1415
3040
3730
2664
2630
3611
2809
4515
4036
452
3653
4003
3336
4715
4790
1336
4413
504
4923
944
2796
2399
673
3889
3065
1699
3528
3623
4263
3824
47
3492
2166
4142
2763
1615
2451
1486
3449
2719
3943
3978
4136
1539
374
3715
4812
2490
4281
2105
554
1781
4110
2597
1213
2904
1468
3496
1982
1824
4352
965
1194
2048
3564
4063
938
1376
1514
445
3711
110
3375
1968
4825
3902
4841
3628
4650
1770
3374
3250
1124
2286
4543
900
4097
2928
3196
1515
3464
2947
3747
3064
1759
2028
218
1000
2484
2504
748
112
2748
4046
3250
4194
1820
785
1325
2049
3719
1009
4715
2932
2932
4678
2091
4914
4213
438
4050
1007
850
629
4898
1514
1606
2297
4868
2648
1645
2361
4120
54
3145
2483
451
219
3328
719
1246
3791
4625
4061
2602
1398
616
1161
2024
2132
1991
4826
4378
3964
1481
3861
2700
1850
3896
1672
4074
4976
3319
1721
1831
483
1089
4287
2333
3578
1432
3286
395
1552
3272
3290
1356
4402
416
1851
3090
1645
3798
3190
3123
3393
4416
1612
3141
4388
3569
1253
2476
2866
2509
949
4329
4355
1425
2353
4455
1761
3922
1956
1473
3726
1840
3960
398
2060
1095
1614
2618
948
3473
632
1203
3318
1596
3800
2448
3465
3079
2941
220
313
849
3090
2215
4776
2591
2367
941
2084
430
1240
4487
1250
313
4733
1813
2841
1308
2161
871
4075
8
4941
4190
1840
561
2166
2974
2712
1286
572
939
3978
4400
4265
3904
1708
1353
2795
4564
7
4173
1901
2204
4694
4839
369
3221
2115
1549
1476
1150
370
4160
1630
755
3841
4699
4066
344
498
3218
3315
4112
2440
2345
3471
4886
1731
4960
4243
585
1167
3461
2274
1350
436
3800
3454
4505
4899
1350
4263
1044
552
1186
1869
2212
1615
440
3716
725
4916
2473
1462
3875
215
2274
761
2788
4071
2122
1543
4317
4189
3485
702
1267
4865
3981
2697
3130
3816
1788
3325
999
4568
1288
1282
2538
3838
86
1287
903
655
1941
2784
4229
1066
2162
2119
4030
731
1269
1008
2988
1804
3055
4536
4776
3361
676
3980
2251
3215
1970
37
2261
1764
1537
2639
1653
3923
934
1865
4900
4266
695
1408
4686
1963
1822
349
3633
1629
565
776
1545
3070
3448
3437
3939
2661
4047
845
4095
709
572
3153
3691
4343
4897
3845
3913
2421
4397
495
4898
1791
4270
3993
3287
2263
752
3759
2411
4768
1017
1673
3168
1399
3031
3745
1176
4983
1368
4263
516
1712
2761
3572
911
2967
4476
1858
4096
1747
1214
3146
2114
4692
2993
2536
870
1426
162
2127
3310
1700
178
2010
4717
3229
4609
2890
2472
1650
2235
1742
1652
2675
2907
3630
2741
353
539
4581
4496
1178
3846
2184
2719
2197
3965
4941
3817
2417
4224
2292
4498
645
3945
2511
2505
2310
4971
3779
2730
4144
4661
3609
34
3194
4606
1935
3327
4665
1128
1285
3381
2792
1843
4894
2142
1185
2459
1148
3119
3501
302
1194
2275
3352
4459
1282
303
2728
3139
1094
1909
4206
4087
3948
3512
2498
2865
4533
4353
396
806
160
2895
2099
761
2883
3560
913
4424
4805
4528
1576
1441
780
925
644
282
3938
4642
3134
803
589
2980
1887
4777
3747
3032
2473
2917
738
2822
125
699
2754
1675
4699
3364
4568
3188
4419
2288
2569
1046
4323
1967
3952
789
641
842
3075
4592
815
2451
664
3443
2347
1459
4352
115
1838
2032
3023
1869
4859
2128
3848
2312
4623
3636
1015
3414
2060
616
598
1097
1199
388
2465
2275
1080
1278
4619
2221
4662
4653
4211
82
70
3340
3488
620
1742
403
4072
982
3771
2032
492
2688
4147
1626
4914
3804
4056
40
3751
4287
2668
2994
3014
4746
2355
3644
1278
1614
582
973
58
3009
638
691
4427
4599
4961
1092
1597
531
4314
531
1902
1812
835
4193
2813
1735
2812
2614
3141
2882
3001
3661
2712
4960
1387
2000
634
4597
471
1540
1785
4684
2254
1183
4735
4073
3775
324
4689
1195
4722
2256
3797
290
4242
1864
4082
1828
4917
3621
4886
224
4353
1091
4034
452
1027
304
4959
2370
69
1197
3108
3676
4770
4602
1855
2383
809
2877
4363
659
3230
4472
2956
3426
2364
43
3406
1419
1210
1579
234
3331
2807
4602
713
29
3137
3935
3542
3651
1863
4016
2523
3830
2979
1940
2025
2370
756
360
2789
2631
1784
3912
3065
3527
3183
4614
2369
4752
3384
4636
879
3
1783
2400
206
689
126
3700
1605
2596
4294
1069
1746
246
1597
1574
1748
2130
4009
182
83
136
3173
833
4949
3180
162
2431
4243
1299
3474
2007
354
1835
4553
4197
298
1178
3059
4156
2718
1095
4589
2743
1325
2521
4017
3677
4362
1049
348
3369
2989
4469
2927
2152
528
3328
412
190
3612
2425
1508
4341
183
1917
1442
4328
2782
4516
1843
4172
1978
3743
238
73
2656
2517
310
3931
4011
3643
31
4356
1172
3067
2110
2699
3573
3489
3254
4363
214
1149
2639
4098
1044
2503
453
4214
3614
1252
1097
1920
3462
31
4481
101
3864
1704
393
792
4491
2720
809
718
1419
4928
2280
53
1845
3697
1213
2720
2755
2998
2937
62
1374
2091
1107
161
972
3807
2339
962
472
2123
1553
791
549
959
2888
4476
2318
3294
4367
1225
542
4722
4162
75
2684
4864
2402
1957
547
1250
2808
554
1568
2084
4464
267
1763
2037
2264
4296
1482
4035
852
3178
3486
1169
2268
1717
4909
4721
4041
4594
667
4991
4945
1596
3478
4081
326
200
3368
1246
2335
1610
2464
721
1891
3643
1350
4084
3390
2273
4825
2803
2597
3872
3337
727
903
587
4176
1974
1389
291
4275
3954
2781
4070
1043
3673
2037
884
2514
684
3840
4487
3596
2305
793
3315
3414
1446
441
1674
2789
4496
4321
3901
366
3342
3282
794
2025
4492
1530
3585
4808
2235
3449
555
4642
854
1519
449
4239
100
3719
2338
126
302
749
1497
2924
4013
4493
3132
1052
4663
3501
1734
1494
2644
1568
3498
903
3015
2200
4995
3595
10
4811
3124
4466
2032
693
2871
1621
4542
3462
3621
836
3407
3672
521
4847
87
271
1013
3493
2026
3728
844
4050
2168
1002
1814
4019
3126
3052
2865
2085
3425
374
4067
2780
803
4547
982
507
2865
3927
4879
178
4654
3244
3689
1133
4392
1081
4958
4008
4281
441
4361
3504
2095
3490
421
4970
3416
2250
2315
4251
2050
4181
2023
4632
3157
4836
385
2506
5
3313
2010
2866
1085
552
3606
1300
2801
2493
438
1323
2972
2866
2790
4013
3757
1426
2931
1018
500
328
1876
3209
2087
4241
2561
3837
4684
1950
4561
3018
3866
1664
375
2827
4444
4955
104
1091
1247
2588
1254
3303
4754
4413
134
4971
3271
4741
3745
2250
4690
1846
3992
2102
3490
4852
2060
426
3693
887
3025
3737
2439
3783
99
3680
4218
1998
3787
3952
90
2583
3405
3719
4672
3214
1650
1086
1472
2252
331
905
2429
1364
2269
670
339
1995
4496
1419
4749
4305
3242
3931
2569
268
970
732
978
570
4447
1754
389
3181
1068
796
4322
116
975
3141
1832
285
3535
1315
4971
131
2827
3079
825
85
2276
3910
4404
3089
4222
4589
4400
4520
4683
636
2229
4405
1004
4811
3365
3793
2165
4600
1122
4475
1305
2360
3254
4918
4445
4080
964
2697
4691
692
192
4294
4554
3123
139
2978
2358
2696
475
4622
785
1185
2111
4738
434
1890
3406
399
204
233
2909
3820
3412
425
1020
1134
85
615
2622
4822
3697
925
437
2840
3524
2238
2763
2570
3914
3732
219
918
4829
1656
2151
3750
4951
3459
4507
4741
3001
1311
4940
4310
1602
685
1307
3378
367
345
4513
1862
4754
2787
1136
1479
674
1222
4877
2506
4997
2919
2639
2467
816
2347
728
2980
727
2905
4798
253
880
2185
771
2168
3063
3723
4458
4122
1338
1928
2947
1689
2963
4581
920
3270
3576
3209
4761
3953
4128
4805
2907
1869
3265
3119
3673
4553
907
1966
25
4852
1399
4990
2240
4510
721
2130
1573
4409
383
1393
1412
3998
4172
51
3157
1662
1332
3730
1106
741
1476
3910
128
1072
2050
4688
1256
716
1888
3608
2437
3958
827
480
947
1979
1189
215
2275
2752
2217
4299
2035
3996
2652
2308
160
4426
2772
657
4691
1324
4281
2973
478
3364
4299
798
2895
1762
1510
3915
4290
3921
977
2392
3682
3669
3985
3986
3680
1994
1435
1741
1794
4114
250
3696
969
171
2367
3883
3029
3562
3396
4461
2211
4526
4019
1163
2941
4841
4094
1267
16
4760
3496
1095
899
1808
3341
4607
1827
4082
1341
2873
3544
2045
211
489
1827
4805
415
2816
1230
1375
4420
1422
4713
4561
2131
625
4417
4987
1558
585
1994
4596
987
413
208
4789
1537
4833
1491
3965
1459
4780
1671
713
3596
1905
4988
94
2688
280
4575
3707
919
862
3577
2512
3415
2770
1718
1877
3495
1543
2424
484
3372
3168
4382
3352
4957
4069
4191
4703
536
2048
2873
3988
2564
4085
796
2468
4970
2086
1144
1629
2078
156
2392
303
2305
4673
686
3689
4808
2745
3078
572
1068
537
1115
3035
4969
2790
1049
2991
4388
2498
1845
4783
1351
4607
655
2235
6
3168
49
4104
2176
2964
4062
361
1295
190
1235
369
4392
2072
197
4668
1250
2672
324
370
3967
3473
3307
416
3622
3489
4509
1990
3196
1431
575
3644
1165
3973
2124
2488
4298
1543
623
4009
4487
1044
3921
3155
1482
4601
4177
3592
2722
2639
3095
4517
4879
1137
909
3945
656
4014
1827
3445
3080
1202
4270
2490
3848
544
2253
847
2411
2621
3554
3622
268
915
3953
2219
2853
1930
1331
3423
819
1122
1957
4460
2934
320
1289
3897
1116
4824
4084
1554
4356
4963
3471
4293
4404
1669
4832
3356
4278
1237
3465
3113
3080
331
4087
2566
4443
3960
4871
4953
703
1556
1583
85
3112
4121
3875
2143
1070
311
3643
2795
3796
1046
1875
281
1951
1848
202
348
1311
295
4244
3502
1808
3225
2838
4853
1581
2279
1277
1199
445
4064
2715
475
2949
341
3600
308
2385
76
955
4135
2651
1193
4626
2660
2664
4404
3215
1517
1026
4637
3141
2865
2837
1533
4433
1096
90
4712
774
4053
2961
53
4443
621
2564
3184
4334
3536
3475
272
12
2283
3286
3807
4211
4684
4479
3067
2422
400
1837
606
1010
27
1467
613
3352
1709
3809
4609
4957
3055
2396
4250
1224
608
278
653
4703
2282
581
3598
2523
4971
2688
4663
2184
3338
2919
781
478
4335
2907
4003
4264
2375
4124
1457
32
1136
3984
870
1538
565
2112
2272
3784
2557
1238
3665
4957
4654
4244
4961
1007
34
3966
3744
2376
3969
2715
1771
3804
4014
573
4372
2832
4314
403
4827
771
4329
4734
1086
2857
3496
1036
1949
255
3224
4327
869
873
951
1103
3710
3823
836
3422
2527
2324
120
1522
4221
3517
3750
2310
4002
2443
3738
4406
3039
761
4324
1147
478
4082
4359
3990
4115
3623
547
1396
1702
3210
338
995
2730
2077
2107
2386
2693
4398
3620
4435
2547
2554
4164
1035
277
779
1129
3529
2840
4322
4934
294
1510
671
703
3000
1428
363
280
4670
2888
4530
1664
402
4435
2895
2752
4413
1522
581
702
283
1481
466
820
1406
3999
4359
3018
287
2148
1766
1084
2547
2674
1173
2968
1049
886
40
4997
1429
3074
2356
4388
4903
2204
1385
337
2040
4030
3860
709
433
572
2291
3825
935
551
884
2877
3951
1191
3353
1881
2433
4493
4100
1616
1338
1088
1908
1885
656
2751
1212
613
3300
284
4844
490
3881
1799
2712
1869
2605
1010
2673
4415
1166
1029
1455
4122
3642
795
1508
1704
641
2573
2805
859
2015
1575
3306
2326
1666
1524
3926
899
4898
2380
1943
960
562
3000
2098
1494
627
1752
579
1100
41
4595
643
4382
3900
601
4298
450
1780
896
3254
4648
2275
3249
527
637
1169
4040
2351
1263
4833
3912
3333
1970
3865
4245
600
4680
3725
2980
3751
3725
4504
1000
1483
2803
1748
4423
1608
4177
267
2208
2084
1373
512
3209
4593
4579
3312
3797
1035
866
1804
1248
1274
1744
2113
1121
479
3298
626
1690
2278
4350
4751
3229
4701
4533
4891
3495
1876
4979
4715
1545
1018
2240
3182
3039
1977
2918
3088
4876
1022
4026
1931
2620
3209
4212
3285
3034
87
2086
2630
2552
4359
854
4443
1023
2032
1490
1859
2417
4909
4517
4105
2867
2937
1069
1779
4175
1212
2877
1130
2193
3457
415
3054
2615
2297
2794
4555
1319
4696
3210
1084
4753
46
3227
2485
4148
3095
1903
2507
4471
1789
3835
4553
768
1307
3692
3795
896
4718
4101
38
3036
935
2980
2833
2053
1244
2377
1399
2182
3883
3404
325
3075
1241
1436
4170
4060
1846
711
1377
4384
1314
4855
823
1274
3377
3942
4847
4608
1347
2405
4930
723
4384
383
2729
2978
3589
397
4887
3941
1261
2561
2344
2534
3459
837
3611
2120
4303
4115
602
4346
744
1885
48
4767
3037
4394
3906
2707
3701
1759
3389
546
4685
611
3037
62
1985
3389
2298
2296
133
1468
2838
3606
468
3959
1006
3689
4127
213
4134
1938
4003
4167
2946
184
2478
3020
1284
795
410
1709
4170
2724
3844
3288
4865
3833
320
1928
181
3271
3622
2511
3975
1992
2043
1200
2151
2033
2323
4299
2502
3666
356
1662
1531
69
1923
1402
4556
1542
138
3219
973
24
1220
4751
3443
4447
3028
4951
2469
3903
3240
1971
103
4452
4412
2674
2224
393
732
2632
850
1672
417
2350
1321
4802
4777
4306
4716
1474
1855
347
4313
0
2396
3857
590
4951
4983
1471
3199
973
3649
3904
1664
1886
3942
1638
2017
1674
3466
3030
3241
284
3281
274
3684
3057
4998
4771
617
3578
2967
4199
2068
4944
2227
3008
3609
1365
935
2025
1264
141
4070
3117
701
1361
1783
3288
1647
4351
3072
2489
4579
444
4827
3464
4127
3595
817
4261
1563
4678
1823
3691
385
1702
3202
2821
1686
1750
3031
3919
3189
906
3045
3724
1679
1778
4373
4063
3755
1150
1094
2472
1440
2979
1714
1944
572
4980
1086
1874
2461
4898
4715
4861
1270
3587
4336
1874
1553
2313
4904
3308
4863
4587
1516
363
1186
2618
2631
1960
2719
3080
2846
4713
4403
379
4500
3903
2784
2771
906
1211
3977
2989
3467
1857
3557
4183
973
4767
4588
3906
3142
3416
4923
4763
2530
423
4280
808
1677
1524
2875
2384
2678
2090
2506
2523
4527
4857
2302
4232
2135
1600
2721
426
3040
652
558
4729
561
468
1300
1942
66
118
1492
1036
2994
277
3130
1030
1251
1132
309
952
1042
623
4695
4839
3798
4057
1781
4864
1802
3394
2088
1141
974
1878
4740
1606
384
987
3850
4159
4036
1962
2444
826
1770
3997
2393
4455
4462
1727
4749
4482
2706
2162
4781
1605
2773
2936
4623
4916
301
3983
400
3648
3832
4639
4825
1903
1725
3713
3534
309
1891
4289
2754
1155
1589
434
542
4210
3133
1460
483
4391
3341
4269
4485
3445
2153
991
886
3813
3078
2727
3548
1563
1882
4933
1517
4854
233
3375
870
4515
2554
787
4226
1251
1785
2363
3040
3823
2170
932
3693
1846
1229
2916
3644
1695
483
401
2191
3327
441
1770
1694
1144
1155
437
1181
3437
2758
1484
3962
2300
3484
3443
1116
1548
1594
4017
3147
1286
1786
2953
3788
4978
3896
4733
4084
1351
917
1765
1934
3849
4197
1029
2469
3790
4558
1577
2273
350
4053
3993
413
1726
1177
1538
4307
2777
2151
469
2526
2265
3280
477
4479
3274
4120
339
1652
3911
315
4451
3384
2530
2839
621
3260
1374
992
2205
1404
2070
3662
609
4248
3007
3206
1581
2457
1632
460
601
3229
2195
4472
2097
2165
2232
1751
2416
3884
3518
3458
2123
3598
3113
688
4238
800
985
2764
817
2776
2440
1524
1289
2336
3100
3456
4356
524
4819
4114
402
266
3732
1692
1062
1793
3509
2560
1602
2356
1199
628
721
314
181
2802
4670
4897
2549
2028
3213
875
2063
1500
97
1709
1072
4081
3525
4671
1632
1166
2172
2396
4749
105
93
488
3289
416
4481
1281
1258
4340
1617
4481
2259
3989
1073
2535
1543
2
3459
4898
2700
3247
3111
4198
1704
58
3903
75
2293
2708
753
1051
101
56
1684
2641
172
2697
4481
4629
25
3372
2484
1388
3157
1508
3553
919
3753
1681
2961
3237
449
2986
3206
3606
174
2408
4652
399
4977
4315
2754
1722
3621
485
460
4295
3584
4982
1484
1575
2402
2837
4473
3930
2263
3582
4472
2607
1373
4100
1464
2991
818
3859
2784
477
3377
3052
1528
3785
4180
4231
2933
375
3682
4764
1243
2091
2817
1328
3904
704
427
4083
4631
936
3139
2269
179
1069
155
4965
1861
4785
3868
4618
2817
628
3962
1697
1480
57
2502
1919
150
1694
678
1041
534
248
812
3743
1620
3874
1486
562
441
3333
1489
2810
1635
255
4890
3622
2326
3006
3239
314
1055
1232
934
1940
4168
3073
1646
2891
433
973
1469
3830
302
2260
1737
672
2702
4084
173
3752
2605
1199
2894
4795
2171
2767
3505
2304
869
2376
1926
1836
1835
4200
633
3880
1392
1437
4690
3951
3849
241
4942
2641
1573
4844
2539
4954
2885
984
3489
4946
1816
921
4818
3048
1718
3361
15
1087
4339
3729
1616
2084
949
2626
1636
2889
2926
4366
4122
2391
1600
335
2442
124
2358
1827
2155
2419
1952
1529
887
4562
3800
4017
2632
3034
757
4128
1376
1644
3498
3190
3902
2448
3059
498
2668
4015
769
3858
3185
2423
1425
3900
4916
654
288
4102
888
1245
1003
2873
1297
1025
4831
3897
2799
2447
241
712
1502
3425
2699
4872
2727
2918
1555
2288
1311
3238
2888
308
1185
4360
143
4420
373
4209
3597
953
940
2239
3050
4688
3809
3020
1563
1051
4848
2043
2403
549
1428
4612
2381
2203
480
2681
557
3427
4362
1690
3947
4733
1931
1732
1422
4679
1137
1981
1470
3296
3973
781
2167
1824
2983
4034
185
1039
2895
1141
2161
1442
4375
612
1637
4006
800
1481
2420
1065
2739
3449
896
4130
2587
728
773
2395
2200
3184
941
372
3240
4205
4538
4530
3676
4750
2438
2929
3201
328
3418
1451
1480
2946
3504
3489
3966
3444
825
4548
1249
3482
3088
1164
1170
1751
282
1799
2893
3293
3517
2288
1466
4645
2546
3045
1600
2816
994
2229
973
4862
1943
1888
740
4504
4415
2150
2195
4132
3003
3204
2095
2557
1718
3462
3212
2028
523
1637
4640
2350
2110
4579
1982
714
4685
1544
2027
4055
669
1343
4604
529
488
1840
3884
2091
636
1773
1746
4869
3365
2622
2749
440
4823
3712
3171
208
4060
1231
1787
2388
3720
1255
3539
507
3875
3490
3082
4155
4023
1970
2586
2994
885
4030
970
4242
2254
3067
1355
833
3683
1563
2223
164
494
1984
4312
3125
3886
3412
228
613
2352
1445
1640
3849
38
14
164
1597
1375
3797
3450
179
3492
952
4135
390
1883
1883
1613
3901
2291
1592
4708
4834
2809
66
3523
616
964
1606
4428
1808
550
3435
979
1991
515
812
897
1374
1177
4681
4165
2616
3339
4348
2864
925
2880
1609
2669
3528
4513
4615
239
4566
2021
1346
4211
1064
3513
3967
1529
4979
3393
1176
2537
2607
1655
3548
428
3581
4200
409
2092
4640
529
351
859
1161
1263
1581
3719
4941
2015
27
4147
3325
4327
2794
4517
2039
260
1676
2335
2164
3802
3528
3846
1428
1881
1552
3704
1477
1708
97
110
4854
2043
1569
4129
2201
2505
2978
4409
3389
1374
3585
2514
1130
2231
1027
3331
4846
1222
2624
1292
2789
362
3761
1780
4278
3084
44
4749
4421
2675
4727
3234
2786
1945
4966
1603
211
1734
1607
1943
2068
3433
3400
2541
3269
2488
2485
505
96
1677
1333
3595
300
3316
2873
3835
2783
1013
1996
3085
3933
4635
202
3394
1312
309
1699
4088
2956
3964
2879
2021
845
3067
1669
3846
1593
4735
2246
3899
2313
2448
4834
365
2311
186
1254
2665
678
1527
1427
4857
1069
892
439
4065
3451
3970
218
3247
750
2536
3032
2196
2970
3874
4300
195
3342
1268
1847
2144
3814
800
3730
4103
3638
3225
2014
3494
280
3348
3876
1175
150
1556
2806
4940
3510
3074
4737
1797
4855
4857
76
4866
3279
2732
2518
3259
672
4117
888
2718
4200
552
985
241
3639
409
4210
4545
3603
442
2143
1369
2226
4166
3400
904
1784
3961
1028
3652
493
710
4306
3622
4196
2658
1687
3364
1523
458
1869
4546
1777
4879
2915
2058
1250
4938
3862
3349
1473
2297
4906
3508
2310
3646
1838
3718
3923
2263
375
3138
317
3987
4172
4611
1495
2272
1944
4469
4903
2134
4822
3394
2184
4622
2264
4776
4704
1868
330
431
2944
4706
3570
553
2595
3702
1584
651
3576
4198
4920
483
2183
3877
1350
3502
4414
938
3441
4016
2659
1573
4018
3602
1443
141
1907
611
1657
3244
2574
4696
920
2061
3144
3249
3687
1382
3773
4427
1257
517
3172
2094
700
2319
1203
3464
58
4698
2678
4514
2513
2318
3919
2162
1574
1188
2448
3240
1701
1808
2573
3799
834
4018
4579
3150
361
2938
39
4033
598
3249
2160
4610
1752
810
2168
26
443
4661
823
3292
231
967
4489
2313
4170
3699
1568
2705
4972
3531
4030
1358
1979
4557
142
1491
915
909
1121
2200
762
759
1754
4982
1691
2686
1044
2459
3228
3743
987
2502
1907
3179
683
865
4844
3712
3477
214
4184
776
4447
1841
1175
1221
839
4313
2861
2725
176
4605
4249
534
4027
2240
2579
1848
216
453
3552
2952
4600
4279
2351
3157
2309
3512
1105
2664
692
918
1183
1670
2600
1196
3417
4560
3487
4899
3191
1498
3467
3851
2537
358
4942
3500
3147
4169
4488
1010
4166
4087
4141
2071
2345
3655
1562
1564
3777
1129
2944
1297
1859
1680
3889
2058
2080
3214
947
4975
4832
4067
2784
2818
3156
701
2589
2548
1905
4324
4559
2025
4206
4950
4289
1557
2217
2483
2903
4328
698
1852
3486
2437
4963
1775
404
1545
2065
1850
2772
2084
629
3367
1017
4935
1858
1535
2774
1724
1107
1751
703
2686
2955
4561
1486
3625
127
4151
1992
4508
54
4025
1313
1920
2054
2826
431
2707
2542
3629
139
4169
4542
3754
2679
1414
1431
1482
635
3166
1297
2337
643
3199
1920
704
17
4733
1267
67
947
2983
2129
1919
2939
4856
2132
1368
958
3677
1809
3595
1667
3077
4643
2706
893
794
407
4192
2068
1950
199
2156
2699
3528
2587
4344
3135
1923
4092
1333
3455
4974
1225
2549
4022
3251
643
3261
2318
3876
3370
640
585
4958
1367
1895
608
4819
259
4724
1263
4393
2132
890
573
342
4669
121
4462
262
3548
209
3785
2912
2805
2950
2166
898
4972
2153
1774
805
1800
4084
3367
3910
1457
2062
2530
4500
1577
723
3413
3252
2282
4009
1882
2983
637
288
3970
2714
885
318
4761
179
3460
4108
4977
155
4131
3625
1588
1673
2118
853
1664
1798
3982
545
1964
2544
4797
2579
2042
865
1356
2273
4239
3229
479
333
1767
433
782
2156
480
1319
2135
4216
4110
3362
4081
4546
4570
366
4667
3164
3402
4994
2319
1806
2439
4406
1375
444
3503
57
3195
40
4796
462
3262
234
238
1670
1110
4553
617
4660
2368
3849
1233
3352
3584
848
238
243
4376
935
1227
1896
2383
775
777
3057
681
1831
1935
1292
4715
3055
3162
4097
766
435
766
1763
3992
2609
451
4189
939
769
319
71
4946
4940
803
794
665
1820
1156
4461
1346
21
4003
659
1876
3035
1086
546
2866
1179
4928
4538
3414
3782
2555
3472
1445
4386
2937
1900
3100
2222
4304
2534
1770
3030
4419
582
241
2571
2371
2409
1650
3940
2264
2497
3595
2768
4047
543
2613
3084
1389
3413
977
4961
335
3960
3806
2276
3754
3949
2730
798
2558
3530
2859
2562
2528
3402
2626
4589
171
1594
183
2068
2938
621
114
4284
2562
1052
2988
531
3983
2165
1236
1189
1826
3695
3985
990
422
470
3057
1285
2481
179
1793
1435
3909
4046
2984
465
4746
4719
3323
3250
582
2013
3432
3793
2544
3110
789
751
4975
1476
2125
2341
4770
736
2448
4957
806
1777
2471
3633
1349
3312
428
4672
1771
161
2253
3306
3341
1619
820
3759
1627
3929
1767
3509
2332
3741
2039
899
2925
2352
4103
394
2498
1499
1640
4854
3909
184
4980
3053
2530
3580
4499
1868
2073
3020
2439
1746
243
4483
1709
3955
2919
2443
2477
2087
1189
414
4397
2736
856
4886
2967
486
420
189
31
2803
1563
4819
3366
4099
3443
4510
550
3814
4675
2619
3439
1907
2095
1645
4234
261
1164
342
648
3654
1689
1338
4703
4249
813
294
2762
4394
738
320
4071
4140
150
2590
4631
2297
436
677
2268
673
3467
3838
3959
4700
288
69
3426
2816
4586
2975
2289
4444
3665
2956
539
1637
2664
1945
2878
4027
201
144
395
1842
4099
3660
156
551
1250
2569
10
1972
3600
2226
3
3150
2801
659
4807
4088
3681
2836
1698
210
3262
360
3340
4853
809
2849
914
2919
2271
1454
3996
1645
2974
3860
4523
4615
1663
1017
222
592
2670
596
4599
4825
2200
2563
2834
55
3742
4187
1912
1132
95
1130
1400
4885
2354
3717
3354
3445
2523
1016
4233
1568
2635
917
2094
619
4715
1220
1563
2785
4714
4446
3007
4086
3630
2006
1952
170
4302
1464
1363
2548
4530
186
3144
3623
311
535
4022
536
2822
163
2888
1885
2785
685
3970
331
3976
3488
349
1384
1121
4946
921
1230
3508
1252
2895
970
4252
2133
3923
1628
3453
1680
1309
4070
4844
2766
3235
4297
2218
674
906
2908
2009
1275
3505
2925
4768
1968
1424
2527
44
4570
3625
2948
324
1879
1486
1251
3858
3363
1560
1821
3115
58
2398
3761
874
3750
2119
3945
4931
1733
4750
126
1645
4206
4834
64
3540
4613
1937
1156
1212
854
4820
2280
2878
4237
2617
996
536
1735
3669
1188
3885
4005
3511
4220
3123
2088
3965
2742
1617
3772
4446
139
410
1195
3580
1818
4973
4299
3491
4540
2767
41
1724
624
3606
361
1634
829
1921
3166
2669
3066
2327
1542
2815
3635
4141
3009
3621
2462
3817
3418
4662
930
3901
3901
931
3285
454
1798
2985
3847
4450
1158
3419
2696
3949
4900
1511
4168
4525
2610
4247
2313
4756
93
1991
1339
1813
3545
2754
3836
2737
4946
2412
925
4160
2844
4001
2970
4500
4148
4854
3471
796
4876
4679
2772
3333
2649
1625
4522
2783
936
1967
1319
4801
4058
4326
437
117
4148
1019
1118
1701
1410
4928
372
1747
915
4758
4127
3291
1453
4619
209
1900
2797
2283
1942
4920
112
160
4537
1166
2667
2767
3922
1532
4931
4084
2857
928
3516
1195
2608
1120
764
462
1273
4877
1547
3593
978
1122
4741
2275
1312
2521
3602
4805
2648
4051
115
226
605
845
362
3764
2123
2666
2516
614
1265
2932
1636
3971
4160
3427
1549
1873
4679
4411
2893
3113
3571
2784
2110
1934
2790
987
4297
1398
1110
2659
982
2817
2250
4956
3726
1390
4585
32
475
1389
4441
4524
3080
1194
1209
3841
2721
3670
3120
4876
4169
4773
1198
3209
2779
1673
1682
4625
101
3306
3354
700
1169
3221
2844
770
4385
3611
2162
4538
3772
4217
506
2299
4267
3636
4660
4152
1303
1675
4354
2909
853
2828
937
2809
3988
1336
3526
4461
2301
1393
1639
2135
1805
2323
496
4787
2450
2044
2744
2174
1271
2782
172
1760
4142
62
4011
1522
2779
1562
181
3993
196
1592
2783
883
2359
3793
121
3335
606
882
2838
1817
4101
3820
4575
1215
3475
605
2238
2066
1571
1368
99
4910
2204
4454
376
3246
3863
3854
1002
147
3051
44
692
3175
3664
3986
2335
4618
3589
1721
4486
346
871
4046
4095
991
1556
3279
1828
4320
1032
4878
105
4161
4189
702
4943
4951
4084
2955
3449
2854
4047
4152
4700
3301
1324
4405
861
934
678
200
3089
2528
4497
3696
2151
1569
4399
3896
1301
4336
877
1806
156
2948
2845
1805
2219
821
3236
4557
3022
3828
4523
4111
3773
4138
3337
3165
4637
3301
1846
506
462
1446
166
534
1511
3402
4229
2608
3002
822
3683
1747
2081
3204
349
3477
3662
4272
5000
1268
2380
4048
3799
1249
914
923
3957
100
317
3931
3054
669
3714
1504
3312
2758
4418
1357
3408
2258
381
1663
4177
1192
1139
4216
1944
2226
1132
4209
4892
4932
2924
1039
3488
2078
2075
234
2584
3070
1841
583
3547
2036
4273
19
4360
1030
2678
3067
1839
3413
558
2765
1813
443
2057
198
3685
3722
4928
160
2840
1518
1801
655
3216
2907
2334
2947
2206
2902
2615
2185
1438
2496
1557
3703
4399
3424
2634
1361
462
4213
3750
3294
1125
4499
879
4272
1287
4635
2229
4967
1467
4932
2892
3763
1865
1431
348
2649
3591
2459
3924
1803
4991
2110
1889
306
1834
657
2434
1418
1034
3271
4522
1552
3427
4915
3699
1042
2668
1217
4760
2702
613
4860
4241
1050
166
1988
377
1270
1236
857
1863
4443
3236
1453
3298
3606
3754
2248
1554
3937
2869
506
3573
1164
2843
4298
3571
1074
4416
4942
4483
1693
331
297
448
1057
241
3758
458
4915
860
2040
4994
800
4958
2303
1811
1409
906
1783
410
601
2378
2708
2535
4244
3879
1347
3377
1515
1784
4792
4751
741
1670
3827
2100
2550
713
174
2791
4286
4223
2189
3323
4767
853
1119
596
3046
1760
1906
319
1763
3137
1924
2617
2520
4143
3415
4477
1776
3881
354
3003
3565
2274
4135
931
4462
2003
1486
2432
3841
2728
4304
2537
4113
3112
3029
1221
606
1671
346
2244
2597
2891
189
4621
1665
4567
4174
1427
58
3446
1123
181
4293
3390
4985
3934
3394
4845
3615
4678
1481
3403
836
4806
1225
1013
4840
3140
967
2409
2141
2830
1306
4949
939
3439
2054
1417
2271
3225
2455
2286
3391
4847
577
3370
4615
3024
2883
2751
2940
929
4710
1791
4047
4854
1996
3393
2051
1268
543
3334
2658
4947
3884
381
1924
3539
860
443
4007
1947
3854
1792
2995
4296
127
2503
2696
590
1931
1262
1149
3614
2335
362
2937
777
4385
3996
2020
3557
3326
3485
4925
3063
1545
4400
1959
3672
2325
3227
4983
3666
2647
1930
101
2832
3099
2468
126
2336
934
1838
2667
1711
3912
862
2034
4048
746
4684
3001
1749
2485
4772
2987
1415
4140
64
3509
53
4221
4493
2889
3094
4507
3679
2882
2270
911
3262
238
2138
3246
3287
1037
4518
4940
2967
2233
4361
4683
2908
2651
1889
4453
4501
1342
319
4993
1642
419
429
4225
4092
3015
2125
443
4172
2143
4288
2654
288
2375
2976
4584
4777
3426
4061
3766
4175
1486
2061
2219
3022
2458
3874
4238
3854
1655
944
1484
2146
3651
881
686
4755
1557
2901
2465
1900
3580
3048
4665
760
788
2629
3280
669
3815
1582
4746
1708
2420
159
4638
4950
214
4648
635
117
369
731
1431
4275
4655
97
4587
1041
1617
3748
4920
460
4680
2738
1074
565
2049
3263
4896
780
3439
794
253
1222
3074
2286
4594
2694
664
3875
801
2165
1981
1906
1984
4751
4642
1957
611
357
2340
1437
2552
3859
833
412
1156
2894
4441
931
4273
3788
2784
2942
633
3371
1827
3984
887
2581
590
4064
3389
3087
738
686
4680
3179
3308
2679
3611
2303
681
3996
2030
79
1532
2228
103
3433
1170
2129
657
4638
2849
964
4762
657
1545
2173
1614
1775
329
321
3854
4063
1103
40
513
4356
1089
2443
1726
1047
4555
2887
2204
3710
2115
2170
930
1833
1157
3029
2008
3210
3502
1353
2272
2006
2514
3400
2236
2495
868
3977
1126
4875
2902
2228
4024
483
395
2605
1902
2795
13
4143
2555
2079
4892
1498
2359
1051
4594
3197
2185
4456
812
4439
2862
848
2542
2203
2512
81
3737
4032
1560
463
586
2397
4681
2376
4537
256
3996
2866
2569
1139
3111
4591
4373
141
567
554
1738
3817
4077
413
884
1354
1827
1216
1478
1107
85
672
1056
3091
2227
1678
2207
1825
2969
2417
3919
3075
1519
1499
2543
2837
4912
4964
1513
1970
568
4081
1582
335
4436
1952
4824
1132
3432
532
4766
4419
4001
4096
693
617
2887
4735
2375
1677
4587
2866
328
1568
2372
1143
2010
1063
4133
586
3812
4340
4789
922
1277
2012
3417
1983
4697
1983
190
4932
4796
1807
1116
3980
3612
1082
2828
1998
3195
2676
4266
2226
3388
2231
1953
3823
874
3298
279
1319
4662
3510
1893
1688
122
840
2550
439
2062
3477
4230
981
1794
4749
3044
432
3852
4460
4663
2243
4354
1085
1910
853
2216
2070
3323
4464
4970
3445
3443
4732
4863
2384
517
4520
1268
4109
3524
3629
4083
296
4140
3909
2251
1704
4812
1208
2817
2065
3611
3482
1121
1510
4076
648
2850
1417
2291
309
4937
630
436
4730
3324
290
3522
1271
3665
3700
2664
2309
2663
4060
838
4458
2237
4542
2574
2691
1104
2145
3938
2062
2924
2724
2098
1207
3851
2113
296
2200
429
3234
3517
3979
4975
214
2733
1596
2006
2252
4522
2667
4127
737
361
3220
2282
1424
4772
174
429
4210
1303
609
1760
3816
227
861
1247
2888
4828
101
132
3612
3173
544
3557
3313
1381
1313
622
3964
4300
3968
2810
472
3991
2344
2268
3272
859
1272
3683
3788
2118
6
135
3045
4966
1749
2474
3098
4888
4694
2235
1959
818
2032
3486
2163
3764
552
1643
2225
3688
836
1723
224
4611
1049
4657
3944
1529
936
702
497
4506
1775
3638
2866
1750
1318
2733
1690
1598
4092
667
526
2549
976
3359
3154
3970
4673
1651
340
2775
1106
2004
1101
4920
2238
4644
1638
3824
935
2946
4339
3276
185
4445
2855
455
4777
4479
2638
1353
208
4349
2041
3347
4479
4095
1229
674
783
3790
4284
2793
4246
628
1540
1299
3520
2857
4588
824
120
1434
827
3478
4845
3613
1451
2562
2146
2852
967
2119
3780
111
4782
2557
4627
4228
1236
1323
2920
2865
1613
2436
1842
1039
2036
3900
1917
3967
3248
2962
54
1811
4870
1673
230
2466
2930
4310
745
4553
3657
2058
4480
300
4732
243
3688
1399
1744
2424
3424
1770
1714
4974
4414
2633
1537
1561
1115
3248
852
1127
3011
2330
4572
3439
2348
3237
828
902
1501
3667
2871
781
3789
2469
3333
3243
2010
1826
1932
2504
626
2927
1023
4355
2108
2561
3774
2627
972
2562
3944
3648
3867
4150
3092
4416
1163
1394
2892
915
3519
3316
3217
1465
4821
878
554
3730
2935
1838
103
366
1146
4079
755
277
1299
4866
1560
1943
3732
3596
4394
2114
911
4651
4658
1969
853
1574
4400
2530
1648
1574
2332
1450
1367
1693
558
3002
433
1952
75
1620
1965
393
2549
2114
2917
2617
2987
1723
2675
1415
2542
4791
4561
91
4181
4561
236
3254
1371
147
3082
413
1166
1399
2323
4004
2441
2498
894
3586
1320
4146
3496
310
3357
4402
3820
2277
1197
2113
2929
3001
1378
3190
2548
3984
3974
3932
2197
3890
3697
3091
583
1634
1819
3871
4590
3052
3697
4138
2655
765
1679
4064
2657
102
470
1729
2296
4276
4853
3874
674
2522
1548
4442
2040
487
1039
3439
4365
1830
4827
1229
1078
1065
2785
3756
4339
1062
1221
1123
3795
3923
2152
1201
2756
4226
3365
886
517
4242
4693
4780
4714
1531
4584
1313
1968
3185
1356
999
3097
1452
929
339
4069
4832
3195
825
2407
4079
3797
3818
851
564
4583
3146
565
1099
3328
3669
2886
2301
4591
4027
2166
868
867
4989
2322
344
226
4415
2683
3305
3367
2857
3372
3043
4703
490
3464
727
4038
489
1945
1335
1329
2665
605
3100
3365
427
1136
931
4125
1359
1176
139
3916
4886
4302
4329
3919
1659
4277
1643
2892
4731
127
2412
2879
891
780
510
2966
3068
1917
4417
3205
2963
3017
3759
544
53
3103
4555
4517
1968
3882
2670
4492
586
4369
2485
534
3631
585
1933
2961
3469
1510
394
4686
584
113
815
4587
4385
4004
677
1707
2822
425
1288
1285
3921
4925
3874
999
3485
2820
4257
38
4165
2137
4171
1236
3727
1510
203
3421
2340
1817
1664
4617
3940
3020
4649
1653
1532
200
646
3571
4988
2293
1021
1615
4072
3134
4334
1231
983
1393
805
3339
2313
2343
1971
4538
2726
1158
2517
4982
3281
1418
674
3966
1538
3733
1721
1482
377
2590
2527
2395
1708
4369
1029
1184
1804
3738
4564
3515
4142
14
2817
3622
4896
762
1626
1585
4461
2767
2269
4008
2982
861
3093
1032
3753
3312
2038
1244
2898
290
1432
3950
4817
1200
1052
3987
3897
4736
4386
3819
4618
1631
4957
438
2348
3532
3737
4782
2149
514
4658
1281
4756
831
716
808
246
4777
4167
3902
4798
1185
4858
1314
1421
4133
458
2648
4023
2264
1736
4901
4425
1541
4344
2026
4043
4743
339
1503
2300
2532
3664
3179
82
247
3865
1567
3109
1968
979
3509
2886
1862
4254
1183
1447
1681
2740
3560
3338
3975
4382
4990
2166
773
4401
3942
4539
757
2232
1918
4357
95
4300
4365
1003
606
1109
4744
422
3086
2629
274
1794
4948
1485
1746
859
77
356
304
2007
3978
535
2593
3013
4054
1618
4545
2256
1708
731
2077
2017
3488
2893
1670
1630
1810
1974
445
1490
3248
1840
1589
1029
3335
1357
4520
3697
4900
3295
4398
3880
1036
1251
4766
3723
3003
2364
3106
2623
3656
2002
2176
2389
3992
1517
2270
1223
3951
2919
3319
3945
1695
1319
59
3930
2087
4968
976
830
1071
2564
3710
2321
4841
3750
959
253
4913
4928
4212
1945
496
2878
3286
281
1856
2369
279
2324
3337
2407
2652
2052
3888
1330
3476
2268
2119
3717
15
2781
2230
323
2368
2250
3231
2035
156
455
2842
2993
3184
3097
2037
863
3762
1667
2274
4492
3376
3444
4891
4709
4006
2172
3143
3257
3271
4571
37
3421
3548
3440
3638
1607
4131
4114
114
807
3305
1920
2348
806
768
2172
2333
3274
3605
1436
4944
4048
68
1144
636
2666
3938
1582
442
1774
1394
1758
2880
3197
4312
4793
1162
1127
4526
3139
3830
1655
2961
2264
1828
4852
4207
795
2506
962
2929
3720
3865
235
1370
4251
3172
2561
4547
3267
564
4136
1334
2334
2589
3091
358
2217
1517
3083
3283
1567
401
1409
2584
674
2160
1851
3547
4110
3434
2901
2241
3734
4799
1258
2974
2138
1932
2290
2234
2711
3997
2342
4316
1811
369
862
3316
2942
3650
3427
4126
1900
4950
1366
4957
2879
4661
1578
830
1686
2439
3508
2719
52
1060
224
1730
3888
3185
3403
4254
4735
3166
1059
4506
1256
1333
3671
1953
4223
4428
4196
3955
4363
1858
878
816
40
4247
26
3171
3372
3519
279
1430
454
2207
2399
705
668
3167
2707
3124
1762
4876
2144
1525
2988
1330
2464
4535
4493
4026
3404
3334
250
227
3006
1393
3093
2244
925
2803
2361
491
2802
674
436
2056
647
4409
2877
4184
3711
999
2658
4496
3525
3183
2796
4046
4543
1052
996
2860
4855
852
4428
401
2750
2311
2424
2834
4929
408
30
249
2609
2865
2183
944
4584
2696
1941
4958
3376
3198
1439
421
4761
1157
4895
3196
637
3490
1105
1527
2827
2464
3629
1294
2509
3727
2475
4831
697
677
4977
2804
4240
3969
4610
4051
4718
931
3861
68
2122
4071
3925
2192
2643
58
3000
180
2310
2486
2299
1149
96
1935
4119
2228
2943
2477
1961
2904
2402
1597
2419
1866
142
728
2063
1586
3180
1565
676
2177
3343
358
4165
3898
953
242
1403
4719
3792
2181
514
4722
832
2907
4151
4163
112
1055
4762
4426
1947
2190
659
353
1950
2106
2980
4262
4296
301
797
953
955
2350
241
2214
1307
4502
2993
1125
3915
2177
2267
2157
1023
3843
600
4026
2191
3248
1077
434
2224
3914
4532
4869
3946
1939
193
4513
2107
403
4572
4086
1449
888
612
3163
4919
2697
1759
4349
3421
781
4541
4957
2468
2102
4219
2562
877
2172
4940
482
2801
2042
3711
2258
2180
2717
2719
4172
3898
2883
4428
389
2646
516
3929
3042
2401
4188
2700
444
350
3396
3670
1264
492
1485
3427
3651
3922
125
2820
1032
2686
4571
941
2772
2955
4326
3896
3888
1565
1907
1815
2108
293
2348
2026
742
4481
3628
370
922
2564
4065
3342
3878
38
3014
3854
4866
1703
3910
3927
2841
2313
2150
1781
2401
2282
3366
2470
4033
460
787
4918
3289
182
66
2376
2745
3592
1473
2993
2550
4433
1014
3193
2567
3109
4483
157
1787
3387
607
2377
3967
2967
3113
4986
25
1979
4685
1160
2893
3673
2159
675
1145
3153
2439
385
1698
3082
4538
1201
4647
578
2072
4892
309
4513
1195
4555
1217
675
4837
2703
3668
3253
4267
1071
3294
1140
2749
1683
1190
2351
2186
3647
104
2930
3892
4036
1875
1265
1640
3223
4538
2340
553
1708
4100
4130
3486
2915
1791
1470
4294
3062
3098
2139
2786
1571
1951
4642
3595
4863
365
4682
1102
1722
4249
3896
3289
3509
2855
173
1873
4440
4792
194
1159
776
1803
4902
1869
4587
1121
3923
2189
1573
4889
2359
4251
4800
3873
3466
3176
2083
758
4114
4401
3025
1066
2392
3853
1991
4394
4079
3667
3883
2638
4754
4918
4262
1373
3807
267
3882
2978
3813
4613
2651
2130
2976
4848
2497
2082
618
2822
2831
1819
4889
4081
709
4461
1295
2099
3163
2809
2904
303
548
1204
2708
4691
4329
4525
1886
3425
2583
541
18
2784
2172
2669
4467
1758
1546
897
4297
803
191
3414
1770
2582
764
1056
4008
4126
3631
3078
1489
1597
309
218
2065
1657
1495
4856
3368
672
66
1260
1846
496
4966
753
3443
3701
6
2761
4410
4080
253
2971
4007
2955
4356
2797
2805
4696
1172
759
4917
1866
3026
1980
4333
4890
1426
4299
1575
202
988
2652
4257
1495
2446
238
1695
1086
206
2992
4879
1290
1972
2951
3179
735
4218
584
630
3595
1832
2898
2294
1230
2168
992
1568
4444
1364
4783
3571
400
2025
4620
1627
4592
2144
4989
2010
4292
2627
567
692
2357
755
605
3846
3048
4156
3476
4835
1168
660
621
2304
4739
2874
1406
3240
771
3498
4486
4384
719
2069
1048
343
2711
1042
1221
1019
4771
912
2559
2446
1858
964
2773
4003
1463
2723
3407
3067
2764
453
3704
402
2349
2849
2555
4848
1118
3272
599
1359
1777
3369
947
2108
4204
1336
4840
1694
434
3070
3931
4204
2213
3551
3279
2534
85
4244
842
1487
3875
4228
1942
3461
4814
3346
4011
649
2559
1038
4269
1818
2929
2628
3224
4583
4078
976
580
2616
4816
3209
3393
3214
3561
1398
999
1127
949
2244
3364
3107
625
1462
4116
3205
526
4547
2936
1550
4166
4324
321
985
1792
1932
3286
2225
9
3809
1302
4645
3115
1186
3024
2632
574
221
2060
2240
4794
1012
173
877
229
4032
2126
961
3807
1962
3418
3318
2345
2239
1565
3169
4169
2953
2804
583
3346
1571
3632
4621
3891
3906
2278
4629
271
1222
2686
4047
99
332
3815
2582
1979
4467
3872
1536
2360
4723
2080
1223
4072
2114
46
2358
2999
1051
164
2060
3742
348
117
130
485
344
1270
3199
20
191
1703
555
1100
1599
2115
4492
2423
2463
3928
1907
3316
1677
169
1577
1839
2720
4368
3550
4135
1245
1178
138
3364
1353
3221
2751
4347
4116
840
2099
1354
2966
3791
2630
1524
1660
4743
3485
1762
4849
3589
4953
3944
1682
1029
3158
3099
3784
3690
1990
634
4735
1642
4691
4917
493
1690
370
4753
863
1911
4281
2727
3267
4755
2892
1435
152
829
3376
4318
4127
691
1226
4692
2246
4272
1208
3288
3549
462
3168
764
4065
549
58
1604
3446
3806
2548
1673
3815
1128
3118
4355
3184
4010
2701
2290
4579
339
224
4976
3780
1317
2053
1866
4929
2101
1508
592
960
4138
3802
601
3043
3009
734
521
2681
1430
4725
448
4936
3960
1237
474
2405
1482
1111
3892
3163
312
3405
1362
3843
1884
381
2307
798
1840
4815
4386
3748
4242
1709
4890
489
4557
3354
3878
548
218
2026
2639
2710
67
3990
4246
2998
3926
4687
309
1698
3579
2252
2769
970
179
1797
91
1658
2785
3304
2397
4750
3464
380
4748
1775
3415
2124
3949
2057
1339
2300
3646
3628
27
2814
2568
2611
1479
4920
2193
2684
2147
844
3793
2095
1781
2508
77
525
3489
2252
2789
2820
1675
3292
3660
2800
2830
171
3487
849
1670
3811
140
3042
2954
2129
3667
1610
3466
1520
2559
3047
202
3384
3980
3855
4003
3326
3400
4905
2995
1903
673
2311
1059
4256
1463
2596
2459
3744
995
890
3925
435
1220
915
4390
2647
301
2797
1458
2179
1604
518
319
2819
411
1885
2863
602
3066
360
25
804
3197
4182
1585
121
672
4321
268
627
179
3874
892
1565
1211
1042
1562
3862
1329
2372
570
1160
1330
2115
1339
1524
1617
2663
1789
137
2258
187
2904
641
2577
4354
4627
112
3544
4234
1877
1959
2394
2413
4757
22
3133
628
4421
4619
2667
4171
3122
2271
4262
32
3576
688
4073
2347
4714
3417
3112
4151
1043
4988
4331
4792
387
3232
299
1181
87
2710
4701
2270
3550
1981
269
3221
4857
2725
1297
3212
1303
2268
886
767
1552
4870
1769
4461
1436
3625
1360
1759
4384
4703
2017
897
1073
3206
3934
2940
4806
926
2980
1382
3096
2679
3092
3760
676
2692
4483
2040
4176
2073
483
3735
4752
1815
4656
857
3822
2817
515
811
2759
1467
3423
869
303
598
1073
2686
439
2211
4053
3147
3415
4529
3076
3761
3534
2455
1170
1190
2107
3140
3189
2685
4895
948
1324
1740
82
3908
3936
602
1545
3117
116
4534
4545
638
112
3734
3485
4195
4362
410
1801
67
3231
876
1669
2044
3807
143
3742
362
3794
4106
3688
3916
4961
4229
3096
4555
4235
2581
3780
4826
1189
2076
525
1678
2208
3400
681
3542
1949
1230
3682
3136
4355
276
296
2095
818
3086
1275
1481
1102
4833
3387
2174
3598
1414
370
1693
2449
1168
4342
4830
460
3178
955
1639
2309
952
726
816
2405
4453
3555
3760
1167
783
2039
4412
2462
1740
3386
350
4552
1971
4001
3036
3944
2522
1010
1508
1008
930
3496
3769
3453
4104
1459
4120
2300
3242
2648
472
2707
4414
2000
2922
1560
4184
907
683
1585
2964
3131
1276
3617
4233
710
2707
217
3841
2755
4590
2755
2631
1042
4426
4243
4547
2303
4347
950
849
518
1539
1658
4932
2193
1940
1436
4790
1513
1704
2193
2204
4073
202
3706
3099
1800
2565
2208
3734
295
1445
4146
1029
4719
2938
4568
2722
3464
1260
1303
1412
986
4636
3833
1526
3030
965
988
3873
973
2456
3772
1961
530
1357
4314
2866
3956
1006
1151
2844
4006
3147
2828
2314
3633
3152
4249
238
1702
1793
4523
4947
2563
1656
2373
1699
2858
1562
2017
1807
2471
2919
2269
62
2606
3479
2752
3348
3134
4946
92
534
4761
286
3899
563
305
1878
3237
1945
2374
3424
2099
3139
984
2974
3468
2970
82
2553
2706
2604
3203
910
975
2646
22
4322
3277
1576
3295
3295
2579
2024
2857
4691
873
4130
4859
3959
1652
997
77
2583
4737
4876
1080
4316
3609
3068
992
4172
698
1598
1839
718
1476
4323
901
4254
4229
4691
704
3204
2964
1934
4521
1528
4889
3823
1222
101
3486
2355
565
2866
3694
4529
265
4062
4950
1879
862
4051
2850
2110
3062
1164
1657
381
4503
2140
936
2110
400
1345
585
3998
2418
4822
1023
3302
2902
2171
1287
2766
1293
3027
1580
591
198
77
4227
2345
2473
4339
4592
3672
4248
1782
630
2672
4669
4860
350
3235
2397
4323
413
692
3590
144
2605
2499
4530
903
906
4597
2992
2828
4817
1624
3435
982
328
1057
2210
2794
2723
2424
2844
4961
3925
2011
3458
816
4794
2020
2167
3998
97
1485
3822
2659
1802
1235
3961
765
1868
286
491
1884
4364
4510
3574
1874
1968
850
4354
1230
3247
1653
3670
2209
3352
4752
2284
4869
4321
2527
1287
4438
4250
634
4387
251
3261
4733
4430
4256
3563
2860
3836
4559
3869
224
3770
4864
2968
4462
3443
4089
838
883
4859
243
861
2320
1617
350
1464
4442
3441
1426
872
1850
4112
604
4303
1784
2937
3060
4994
3809
2603
2142
1022
4069
42
3639
4458
3897
4221
1573
3063
1064
4625
928
3314
92
3385
1704
4701
235
4290
2695
2592
1735
3677
3009
3974
113
1310
3860
2605
3562
469
3141
3110
175
3408
4480
2324
1590
3167
3149
4056
3301
1031
3617
3934
3548
4543
4890
3225
4348
1700
2269
1304
1392
500
1656
4076
2655
3864
690
2505
4599
3280
2556
323
290
3303
2330
4590
2315
1691
1686
2761
3355
33
2197
214
4702
4635
2529
3880
4222
3060
2105
2559
3132
2243
3211
1024
411
3617
3884
1879
4416
4564
4697
1805
1349
120
3576
1642
4153
1470
1612
2873
3438
1444
4588
199
1378
1852
4958
948
3712
1561
3579
1664
4200
4258
1644
2651
444
142
3465
2719
1676
3302
2185
336
4601
896
4740
4457
486
87
209
2362
2109
2448
4333
3635
3372
4075
61
3703
4974
3259
1524
2564
4022
111
1733
2207
3350
3556
4876
1077
891
1367
3649
407
856
3501
4753
2230
1746
3651
872
269
4908
3821
2002
3916
4516
4754
2077
4616
1882
4066
3638
4397
1791
57
3623
3648
3361
4507
2281
3842
3657
2698
4573
1304
2451
3864
405
677
876
3649
1217
4965
1058
428
4314
544
4740
4191
2578
1056
3441
3622
2052
4577
2628
2511
341
4567
427
566
3791
3200
1808
1869
1499
3288
3474
4514
3588
3005
3767
1294
2859
2212
1334
3024
4300
2610
2667
1145
2866
1622
4375
589
724
4150
3324
3104
2163
4398
2170
4222
3603
3059
1641
1183
1020
650
1921
3537
2994
3220
151
23
1773
4114
2836
4551
2379
3919
2421
3363
1055
2092
4306
2491
273
46
1936
41
604
3058
3557
4202
3311
3574
3141
4748
2530
625
1302
3321
2591
1501
370
2389
317
2266
2991
2417
641
1114
665
2740
2256
2356
3807
2710
718
3702
3167
2743
1082
2044
2030
3956
3887
1389
597
2815
3018
2896
1313
3358
4633
3412
1945
3361
4137
658
610
3904
3095
4445
3016
1562
4259
3718
3700
1539
4732
1718
4690
4468
4844
4062
2281
4663
3438
3354
4698
429
4443
2138
242
1949
374
2883
1405
353
1004
299
3990
3076
4926
2273
2644
2513
4518
2610
338
4635
1069
1843
1675
4916
3382
1978
4737
3285
1238
2910
3750
348
701
2312
4538
282
362
4654
1423
296
1382
2732
3901
1867
3789
2731
1933
1015
4943
1631
1258
3829
50
1150
3044
4557
587
1977
1009
1848
505
2320
999
1789
1460
680
3694
2669
3973
1830
2223
2894
1681
4227
3392
2556
310
3576
4679
2526
4895
2523
1814
839
4023
4680
586
1102
1306
1180
4676
3434
4070
977
1239
4890
373
3978
1460
469
571
466
4096
140
4386
1046
1198
2154
139
4224
2392
4981
1748
3227
4242
2540
4620
1591
279
4944
4758
4377
2906
1383
3067
2441
2723
3136
227
806
3608
892
4867
183
784
4811
2691
347
3610
1628
3093
1355
688
2144
2673
1685
4059
2672
2458
3548
1525
2257
3894
4798
2977
395
2070
4208
637
2238
1584
994
3738
3778
304
2554
2352
306
4190
2955
335
4943
4825
4298
2705
1435
4297
561
3740
1959
2943
164
840
528
4407
4864
3913
4899
1391
1764
4361
3658
3467
322
3113
3528
1360
2461
408
2303
3240
3427
1414
4630
2784
1918
1923
4087
389
2166
1673
67
3229
3549
1038
3632
178
1285
2622
3719
299
2048
4306
22
1752
1047
4446
1281
4773
704
3607
1812
218
485
1527
2381
2892
4503
3466
2157
4546
2789
606
4830
3103
1503
3284
4296
2350
848
3797
2183
497
1847
1150
2901
2041
672
4238
3929
3313
682
1859
4606
409
1677
3716
3975
2270
1790
2527
2420
383
4362
4747
516
3777
3469
1213
4851
1945
1796
74
4554
1357
196
160
1505
1994
3353
4940
1889
733
4501
86
1383
2131
3988
670
1555
3297
4760
1715
2686
3349
4851
302
228
4750
4590
2338
4788
1881
4752
4045
2739
2352
1967
2097
1872
3936
3993
362
2043
3957
2379
4984
1396
3049
4924
576
2520
3759
1343
4014
4410
3803
812
3418
1469
924
4473
920
548
289
1874
1597
2772
2176
2119
488
738
2684
4870
230
4681
879
4841
1640
1878
3133
4941
1811
4522
413
704
1838
3928
2197
354
3316
2986
416
4497
1099
1188
4093
2227
3347
3621
3429
3735
4198
4327
1075
3640
3086
150
2569
348
2370
2973
3822
2906
1880
1955
470
3246
963
3147
3963
1258
329
2236
1519
3047
1052
924
1661
2798
2833
2551
825
1903
2313
2090
1345
1858
410
2242
4213
3425
73
1491
414
4299
3500
2192
1432
2939
2079
1109
352
4887
4647
2293
2076
4777
678
2179
4909
4896
3374
1039
1452
1090
3025
3955
2297
1099
4378
1096
3426
2235
3852
2504
1089
3969
805
4180
4954
1183
2867
1961
530
625
3804
2762
2025
1956
601
4723
4733
3579
1221
3579
4692
4957
2558
3731
3279
107
462
4281
3247
1077
362
863
4746
2086
78
781
3985
4249
3701
4039
1149
1099
3484
4590
4738
1259
2884
1209
2438
4158
3100
4482
4108
2512
4483
621
3728
4758
1973
3235
3249
1141
2384
2034
3717
3340
2492
973
4594
2028
2054
1186
4932
615
3951
4589
658
3923
2610
4952
3848
126
226
1538
4030
4853
1689
2912
3234
1294
3862
3705
1682
2820
4372
1268
2766
4939
1691
2935
2020
394
3259
4076
614
4643
4141
2608
3652
658
4416
1381
276
4453
1092
2636
4676
3392
1780
1732
411
1407
339
244
2402
3599
4210
724
542
4402
4819
2793
3521
4347
867
1094
2950
3422
3098
2139
53
4824
2869
3198
4309
325
2089
4200
177
3336
2282
4624
437
1575
2901
567
4331
4431
4164
749
760
4433
479
3302
1007
4854
1358
3993
2825
684
234
1599
4926
4469
657
822
1402
3402
2252
1851
3600
974
836
842
4284
4852
4960
176
3100
1979
1473
1866
3817
3464
2382
1651
670
1535
887
2618
969
182
969
1027
3799
840
847
4996
4754
410
2723
4961
3661
2506
1167
3285
26
4496
1934
1155
1601
1164
2777
965
1202
4670
4784
493
939
3801
2290
896
2594
2852
3228
3220
4627
4625
3584
1044
4572
3190
2871
4898
603
2285
3683
1163
4652
1832
758
198
536
6
1960
3991
4181
4984
3033
1680
1416
3938
3774
647
3820
466
4275
2827
2754
3322
1601
1662
7
591
1429
2995
262
124
1639
4150
3050
316
4610
3561
3884
577
1180
4044
1646
4143
2120
4301
4744
2603
4105
568
4454
4913
3509
1306
1123
710
4161
4652
1299
1845
4537
390
2413
1587
2685
1213
1859
4270
1480
2454
969
1216
4295
4568
279
2874
4801
3438
4700
526
4804
1237
1330
4850
3769
3070
129
1238
2117
4422
13
1628
2081
2956
4416
2930
1361
1465
1483
2965
3320
4017
4075
4150
2441
394
981
2402
490
1587
706
2866
2989
1830
4190
1382
3063
4283
2478
2448
3344
4468
3467
3571
3808
356
3416
4146
171
836
2958
3725
3978
2585
2176
2144
348
2056
484
4127
4716
1016
3991
3147
2628
2210
1117
1946
621
2804
4590
456
3661
569
580
54
1710
3567
4639
2597
1599
159
2571
3713
4799
2560
2634
704
3925
3280
380
3254
267
3724
3190
2675
1221
2864
619
216
2500
1086
248
3186
4733
2787
1133
1755
1406
1081
794
1716
1681
507
4814
1294
1639
4582
2252
4883
3567
3097
2815
1312
3054
1888
3579
917
4545
2664
1688
4933
2547
4992
1508
1466
157
1464
4931
2383
1662
4898
1101
1601
3341
3135
2044
1607
3704
3841
3016
279
289
4432
1743
4153
112
2133
950
3230
339
3658
260
4618
4235
561
4290
946
738
2502
3863
4981
2038
4056
4622
4071
2914
2342
2739
3703
2005
3427
3030
3400
4460
3845
2156
2878
3863
2517
2997
1504
3166
2550
1970
3888
1529
4585
815
3019
351
2097
1148
4437
4303
2774
3599
1757
2021
469
2795
1967
614
636
159
4911
4448
611
3364
445
568
3358
667
1041
2978
951
4882
3472
4846
1857
857
2474
3381
3807
1990
4814
1591
1788
2454
2642
2815
4235
2319
3735
4326
1484
161
4513
3628
3812
3157
2026
3468
1878
4056
3370
709
4437
1321
3146
1926
4318
2580
6
914
3338
4618
3589
3361
3456
988
526
266
3573
3721
963
651
2446
963
3043
1505
1215
103
788
3517
1577
2900
2222
2937
23
927
2734
1956
1830
4267
3615
2241
2684
1265
2309
2362
2187
4524
3211
2173
2662
2452
682
3281
2171
4141
603
1559
912
3561
4133
588
786
3531
2450
2293
1095
3035
1371
385
3813
3496
4195
2527
874
4190
4374
2536
3272
241
1291
4257
1918
3224
4709
2239
161
4688
3595
4768
3549
4197
2299
1056
3118
248
3508
2434
1805
4854
2188
4680
705
2172
4768
2349
4364
2545
1314
1931
2691
2068
3245
3037
4908
2532
2583
1054
1127
4624
3444
1591
4789
1311
1825
1994
908
1450
4238
4869
4365
4600
3772
3600
1282
4541
3839
66
3029
259
1417
2591
1003
4900
466
3267
909
3339
4802
334
1699
2233
841
4519
4116
1343
1259
4978
315
1286
1623
3622
214
1613
4234
1162
547
38
2877
2749
4120
714
756
3672
2792
2177
471
238
1224
3576
361
440
2524
4170
3439
1105
1406
508
523
4828
1687
3528
2773
3620
94
4722
2302
3805
2114
3540
1315
429
1479
2148
109
78
2441
2172
4618
2322
2741
3631
2823
4152
2140
2246
4104
4492
3138
4265
2643
4269
3790
3920
2045
59
4059
940
1035
4084
1298
2326
1605
4800
2902
1072
810
2354
4840
3217
4060
3555
54
3576
4007
3838
72
2642
553
202
330
496
3727
4729
74
2473
846
4314
1643
368
2224
338
3075
4191
3897
1914
4105
205
3034
1822
3438
2539
2434
1030
63
1971
4737
98
77
1
4797
2198
4631
205
1497
2623
3649
254
3354
2485
2248
1573
1051
4133
2425
2502
2909
4937
1125
1751
2615
2163
3551
3791
1514
946
2242
4852
4416
3993
142
3806
91
4119
538
2307
932
2704
4343
219
2923
4180
971
2015
219
1222
4882
3332
3272
957
285
160
704
3120
2358
2389
1827
4500
1593
2571
2124
4237
4075
340
1977
1320
783
1618
529
159
4292
2457
4276
2341
3802
1210
3649
3587
2967
4561
3553
3644
3167
3562
2847
3326
181
2190
3974
459
517
792
2689
1046
3654
3096
2899
3322
4673
1811
3668
2148
532
3301
2972
3404
2966
194
2823
132
2411
1191
3357
2206
2205
568
2462
2825
2531
1343
1820
4587
4993
2231
444
1965
2197
2415
3403
3159
4457
1811
4037
365
1709
2576
2911
1098
939
3218
1211
4884
4963
3016
504
2421
1370
3267
4916
3796
1160
974
4666
1430
3930
1390
3584
1122
799
932
261
4834
480
4897
2776
4640
3835
716
4211
4162
2366
3027
1861
1325
983
2025
3968
4877
1046
3759
4925
4644
4857
339
3610
1175
3743
2837
3844
4631
3791
3779
4773
3380
3271
2103
3761
4861
864
1152
813
1916
805
1956
4104
4679
2718
642
3466
4032
2661
2161
2284
3373
3871
1262
1207
3715
974
401
3079
3197
3571
4208
4986
2706
75
2889
4052
2405
2876
2701
4597
3800
2424
1777
1441
4542
4316
174
3738
3627
475
2263
3181
3140
2124
2777
4220
2158
1165
2255
279
656
3182
4104
2047
4688
4273
470
4054
3107
2408
2131
3664
3313
1423
3841
3263
1441
2731
709
2623
1115
4609
3519
4311
850
199
187
3630
2324
2794
905
960
4479
1078
1838
453
3874
318
1914
4402
804
761
3272
3273
2467
3477
272
1170
4229
3048
2264
3636
4502
2538
816
1344
2939
4838
2884
429
2788
975
3723
3161
3024
1942
3527
3346
2715
4927
672
2189
2097
3123
817
4951
3620
2013
4478
1933
3108
2502
3228
1214
952
355
2161
4891
3644
2154
3573
2604
4780
4532
3218
1211
127
3474
4919
4527
2196
1930
3331
3238
257
734
4084
2790
4284
265
2236
4249
137
2134
2233
4772
4955
1620
1349
1235
2627
3758
1494
1111
2914
201
4542
116
4763
2898
3095
647
2393
4390
786
3201
1519
2787
1879
899
4136
844
2486
2015
3261
3631
1688
3952
218
3559
696
3645
1880
693
2674
3068
284
1096
2657
4656
1730
4655
2727
3576
3918
4483
3346
4420
4679
1309
3314
1072
189
1909
4083
4258
3794
4510
1910
2238
633
377
3687
4728
4775
2844
4639
4786
1896
4024
1090
3876
3076
1437
928
1055
1858
2455
4681
2685
3059
4235
2540
1863
1998
222
3134
865
1931
4915
1932
3489
3207
3124
2993
1362
3118
945
3042
1136
4716
181
684
70
1613
3857
2507
2588
1842
2882
3493
2363
4338
4262
3152
2258
3499
366
2356
277
3744
828
1595
682
1833
4999
3067
3735
1165
2991
3369
4742
2518
2060
4536
4307
2768
2499
1648
249
1616
2158
3410
3086
1084
2366
4837
2799
4886
4492
3707
3395
960
4449
2713
800
1525
4030
3918
1897
2451
949
4703
1630
4842
2757
109
2202
566
1701
448
1930
2717
3875
2217
4618
224
2927
211
3789
1848
4272
2503
1399
363
3248
4279
2879
4943
3223
1146
1229
4303
2026
2830
2302
51
2102
820
1276
2356
393
4408
457
1738
4222
1835
739
2897
1237
800
2072
608
3103
1975
4382
3689
4741
1947
4272
2191
1083
3423
4434
619
3446
3003
776
1744
1703
788
13
384
4637
3199
2945
2989
3630
3333
2233
3561
2848
3378
1068
3090
1049
3854
3699
197
602
669
2369
4175
4781
776
2067
4277
3737
3890
3644
3743
41
4544
2774
1259
2956
4743
4268
1447
1555
3157
157
4860
4972
2432
22
2571
3494
2225
629
24
2562
3065
4103
376
2032
2718
4318
4224
2058
4649
3224
4095
4322
3826
520
496
4758
189
1864
1985
768
4950
1128
4080
99
550
2624
1748
822
2003
1077
2196
1739
131
3154
4168
1340
81
1144
802
4477
3433
2274
4644
77
17
137
498
4420
4028
595
3370
2907
3825
2119
2018
1689
4465
4849
1985
4682
1372
340
4143
2866
946
4993
953
211
2438
1041
4742
3883
398
986
3657
4266
2012
2205
2567
3157
152
2228
4217
449
2397
4807
4793
3589
527
5
2959
3662
209
2704
2040
4178
3524
3805
4738
388
2596
1761
3724
1246
2944
321
1236
2997
1356
35
214
3885
1280
3213
1239
2330
2326
303
1861
4067
2507
3560
2295
2965
1805
286
3220
998
65
4244
110
1551
4799
1809
998
3527
2323
4922
1266
4090
2344
2333
3465
2082
3442
2988
1684
175
1914
4765
882
2821
3300
1284
1015
4762
1494
3524
87
2954
4178
3081
3970
4046
2480
920
875
3716
4988
2031
4040
1598
660
109
3087
3423
1016
4052
2374
4094
422
1082
953
1338
2993
4001
648
1719
4089
3573
2388
1391
118
3710
2861
1516
210
4550
3245
371
506
2065
2892
4933
533
3170
4815
1341
279
2930
2001
1268
413
1055
2010
3518
2813
3188
191
4184
2471
2244
4211
1456
4519
1292
3354
1989
118
2665
3367
2004
2923
4625
751
2845
4696
2263
3375
2270
3143
1999
4489
1822
3541
4693
961
241
2915
4756
984
1425
2930
2587
4042
2228
4639
4922
2289
4749
4703
185
889
2652
4069
485
2713
4631
1873
1587
3959
1028
981
1654
4136
1700
4103
4813
762
4065
2994
4237
4866
4219
3765
1660
2812
1015
2767
466
2483
3254
1084
2771
1192
3293
1211
1322
2058
1549
4089
2420
4997
112
1526
2103
3382
2357
1901
3181
2679
3618
2393
1662
4953
1306
3444
4036
4083
407
4890
3761
1459
4107
4374
692
1048
3201
3090
3866
3097
3805
4865
3684
3169
2354
2845
934
91
3064
4311
3961
2620
4465
1100
1067
4687
1667
1435
2993
622
399
2304
2468
1060
2873
1879
1546
1561
3748
3376
1444
4330
4075
3080
3235
970
4347
2134
391
2830
1977
2491
4054
3573
916
3803
2201
301
4669
4318
1949
4782
4173
1204
2681
1870
3135
1762
3504
3609
2365
4850
776
4451
403
552
2495
1862
974
2844
2127
3788
4581
4010
4836
2257
4431
4193
2433
3578
4401
1950
2416
2671
149
2997
522
4190
672
4156
3885
4499
4058
1708
2223
3372
2206
2037
3344
2149
3349
1637
863
955
3292
3760
2855
4617
668
3510
3782
2686
2922
4439
724
1080
1474
2749
4464
3455
695
3279
3995
1501
1084
1775
1137
927
63
3500
4962
1632
4330
4335
2769
572
3990
3093
2681
2390
770
4054
3726
4312
67
1218
2961
2338
1501
651
2062
3921
3364
1262
358
4296
1158
216
3167
4916
2603
3124
1453
943
4934
4353
4489
1444
318
3404
3633
4537
4362
610
716
1110
2901
3206
2559
2608
1789
1638
3293
4408
227
1376
1666
3164
2281
1771
1767
3294
4260
790
3006
159
2252
4468
1168
1009
4730
2453
977
1125
3638
390
4984
136
689
261
1371
1697
2302
3514
1931
3898
689
4911
3601
3726
3644
4014
4582
523
1340
4913
3852
4450
2250
1219
3787
4047
3438
2375
3091
2789
1481
2535
4573
1080
1304
4453
343
3011
2250
3650
541
678
1678
24
1395
1718
931
2832
3130
4739
2696
317
2750
3547
234
334
3711
104
1621
3711
1281
1734
3614
3165
2573
989
3905
3171
4526
267
3766
3701
133
530
3153
2652
2645
1415
2702
121
63
395
1534
2341
112
337
969
1637
3273
4952
827
4504
3430
2417
3122
2053
4658
2690
2268
4747
1663
3610
806
1921
133
946
4618
4741
4628
2951
1539
3921
3600
4768
6
1665
4975
4982
2381
4809
361
4586
2650
3896
3267
4917
119
2370
3611
4509
1659
3901
3841
811
442
1705
2942
4268
4888
4129
1633
4764
676
4563
2752
1135
3424
3347
679
2363
2347
1668
3743
1488
1696
3064
1839
1199
4451
324
28
971
3070
1398
4174
3213
3194
2154
4776
4180
3687
2923
2223
4386
2222
4409
4329
203
3352
3332
4637
4583
1555
4063
1032
1650
3350
1476
4343
244
2294
1874
805
3475
1909
3564
529
3621
254
3451
4335
1372
2972
4228
1617
1750
723
4009
2848
4369
2622
1240
634
1346
4014
4135
2280
4890
4931
2566
542
3804
3267
1846
2836
3208
4096
1861
2504
2687
886
4059
344
3661
3784
3064
822
4815
3754
1333
2890
3229
3031
1162
481
4255
4558
1428
149
4262
1784
2048
3669
4340
3183
1517
1751
1147
3457
4313
4165
72
4819
2864
4022
4608
3805
31
954
419
4172
353
3821
1914
3511
3325
1365
219
459
3361
2413
3401
4854
1807
828
1789
2361
2867
112
2502
739
622
2733
302
305
2250
3285
4232
100
4265
4244
3491
4765
949
1917
4477
1658
2588
1623
3048
1608
4588
4735
755
2769
2147
4598
2746
3583
4523
3294
2706
1961
4678
3358
4101
490
3476
1170
3140
2613
3258
478
4220
2058
174
1782
3468
2139
2203
3235
4555
1901
3882
774
4545
1771
3148
1844
3838
1636
1908
3332
2548
823
4309
2420
935
4120
2950
4082
4148
3454
158
1911
3565
1545
2947
3524
3799
2518
39
1259
2036
1088
3560
3805
3308
3657
1515
2224
1934
2935
3015
1410
2863
2402
190
4958
4018
342
2407
2853
3426
4345
1203
4900
4372
1112
846
4154
2464
3163
4494
866
2521
3325
3674
1775
3036
1555
3417
3925
2543
1743
2928
3911
4265
2152
1271
4369
2250
1547
2236
3228
3179
1932
4071
591
428
441
4368
2691
1430
2707
855
1816
4397
2402
3870
2712
4143
4432
2956
2889
4287
412
4439
4087
4758
4661
1332
2560
3986
2400
4254
2715
4863
217
2653
3781
3145
3951
3894
2021
4932
3685
1884
2146
1311
553
1002
3255
4168
2195
442
2076
1063
3902
4841
1412
4915
3950
668
3311
4974
1128
4375
125
4752
2196
4105
2431
4519
4087
4202
1221
483
1708
648
2818
0
502
2669
4057
1905
3920
1996
2034
2904
966
3701
2880
2151
3745
1760
4062
4805
3785
1342
3768
344
2801
1187
4565
3452
2317
4498
3661
2401
583
2855
1677
3414
3711
1586
1615
3344
4172
1572
3224
1426
3748
3677
4748
3881
4905
1591
2631
2379
4214
1469
4535
1152
2211
4407
4170
1230
3437
1975
4403
3034
3826
761
4099
449
274
4771
1352
1542
2465
1816
3320
2448
3411
2978
3592
2913
2706
3577
4324
2675
3009
1907
3016
394
2817
2055
4448
2351
3913
1896
2640
2104
3790
3400
1459
910
1622
4665
2089
4940
2334
4998
748
4130
2478
1619
547
1082
4092
1170
959
3383
2107
1790
2479
2005
2876
1566
1674
4164
246
4425
2682
2863
1244
4776
3480
3807
4765
4059
3480
1073
4968
2009
455
3722
3720
1145
1715
1889
893
1387
120
1308
2988
4630
938
2472
1989
3717
913
2622
3578
2683
407
2927
4028
129
4768
4513
4656
472
749
4517
3477
315
4174
282
4983
4863
1609
2708
139
4658
3598
1292
4165
556
307
4476
925
27
2601
2589
3355
2010
722
4422
1028
4806
4514
357
1744
3181
1141
3550
491
678
3666
3729
722
4495
1374
1455
1335
4581
370
4951
2316
2602
2346
4068
3041
1438
1057
1962
2479
1010
3487
2488
468
717
2612
2018
4830
740
4196
3151
2031
4924
287
1533
3010
1621
1627
46
3536
3483
4339
299
997
2442
1855
1840
2200
2464
4584
2490
2783
3051
1887
3679
3988
13
609
3353
647
4924
4095
4685
3313
361
2147
1440
3820
1326
4773
3541
1410
2395
2753
940
4336
19
3841
2566
1922
4179
4675
1640
497
2956
1186
748
2243
2040
1051
4389
2062
375
3151
1889
1558
1440
80
2972
1852
4831
3957
4450
2463
4460
2255
570
980
1763
1071
4036
1722
1444
3658
4198
527
4201
1414
4200
1567
2603
1183
2988
316
3908
500
3988
1184
1867
1721
4767
824
575
4621
2459
4189
4273
4564
258
3785
4596
3212
1253
371
3949
4495
3759
1860
2297
3715
2087
2496
641
2101
868
1939
3779
337
838
4704
3738
3462
266
2042
1646
178
819
3401
2683
4054
3509
1427
1037
3218
510
1245
1417
1062
1931
1768
2258
1246
2423
4532
325
1537
856
3719
4371
2823
4745
3654
3047
3626
1500
4896
2412
132
2558
473
1460
392
701
2926
1977
1202
193
4257
139
4704
29
745
3792
2639
4160
4430
3196
4642
2910
3745
4040
1933
2341
2422
1476
3656
2255
3169
1421
4009
702
890
4437
4671
4621
1935
4594
4387
1190
495
3341
1288
4129
3675
1571
2747
1296
965
677
429
4584
878
3336
4969
3062
1088
167
4710
4984
455
4787
3424
906
2912
3787
3637
913
3264
4821
4438
25
383
676
2227
4349
1171
1964
2293
4297
1402
1115
2044
845
3231
94
1072
647
2066
4735
4136
2607
712
3166
3421
1988
4206
424
404
2162
1653
4579
4564
3432
1262
415
1001
3113
4182
2287
1647
623
1096
4593
1472
3831
4597
1803
2594
799
728
3583
260
2743
2378
1219
2022
2280
1382
2568
593
3692
3805
27
1526
9
498
3506
1314
1051
4220
4377
2893
4628
3846
4166
2403
1687
2131
20
1215
4442
2191
2945
114
4488
4147
4837
3583
2370
2093
1062
1359
3023
2195
2563
3014
635
2230
3704
1583
894
814
534
1796
1901
4801
3750
4975
2568
3382
3355
2680
1860
3293
881
477
904
898
3834
2695
1680
538
679
36
20
2292
414
2173
3162
3561
1275
4
4866
1012
4529
150
3725
2609
169
3299
4319
3104
7
2331
723
2172
2076
3473
966
572
1033
1761
4296
4551
4570
706
68
4420
618
4264
287
277
378
1440
4182
2073
1202
1264
3230
2457
2867
782
103
4696
2443
4015
3344
3360
2742
875
3379
1264
199
4007
2040
1937
1733
2499
3822
1567
4920
1712
614
1604
4875
4744
1183
2629
2693
4289
3110
1734
4446
4365
4954
3293
553
3426
4057
536
4791
3726
102
715
3631
45
3030
2581
1074
2727
2319
4269
1675
399
901
808
4835
1915
1106
3103
3827
1578
1931
3125
835
4199
3550
2128
3768
4949
3888
4337
2685
2126
2579
983
1864
2837
1622
271
2854
50
1385
2820
180
440
795
577
3104
2444
3720
388
2887
4474
89
457
1598
4034
3691
1453
4975
4595
1946
2678
3104
2889
134
1274
1541
2334
4327
1644
3158
4925
4790
2036
311
4536
2552
300
2721
220
3397
4944
901
828
4213
3295
2120
2748
1660
1775
622
1920
4290
3133
1658
2307
4983
81
1355
4295
271
111
3204
4387
4278
4687
437
4974
3992
2151
4695
302
1080
2338
3320
3541
2465
2890
1794
1712
2068
264
4297
1302
1517
3171
3212
2115
1755
96
2440
823
3261
2189
92
659
3850
195
489
3311
258
4034
4006
1666
3131
2931
2258
1084
507
554
3241
1265
4942
3110
4978
3662
3803
4357
4244
695
454
2255
2398
1084
2304
3724
2554
991
4647
3750
3356
103
1776
4788
369
4601
3825
4588
4939
1557
1862
381
4801
101
249
262
4047
2884
613
304
257
975
1839
3075
1030
1160
3234
667
1395
4686
2800
1690
3481
1165
628
1848
4511
3603
3560
1546
1611
2717
1726
1983
1299
3058
429
2966
1894
3658
703
168
3243
3190
1111
104
845
2977
1856
898
3214
2932
541
526
4223
2665
640
1158
4767
1448
3028
2944
1214
4690
4601
1527
1874
3317
804
1610
2271
2754
272
596
3271
104
4911
4020
993
170
4010
433
2387
3186
3187
4059
1240
4136
2831
1342
3760
4085
3816
4909
5
589
1657
951
1
173
2765
3093
3427
4295
1723
4866
1605
4273
3943
2888
2347
502
1086
2163
824
3377
3326
3592
1748
1291
1774
3787
1161
4757
3452
1298
3928
3346
2862
4129
1094
376
3629
3929
2531
4263
4366
2676
958
4723
1319
3832
4561
1022
767
2229
837
1321
3744
3852
3266
4485
3061
856
927
573
885
2166
1211
572
1132
2771
4873
675
2028
703
2749
3925
311
4201
4311
1515
3261
3302
12
4574
2829
1157
2034
3663
3466
3470
3909
3759
2861
546
4330
4543
4393
3287
2961
1698
245
3144
625
1323
2510
1147
1912
3604
1483
2375
4534
2927
1998
640
3020
1056
304
4168
3991
450
6
676
3128
1004
4065
258
1777
3038
2836
419
4729
4319
2576
386
3996
2581
1751
1699
3047
3862
2333
1633
4813
2714
2905
4601
1890
4963
92
1443
2811
4419
2358
1553
4599
4790
1577
101
120
3820
3146
1766
4870
3781
4238
718
2884
4937
3810
3755
198
2424
3792
707
3553
2593
3784
4579
4264
2028
1663
4161
3410
800
1752
2208
3763
4388
4551
4909
4208
2333
329
896
3448
3601
4034
811
1391
2526
3117
4937
247
1748
1275
921
1585
3575
3288
2875
3368
1060
1831
2913
3801
1785
2937
1005
2782
1179
876
835
2857
2289
901
1421
1040
396
485
1334
2171
2817
1367
3420
3262
338
1751
901
3989
2041
2669
4161
2469
293
2695
3996
3491
1893
1860
4536
4819
736
2445
3769
3885
2792
3947
1718
1561
3481
1100
4978
3860
1114
4585
63
1358
2773
2721
114
1784
2161
50
1798
3989
2046
3123
3303
460
329
1014
1376
2508
1513
4698
4722
1280
4849
3160
649
579
3714
2733
2372
742
2290
4398
844
3982
1760
4768
3820
1470
1302
2675
3534
217
2291
4189
535
220
3753
3751
529
3053
3713
1117
4228
90
3952
1155
4452
1202
3245
2279
1792
1589
1879
2426
1508
4810
2287
731
1350
1190
3486
1601
629
639
3039
3405
1378
1994
1640
37
2681
3632
4307
2245
68
4502
4123
4296
2817
759
4179
4911
1843
2796
4546
363
2337
4990
1839
3916
4112
3061
4689
2286
2505
2037
2440
4005
3299
815
1117
317
2999
2446
1375
4103
1799
518
1651
1968
37
3605
2898
3900
122
3675
2661
4507
3434
4636
737
152
2173
249
4890
3678
4765
87
3841
2888
0
1587
4134
2871
3538
3928
4766
4418
2931
320
2904
4747
2138
2111
472
1800
3664
881
3277
2612
1505
3541
182
3759
2761
2327
151
4005
3874
3804
2480
2464
2230
3139
3660
1990
3712
1670
263
280
4700
499
3108
1912
455
867
2568
2894
1420
4803
1602
223
4267
2152
1820
660
636
1400
894
2344
2880
1182
2346
2092
740
577
1529
1086
4921
3298
736
1358
1586
3483
2776
292
2829
2142
2476
739
4547
3472
4404
2073
3158
3220
2743
876
4000
223
1009
1549
4152
1834
3330
3856
2473
2522
173
4366
2758
1626
4456
3407
2267
3232
1791
4692
3832
2533
3514
3209
4042
3997
182
4224
4172
3595
1940
1320
1906
3163
2648
3440
2683
174
2655
1365
4973
3102
1993
4298
1834
4792
33
4141
817
577
9
1598
2630
2255
4993
2294
4530
4923
2485
4876
2097
601
3775
533
735
2101
4114
2500
4026
264
2880
1156
2270
4143
563
4193
698
860
42
285
1078
2321
4961
440
1626
4653
2233
2423
4604
1619
4423
476
833
2865
2556
3187
85
2329
2416
4977
361
4452
2265
4281
3889
4252
3646
4550
2462
2875
993
2772
892
3143
3634
3588
1516
4330
2420
4686
3323
453
2156
2024
3671
4907
3452
2562
3022
967
2026
3799
3788
2150
2864
3206
3240
3632
973
3783
3223
114
1284
367
4804
3339
4155
3079
2704
3685
3973
3535
2860
808
2533
2369
49
3795
3955
2094
1505
37
978
646
1387
3367
2210
1018
444
82
2880
3699
2396
1552
4026
50
770
832
815
970
1621
3781
4919
1993
2210
3159
3844
638
2850
4994
1617
3898
57
548
156
1479
3919
1622
1111
2062
3557
3495
2400
497
3628
4885
1742
3973
2375
4545
1719
2774
4641
3799
4062
1120
969
2663
4127
2669
2971
1409
2372
4000
4905
1618
491
4025
3255
3074
4922
1969
875
941
3478
4659
3197
2394
3963
4001
1812
4644
1550
1316
1895
3623
2359
2410
732
676
3176
4508
2527
2351
4983
3193
1617
4239
4311
276
1385
3151
4599
4822
4123
3257
723
4403
3441
2450
1728
3280
1277
4870
1086
4764
215
4929
4505
3857
2977
3497
3908
4586
1162
1094
4795
3751
1396
1474
276
4232
1390
2900
4030
4907
4362
774
1694
265
4145
1427
4399
298
3613
4072
326
55
4388
3642
4288
1424
4428
3161
3676
1309
3091
4922
4684
3280
3932
2044
1005
4327
2630
692
1961
4347
186
4165
1347
25
1573
2820
326
2378
29
771
1581
3388
1341
3521
4437
2924
4134
1101
167
3210
252
3520
4353
1266
3953
2264
4049
3407
1255
1254
3135
4262
3420
4310
1215
4344
4456
1232
1111
2464
2736
4268
2738
4523
1240
3424
2759
719
183
4621
2432
3815
2869
3299
3021
4246
2775
1459
4456
10
3925
186
3649
2972
4944
4581
612
3956
1929
3441
3599
2737
4012
4015
5000
1524
4831
592
2990
3858
3799
4794
4414
496
3797
1256
4364
2035
3323
4891
1562
4005
3359
3213
1048
4501
704
983
1275
4839
1292
3369
1978
293
2098
702
3609
3188
1931
3116
4040
4859
2285
1903
449
1469
4487
160
57
3303
3138
1996
3024
276
4770
2619
4469
4060
3173
2780
3661
1006
571
998
1024
4983
1179
2241
1190
2792
1429
1518
4087
4513
4066
2792
4649
416
3089
3175
3948
4204
4564
1382
2228
4594
1211
1962
463
4585
3586
3482
4886
3356
2826
2614
4216
2783
829
3686
1576
4306
2270
1858
2238
2488
393
1190
729
2829
1780
946
3558
4458
1713
1343
366
240
493
1085
3280
528
3567
2630
802
3186
705
2610
2196
1291
4285
3406
3546
770
1372
2568
3102
4495
1920
321
2028
3251
4818
248
4384
2419
4600
2410
4495
3081
2285
3181
78
2720
1054
154
4221
1912
1231
1318
2238
1102
3281
4031
2121
4336
1570
2561
791
443
2080
2020
2526
3410
1500
924
1405
1632
3190
1916
2461
359
897
2623
3120
346
4485
3724
3541
125
759
270
1917
1870
4064
1880
867
611
2376
1839
1479
2908
328
1559
1246
2006
4072
822
4288
692
4618
883
4794
2543
852
53
3473
2933
895
303
304
2161
3396
3831
1948
313
4879
2051
3227
4184
2830
463
1528
4314
4414
2361
4719
1725
4986
917
3071
4253
1825
4626
1657
4439
4518
1668
1751
1811
643
162
3009
2663
2461
785
4560
4108
3947
4250
3695
4869
2933
2214
924
4187
4118
4871
817
503
1786
4175
1808
822
4727
2843
3290
816
4289
3962
630
3552
1188
2234
1743
4128
3062
1925
228
765
251
1641
72
2315
1981
3947
4587
1421
512
3388
3270
3047
1154
4851
4363
4699
1642
1603
1615
620
3868
4862
1194
4585
3250
3045
2399
211
3830
1607
3745
507
3753
1929
3362
2409
2320
1133
3157
362
1630
3684
4761
4958
4076
2671
2349
183
2854
3580
1676
4587
288
2976
2602
2447
1758
2621
2473
4018
1746
4779
4324
1892
4206
351
4384
761
1478
4516
3352
1236
2921
2459
3398
419
3188
670
3829
3399
4704
2497
3266
2240
545
564
310
3513
4088
4495
3588
1708
1738
305
3134
4808
1198
1336
2116
1254
1154
1878
2826
4378
193
176
3592
302
2143
2747
1868
2826
1482
1788
1725
1410
620
2645
3608
4288
2769
1547
4117
2517
3045
1105
734
1532
91
3948
775
2754
1923
168
1021
634
3441
3428
3166
2174
4058
4982
3672
3926
4935
666
2587
1158
647
1936
1517
1228
4066
2512
4874
4732
4480
2662
1311
1877
3852
599
3315
169
2697
3326
2116
4628
3960
3124
3716
1790
2009
2457
194
3272
3913
2500
1754
404
2572
4473
4507
1228
3768
4884
1296
3340
550
4993
541
3591
2809
227
3403
1196
2020
2051
3985
2597
2268
2516
2563
3276
1689
941
3206
4298
3432
3987
4484
3631
1792
999
1566
829
2152
209
4355
1732
4886
4936
2993
3290
2781
4135
4563
4147
56
4828
3877
3192
3196
566
108
3229
3733
4641
803
1823
3793
4119
996
1870
1671
3071
4522
751
4879
4912
4550
2307
1006
2801
316
3777
2579
3770
1927
4240
578
1153
3210
1726
2451
397
2586
4438
3825
3266
944
4021
1612
2719
1032
688
601
4930
692
628
3015
180
2338
1169
4251
1926
3840
950
1212
2463
2467
1930
2115
210
2958
2007
28
1545
3051
2845
606
2481
1029
3810
2303
3772
1786
2479
1634
1626
4259
1162
628
2541
3
1064
1140
314
1706
4221
1058
4400
890
4734
4309
4383
4796
2376
2063
2490
1895
3321
3423
3688
2598
3795
2734
4462
969
559
2752
2430
582
4850
4222
1266
2493
4907
3384
2140
4921
2129
4686
333
2078
160
4539
3684
2097
3744
3122
1867
907
3539
1835
2168
3370
4731
3152
3389
3587
1710
3561
1608
3164
3412
141
1329
3618
3001
4589
1012
1
3009
2826
2749
1796
3849
1140
1115
4814
2153
3633
4161
3868
1335
3064
2084
3055
4999
4180
3199
1948
1296
767
2999
4463
1344
2760
4124
523
4395
445
3838
407
3655
4516
2964
3877
2512
4319
2472
4714
548
2765
2025
159
4757
83
4174
3862
350
1076
2288
3691
4407
3810
46
3164
1888
4218
1808
2562
4219
1333
1335
474
1161
4265
3683
4697
993
120
28
1552
2987
4855
4809
2705
2916
1781
3407
13
2889
3451
115
4015
3758
4545
3733
2535
2597
2286
2205
2343
4216
4088
1564
1341
535
2986
4630
2673
419
1184
9
92
4657
4867
4742
3810
2185
697
3969
4477
4038
4766
1873
1878
2583
4725
160
924
1500
1918
4227
4296
3996
2064
4044
1264
4953
2818
3542
4219
3503
4642
4296
3581
949
714
4823
1451
4071
2267
2448
2405
1036
2023
4869
899
2230
3697
1157
2691
4604
1008
2490
544
3800
470
3628
4828
3427
1591
4896
3288
1476
4283
4402
3092
2571
4273
4032
2797
1885
4449
1430
3369
1659
4984
1934
3711
1724
2220
2257
4825
148
2613
4419
3955
3446
1111
2009
2850
2841
2119
4133
4962
4198
2557
3721
2436
679
4491
58
533
1749
3825
2290
2779
1712
1943
3531
3139
1027
3149
4646
3610
1503
776
4414
3511
722
2356
911
4662
610
2467
390
467
2370
4138
1833
3895
1057
3406
3534
1320
2105
465
3105
813
4434
4832
3879
3725
1692
4419
2000
2936
4263
3976
4502
4761
2441
3819
274
4010
3174
3098
3052
3094
2849
3183
219
4637
1286
2572
1812
2039
1344
3106
615
1145
2104
2253
3435
600
3418
2455
4954
3386
4619
896
4405
32
3460
4834
3133
595
3513
2069
2553
4717
1712
3098
4298
4986
1391
4528
4985
4429
3346
28
4258
399
324
363
4110
1255
4618
476
43
1383
2155
2834
3654
312
382
1068
1195
4024
721
2785
3866
1296
4282
4808
4158
3133
2178
2186
3801
4627
4888
1896
1751
1180
3230
3770
2348
1465
2598
3162
1842
4959
1389
2267
2848
23
853
133
1882
1151
4661
1321
2216
4319
4756
2633
3993
3853
2481
2605
222
1044
4556
4276
61
291
2852
559
876
4446
2961
725
4226
1546
3364
4014
4298
4787
2799
733
2281
3320
2630
4098
2970
4422
1754
1854
2909
2124
3339
1680
527
1273
3390
794
4051
88
2369
2360
1383
2207
4070
765
4146
2078
2839
4639
1513
3659
1959
3186
271
4664
4530
2129
2692
4921
3801
3217
450
3669
4343
4265
1153
678
3695
387
1637
3477
1917
725
4009
248
3822
4090
2142
1996
137
1054
505
4300
521
2127
2984
4811
3315
4631
960
222
73
3067
1792
4997
4411
4827
4833
3923
2852
832
3519
2827
439
1726
4521
1017
1885
467
526
1895
222
4272
2398
4728
238
4539
4196
4513
2313
2253
730
2561
3511
1222
1132
150
4893
740
4044
1115
1289
1265
4937
960
1794
4495
1380
3590
557
2759
2371
4672
1402
597
4154
4278
4909
158
152
3746
1405
2835
4575
2295
4766
3409
2626
1208
1795
262
4030
1830
2881
1816
2738
2671
4990
2444
199
1948
828
1087
4092
1695
639
3388
2060
4504
4979
1810
2079
3371
108
1094
4050
3939
2419
4644
325
2635
3374
454
4315
3836
837
2144
2947
1988
3785
3964
3775
1182
3167
3640
4346
1973
2320
2114
2284
4712
4741
1805
1003
2103
1750
2616
4231
989
2333
2819
3219
1501
2598
1280
133
3313
3935
3149
4018
3917
46
331
1457
1508
460
2715
1096
4440
3052
3388
2777
3491
1869
34
2857
581
4843
3313
2041
604
1658
4378
3877
338
3640
1483
1858
4140
712
1093
3618
2711
3502
4206
2568
2486
2724
2906
4290
3899
1483
1364
3054
3750
4560
3887
4505
4593
683
3794
1581
1471
1694
4255
1853
1420
3955
4594
3250
777
3283
3565
2576
1517
3340
2928
4408
3578
4360
520
3997
4108
4588
1922
3791
4711
1265
1122
4217
4457
3428
790
1817
3383
1024
3386
2513
956
251
527
1277
1010
4547
2386
4037
2902
4133
2716
1637
3130
4700
3052
265
3247
3905
3248
360
2808
2033
4854
1418
4143
1725
1142
3340
4557
58
412
9
2174
2136
3765
1336
1959
2887
48
640
3526
4270
2642
3496
1727
2452
3779
3466
4581
1166
1658
2773
2547
333
3874
4821
1416
4454
2998
1270
2035
4818
2651
2410
1721
4718
235
2507
1332
550
4186
4950
4375
4785
1459
2563
2578
1026
3947
2300
4010
1012
2481
3993
1468
595
140
2312
4259
2007
4305
3554
3615
472
168
3300
1912
3530
506
3998
2038
4000
4181
3432
3657
2613
1487
4071
460
4174
4550
3639
1960
4396
806
3180
4322
1829
1830
1561
1535
185
1608
1935
4847
970
4305
2787
1516
3580
2184
4765
254
2000
4791
3442
3925
1421
4065
1206
4076
1328
1396
1658
2206
4576
3018
3508
286
4302
2072
3725
4756
169
3358
4454
2485
2003
2391
255
4688
3938
618
4126
461
3736
915
229
4256
681
1229
1317
2141
1789
2699
4395
988
1801
548
2173
4125
1943
2347
3362
990
1714
4629
1715
879
4540
4016
1316
4072
4852
1692
3709
3004
4169
1991
3599
1270
463
375
3826
4542
2886
744
1691
2963
1667
2725
3496
3826
2713
3655
3467
210
590
2794
67
541
4821
151
4188
2710
3522
296
542
920
773
4308
3348
3451
773
642
4425
3332
2936
2382
3292
4696
1687
4700
4463
3537
1490
2849
1230
221
1841
362
2138
10
4041
2519
1556
2208
4388
3297
1002
1678
2740
4654
3539
4994
2848
4198
3551
4062
3778
292
3091
2530
835
3190
2294
3440
1969
1636
808
3586
1578
647
2647
2358
91
2481
4565
1289
3108
4511
812
1129
3854
4187
4223
637
2012
3129
2964
1043
753
1685
1415
1266
4649
4202
3375
3782
3237
3185
3054
2121
2449
2041
3496
2478
4769
965
1009
3395
3789
2665
3139
2402
2626
156
2630
4269
248
4083
2001
2499
2429
2525
2912
4765
1231
2652
4881
2848
4066
4193
4702
3427
2801
4050
1438
2853
4958
3075
1309
4555
2155
3231
931
4985
1083
4350
2747
4631
2783
4839
4321
4567
781
2637
4720
4860
2936
3560
1493
276
1628
2588
1700
2531
3724
3097
2955
2701
530
99
1704
2096
4814
2161
2479
4723
3193
1424
2312
189
1684
4099
619
3001
3080
2938
3410
2399
4131
2856
529
1111
1539
1597
1710
3791
2692
4258
2518
3993
407
3946
2983
1404
289
3031
831
1901
2026
515
3643
2366
3996
2814
1442
4350
3873
4999
553
3312
4067
380
43
4490
1666
1404
1873
856
311
558
1154
4110
1300
3959
1653
810
2868
2356
1823
2675
751
3312
1870
1746
4073
4714
1016
2415
2649
1614
482
4911
2750
1036
1309
3342
1678
3995
19
1194
4680
3145
188
2591
2104
4373
2920
2562
3943
1121
1948
1386
1399
3219
430
2611
4325
2974
3102
1117
2003
3723
4482
4211
4608
1590
1680
1033
1089
2435
531
2243
2824
4315
4223
2872
241
3656
1207
4388
1647
2537
2902
3681
4525
4251
3512
3774
4350
2548
2087
2641
2397
1702
2695
4650
3729
125
1506
4296
74
2328
2538
4307
1829
4717
3587
958
2882
4985
970
1044
2247
3500
4680
4529
3548
4290
2542
2537
2045
3025
4317
2026
3911
2769
4116
3884
4112
3663
4845
215
1726
634
4530
1012
4080
2049
3193
3061
164
3726
416
3518
637
3736
3112
3914
2929
3789
3959
2800
2909
15
3412
1020
2837
2633
3365
2803
2847
405
466
4126
255
2799
521
3007
1446
3867
42
3172
3111
3460
1206
3531
4529
4093
3337
4179
1702
4875
5000
1447
3066
3465
4715
4310
4495
3248
4415
4237
4619
166
2450
1485
2286
2521
1037
728
635
2677
1313
4714
1882
4448
1883
3132
887
3600
3858
2029
618
656
2026
363
1782
1971
3212
3726
1980
561
276
975
1413
2222
2625
1414
1391
4332
4896
3244
4925
4854
3929
1391
347
3336
4082
4029
2712
958
4010
4503
2192
4894
3313
1649
2112
566
1374
1440
778
3447
2275
2466
3051
2540
4769
3096
3392
3885
2927
937
3432
2772
1562
654
4060
2899
4501
1617
4295
3186
3044
2367
29
3681
3092
3138
4770
3167
4715
2365
4544
1974
23
1910
1410
2055
1985
3182
2097
1031
2874
1642
49
2204
429
800
415
3893
307
3071
3536
2041
3867
1673
2833
3069
2818
4432
79
1782
893
1477
1291
1612
4840
3148
559
3075
390
4479
2621
2595
3827
485
385
1969
2291
3111
3140
4414
3163
133
3227
3122
3388
796
1257
1859
3582
3200
2710
2672
4656
2029
3619
3877
3012
3030
1926
3815
3137
2344
3398
2775
2671
1453
965
4549
1700
637
4240
1732
1387
3992
1917
3239
1174
1993
4341
1355
2427
2732
2974
606
1811
4480
2756
1862
623
2326
1121
4860
3277
2252
4939
1460
1888
420
1074
4235
4722
3120
1545
1402
3033
4291
4843
4063
703
3757
3506
1986
4582
1198
2699
2465
1670
633
1797
4083
969
29
2190
1278
2823
3658
4838
4500
1050
4617
3056
3090
1557
3625
2289
2644
4425
1900
1415
962
3473
143
3620
4909
2045
818
2979
4891
1057
3721
1711
4522
2413
2981
3675
4505
1272
1201
329
4535
2229
3102
4980
1282
3877
4301
3988
4477
4242
2319
1064
3803
4683
2403
1518
975
3948
1859
661
3275
396
2073
20
804
4678
3904
3965
1736
736
4796
3576
3531
1352
1160
2476
3364
4040
4082
3935
4888
4957
4522
2357
2165
4170
1315
1632
1089
833
2462
2106
1860
1301
793
4880
808
298
1612
1925
375
1070
799
2422
1917
157
3441
4195
1330
2678
1221
2470
1343
597
4470
777
2354
1337
3947
4315
3908
2271
1807
2269
2817
4713
2737
4549
568
4164
1661
3691
3122
623
778
4058
2664
839
203
156
1881
4511
2270
2138
3247
3292
1918
2753
855
378
3932
3112
994
2714
639
3178
2825
2771
3397
4509
4455
1870
2697
2168
4532
4942
3954
4201
4097
1863
1687
2872
810
2478
175
3998
1190
2739
687
2639
1341
1152
1326
1636
1079
4802
3752
1165
1931
962
2623
3290
4438
4038
4523
4999
3902
973
1951
2037
2315
4272
840
3996
4812
3306
4716
660
4534
4939
3395
1914
782
1613
1438
3709
1047
1295
3992
764
2658
723
4526
2411
3874
3890
222
2530
530
4097
548
3177
4383
3140
1482
2520
4035
845
834
4084
4157
854
1501
1217
3397
1656
3564
3128
1335
4492
3885
503
2471
2357
4658
4964
434
3710
3966
2756
401
4918
3357
3883
4155
4616
789
357
2291
2182
4323
102
4537
1377
4556
3727
140
3779
3223
3719
3617
2341
74
3954
985
2941
1563
80
3866
1752
2364
4491
3237
1593
306
2162
350
4717
3933
1786
2264
5
907
1292
4627
3536
1015
962
3788
3622
3229
4851
4212
4052
3847
24
2157
494
4540
196
1652
60
4426
2540
3166
276
4366
2868
3868
1427
3399
635
3815
170
2916
674
491
2529
3772
2648
73
944
953
476
4085
3259
978
486
2452
4388
432
1118
1580
3663
719
4376
1407
2674
4198
3533
2715
4646
1410
1931
129
2379
1216
4528
4386
4379
475
1115
2086
4750
4665
1345
2112
4091
1353
3166
1258
1478
221
3006
2814
1322
4401
3034
4987
1997
248
461
4553
246
2131
940
498
2701
1529
3460
640
1303
358
4869
4113
1250
4666
1172
3693
4936
653
3998
1201
3481
1677
166
985
3629
3601
4268
838
3356
2977
4496
601
3395
3961
1044
1063
1920
350
2317
2955
3186
646
4880
732
3809
4563
3731
4640
4863
2549
4065
158
1939
1458
101
3739
2260
1070
787
3485
2541
3272
1389
918
497
3041
4064
318
95
2111
3665
3974
1279
1393
2188
3565
2860
3841
2088
1013
1378
2570
1473
3072
4591
4929
4852
2679
2217
3027
3858
683
591
1200
4023
2398
1978
713
828
3862
780
395
2951
1174
2053
470
1532
3386
1187
4736
4622
1920
4430
2636
967
988
3167
4521
3557
1062
1418
2565
634
1463
2251
1774
275
697
3007
3067
639
3346
1612
2150
57
2646
3816
1734
2779
247
2434
2855
2960
2320
1248
3186
268
3319
1046
2719
608
2513
3461
1493
4278
664
834
4290
3541
1726
2521
3034
2201
2809
4465
3734
2284
825
2121
4025
2550
956
2128
4246
1890
4259
4719
2790
520
2837
1783
929
4465
2778
720
554
2169
2571
2117
2863
3151
2617
2818
1797
1393
2404
3690
3571
2094
2587
183
4511
4438
2902
3669
2434
3865
2129
831
2863
2919
4189
1141
3392
1154
3979
4893
2087
2693
1507
715
4747
4453
1799
412
155
617
125
4102
2839
637
2286
1226
4164
3013
4839
496
4582
3651
1120
1094
4396
204
3156
3246
2127
140
2125
653
3025
3680
1358
4317
3968
4862
3484
121
3054
3483
4660
4679
3691
1062
4105
2754
1213
3790
1695
4558
4864
859
3716
3710
140
2733
3726
3745
3085
4712
3431
852
788
356
1424
2048
4157
2350
1908
757
2124
1324
3454
3238
3906
1554
4037
268
4174
4694
417
1551
4862
2327
323
2693
3252
2046
1840
2108
14
970
4517
1612
3271
4075
3965
3461
2220
4715
1693
4345
4005
893
2024
3842
2291
656
677
87
1500
1403
3210
3510
493
1429
1035
356
1953
4754
264
3110
26
4370
2788
172
3554
2693
1732
2558
3330
1239
4063
4808
4469
1184
3498
1266
4410
2002
668
2488
1642
1996
3104
3510
4870
740
2642
3095
1022
1372
4310
4839
771
1537
1106
2220
2428
1220
3095
2807
2423
2869
732
3242
4544
198
268
1170
3017
2093
2414
4436
2817
4337
293
593
2999
4905
554
2466
4511
2855
1090
2292
4985
3671
487
2321
1471
932
4367
4221
1929
3769
770
3328
432
1756
4376
2913
4421
4902
3738
1360
1406
1139
997
3444
1474
718
4073
1105
1009
4127
3057
1479
250
745
569
2944
4594
2893
4034
926
1904
1391
138
475
608
3605
4576
2845
4733
3490
751
4230
4320
1720
1826
3772
205
4399
3247
4746
2416
3872
1809
819
3479
10
271
3144
4329
1817
503
4374
2824
223
663
1494
1144
349
4509
220
4909
690
1625
211
2419
12
2831
2037
3014
1736
4603
2379
268
4828
2357
4256
817
1398
3758
634
3843
3918
696
2219
421
4249
4526
2680
4634
2907
2911
2524
4979
2142
1828
4405
3482
4668
3178
391
3645
3674
4203
3439
2734
3305
2933
4183
2460
4153
4964
224
2117
4264
2702
4303
164
2257
2000
434
4718
328
2391
3233
1954
3939
579
347
3649
915
589
3562
2538
696
4309
4704
1673
2572
1210
1844
4134
800
4975
2855
1614
992
1058
4600
1127
319
2450
1501
2022
1461
3889
2242
4595
3239
750
1257
517
1435
4771
3743
761
2722
2825
821
2759
2962
3634
4500
4269
4988
3927
66
4444
3333
2060
626
769
2361
1946
4603
56
1229
1350
2812
3386
3417
4327
4864
2739
4407
1121
256
4517
1488
2407
4968
1779
2338
3992
1891
1439
3417
733
4924
506
3738
2431
1420
4966
2754
3705
2303
4112
1955
2611
1663
4818
4346
2979
1258
1512
4586
1898
598
3460
2891
4768
4690
4384
1517
1718
2471
2760
2816
1235
711
3556
716
2401
1629
1958
1504
2514
4159
3678
2894
3138
4128
2407
4697
4219
1487
158
1629
1635
3854
1
2954
2968
1863
1606
574
4907
3312
1712
4555
3359
4708
2703
4854
96
4564
866
4817
2267
1498
2971
4554
1732
2248
2809
1098
4981
3302
852
3297
2716
2114
2078
3175
1684
3922
1090
1548
3476
920
84
3006
4597
2921
3508
460
3130
3795
522
3341
628
3076
480
4168
180
2467
1648
2358
516
608
3143
4781
1625
4967
2098
2102
2143
2707
1749
80
193
905
767
2398
2888
3938
352
341
4469
4339
3549
2
3765
930
1007
1599
866
588
3426
3394
2532
2679
4509
3480
919
4855
1709
1417
4445
2316
3207
3251
813
3149
245
3680
4571
2258
4051
3707
1315
2437
4345
529
3488
503
3456
1577
698
4303
1051
871
2066
549
2261
3610
2430
1300
3010
2175
2049
1887
1406
298
4630
4926
2170
2050
541
2058
3277
2239
4359
3284
2742
3988
1434
4196
878
3127
1194
3059
232
4162
302
1584
1938
1040
2215
1865
3368
1457
4248
2488
37
3281
154
677
4994
4696
2645
892
3415
2868
4135
2953
2844
255
1341
3258
502
2722
1224
3834
164
552
4106
3817
3554
1154
3818
508
3744
1235
2147
4449
2054
1087
3319
1035
195
2556
3371
3171
3060
4315
1160
3138
1602
371
2928
1596
212
2386
491
719
1306
1550
437
2180
2242
385
1411
4137
3797
1398
2216
359
1975
24
2734
504
4566
44
2659
126
1311
4467
2182
606
242
4318
3237
214
2953
2696
1534
802
3642
1243
423
1682
3025
3454
988
3944
4346
4370
3067
2906
395
2210
4339
4240
4372
2809
4242
1713
3919
1285
3648
3706
1136
4814
4838
1285
4343
2771
3208
2670
1724
4009
4630
3536
4244
1068
2951
488
887
3774
2930
3341
2580
4714
2210
4121
3509
2217
1855
247
2219
2291
816
4136
2423
3811
3449
961
3907
3092
1877
4524
1169
1504
4249
2441
3263
4771
1457
1482
1876
2673
3741
1848
4043
3540
3373
351
2745
1673
984
4513
4182
3702
4934
1506
1396
3858
2091
3953
2022
2094
4357
1576
1894
2191
791
156
4318
4970
915
3216
3624
1401
1620
4227
978
3736
4918
2364
4171
239
1621
2390
1088
2164
3762
4709
2823
3386
825
4874
693
4287
683
335
3123
3686
2613
2095
144
4757
4015
973
3674
1560
2527
4991
4029
3063
2646
979
4302
68
1732
1333
4185
1633
2060
3498
104
2755
4300
509
3868
4519
4206
4379
4694
45
4824
3645
1300
1176
406
320
2387
3700
2199
515
3542
3594
3586
313
1773
1827
3620
166
872
1754
4062
3158
2894
1915
2754
708
3999
4077
3620
2551
3145
3521
1613
135
3492
3282
1491
2881
4881
646
3734
2828
3950
279
2899
4500
3723
1224
2492
691
2279
3797
3194
3193
2305
2757
4317
4185
1996
1957
3715
1218
4802
3946
1827
4009
4439
292
2548
3355
3817
306
1773
2226
357
2240
1912
2704
3535
1262
2835
2834
1192
1753
2201
4647
2967
3681
3477
425
3580
3957
2763
14
4020
4048
1442
1235
2175
1292
351
2174
4028
3405
1553
2382
1922
3260
1775
4751
1808
3567
4181
4529
4027
160
3204
4055
493
2023
3517
1385
2520
3295
4263
3942
4863
323
4037
631
4981
1100
3187
2886
4210
3048
3326
559
1054
4261
1125
631
2764
2595
2042
2404
1748
4757
3053
1502
4478
4911
967
3969
2019
2808
2221
3023
389
2243
212
3976
329
371
4724
758
2778
4307
4207
3608
2613
2248
2624
1515
1260
2382
434
3754
3531
743
3303
1354
844
536
1910
4241
1646
747
196
137
3636
994
761
905
3109
1114
936
1312
473
2602
1226
2076
2220
2696
2080
1028
1138
335
3247
3208
3439
3920
3462
1048
655
4527
4627
986
2263
3789
170
3434
4360
577
4937
1466
4041
3369
4468
2439
548
2235
1543
2689
4387
512
2702
433
23
3748
2883
3732
3911
1854
1696
443
2011
411
56
4299
1254
4952
4105
1307
717
1828
2555
52
2886
4956
963
655
2710
1943
317
71
2894
4616
4256
2113
3063
2072
3199
4449
1119
800
4607
226
3656
1214
741
1929
1593
143
12
4534
2698
3727
88
673
331
4845
54
3040
1331
1571
1651
52
1997
4700
2926
4110
1339
3436
3675
2361
986
2543
4612
4408
1338
1190
4937
4473
3609
3127
2751
95
4475
811
2157
470
2334
2952
355
4671
1679
1181
2718
4628
3191
4384
4596
745
2799
2060
259
4035
73
4457
565
2924
534
3185
3393
3952
1766
778
974
4714
3028
1008
4407
4310
504
2544
713
3404
3323
2951
674
489
614
4019
3872
2648
4577
455
2602
4247
3789
4975
1195
508
4922
4955
1245
2309
3953
1741
4264
3648
1686
258
4255
2365
4305
2058
1457
16
3313
4525
2831
969
731
2708
3341
732
4665
3032
224
686
1618
4831
214
1976
3282
1446
2396
4163
2751
2942
4857
2605
1224
3797
3017
2918
3266
1706
2468
1896
1955
4262
600
2505
2046
4296
3585
1933
3774
4336
4500
3952
1051
1167
1812
488
4280
4387
4894
60
3135
3056
1546
2803
2844
671
1016
3030
1645
1031
1187
3300
988
4854
1041
2322
2546
4989
790
2407
4483
3833
3383
875
891
3263
1311
416
664
4753
4662
3399
491
3334
4271
2453
2503
2722
1513
3906
4288
4811
4803
846
1233
2448
4527
3851
3354
2741
3861
3181
1290
1699
3116
843
2524
165
3354
3958
2647
2972
1992
852
3995
3174
4524
1026
2411
15
4678
2540
3901
3820
3458
2903
3215
4144
1962
3691
1315
4905
550
3883
2645
91
1066
1558
2305
2674
534
3777
3901
250
754
2560
3329
3029
733
4693
1475
16
2310
2145
4173
3192
872
3044
3760
2356
2799
2365
174
437
75
751
481
2144
3497
4351
807
1494
1923
3210
1278
2362
3506
1319
2599
3295
107
443
4819
248
1720
3142
331
2647
185
3003
4948
1027
291
1294
948
4554
1188
4743
2282
1333
1230
2687
4376
4546
1219
1579
1789
1620
810
906
2585
1208
151
3167
730
134
857
1936
721
2321
2564
396
4592
242
1613
1634
1235
3221
4130
4854
2309
4107
4126
2430
2725
4730
3676
2240
65
929
3351
75
716
831
4225
2250
792
540
2494
4230
2341
2432
1259
3189
3424
4106
3347
4671
3968
3942
60
3709
4649
4371
4920
1462
485
845
4468
2749
2003
3908
1173
2693
1557
3373
4769
983
1830
757
3532
1316
351
3096
1975
712
4703
2126
4755
3916
4646
4174
3883
4091
2033
2296
2472
813
3250
3462
4837
3892
585
3085
2572
1384
3450
71
1258
3645
4914
2101
792
1511
369
2297
424
3287
948
1237
3458
1806
4115
3683
1354
3717
4827
953
3155
173
1563
3576
4351
3435
2556
1132
4911
623
3318
2984
2673
3890
1963
2855
2445
678
1519
3580
1309
4661
1033
4422
1244
2952
2609
2852
400
2978
537
2430
4967
4472
1167
4076
521
1842
765
1972
2014
4375
4925
2943
2213
4813
1561
2440
2787
1930
1004
3601
2409
116
3414
2657
2281
420
353
4413
1261
71
2077
979
3543
430
1275
1605
1087
3034
191
2806
743
4443
3248
2384
1659
3495
2930
1026
4459
533
4770
620
182
1999
1887
1117
3560
3954
1764
1671
282
3557
1085
4645
3343
3428
3526
4724
2141
4563
4746
4388
2776
1134
2026
1363
830
3218
2043
1281
2850
4009
1395
2968
4809
4327
30
3219
4777
1792
980
4171
2695
3724
4921
3080
838
2523
1166
2186
1474
3838
3681
4708
2257
984
3526
2274
1368
2800
4313
3351
4225
2459
372
1230
4608
2357
1563
4078
1871
2260
3719
821
2538
3878
1226
1345
2584
1840
3656
537
1332
1529
4864
2355
2696
3050
4736
320
3549
396
1324
4457
2511
101
4989
4567
4444
1763
1478
4235
3208
1242
1877
4124
895
92
3582
4201
661
545
3392
4748
141
2749
3652
17
1909
592
331
649
1572
3710
1088
4783
1737
3001
2184
2319
1688
567
4290
1122
4727
848
2771
4829
2957
483
4277
3941
2790
4251
3186
4173
3799
3778
4643
1827
4971
912
3542
1533
328
728
1366
3106
1241
4813
2797
4437
325
4542
2009
1955
222
827
4152
443
1809
2829
4062
2561
4675
4204
1429
2599
1503
4004
1020
1948
2333
4255
3732
971
726
3878
500
3536
4467
1509
4882
4886
3389
501
2634
3525
4207
4635
3685
4612
451
4525
1239
247
1520
434
2585
2735
2391
4352
149
873
4308
2427
534
1925
4204
4747
3048
2230
555
2941
2365
41
1784
936
350
1309
2699
220
3144
4685
2972
892
471
4431
819
1902
2696
2469
2088
368
2227
1318
403
2920
2617
4691
1219
2411
2273
1299
2893
3632
731
2488
1645
4515
4944
1979
1854
2201
4447
715
1157
4979
3092
3962
4274
4451
887
4956
2847
2494
3622
4232
3456
4471
2350
1281
3874
2942
2132
1831
4562
2271
4709
3043
4323
1713
613
3994
1069
3012
2964
4612
1956
1017
2257
3478
2058
4934
2325
4183
2647
742
4940
3345
3815
4022
4324
3322
2966
819
2467
1681
2456
970
3265
35
4516
638
2552
3013
3171
2395
4597
2730
60
1234
3728
2516
406
2141
543
3198
3219
1781
1084
2046
1670
2174
1856
1320
653
1397
3594
576
3544
1945
3224
2773
1975
3235
4694
3347
219
2872
2967
4091
2363
3071
3259
1807
289
1169
221
4157
1281
2038
4461
4851
2496
4813
2469
2904
4307
2754
1875
987
4604
4958
4613
2369
1080
2143
4064
3244
4181
3825
1153
4182
1437
1717
2372
4925
3489
2405
2303
3943
3818
1779
17
1481
4451
860
2897
3828
785
1683
4314
4148
2103
3969
1049
1111
2770
2942
1734
3344
2794
1157
4415
2901
3869
2197
3226
3108
768
847
1341
2112
2291
2153
4579
1806
1562
4588
1209
1771
1759
4635
2139
760
4765
241
2169
2585
2065
3951
4954
3603
3992
2965
2502
3394
3121
3913
2604
775
2006
3549
2771
3763
266
4279
3413
2489
4425
3229
2713
1173
4730
3365
692
4080
606
2177
1856
3247
3921
821
3808
2055
2743
75
488
4905
804
278
1201
270
4018
167
2509
488
3953
2694
1504
4318
4519
380
3455
704
416
2215
1010
2390
1206
3594
62
3322
3014
438
77
633
4807
579
4030
4432
316
1765
4798
3535
3979
3243
1302
4346
3052
3845
57
2134
47
1335
2296
4686
3098
1212
2620
3010
1147
3098
2749
3233
4053
2337
1347
312
502
4214
3308
3339
2438
1979
3159
3321
2938
41
2464
3942
3897
487
2012
2381
2772
2969
3239
4967
3702
1014
1028
4420
2036
1415
3807
3899
4859
1603
327
3179
314
113
1286
1610
1824
1028
1739
2709
3721
937
2845
3595
3099
1626
2408
1332
291
1628
4571
4713
4301
3113
920
100
1002
2658
3405
3202
702
133
4185
2561
3325
3901
3701
2292
1010
2679
1763
14
4479
1775
3464
1507
3839
2659
378
485
4441
328
2281
3383
982
2279
4517
1165
3200
1631
2581
1860
384
3998
4853
1469
2441
533
3071
1159
2723
1236
2776
1267
3545
1284
2924
1376
1340
4663
1306
447
3620
4952
1948
1690
1074
2709
4694
1315
2050
3679
2710
314
3861
31
4062
2600
208
826
403
3673
2606
2639
2520
2397
4554
4343
3035
1448
1490
1925
4679
4651
3729
1042
4406
2418
1528
2011
2077
1071
3020
3210
4061
3717
2265
1104
3440
2263
2892
4847
4012
1584
2077
3566
4671
2518
3828
1022
3341
3037
1717
3798
4285
3821
3873
3475
2321
1710
4562
495
1960
1976
2084
1874
2030
3104
2770
3631
2821
1348
2779
3625
1331
971
909
3638
4897
1470
1013
3415
660
1144
3261
3724
669
2081
4089
714
1506
4863
3231
3789
24
2831
3129
3795
1324
2643
3024
903
3803
1034
623
2997
4357
1411
115
962
2909
912
748
3286
4272
3355
3749
4731
1174
2107
858
817
512
4485
3339
3538
3476
2040
2953
2340
1575
2454
1447
3334
2332
2789
2351
2463
3884
3652
1619
3743
3972
2690
4180
3573
2732
558
233
4260
3864
1470
1062
4266
1514
2044
3176
2707
1426
4156
1812
2612
924
2524
2013
4648
4127
3952
2739
2186
1096
2246
4548
1553
1196
3446
4746
4801
1745
2580
2378
250
4070
1131
180
1882
1026
462
3067
4248
2346
1221
910
1871
4409
513
3869
3234
3575
350
886
50
3516
2747
3980
4756
4689
955
1228
247
1327
4094
3261
4847
837
3573
4325
1123
1554
4953
4394
707
2905
2810
34
3322
1715
1845
1820
1416
4805
3752
3402
4379
2446
4141
485
1934
2488
356
3265
524
4061
3445
2807
2626
17
2117
4236
2269
4945
993
1314
838
3913
2982
4509
2633
1335
905
1212
3808
606
4055
4120
4036
2334
2046
4150
4910
2272
4384
3953
1689
1521
2213
2814
4627
1708
2117
2331
479
4109
4186
349
1707
1135
55
2739
4248
945
2938
4698
891
1959
2286
4684
4413
1556
2858
2304
3090
1415
4049
2340
2921
1386
4791
3206
3101
4554
3649
1908
4196
1869
2375
2592
1670
4807
3932
2323
1156
10
2472
1879
360
4488
1892
1482
1873
2017
3626
4441
941
1975
3744
65
4717
4523
2457
20
716
4946
2893
1271
1966
3327
1781
453
4244
2930
3622
523
4426
4470
3519
150
1199
2860
2414
1708
1221
52
1604
1462
308
2699
562
4846
3781
4841
4708
4145
3052
1260
1921
2150
4344
2989
2536
1850
3571
44
1401
317
472
3679
3820
1029
2722
1372
3758
1339
405
518
449
1111
1941
4358
1408
3853
1722
805
860
547
2362
4874
2838
4088
2988
4063
4921
827
4926
979
3972
3894
2953
437
4273
1165
3144
3628
4366
1732
4107
4432
4169
4025
1658
4593
3106
2634
3404
2665
588
4407
4001
3533
2459
4563
2928
2108
1148
3493
3684
402
2068
3268
2678
953
1093
2671
342
3581
4575
2946
3530
1709
954
1083
1358
2763
3493
4160
4629
3630
2071
4171
1064
1603
602
3523
567
3708
888
146
1332
2658
4981
1724
44
4522
2955
1042
2075
2412
2484
208
3778
3481
1393
4771
4521
3930
3094
2489
216
2113
2321
3821
1433
4730
2386
1899
2420
2053
3407
141
1786
739
3147
3004
4566
3365
741
4905
2300
586
222
4390
3805
2202
850
579
3676
135
4681
2636
835
3680
4700
1400
1459
1887
213
4750
2734
633
455
432
4634
1278
239
308
133
1286
3049
4272
4886
1028
2383
2788
4003
797
1813
667
3677
4739
710
515
2153
4710
4701
4094
1069
3811
2159
49
600
282
470
4535
672
4441
4037
4414
23
3988
4037
1331
4746
4060
4957
209
1664
2080
4966
1435
992
117
1955
3534
4111
3515
4588
321
765
1784
2982
4308
3165
1815
4094
3665
583
3900
2752
2019
429
1390
610
2190
3110
4835
1776
4642
1439
2599
2837
3141
1015
1381
587
4796
1077
2135
1473
3927
4554
662
780
654
1092
3150
4014
1393
3620
4045
776
3512
1920
4292
864
144
1039
1944
3818
839
3150
2637
1674
1921
1551
4727
2260
662
944
1108
4170
3755
1182
2937
1736
2758
2858
94
102
4390
3547
709
3993
1904
4121
3430
2885
4000
1473
2561
3929
4266
1929
2311
1259
2518
301
1602
2871
584
2019
2802
1747
2910
4686
2164
3652
1271
4531
4379
2621
1798
3517
2782
1937
4004
4144
3079
320
2399
3880
439
1820
1155
2572
3866
2314
1409
3087
3589
2831
1069
3820
3021
1065
2957
4060
802
912
2786
1856
3749
65
2876
3631
1016
1250
1136
4230
2862
4987
3578
863
4987
1561
461
4257
2249
2501
1546
3046
1275
40
1695
582
910
1511
2124
3159
2029
366
1908
3709
6
3954
3176
33
1309
2233
2493
2824
3718
3500
3192
4106
124
4109
1460
345
2149
17
1860
2799
2527
906
4035
2228
4074
911
2335
152
722
3491
2986
2209
384
3626
1087
2630
1286
1321
2977
2515
4107
3667
2993
4910
589
3736
4786
1955
4623
1622
4966
4937
1975
1828
4907
2117
1463
465
2590
4061
3373
674
1852
4969
2363
579
4399
543
3332
3262
4015
3364
718
2813
4300
3248
2268
3090
4522
1764
630
528
4771
1498
3707
1882
1976
205
919
3618
1836
4806
2824
1720
2522
1386
4793
2275
2379
2145
169
908
1083
4307
3042
4114
2544
777
52
3186
2746
2726
3170
723
3469
671
1403
2270
763
4385
1163
3968
947
2062
3641
4792
2276
837
3236
2794
36
2794
690
1262
2010
4854
1693
2377
2699
1625
2892
2984
2897
4911
239
845
1491
2295
2147
2205
2260
1503
1464
2053
2304
2090
1528
3764
1511
4572
3998
5
2729
533
4822
4106
3343
4730
4361
2983
3426
802
1285
3260
2979
4558
4107
36
2078
445
3111
1872
1670
3307
244
3479
4939
253
2845
1617
3346
1366
1296
4230
1106
500
485
4956
2418
2385
942
2016
1768
959
2582
247
2574
1323
4966
1137
4624
1412
4004
4916
3601
3266
3722
2238
822
2040
987
4745
862
722
950
2225
1475
2571
72
3737
4538
1478
3890
3296
3697
2427
4289
214
4813
2810
2785
3482
2777
287
1170
1551
2856
2728
3548
3708
4274
2867
3337
670
1353
3827
3259
1768
4558
2576
653
2576
3091
1017
3686
2478
4178
4551
3262
1654
2379
701
725
2041
2515
2158
1414
967
1628
2695
2498
614
2217
3981
1844
2867
1245
4494
2212
2320
1603
3164
1217
2949
146
3834
3362
2281
3696
2485
508
1686
2387
4232
1946
2678
2386
2484
1938
432
119
2660
2313
1350
4789
3072
3910
3831
2416
4663
2277
3930
4981
2145
4938
1271
1867
2494
4753
2103
1384
4505
1344
1947
2887
2471
4174
3266
4130
2990
2993
3319
1276
2347
820
4569
4250
4050
2261
1083
3603
667
441
3895
4310
3675
916
4435
3761
4771
2943
4292
2703
2024
2806
2163
3527
1213
1592
2886
3220
423
2657
4536
3516
1284
464
99
2110
678
4048
3764
1293
3622
2127
2294
2936
1165
1273
2546
1067
1728
3053
1896
2262
4028
1567
359
894
1663
1813
3159
2180
4985
4033
3955
3776
57
3757
647
261
3006
923
3685
4931
1256
856
2705
2214
3433
1384
3045
278
3505
737
741
4696
912
2975
2446
321
1075
1813
3373
3279
2646
1002
2358
1797
994
3092
4166
371
489
3183
1766
1565
2664
1835
1678
2462
3861
2599
4500
1590
2961
2880
1059
3445
1068
3376
617
1081
872
631
462
1529
3743
3005
1782
1539
1590
4135
794
1994
4692
3535
4917
4931
4950
2382
3125
4059
722
4874
1132
4763
4350
122
2792
2653
4742
879
1162
1551
4150
4881
4356
4077
1336
552
3387
3212
3063
692
2548
578
4837
414
4631
863
5
2034
2468
1423
566
4038
4825
3386
4381
2697
4588
1448
2697
4938
355
2962
4827
2849
2081
4307
4181
921
3413
230
4731
3904
445
336
1301
3488
3170
2533
846
2080
2185
3251
3885
2040
1671
1528
1522
1767
1283
1246
448
1708
843
2123
765
3978
582
4180
985
688
4790
2406
1850
1563
3759
4495
2957
2572
4464
1168
398
4950
445
3137
4499
2772
1557
4776
2194
2957
3900
4946
3105
1532
3899
4253
3032
232
3207
1789
2040
4684
2618
2634
4926
3909
879
824
2447
1885
970
1919
1495
2916
1079
1351
4093
4578
228
930
2400
354
2158
1191
1379
2625
4478
550
3955
1291
4148
2674
1626
2624
1603
1038
4752
1040
2322
623
641
1631
3626
2849
1478
2327
3293
3145
3050
4352
1379
2492
2354
2825
4714
4129
2768
2450
155
2629
154
783
2121
2188
935
247
2111
2648
3307
3731
3261
3781
3996
2490
1683
657
2868
3143
1051
3530
289
1287
4293
4637
2249
1637
4554
602
2387
4148
3069
1913
4296
758
4774
3928
2963
2769
1106
499
2036
2780
930
4498
808
4702
3851
306
4829
583
119
3069
2310
1998
1972
3067
4682
708
4060
2276
2203
3167
885
1148
3965
2892
4968
270
4158
3003
4004
3159
2424
3226
2790
4361
1111
4466
4591
2247
1744
4355
2604
1455
3613
692
1631
2639
894
449
1881
1254
2129
3684
3596
1400
1406
4233
4627
4657
2906
2302
3193
2680
3947
1307
3642
1681
4666
2926
484
4214
3830
3195
1015
2242
4631
4056
18
1764
614
2860
2687
1272
1237
2371
3513
4155
1710
4775
3917
2413
3650
2792
4420
3899
4607
3703
4823
385
3550
2445
2314
894
2978
826
2840
4839
4450
375
3919
1600
4850
3807
518
4848
1597
4000
2443
896
4529
1349
447
162
3206
2442
2531
3762
2871
108
4322
3470
3175
878
2407
4256
4298
360
2049
1224
3812
2737
745
172
3729
3246
1230
459
625
3812
2270
2020
1292
3023
2859
4144
1522
2782
2141
4
957
2775
3694
1511
644
1728
2458
433
3667
986
2712
3479
58
1329
3234
4094
803
1240
4760
878
4175
3219
4639
910
214
1539
2245
3646
2010
1989
800
488
775
3977
4897
2896
4304
123
2572
231
2910
3181
4690
1908
2243
1481
3314
1098
4072
3487
4132
485
4556
2910
2511
2761
1294
3500
1969
1642
2179
3803
3787
4802
647
1632
592
4007
3679
2814
3049
2950
3711
1905
892
3205
249
2919
4352
2744
4293
3131
933
2673
3486
4743
1212
18
1254
2968
3630
3062
4840
1858
1750
3238
268
1635
207
4923
121
852
3412
2433
1499
673
416
4918
2509
3330
1413
4471
3967
2118
4583
4632
1694
93
2591
4918
2904
2380
3124
4251
344
4131
4435
1113
3430
2443
2353
3124
1179
4018
2673
1268
2041
4611
28
1094
3847
3485
3820
4534
4283
620
1332
4744
4015
1558
1383
4702
3517
4716
3008
3156
1072
3587
4786
1046
2276
2646
3316
3868
2977
812
4969
1560
4561
1852
3351
1581
2407
124
3598
1777
4496
1138
2973
2582
4329
1612
4756
1199
2746
4641
518
402
1735
1533
3902
2628
3547
2589
326
3302
1706
4736
2400
2267
321
4242
550
879
2553
4280
796
2633
4042
4593
3436
2482
4950
225
3459
3983
824
610
1181
2017
736
3409
1153
708
4489
4275
3266
4208
3109
1678
4054
2333
3847
4668
3927
878
4671
4248
4207
910
2429
1170
4363
568
4208
4310
3961
315
2125
2002
2502
1920
867
4255
942
4077
4015
2450
3101
3759
3316
4015
3326
3676
4401
4085
1108
1040
4790
2066
3890
3213
3749
166
3438
1701
1899
1545
2131
4317
522
3535
4803
4397
3698
1213
3164
3805
3349
1451
1825
915
4836
630
630
3143
1662
82
3675
4378
160
1734
4965
2447
4475
4390
1397
510
4872
264
2791
215
2162
4403
337
3623
1513
2776
4506
1030
2635
4698
4588
3791
1346
349
3687
87
439
3832
4265
2365
2254
338
4836
3046
4787
4624
1491
1089
1629
916
2306
1235
529
3131
6
4856
3128
1202
3189
1139
2485
2261
1777
2482
785
177
2972
2925
4109
3953
24
2852
4306
2615
1839
2829
4058
786
2871
957
607
1760
2043
1768
3683
4962
394
2472
1802
1078
3596
459
4485
452
1084
417
561
2575
1475
2499
4713
2010
701
2889
919
1759
891
2258
596
2055
311
1749
3857
1216
983
2851
140
4725
1614
26
806
1936
95
1934
4982
2359
4842
1552
3408
4349
1504
3154
4226
4852
2921
1418
1766
1852
1696
2611
947
1758
2054
3833
3668
599
4181
1191
2613
11
2885
218
116
4859
4797
711
2490
4311
2086
3621
1035
422
4889
2585
2443
4822
254
1094
4588
263
3006
541
652
4901
4223
2829
3024
1314
3438
3428
4573
1713
2128
3948
2435
4019
4800
1712
1780
3752
4957
1083
2311
3629
4387
4518
653
2026
1605
151
2321
2030
2388
1579
2875
4572
4353
4917
1725
1953
237
2228
2563
3021
4728
4931
4755
402
1694
760
2132
2586
4636
1731
4150
4981
1577
3399
2484
2972
2072
305
900
2798
2497
3670
2459
1303
518
498
1992
2517
3851
1692
256
723
563
3279
1958
4249
1081
4218
1074
299
3781
1933
4080
2288
932
613
936
3356
334
3181
2808
3977
2379
143
2646
1301
2557
1196
2997
4050
228
4934
4575
4631
498
4479
3885
877
4366
4554
1607
4809
4940
496
1883
4335
2647
2542
140
3067
3539
1300
1748
4839
1557
4725
839
319
4830
4752
4926
888
4382
129
2988
2961
606
4158
546
2598
2289
3337
3273
1932
153
3072
3630
3932
3687
3128
2138
2367
4407
1267
3588
2549
1396
4934
4415
2552
2427
4870
2751
2702
810
1159
1644
1535
2056
993
2688
1807
926
1411
866
2162
4567
1492
2843
3406
1532
3091
4064
112
1290
3969
4904
2725
2198
4797
2824
1248
945
4481
4111
2245
2350
1734
4393
1559
59
4598
3596
1286
2699
1458
82
3445
1205
4770
1421
3791
2578
1496
159
4615
786
2570
4058
2236
606
4377
2616
3593
4652
4978
2960
3774
4191
1063
1724
3743
617
3943
33
1638
4036
4856
2549
2414
4531
3560
1856
1496
28
4383
1959
2238
3787
4107
2885
166
1375
3686
4030
2386
246
4121
4159
129
820
4288
1884
1515
4969
863
1653
2235
3105
3386
2001
396
4132
3205
3170
2841
4022
3423
4609
2461
3399
835
694
2072
1026
758
6
4973
3988
3861
2955
3446
704
837
2812
285
2393
2495
3833
2960
1469
1023
4114
1121
3600
3333
2858
47
4431
1992
3820
274
1626
4851
4999
4137
529
660
2877
472
1752
3682
4864
387
533
4660
2231
2641
816
1211
4418
2618
3555
1497
1600
3091
1060
4514
817
2742
196
1153
167
2276
3343
599
3739
2516
4281
1456
1444
152
2289
4018
1605
4537
4940
4518
2079
2573
2416
2366
3624
896
1333
1209
1294
2772
3181
1188
1435
1292
2059
3064
1335
4529
1251
2088
1132
2178
4533
4771
1693
453
1948
2883
2645
1809
4626
18
2674
1322
1956
2142
1731
2722
3454
2444
1921
2249
2775
3334
1441
1194
2446
3596
193
432
2400
604
1731
1118
4924
3562
4481
2310
3329
2763
1410
845
903
1838
3123
4841
3722
4170
4784
3270
3876
301
2977
1217
4158
4894
1283
2897
3601
2253
2558
2590
3958
1909
4129
3357
228
3638
785
2359
3559
3720
1398
1263
4841
4586
2318
3998
1372
4237
4104
4834
3909
4244
3157
4777
4202
3048
3873
235
3348
208
1681
1447
1471
3550
496
2138
2447
744
870
1595
3343
1027
4402
4224
2612
839
2693
3184
1842
4780
2645
1278
4414
467
1592
637
2266
1298
855
2742
3680
3300
1709
563
658
95
736
521
4326
2572
2721
4068
1634
3387
368
1112
2144
1184
4871
3754
4934
3336
1274
1516
4686
2389
3671
1040
2802
1693
1328
4424
2912
3877
3073
4904
309
143
3315
593
2489
3055
330
3073
4018
4452
3264
1647
3581
3126
2324
992
1671
4658
363
4586
2743
786
3836
3128
3120
266
4384
3029
4815
644
2673
2753
3870
974
3424
486
2078
4192
3966
4595
4544
4696
3054
1021
1107
4742
2859
1926
3378
4746
1474
3713
2626
1867
3598
687
3765
2484
1756
2347
4539
3121
692
2298
320
792
1522
64
603
2729
4661
4505
2273
3976
4511
1689
2659
2762
139
3646
3086
471
2192
2221
880
3955
4527
2360
2787
3357
2126
2136
3101
4620
1476
2162
2262
1369
625
1480
4607
1822
4550
3597
2539
217
308
4603
3484
3643
1214
2325
503
210
1918
1440
484
1085
1115
4069
4446
4247
2696
3293
3811
2216
4815
4549
3461
347
3465
2224
1981
258
4179
3993
4798
3102
2099
3705
4621
2103
1132
2284
454
1333
3847
3243
3118
424
3118
4922
4004
1980
53
740
2202
2146
132
1136
202
4718
1288
18
3079
4879
2557
1247
627
4148
2405
1142
4936
2708
1267
1058
3546
1232
1139
2202
1305
231
4635
1562
1332
3519
1749
3271
4104
4106
1365
3679
3675
3200
4645
2485
3264
4152
3929
3962
1381
2572
1812
2705
2542
1079
3254
1138
1591
1672
4838
4471
1821
3442
2152
1747
1117
617
2323
2678
2038
321
2014
119
4489
3297
359
685
4120
4690
2129
2237
381
4934
4084
1641
671
254
989
1125
495
4431
403
2625
3740
1923
3892
3788
4373
78
3871
1371
1027
4051
827
2627
4944
4209
3794
2796
4208
3094
4025
3857
1345
3476
2807
1940
3633
2170
2063
4824
601
211
4083
1170
4507
3675
2674
1724
1088
1603
4488
4007
2622
3046
195
299
3799
4727
5000
4317
1912
3883
1062
2388
739
3042
3648
1700
3119
2990
2937
1721
574
4725
3916
3683
1316
3650
2803
3983
4149
4266
4338
494
3652
4723
2575
1315
4101
4679
4533
2712
281
3849
2012
2918
4093
4213
4906
2894
2184
4688
344
890
634
4969
4103
2799
4172
4560
3082
1875
1281
2329
393
3163
3002
1387
3853
3439
2360
2903
366
841
2427
3999
2879
1764
4641
1250
3936
2666
529
3270
417
4401
1223
1592
4776
4992
3162
2647
4158
4354
4284
483
2238
139
3497
1018
1337
2982
3318
2977
3449
3168
1885
4353
1956
3752
516
1212
4899
1011
1004
1066
249
2368
492
3501
2023
1574
4244
64
4231
4702
779
4861
1764
203
4359
3795
3682
2898
1874
1451
4403
3057
4996
456
4233
1604
3331
2223
1485
1449
113
4802
2327
2302
391
1072
4692
2401
2524
527
4747
4643
1385
206
4588
4716
4950
2287
1904
1566
2533
4944
723
305
2350
3367
3912
1390
4465
2545
1955
4174
2932
1105
3552
3043
800
716
2200
1030
793
1449
1721
4051
2956
1829
1909
2283
313
3178
87
2177
1436
945
4312
2664
4336
1306
1186
3283
1656
3744
4874
1539
4279
3781
3879
4505
3786
4985
778
374
3258
1820
2916
2066
3357
157
3514
2863
1276
242
641
600
1363
103
4061
2870
1131
1264
2491
3882
3197
2560
1444
4395
1963
751
4964
4940
4764
1493
4521
2927
2922
3292
4093
3210
4546
4381
2306
867
1392
1257
3951
3104
4934
3028
4151
4205
2546
4242
1409
1708
986
3338
1787
2472
3783
1358
163
1824
3651
3770
767
3472
4596
4261
3312
220
2111
3238
4585
751
2380
641
2214
542
3550
1995
3437
375
4825
964
1004
3929
1814
3690
2672
196
1506
4192
3899
3854
2739
4924
436
4848
2767
287
3550
23
3849
3965
4622
1439
2171
3997
2237
4183
3188
2790
1596
2090
2330
1959
3960
4490
2461
3764
3198
1916
707
262
2348
3849
3234
1711
4397
4721
1726
197
2677
1804
960
2539
1307
539
121
4954
3866
473
2111
4106
1294
3575
3142
4411
3013
916
36
1753
299
803
346
4013
963
1035
349
784
3425
2272
1636
4833
3069
3943
2039
2444
480
3969
1202
1945
1552
2059
1868
3639
4006
3897
4059
4209
3465
1346
1923
2028
3639
978
346
1392
2205
1183
1534
1950
979
4665
4850
4294
673
856
2728
4083
3313
3134
2914
1532
2208
2312
1888
228
349
3897
4439
986
4238
2056
3404
870
3422
3286
2839
2482
1098
738
1120
3109
826
1098
2180
353
2237
3360
2723
3479
4843
3915
2818
3999
4211
3154
3559
4833
2073
665
4442
502
4384
2728
362
874
2431
693
3102
770
2242
1439
1396
4064
2335
103
778
4838
3298
4510
970
1692
3970
92
469
2502
4527
3572
600
682
410
4626
279
57
249
1126
4435
3332
717
1724
4269
4056
2955
679
3620
4775
3732
3420
4072
2412
4351
4287
4767
318
2714
155
58
2146
3369
3450
1805
1785
4975
1287
155
2874
1594
4098
3039
3711
2018
584
2902
877
3681
2471
377
448
2397
1138
2247
3106
1084
2244
2662
4086
2809
1786
3214
557
3998
4925
1293
256
4560
3420
4626
4482
550
3648
3630
4932
1245
2175
4656
726
2154
2704
1485
1425
281
996
4272
3434
238
2136
594
4049
395
3016
1094
846
4275
3405
99
481
2766
2974
1655
2173
4445
1168
1643
181
2967
3531
5
4398
2281
2595
2257
3167
2914
4640
1122
1408
4724
1678
2653
585
4674
2071
3000
2207
3009
4557
1785
3123
2355
1624
1980
3253
1628
117
2690
3840
2902
1282
3270
3868
4795
4911
398
4705
2958
622
4091
2072
2687
4824
203
3069
4812
816
418
1261
3313
1473
4222
2739
4383
686
1836
2197
3398
2275
4526
156
4111
300
2573
3312
3175
1172
3520
2011
2067
4673
2753
3301
204
4039
1037
2753
1324
4044
1809
4297
4094
3335
2188
993
3134
800
1593
4504
3799
4826
1899
2754
3905
179
3930
2194
3612
1585
1764
2940
4735
290
412
1987
4277
1799
907
3941
1241
3580
4276
3996
394
1600
3275
917
2943
2562
2306
3273
1425
1248
2183
2352
2571
2715
549
4305
4340
1367
4931
1588
4668
2282
2498
4691
3457
4949
4511
1733
1156
231
3475
2434
1208
3820
3722
867
3492
556
2001
3618
2495
2914
3281
727
3486
1637
621
183
3118
1399
4041
2275
3674
2358
2111
3839
4863
4458
2741
1588
3163
513
3293
1934
4213
2121
217
2347
973
366
260
248
3824
556
1701
1440
2236
4177
3072
1076
713
1530
1073
1077
4389
2306
306
4447
3585
3664
623
481
1730
3064
3877
501
2640
1422
493
1265
1166
3760
1260
1908
1335
218
2374
3969
4857
2290
4589
217
1996
4995
257
879
2581
3605
1592
3567
1885
1120
2722
2778
1145
2910
4275
4333
4689
2800
4481
1514
54
3859
370
357
1466
3283
2802
2205
3443
4060
1181
4335
1029
1410
2374
3553
2676
4055
2275
3665
913
2291
2367
1547
2173
1362
219
2217
1150
3624
3079
462
4195
1027
913
4075
3240
455
1656
2782
3190
1265
4690
1197
4163
2656
2913
1856
379
3559
2393
2322
3106
4317
1003
898
2076
773
1301
2297
269
2228
2339
2425
353
4436
236
486
4534
2265
3461
2692
2069
3822
3880
767
2108
4158
691
4455
3633
380
4933
2586
2562
788
2596
3949
2980
207
1191
1250
1475
2991
576
4752
2405
2056
1423
4219
2775
1128
4490
4024
2614
2078
1964
220
492
72
4623
3690
1861
1678
3622
4220
3766
377
773
796
4177
630
859
2474
81
2279
2218
522
3052
2186
3040
369
3936
4818
3399
3819
775
3983
2533
368
1897
2999
3025
730
3532
1491
1171
3307
3638
1863
4669
3002
2111
1876
4784
3064
884
695
4635
2884
2331
3820
178
20
4516
4879
2475
749
601
478
188
3030
4958
3568
4079
4479
1484
1899
4131
659
2108
3560
4515
242
392
717
2814
1261
3340
3267
175
1715
3638
1898
2803
3403
2202
3146
1355
928
106
4099
429
1594
1413
1199
1919
540
4768
4462
1967
4590
4864
1386
2673
3822
2805
395
215
1991
495
531
3053
4797
1989
4020
3818
2290
232
2866
438
4368
259
2526
1265
4119
2483
1834
3313
2887
2935
852
3573
3212
4394
4186
3743
3016
1483
4741
4217
572
3564
4463
2302
2260
2161
1928
4146
3213
2667
4775
205
4952
860
2865
2479
953
1998
3960
3813
3094
1659
3593
2826
2463
4411
1082
2232
916
975
1187
4231
2465
3317
923
781
4002
4436
799
1354
766
1851
1418
3989
2888
1405
2491
3514
726
1340
4409
1696
2796
3575
4634
682
76
4738
1585
4568
348
1433
2054
3541
2586
813
1777
4687
2836
3058
2678
4467
1820
4659
1387
586
2784
235
276
9
2582
2018
3116
1623
1644
3113
4317
3055
1853
589
3043
3596
2900
2708
403
4377
3455
3190
414
4847
1271
2971
3709
789
4522
3308
1413
1653
2168
2884
2801
3240
2549
2693
4680
867
3057
4713
58
1722
556
250
1297
1203
749
4317
4943
2968
2854
2932
2738
3675
1497
2033
3886
316
560
1810
4772
3287
3207
2810
703
2495
213
1325
2664
1792
4452
3199
3942
4566
1638
4587
4105
677
3283
187
3103
4973
4835
1417
769
4938
2632
1993
1537
1295
2885
4924
258
20
3836
962
1309
1513
1308
4343
4529
4234
4057
4017
282
1669
697
1615
3721
785
4698
1431
223
490
52
4988
2633
4376
3345
3318
3936
4007
1244
844
3705
2760
1277
3437
3487
2712
3733
4833
3912
1813
2220
4534
3944
1105
4187
2854
1925
4862
2808
1348
2324
1485
1271
852
3148
1668
1401
168
3165
4454
3018
2923
4996
3743
3299
343
4310
4312
176
563
3930
3367
2316
2729
4829
515
2538
170
2606
4362
1150
3558
2787
3609
3324
4168
44
1668
883
4768
2464
4786
1460
3573
2751
81
4518
4928
1956
168
941
127
3234
4399
1351
2861
880
4606
61
4788
58
361
2191
3751
4987
1216
4523
1705
3035
2541
1690
3864
3000
4697
2853
4718
2336
269
2602
1802
771
4
940
4031
2409
953
2061
4246
2595
2491
3335
4005
4877
689
3433
2240
3214
1884
3653
3276
1786
3386
2335
433
2040
4450
2264
2724
1512
15
692
2737
4727
534
4995
1294
1768
4749
1512
2334
1357
371
4352
845
3578
1166
2595
848
1805
2653
316
4293
1202
3797
4873
4023
2690
1566
3999
2056
2289
1956
869
3858
1321
1956
521
1680
619
2141
563
2816
1664
3704
2195
2962
4901
3146
3555
3465
860
4294
3815
4852
4838
3479
1086
3624
2200
2580
540
2887
3532
1061
4561
3685
2209
686
774
3776
1620
2413
2398
1498
2497
1879
2108
185
2153
4202
3399
2897
4794
574
3822
1615
4442
4477
2369
596
126
277
3955
4423
4272
2236
1349
2992
122
2662
1049
3629
4516
3633
2889
1871
4239
894
4662
959
11
4483
251
2031
73
3497
3508
1365
762
4572
1315
821
251
3999
4826
3071
849
319
3714
4063
1315
81
631
1499
587
3136
3016
4483
1420
395
97
3401
4121
2976
673
1288
4597
3478
1770
271
1797
4966
3270
2088
3577
1470
2269
3461
4635
3783
3596
3286
891
2748
2824
3855
3018
3549
4388
807
651
1060
690
3763
397
3799
1633
2524
2076
3218
2867
4291
4303
3784
3728
921
1803
4170
1106
4801
1739
4462
3828
2798
804
4957
1799
3871
3160
1974
2668
128
646
2003
246
599
3833
3135
2672
3664
2248
3983
2746
756
723
2121
2758
336
2353
3141
4935
3840
1053
414
4
1386
4258
3570
3590
3192
4487
4414
2392
1467
703
4899
708
2297
3825
3634
2714
2088
1983
4428
1421
4627
3496
3285
1524
890
4028
2829
3347
4951
4351
2646
823
2878
2629
2243
491
371
2091
3128
1946
490
1264
2089
889
1541
858
4203
3738
728
2778
4228
3612
3257
3063
2001
3440
1770
3838
769
527
3419
3418
2139
3853
786
1794
1298
4262
4241
3873
2810
925
3388
342
3535
4284
2966
2254
4368
1488
2586
2370
2129
4480
1530
2354
2457
496
3342
1045
4708
2554
3304
531
4322
2002
3380
3000
2113
2854
2770
656
3920
1639
3519
4141
2149
11
2023
52
4929
1539
3797
2547
742
4530
901
2030
867
2732
4749
2329
3171
4558
2751
1870
1425
2959
1337
4447
3667
3610
1376
1765
4551
4476
4693
704
4517
2860
138
1967
1103
562
1388
4738
4595
4038
1290
1821
2115
4846
2096
774
1757
1861
4155
4072
3415
3810
2871
3856
2278
4036
4622
445
3726
3011
2158
4699
4670
927
121
2799
293
1576
181
1594
3523
4502
180
4695
696
3064
2164
2044
3406
609
3409
3268
4603
3286
3912
3643
50
2270
661
1277
584
1967
1335
2995
4023
859
3945
1241
1487
2964
332
2258
3874
566
4338
1627
3956
1833
2397
480
3237
2499
4454
1815
2655
2150
503
295
1389
4708
1915
2695
794
1244
80
579
1690
4274
1643
2272
2030
3581
4912
4416
565
3359
3870
691
4862
2611
4137
3006
1171
2895
1705
4170
689
602
1289
3573
919
3649
4974
2725
1158
438
3538
1271
1738
2431
3234
3081
2057
4819
1555
2237
1561
401
1055
108
720
4981
4381
4253
1069
1842
430
3333
4091
464
2199
3557
4434
2581
4667
4711
3576
141
387
1879
3729
2929
1862
2614
1971
2573
4295
2096
4175
4956
4940
197
2974
994
139
4900
4741
3520
4835
4068
1719
357
643
834
4150
3798
2672
1173
539
4852
2637
2642
2472
4587
2376
4929
2456
2714
2635
834
4174
2221
3381
2568
2618
2337
649
1748
1941
4609
867
1552
190
2909
275
276
337
3930
2910
874
273
4102
200
3597
3025
1664
4171
4230
40
1562
4825
875
1581
1914
2142
1346
2424
71
3362
3935
646
2678
1501
1515
1966
1136
3040
2476
4219
879
3256
269
4429
4366
820
1530
2634
3560
3806
3986
4100
1615
3674
4024
1624
1206
3056
4039
3306
1104
3773
2181
4778
308
3062
1612
3589
2350
4606
2502
3023
709
1115
2865
3621
3839
3597
81
2050
763
3770
3130
2308
4473
616
1820
2097
2151
4050
540
2109
365
4234
1375
678
3555
427
58
2828
4658
3978
717
2242
2559
4840
2038
4751
4120
2539
2315
842
3974
3437
2505
1479
381
1639
4597
3585
2567
4847
4140
1593
4181
2686
4417
2535
550
370
956
2226
278
1924
4941
4226
3989
1899
268
1407
4097
2163
950
2396
956
1599
4049
2194
3401
1464
3499
280
1835
2373
4872
1077
3860
4021
3843
3423
2747
2007
1076
1946
3713
2443
4288
1597
3479
1353
737
4333
4016
2332
3713
2112
4615
3407
357
3211
2367
3539
4497
427
686
1993
4657
3559
2444
4959
2073
1980
1308
2360
1769
1831
3073
4206
1392
778
44
378
4594
1376
4755
4005
2896
3557
3449
3627
918
4464
1071
1285
1690
3412
365
820
2121
4207
38
3773
3974
867
3608
3590
3559
2308
3806
4893
640
3557
4672
2210
3130
851
4602
2896
3894
2894
1620
2667
4438
286
93
3036
2337
3519
1590
2623
1044
2696
431
3112
1614
2408
1274
4589
2100
4360
381
2946
3680
1617
4934
1722
4901
3565
673
1361
1504
3018
4552
665
838
4036
1292
2616
2335
4957
2020
3062
2332
1057
1540
3196
4153
2864
4144
2196
2196
2396
186
4833
1966
2789
4884
4501
2808
1542
3474
3170
819
1664
3285
291
299
2160
3918
4587
2171
1616
2016
4426
4492
1929
618
4472
3564
3170
2550
3202
1573
1235
2048
478
3665
1235
528
3040
3332
2272
4084
2133
2947
1772
2335
4331
2531
4435
4525
4953
3657
3855
1556
1427
3950
3762
615
2601
673
2218
4280
3469
2556
4348
1529
2968
2640
4949
3330
632
18
4262
2142
602
2696
2876
4482
1254
1169
2883
2353
2015
84
2818
3884
3914
1942
1576
92
4176
1445
2389
26
3988
201
2783
4881
4300
419
1946
4408
646
1549
1270
37
1141
4497
4971
4721
4143
3311
2689
1535
3890
1266
3646
2067
2272
4810
2434
3679
1283
313
4004
4107
3559
2251
3470
819
2796
12
770
904
4218
548
4956
3063
1625
4019
2684
3203
2432
225
1975
4708
3004
3271
464
257
1532
1307
3450
1622
281
1823
2317
4046
2397
3503
3892
1147
425
3950
4032
4712
3848
995
908
1300
4491
2099
2941
2179
2356
4623
4654
691
2587
2432
1648
4586
1940
1723
3671
747
276
383
768
4003
501
1842
3905
4387
3699
1014
2121
4725
1554
4927
3017
4340
2230
1054
3772
4133
4868
2927
1006
4171
3309
4692
1596
267
1467
3617
773
2870
3041
4596
2154
3626
3250
2617
3280
1821
3591
3823
1400
1734
4326
482
2145
1073
3256
199
4849
4319
2378
4880
104
2020
4326
4499
2956
852
46
3113
2585
3990
4974
1779
1521
2073
1912
1534
1573
1601
3591
263
1138
2514
498
4953
3337
4991
350
3272
2698
576
4048
4892
2059
2245
1758
4976
4339
3043
190
2988
701
417
2194
4488
237
4324
3026
385
3574
1027
1995
2490
697
1366
4375
1133
4853
2141
3713
3140
971
435
2861
1039
133
1223
2239
1338
2066
286
3818
4026
2071
1640
317
361
3658
4174
2063
3766
958
1535
4743
4246
47
59
2376
524
2687
1816
4726
3196
2211
4583
170
3951
3189
488
922
2247
218
1978
1192
2441
635
532
4603
1783
1794
1585
2902
3035
2556
2049
917
3969
187
4319
1306
1081
2570
992
2261
1330
1205
4152
1847
928
3883
599
3621
794
2984
4136
305
4619
969
3588
3298
3688
2376
504
1973
3878
3756
2346
4101
3031
3756
4322
3449
4869
2104
1442
1369
2914
3954
1794
724
4835
3840
803
4243
3431
1861
2589
3294
1165
4255
3854
582
3667
3259
236
927
1263
2517
1946
2195
706
4324
2964
1999
1193
2269
3486
4034
3944
391
2690
726
1697
139
3315
114
4910
3009
3859
3106
1886
4903
707
2950
3371
1899
2183
1076
3326
4347
1677
3858
561
4422
3860
1384
2850
671
2519
1515
3873
2017
3567
673
3211
3572
2522
1657
1464
690
4651
164
666
4903
4744
4626
2201
92
3490
2471
4672
811
2340
277
1404
4033
2413
114
938
129
2663
2673
382
299
2785
4668
4608
4106
2798
2600
3838
597
2172
1484
3298
2389
1208
2233
786
1757
4142
2787
2657
2862
4165
3943
1224
1431
4310
2438
3682
922
2257
4221
1249
3702
4314
1035
94
4924
779
1521
2715
2711
3066
4794
433
2776
3482
2273
4668
3798
4270
895
2697
1858
2525
1828
1498
3922
1717
3872
2527
3219
2237
4857
3075
1696
1292
4090
827
4264
1698
3402
971
768
2454
4671
240
266
493
4640
2318
4663
2129
2122
136
370
3264
4979
2807
2034
1838
3198
1169
1675
4980
3358
1161
162
1419
235
1505
3322
4274
2480
311
3172
1772
510
1193
431
1454
1044
2268
2400
3587
2991
4834
847
2497
3916
366
4349
4273
4171
1264
4435
4496
934
1038
4170
106
3887
1458
3849
4642
2928
1578
3869
2947
3396
837
3008
651
4813
2280
2060
1410
1613
77
2798
1045
723
3292
2774
2970
1401
4685
64
3766
310
279
4866
3631
3462
4304
4103
1003
2325
1639
2366
3333
826
3893
375
4074
4663
3741
2805
1954
2495
1329
1109
295
845
1960
1083
935
4072
2489
2235
3491
4745
4101
2959
1187
1481
4196
1029
4663
2573
3878
4851
4156
74
2678
3898
3817
449
4045
4188
4141
1131
2573
3598
3190
3395
1894
4422
805
2342
1551
1885
1762
1947
1546
4775
4450
1977
33
3840
4954
2025
4985
370
104
1755
141
932
138
2128
4321
3592
2195
4978
4402
665
704
2489
4996
3108
2404
79
4667
479
3578
812
3218
2429
4895
2749
3195
3025
294
3243
4351
4937
2226
2645
2997
1449
1519
1482
3702
3205
1156
4212
481
312
1525
2690
1254
1553
1720
4466
3420
311
4778
3461
1873
4164
2234
2938
4688
1630
4906
2261
1639
4594
2000
756
3222
4070
886
4851
1570
2495
155
4184
3984
3951
2598
1525
3583
2142
2263
4044
3686
3303
232
1355
956
1293
906
1758
4617
3810
2966
2293
4342
1801
4800
4965
842
4501
1422
4525
1798
2330
2040
2973
3824
2489
2673
82
3335
1573
1694
2018
103
1264
4790
2618
1431
1330
1468
3685
820
504
1988
1963
293
3671
2501
2313
618
1543
4737
3020
1559
3549
4853
801
2003
635
3819
2016
1965
4893
3710
4679
3243
431
132
3649
2480
3140
4033
2827
2942
2558
382
1028
4808
3352
664
3810
278
2642
1664
3615
2778
4647
4136
491
4155
4397
4172
4466
1836
1491
2187
2888
668
2384
269
2071
2340
4693
4389
755
2959
3570
1889
3647
975
2117
716
2042
4917
181
3646
2970
453
172
3557
1250
784
1694
4777
4103
1524
1497
2010
2039
2564
1420
2783
333
4924
2426
2796
2465
2899
3416
2400
1740
608
4462
2290
2752
3623
2853
4998
164
1389
701
836
1119
3377
2735
1163
2771
2053
3907
3638
464
3476
4231
4670
1293
638
4896
4635
1799
142
3426
4384
1901
1046
1444
3914
2343
4977
647
3346
2446
2453
4132
3726
3051
636
1050
2691
4646
4612
240
3669
1289
615
3353
1402
4630
397
1398
999
4560
4090
2124
361
1551
3871
2439
4573
3812
1332
1241
3036
2373
4932
2056
377
2124
464
4439
1488
2050
3794
3887
4585
4486
4731
1050
4025
1782
5000
4539
1083
558
703
1638
2387
2915
1568
596
2787
289
4246
4170
3519
1109
4150
2913
4048
2883
4872
1167
29
2163
167
3368
1478
2489
172
560
2681
4168
4407
3907
2289
952
2629
1299
3312
2176
2260
1839
3676
1305
1608
301
1278
559
3864
400
3383
352
3159
1364
2109
4563
2980
4804
4242
2815
4169
4906
1575
3139
2446
523
2877
4903
1003
2742
3850
3601
3557
2893
4041
2680
3743
248
882
1318
2718
4604
44
3393
1786
2317
1427
3780
3030
4948
1707
2189
610
1124
800
3604
1154
1176
4307
2299
4670
3432
814
306
3723
401
2791
1639
3433
640
1509
4994
3943
1538
4477
1035
339
3807
3462
622
3248
2979
3410
52
1494
599
4300
1005
4280
331
1874
2566
542
3842
1173
810
4269
3630
2245
3135
3600
43
4791
1460
3664
3113
1189
1444
1512
4606
2106
1816
4755
3820
3548
2033
4599
736
3356
831
1998
3696
4211
579
3934
500
659
434
91
2946
1659
647
3367
3839
3986
4985
949
2496
428
1665
249
1473
386
2422
4890
3262
798
4531
2627
2124
913
1047
1271
368
382
15
2569
4213
317
1779
3566
1775
1443
3885
3774
4029
3994
1210
3550
3468
1065
689
4490
3520
1419
1733
4683
760
3543
729
21
603
4882
934
3878
1941
4968
1713
4065
3689
3148
3278
459
3672
4436
4313
2167
4327
2012
2514
4142
882
3002
4254
274
4011
2391
551
1885
599
143
2287
1530
3258
2980
1561
1686
951
3405
2788
2712
370
4592
1246
4353
981
121
4806
2392
2313
3502
1550
392
1709
2277
4624
4726
4991
3990
602
2812
3797
313
876
3359
48
3714
3777
821
4487
3615
3038
3837
4368
4076
3298
578
247
1733
3163
1932
4152
2584
600
383
3672
2629
3708
2416
3633
1026
3160
223
998
2539
1444
3294
4007
1166
1192
4165
1672
4124
2016
4238
404
1303
1817
4075
4931
4865
3180
2070
2172
3581
2006
100
390
1135
2976
1732
1600
3791
2892
556
2444
582
1464
1173
2101
306
303
2444
4791
2658
588
843
4489
3581
4840
2
4850
1987
3055
1533
4675
4
4494
1051
2036
3560
1611
227
3917
3641
3725
4699
2216
4312
4513
4917
1984
2719
1475
4908
1766
1810
4271
1374
2108
4943
761
2574
2691
2043
3052
3298
2478
2843
1921
1512
2201
1733
3689
1455
4145
2046
3936
368
1828
955
4370
399
4039
1440
1078
2633
3001
2143
1835
34
874
3228
661
1765
3818
3642
2836
1141
3793
735
1396
4271
1424
3365
24
1573
2701
540
3653
1741
3170
454
1766
823
252
1818
2078
3834
3595
4972
4548
4704
110
3554
930
2670
2931
2563
1761
1573
775
1462
3343
4158
1707
1024
4113
3443
3829
4991
1990
3497
1443
3226
4920
1381
4323
2628
3937
578
3514
870
1886
568
890
4444
4034
3016
4036
4754
2473
2590
3626
4002
1039
4230
488
1957
4903
693
3730
4092
2634
3087
3740
2429
3659
4767
385
3107
2137
1145
4136
4061
3901
953
4782
3379
3349
2463
4729
4767
3233
3187
2456
2946
280
1140
4054
3932
1558
3706
3047
4859
4304
4814
1543
2673
3581
3323
2846
3834
2982
2186
504
2338
3043
4035
1553
4644
2525
1945
3979
2838
301
4540
3452
2096
4528
964
4181
4998
4927
3420
3100
2182
958
122
4051
796
2564
1018
2987
1809
3359
4746
3787
2473
2643
2173
3632
1948
2285
2850
1622
3451
4039
883
4601
1962
224
4728
4624
2409
3860
131
3105
1439
3202
3376
662
4936
766
3494
650
1071
4722
4215
668
1539
2448
3740
2747
1007
567
2529
2510
4410
435
4781
3714
190
214
3761
259
4116
3926
932
4229
4285
2519
2797
4613
2259
134
2078
249
417
3233
398
2035
2265
4958
2785
1307
4350
3581
3301
2837
1179
2616
4492
3293
4820
1682
320
3939
4491
3385
4161
4701
3383
4034
1432
2124
3466
728
3978
1741
2790
3998
793
4718
719
3090
950
4602
3807
1702
424
4000
3245
3002
4219
3623
2757
3858
2770
4975
501
2493
1507
2996
1141
33
2298
4686
2588
1062
297
4429
3819
2962
1837
1582
882
3810
1271
1417
2740
2157
2548
539
2799
2792
3312
4948
4157
1691
4327
3133
4338
4116
4420
1129
3400
4377
4630
4945
378
978
2082
2518
1337
1228
1449
2163
1710
2967
2640
4291
2770
2233
4339
3078
1751
4404
837
3554
1969
1521
4804
2360
2748
4552
1302
2566
2535
2224
1531
170
3959
2982
4979
1768
1063
1075
1514
2051
4541
535
4934
4694
3066
3155
3882
2203
4546
1533
4318
2245
2593
444
84
910
2909
2980
3610
644
1012
2965
3159
562
280
1917
910
990
1679
4173
178
4257
4119
3370
2175
1425
3089
4766
4868
331
1023
2982
1514
515
1016
2031
1532
3003
4758
4872
4527
4142
1980
3989
2621
1022
677
3450
492
4716
3831
380
113
1465
2188
3939
2213
1264
3946
3203
4873
4379
59
2488
4300
359
4625
1824
1675
2660
909
1644
1162
2192
2266
3163
3783
919
4307
729
3102
4201
952
4036
4712
798
3086
2115
511
199
2041
154
4031
2548
4002
4390
4708
2864
404
421
2613
722
343
4710
979
2390
908
2717
3592
3972
2531
2131
4200
3243
3946
4476
1211
2243
45
214
3152
739
1824
1963
2765
1009
4029
4520
2347
3273
1062
292
326
3390
4959
1284
1768
2596
1014
64
1517
4940
1200
4519
3208
549
1700
1624
3254
4385
2607
3359
369
2303
14
3374
1213
3954
3395
4717
4537
693
140
4458
1615
478
4955
616
373
3285
4208
2518
1478
3016
2190
3236
3824
674
950
1894
4239
135
3583
2929
215
2660
4229
2399
3328
1488
1529
1259
4681
4607
3771
3085
1579
2135
1124
127
1667
2854
2498
4519
1618
2468
4406
1935
2477
2087
2880
2477
2196
2336
1973
104
2504
4154
515
3601
2453
379
2019
4453
3300
3119
4086
4230
494
1393
4338
4576
1390
3109
2560
1160
783
529
373
3268
1683
4832
1419
3408
1808
4457
3150
255
965
3230
1539
2315
796
3422
4417
385
1742
1244
484
607
3156
4898
27
548
435
761
520
3935
4076
3747
331
1577
1541
1652
1885
70
3937
2230
3076
488
4429
1161
425
2329
3956
3925
4604
3010
1883
3475
4324
3304
1924
4618
3072
4953
3796
3491
992
4946
1671
1266
1192
4434
3553
3224
3429
105
1563
1437
1657
4451
4452
3874
838
4315
3342
444
2349
2236
4614
3659
1722
563
4368
4917
3905
64
1921
4774
4500
4761
2996
2144
1586
3151
4977
4710
2676
2750
0
4789
4140
1600
3550
2482
4038
3113
4265
2110
3213
4355
2011
2471
1071
1938
2794
2393
1213
2458
2971
4873
2285
4178
1171
2616
3774
956
1396
1170
729
3689
2373
1424
4829
3681
4432
1959
991
450
3143
2363
1902
1056
4640
1433
356
2670
4808
4694
74
287
1095
3055
4646
1999
4906
380
3976
3022
171
1433
3875
1511
1907
2378
4502
4275
2152
340
4504
3651
3943
3610
375
4678
1777
843
617
10
1343
1081
772
4924
4118
1122
4653
3791
805
2492
609
4972
51
3242
1531
4217
3682
450
4151
3546
732
4343
416
3489
2929
471
2196
4108
2627
3129
158
2420
861
1242
1199
675
4134
1997
1527
3839
2185
2250
4547
3431
1346
2628
3805
2293
561
767
4485
1058
4720
1510
215
2184
396
382
478
1890
3311
2040
4023
2634
2737
2772
192
3315
3962
294
1821
4577
2925
1779
1180
3369
971
627
4063
2944
3187
1347
4640
423
40
4406
4144
2807
1266
3926
615
4999
4428
2186
4026
4759
448
237
1620
2566
3758
574
1476
3423
1663
4392
76
4621
2899
912
1996
4634
1842
575
800
333
2955
3761
3440
4163
3521
4697
415
2707
4273
261
1935
3470
4519
3943
4405
4710
2878
2194
2916
4807
4710
380
3738
894
136
2430
3808
1653
1257
4351
2656
564
4907
1302
1683
3351
4618
1038
1440
4849
2310
4448
3489
2414
3155
4814
4847
593
857
3421
1249
3631
4674
135
4432
1055
1045
4533
3534
179
1910
4387
2941
3586
1448
3690
671
3463
3076
1393
3297
2942
3396
4703
3897
4303
1470
2098
636
518
1292
4704
3954
4129
2793
4825
3925
382
4981
4801
4302
2392
1947
1432
2055
4030
2128
2491
155
320
4189
2030
4020
4076
1974
4422
3825
3437
3314
1495
3052
4784
1863
1792
312
84
2892
1982
3052
4214
1748
1770
1367
3462
1283
4224
3913
3314
4723
4654
1190
3020
974
729
4310
897
789
1532
3741
3053
294
4093
58
1028
3926
2214
1375
3086
2347
1077
1319
581
1227
59
3320
947
1930
2156
4311
2598
2620
2902
2746
4804
1514
3103
983
385
2845
2823
930
2671
4127
3452
75
3046
2451
3105
297
4788
449
1281
1557
3145
3360
744
654
3227
2203
3972
300
925
1711
3870
1900
2276
2348
606
3370
2272
4281
3403
2710
4274
3931
1434
3200
4756
4482
370
3941
4612
1228
904
2258
4819
4386
2555
746
1365
4442
3414
2131
3501
4096
4357
209
223
436
290
2984
961
614
1158
4040
4605
3015
3807
113
3077
2353
146
4954
2354
4184
1155
2059
1217
1945
2775
1093
2240
3431
1840
3359
1867
4643
4384
1925
1592
4579
4201
3860
4283
1841
4093
2246
4407
1405
2022
96
3783
2908
3013
213
4735
943
2627
4204
3755
1705
3723
4615
2342
697
2624
20
4430
2473
2740
2456
1850
2458
2380
4502
1775
3375
3357
3803
1611
72
835
1535
543
454
1658
3765
1136
1430
4731
3547
4006
416
968
3691
2230
923
102
978
2627
1558
3830
217
1394
1751
3869
4054
4979
4404
1023
4018
526
4768
1921
333
2025
4775
1845
3260
3445
2250
4513
4059
1065
4040
1495
4962
3126
975
4116
1508
4947
698
513
4829
3728
585
4575
1284
593
4169
609
2037
576
1701
377
1895
2841
2489
2483
3470
3474
4967
338
2924
235
4354
72
1608
2215
1060
4605
3690
4129
1736
1088
388
4907
1383
3330
4055
535
1739
2531
2128
230
2155
633
3678
3540
3670
1981
3777
4531
1458
4280
4682
3448
1401
696
2619
2379
4760
3990
1266
279
3634
2534
3966
2517
1061
3588
4301
4975
2160
3503
195
2176
717
3170
4624
3925
4833
3393
1226
1171
3180
2226
2354
1494
2783
2116
1768
1863
701
1034
1044
2745
2729
688
656
3738
1403
524
4979
4374
1993
2442
1944
3618
777
844
4260
3952
3155
3548
2851
3755
189
516
3243
1879
243
615
3052
3063
2333
4679
2985
62
4114
1017
3610
4412
2929
4758
2071
1662
1407
4963
2525
3371
242
2406
3023
4831
4528
4679
1426
392
1351
1168
1641
2108
384
1524
926
3753
4920
2065
4090
472
166
4976
1139
288
1528
1741
1430
866
295
3446
1167
4638
3686
3049
706
4677
1486
4277
4810
4534
2214
1351
4216
3240
4688
3452
1113
1873
897
194
4950
2936
856
575
1677
558
1056
3601
2973
597
2225
3533
2619
2224
464
2458
3890
971
3804
2799
3738
2702
2395
4749
1362
2563
1816
1767
4254
4289
2712
117
429
2485
845
2637
1214
3471
4424
2788
4994
199
4659
879
280
1976
538
584
335
4784
2050
724
337
2681
4493
4652
2520
3898
2134
4616
4112
641
4146
3268
2560
3554
885
1366
3238
3192
1286
4851
2850
601
582
1896
1303
1431
4583
2086
2187
991
3561
2695
4367
3732
1774
86
4162
641
1666
1909
898
4357
666
665
4612
3361
2707
2150
4052
4083
1302
813
448
219
3175
3024
1765
3242
1665
4690
4270
1337
2717
3056
2729
4793
4684
4317
3581
2961
1123
2930
4317
4572
1319
4568
2700
4282
1686
2176
2346
4935
1290
2207
4823
4762
4613
3
2860
3227
4424
4351
1190
2191
3499
4435
3541
4805
1187
2578
104
845
696
1577
2864
209
4430
1986
2564
2987
1882
4595
1013
3887
1186
2170
1446
3204
3677
2374
2729
3590
2792
794
3918
489
2767
2195
1143
4212
2406
705
368
1776
4896
960
389
4878
555
3847
1817
1714
2012
4465
1694
3680
3242
987
3758
575
3461
1851
197
2985
3652
1760
3081
4503
2271
4450
933
3194
1301
3582
1452
997
1976
1192
4235
4092
3477
2678
2841
425
1611
1745
4097
4053
2754
862
1268
1046
4963
153
4928
1606
22
3089
393
1376
4633
3675
3069
1014
2332
3877
860
4284
3161
629
1798
1291
4322
2745
4570
2491
687
3723
4547
3821
848
2436
1361
2866
3871
3437
3008
1572
2327
4004
2798
2127
1282
4047
3225
4084
3694
3337
2828
4261
3919
805
3996
4725
419
1207
2283
1092
828
4948
1663
2931
2422
4699
2584
2497
2841
1028
1416
1500
4085
2676
1383
3932
303
1490
2899
4792
2000
4879
226
2487
2462
1264
4606
4238
576
4098
176
1446
803
2893
711
3992
2852
1314
974
4978
985
677
4738
4868
4910
1424
4495
1430
2683
1243
3546
2505
1131
2754
2431
2610
1055
2468
2467
79
4180
1226
4156
689
4170
4912
2148
3415
2733
4613
646
4698
2283
3854
3710
831
1360
1854
1523
2169
2851
1632
4045
373
166
4495
2695
1071
434
1063
3171
736
2359
973
3084
961
1907
1874
1370
2444
3169
4789
4768
1290
1648
1509
273
4190
4369
3974
3648
2165
224
4320
3470
1603
4621
4345
4659
1469
2465
3388
910
4313
666
273
1266
1836
2716
1531
1007
2531
769
670
4802
3302
4779
4152
1344
1260
4102
3507
2087
323
3180
124
2988
1014
893
521
886
4735
4440
4830
1498
3579
2243
3504
2462
1439
2415
3647
3219
1540
3139
3152
4954
1182
3168
78
4797
3440
4454
387
3392
2250
3829
1414
3937
2663
926
3152
1656
3074
3017
223
36
4648
3211
3339
1500
3044
102
437
3191
1312
4104
2023
1432
1685
1732
1630
1564
1540
3899
1864
1799
2278
768
4990
4188
1140
1514
3690
2103
4018
1624
854
4712
444
3195
3247
1062
939
2557
188
508
265
1991
3442
2789
4758
4113
4068
3912
983
1103
650
4966
2768
2365
1729
1847
4083
3224
1187
3659
453
4405
3474
4573
656
1655
4617
535
3044
981
4228
3766
516
2075
4220
4157
787
3388
4828
149
3175
2141
4006
3958
3340
3289
4318
2777
3987
1641
1310
960
669
2392
2281
4534
2476
665
3392
4881
2612
216
4104
677
4103
2070
183
2806
3580
1184
1164
204
440
1943
4824
1930
2959
1855
4950
4215
3224
663
772
3993
4719
164
1122
2705
1664
1124
2955
310
384
4024
2877
1681
2077
1346
454
3421
1027
3993
4307
2626
1374
2003
3716
3575
3352
539
197
4977
1715
1701
3279
4077
3617
1374
1935
4413
1412
1019
4500
3676
1397
1949
1052
2633
3224
181
1419
2763
1769
4207
4192
4256
4386
1326
2812
3978
362
3305
2543
1151
3301
1531
4625
3055
4538
3320
2960
4121
3967
3641
1994
2997
3629
548
4844
4634
3332
3707
174
4552
1985
267
2036
3863
4087
1904
3973
3349
2895
1687
1112
3398
3969
3154
2210
2562
2063
3932
995
1316
729
4037
1018
3040
3026
899
1510
632
3952
568
1626
1149
2254
3785
1694
3474
4372
3608
3625
3412
606
2461
757
1897
1303
1528
3604
2500
2005
75
622
4050
1959
3816
4837
1421
4668
4830
3176
4197
2242
3124
3527
2886
2094
4979
1823
2862
2847
4496
563
4363
3324
752
2402
3657
4867
839
1372
2363
2493
3906
498
406
1327
787
3067
3311
3516
4710
966
4799
4301
1326
2718
3184
3619
1881
4041
3952
3544
3995
807
4107
3466
4336
3794
1085
2879
642
403
4161
4980
1656
756
868
1708
1211
4630
3572
1762
2024
1345
1593
1305
1900
4515
4558
4834
2246
1245
1513
3862
3200
2102
2123
981
4782
3365
3732
172
652
572
365
4256
363
4336
1729
2672
860
1250
4851
1817
3632
4303
4587
616
3335
3526
476
3128
2398
697
373
851
3405
859
2537
2358
1015
761
1767
4583
2536
4886
4745
4079
213
4134
2535
3014
4884
4619
972
2787
1898
1999
995
2768
3869
4047
4016
712
2230
4091
1046
4083
2793
3595
2900
4258
2418
4872
1828
2355
3841
136
3306
2671
1750
2843
2749
3179
4917
736
1794
1110
3875
2470
4561
487
311
2533
1734
1798
126
1045
1621
1523
4105
1747
4735
124
2666
1875
4762
3832
1997
4358
2046
2877
2354
427
3923
365
259
628
2342
1757
4406
4324
2797
86
4915
1410
1961
4598
788
586
3127
1276
4951
1717
2380
2086
3390
712
4285
2645
3781
3478
2390
2030
87
2727
3878
3690
3155
2074
4261
550
1947
1493
444
4059
3721
4544
17
626
3350
2097
10
1704
1271
54
1138
170
2824
2598
3967
1711
2426
3439
2550
568
2543
1328
346
1446
3943
3758
409
3156
1892
1136
3208
2429
844
556
2967
617
4596
406
1135
747
1953
3596
2444
3258
3327
2634
608
2428
1843
2264
1411
115
2388
59
223
4918
2452
1837
3856
265
917
2147
200
3517
44
3781
3953
3283
4722
3699
739
2240
1158
2251
4996
417
576
4792
1225
2234
197
3019
4179
2989
2093
3627
1740
3755
4255
3553
2791
4806
4819
2758
1964
335
496
1294
2686
429
2308
4363
4571
3616
430
164
3230
3663
4349
2160
1362
138
800
4301
3187
822
4207
3264
4381
2681
1806
3612
3798
2523
11
4244
3442
239
1314
1792
3465
4209
1008
4688
2687
3497
1099
4564
150
470
2446
1090
113
3381
779
1363
832
1408
4946
4219
2337
80
816
1050
2340
3871
2798
919
137
1755
4512
3125
2204
2038
551
3499
2004
4218
3272
2847
905
2139
3768
3921
1929
4343
198
1919
4477
935
2940
2123
3382
3512
3145
4864
842
625
786
4055
76
4324
831
2941
3713
3334
4199
571
658
875
2971
2662
2553
3907
2976
3565
2239
974
2035
4991
2229
1478
2671
2858
3301
1943
2501
1579
1903
3940
3111
2796
4851
58
4570
2761
1186
105
34
304
4444
470
595
249
1427
3744
517
4725
1204
1366
2276
1393
1895
2012
1933
1539
3993
3550
1395
1742
3424
4931
859
4808
2937
4019
3976
2777
4648
3548
1194
4127
4075
891
3433
2771
3622
4599
980
420
2773
1632
4783
59
1101
3643
656
2826
2714
1607
1344
4695
3695
3268
524
3673
1447
2645
3680
4655
869
536
2339
33
2170
4032
315
1326
128
68
175
2189
1326
715
1462
4850
2730
491
1343
2677
2530
4355
4002
220
1006
2574
3056
2611
1947
3490
825
1849
3011
2036
1828
1396
4119
2948
4815
1610
2673
644
4188
1190
3129
1606
4434
1680
3608
243
4706
1330
4780
4547
4271
4250
1843
4757
2821
876
2531
4714
1134
4192
1981
3211
2602
1239
3092
2206
4567
733
1706
4865
4223
1916
2604
2444
3749
2705
1566
2788
4020
814
2970
1964
4528
3606
1674
2799
388
123
3059
3332
2706
4833
2650
4858
748
1025
4685
4085
939
1962
1127
4294
3574
291
4874
4587
2972
2119
991
5
4876
780
369
3549
4239
2257
4094
4642
2444
2370
3964
3658
4458
4802
3559
3686
3378
3889
3842
82
3289
762
1098
4546
1392
1217
3617
2084
4441
689
2476
441
3244
3449
1227
4713
593
4146
4202
2692
1315
4771
2247
59
3609
3025
691
3001
2705
1505
4359
4525
3104
4059
3010
3356
249
2812
1285
471
3251
2959
4508
2016
278
515
2525
3950
4590
83
4555
4822
760
2377
1996
3316
1836
4664
4756
4180
186
2614
4172
3560
3325
2435
486
323
4075
3995
3936
3273
4424
4918
2864
1695
1130
2787
4079
3458
1286
856
3382
1164
2646
2969
2843
4785
149
1773
1419
1548
1131
4163
112
2610
199
2079
4834
2228
481
2959
194
4248
1289
1204
4985
371
2355
3189
2183
3635
2350
2342
323
1836
825
315
678
2280
1847
405
1090
4356
2909
993
284
1341
3137
3377
1005
2054
2288
3379
1771
1352
3936
1340
3939
1182
2580
4534
2281
173
2573
2147
4251
4767
1964
3478
1484
4644
274
3597
4773
614
1268
3010
1380
4343
2581
1647
2005
4013
2175
4332
3473
2916
2369
3852
2150
921
4751
2050
4556
1542
3745
440
3974
863
1744
2478
4191
2650
3546
3705
4795
1407
1386
2223
4966
4372
2000
1304
1144
4083
545
107
3249
4996
1549
4015
1686
3045
2841
1265
3232
267
4056
640
3036
1894
1122
1141
2940
4145
661
3698
1717
3856
1015
4746
868
1980
2300
4805
1650
1541
128
4004
1299
2846
719
1583
4739
954
3471
4855
1108
1894
4651
2261
2495
4674
3118
2234
1291
1873
2192
2020
4072
978
4308
628
1154
8
252
3251
2879
3430
3658
3102
2860
2815
879
2894
3268
906
2815
4512
2381
3145
1573
2373
1277
1350
1084
4342
4504
2471
1154
1335
4819
3057
4946
276
3232
4055
744
1038
3240
4987
1901
4575
1045
3158
4096
2810
2119
2664
4163
278
2390
734
3960
690
1457
2496
4193
520
4262
365
3320
534
4686
1231
2750
1290
798
1535
4559
3538
4081
3877
643
237
4579
3070
4109
4654
611
1201
4090
3268
4319
275
2599
646
3781
1469
2459
1224
4218
2104
4485
1137
4093
4474
3177
480
845
1654
2120
3244
3338
643
275
1982
2730
4127
121
522
416
3796
1099
4872
2338
2347
1325
1264
522
4520
4562
3914
3211
2255
4964
4249
3207
3674
2924
3667
11
2597
781
4048
2508
1166
2484
3182
3605
4826
4907
3794
3881
233
4924
1995
3462
2201
2225
4030
2778
1604
4681
261
583
1506
3589
3437
4877
124
347
82
411
1395
2576
973
21
4034
2648
184
3512
2316
4432
1769
652
2520
1666
1155
2180
4590
1704
472
2044
310
3787
1659
1314
4199
3360
4764
4636
771
3872
3474
3485
1004
3625
3744
890
3775
1925
3980
4422
3734
3336
225
2919
3736
620
2400
2179
2787
365
1206
896
537
1479
31
2620
4854
4116
4502
1851
2125
1879
995
3145
2206
531
3819
2405
4321
4541
4951
4762
4045
2147
4499
460
820
4101
2561
3585
2294
1979
4982
4864
3229
4836
4399
4080
3608
638
2787
3934
876
1398
4205
3322
973
1396
2900
2193
3011
4502
763
691
497
3067
4616
2210
4404
4526
3901
663
1444
1896
1881
3812
4927
4859
2575
2845
1237
1227
2701
2533
2903
4000
4517
3169
3004
3800
3680
3773
1316
1414
3304
1762
4569
3021
1294
746
2467
2930
1628
3829
130
708
3078
744
1009
3386
3405
4317
4716
4608
1926
889
4818
4461
3072
1992
3169
514
1080
2050
1582
4323
428
598
1654
854
2920
2700
3961
1378
3119
4523
9
176
3083
2965
3394
1575
931
4837
1007
4166
3941
2718
411
2221
1338
1660
1407
4955
2693
3895
3835
4763
4529
4433
4021
2326
4359
437
4079
3327
2293
4959
143
1083
2460
2020
2653
1201
3555
467
4469
4485
664
2771
4072
4744
1589
3808
3145
544
2402
1655
4824
1761
4757
3200
1942
219
2911
1756
3828
2663
688
1492
2731
2302
1426
4100
3723
820
2978
3780
3496
3431
1848
4822
2378
3763
2972
4680
710
1051
1838
1037
885
4303
180
283
613
3077
3944
1150
4553
3487
2418
3349
1346
3130
3481
1494
1516
2380
3697
2105
1417
1048
2964
999
4987
3456
2089
2503
2502
1389
2875
4766
1058
4678
4886
1591
1845
1356
3299
4147
2940
535
3860
2000
459
3502
2902
4613
2079
1134
4679
3532
1971
1605
2141
4519
2044
1063
4380
2516
4525
1426
1656
687
4573
2369
1005
2850
3189
3469
4237
3328
3887
929
1586
2392
4368
1637
4427
2273
313
4418
3597
4048
4302
4285
550
4132
2043
2645
2083
145
2511
3534
1470
339
2866
2904
2850
2421
1656
414
931
3522
4816
76
930
4346
1109
4538
3284
4061
3588
990
3718
609
3821
2166
3211
344
456
4870
250
2872
1707
384
4567
195
2851
2011
2256
1461
1127
3900
3520
19
1436
1565
675
1543
4709
1936
1504
2936
4894
3242
3894
1902
3455
888
2831
2422
1169
4936
1155
4095
631
162
2448
650
3044
2816
518
1147
753
649
4009
882
4494
2361
611
4459
3813
4290
1948
4869
1780
3567
691
2562
3260
895
4290
3821
3033
222
3762
1521
1088
2044
868
2538
859
3684
2161
2258
3650
3596
1746
183
3260
4707
4660
2313
741
1975
4976
1543
3202
536
2762
1738
2089
2936
2487
3989
1019
4841
2616
3831
2078
3050
4361
3409
5000
4301
4522
1046
652
4628
3510
2737
4436
3916
3219
1848
3640
3396
3231
1146
297
1610
4400
4945
1037
2742
4669
3404
166
2951
2493
3026
3135
106
624
136
4727
1476
3303
3575
2451
1527
2175
78
1630
240
3758
4178
4048
3263
33
4814
4817
4424
4642
402
2669
585
2259
2128
2574
3848
222
3616
3731
567
2296
4352
2484
1177
2608
115
816
2105
4087
2877
4472
749
2322
2170
238
3888
3363
4209
4119
4824
3303
3403
3485
4477
1877
4001
2501
3993
4951
2041
4770
3987
2599
2114
1216
4755
3629
1220
989
1608
1968
3190
1499
451
1549
3553
3929
4081
2570
2880
4618
3012
4977
1058
4503
1193
3845
2203
2233
4896
1731
4278
3798
3578
3204
2325
4677
4421
1604
2191
4508
3069
4316
2395
2082
4684
4427
1113
3127
133
4373
1096
2587
402
730
1114
745
53
3864
829
414
829
900
2579
4613
3559
4846
2539
4443
3571
4058
3329
3869
2304
103
2985
693
4307
3093
303
4969
2954
2871
436
2529
1516
2166
148
987
99
4321
1924
2134
488
1613
3271
2500
3862
2842
1373
4426
1642
3962
800
19
1762
4058
3008
130
4521
4869
2554
4696
1880
4388
3970
3804
3399
3899
3164
4123
2009
4055
1211
941
983
2633
2607
2709
2536
355
1447
2709
2982
2164
3916
494
4154
3223
773
4032
336
146
2103
2516
4452
1534
4685
3106
1187
1062
4852
618
4185
3773
3064
4987
4467
3125
3941
2532
4924
4680
574
4331
1322
2890
3233
3649
910
985
2418
2782
4134
4072
1485
1536
1785
247
289
1181
2367
3491
50
4850
203
993
347
4219
1568
818
1968
3011
1927
870
3811
4518
2494
2435
4479
1316
2584
3396
3146
1087
3890
279
260
1216
2701
3604
1917
56
3444
2000
3090
1523
4437
1376
723
539
3259
4502
2132
3435
440
4903
1376
2351
2447
1637
4827
3112
4931
817
2872
2757
4043
4541
4175
1362
4470
1885
1573
677
1861
4359
3607
2264
165
924
250
302
1126
2661
2675
2173
3026
927
4936
121
2359
2709
1350
526
4031
3018
4863
3207
4847
1768
180
656
4326
210
1632
1907
835
687
52
3190
3631
1688
1654
894
182
4630
1013
737
4876
2413
2198
2289
291
3406
2600
1245
277
3554
2195
646
1733
887
2662
3073
3980
4859
2199
313
1713
3795
4608
2935
1748
3369
3385
1050
4619
1684
872
2664
4037
4355
1788
4672
4496
1693
536
1044
4463
2338
1229
331
2237
2090
3658
2237
1791
1773
3045
1903
2638
1242
982
2947
879
2182
1521
2302
4195
1232
423
1526
4289
1191
4010
897
3410
4239
358
3611
1031
415
362
4761
4409
3478
644
3682
1574
3267
4417
4979
918
4933
2914
3925
2963
1021
3072
3830
1330
1477
2109
241
3275
2821
1227
3773
554
3518
3229
3323
1996
3390
4801
3463
4377
4523
511
4501
4444
1399
1845
343
3502
2769
1698
3412
4174
944
2651
1572
2433
4572
3887
4703
2702
4451
1093
3055
3073
124
1694
534
1179
1799
1715
3814
1374
2932
85
1873
3556
2788
3736
4891
2208
2758
127
4860
692
3288
4542
4914
868
1091
3565
4473
3023
2208
618
4459
1120
2278
3487
4702
3473
4184
4976
2434
2343
600
4647
219
1160
4283
4181
1073
4758
3345
2779
585
3537
1041
4489
46
3861
1586
4783
2434
19
1711
239
467
4581
4735
2941
1631
67
3227
3293
458
3590
916
2482
4559
1769
1214
684
3205
928
3769
4122
3945
3949
4321
4950
4290
2558
211
310
127
4469
3483
3313
1045
1671
2762
2288
3357
4971
2655
3521
3778
4517
2625
2095
1846
4496
1359
2621
1025
1704
4444
3669
2148
2114
2960
162
1371
2891
2401
3211
3643
4463
4262
4278
4092
2773
1473
4736
3004
4674
138
2189
125
2040
1393
2443
946
3965
1887
1509
2564
1913
3529
2987
3599
1558
58
1684
2948
2503
3184
4413
4467
3846
117
2134
3799
2172
2279
4359
4336
2373
685
4705
4423
3173
4516
1402
559
1494
3085
898
3848
4754
895
567
24
2775
4789
1501
3789
4493
2391
1026
4574
3579
1469
4490
1233
4038
4677
1654
3635
2637
1982
4533
2826
3663
4286
1636
4746
3102
885
2824
4271
4558
153
328
4622
4752
3357
1239
2593
2762
2456
4293
2096
123
4752
593
3536
3806
2298
667
4243
1892
2428
1603
3427
365
1768
4599
1589
3225
2690
2914
1666
3359
4561
4269
4436
4884
1238
438
428
2733
1649
1924
2030
1819
2271
750
2231
1184
4404
4779
554
4472
2371
974
2729
2235
4666
3255
2627
4780
3
4365
1042
3188
462
585
2922
4889
2974
2124
1425
470
164
1096
3862
2438
1085
259
2346
2573
2760
805
4873
4851
425
2616
495
3901
4311
3544
1717
2905
3875
3012
3336
3516
7
4093
3000
2747
4903
1385
2864
846
4890
1429
2994
3765
3574
2493
2652
693
3806
3261
1568
4735
829
4596
4397
4367
1020
3067
1801
2210
1476
2238
2315
2408
1428
3995
2693
3043
4029
2541
1887
1324
77
3925
3863
3244
602
242
4440
4749
3651
4995
373
4513
3501
1839
1171
4676
3409
3332
3945
1155
3209
1059
3939
4492
2655
869
1049
1886
2438
3190
4170
4628
2195
367
641
3422
4399
299
1994
4669
493
4341
525
2126
2289
1006
2915
3680
2635
1053
447
4417
161
4663
1268
3617
3371
391
3908
3039
2320
3897
872
1809
1044
4928
4516
1430
4278
4278
3287
3606
4353
1436
187
2827
1377
4072
2577
1450
3122
1489
4416
182
2138
1160
1628
3839
3082
1838
1025
638
2400
3970
1849
103
3589
1177
1682
1431
3011
1973
4110
53
3017
673
1365
3184
4729
2071
4498
3038
4794
4757
3311
3169
2782
1769
4134
2188
3953
1833
3766
2304
838
2304
3379
2363
1569
2160
4596
3980
1057
491
4488
2023
549
143
1413
3368
1355
2953
535
3792
4335
3742
3988
1895
2987
4933
2155
2145
2415
1482
208
1625
2510
705
380
644
178
4653
713
4063
2145
4909
1310
2031
2797
122
2682
30
1855
1287
1976
232
1922
4541
1908
2833
3508
2016
1658
375
3434
4002
196
4346
4688
3170
3453
922
149
2086
640
4457
4173
1782
2854
3631
2581
2516
4586
1817
4063
1810
4566
3581
105
3195
3649
3618
4862
1525
1308
2184
4181
4319
3913
2788
1066
2832
3192
1445
2770
3451
4145
1505
2490
2878
326
3807
2027
3313
688
4887
3969
2786
60
4408
2522
4903
2719
3699
3541
502
311
339
1541
4063
951
3808
3634
2278
3978
4684
1716
1357
310
1721
4055
3390
165
3490
4230
0
1429
48
4688
172
2304
4175
3602
1708
199
2294
1964
1444
3311
4162
222
4909
2329
1292
992
837
3637
4549
2698
730
2044
4176
3479
2186
4976
4942
1169
400
4257
1333
1041
453
981
3125
4756
2547
4976
744
6
3562
2605
402
507
164
4685
4903
2264
3087
1133
3260
2596
4661
1854
4504
4941
53
1817
4660
3728
3045
1883
1888
1802
151
635
4652
4974
3037
1579
3175
1478
3319
3022
967
2393
1563
4764
290
3258
497
2747
2019
2899
1742
1260
2490
4174
954
3231
4371
4332
3924
4653
3175
386
3201
788
2339
3795
2776
309
995
3707
1295
1465
4805
651
702
1600
865
4005
1554
1430
3662
24
3583
4605
4078
2725
3247
972
2562
1709
946
2048
4312
4228
4732
575
2335
1839
1146
3544
3231
3919
1281
4693
2543
1839
3065
4567
3685
2544
2906
2810
4925
1295
2939
3614
3781
4195
3344
3113
3575
4444
4711
3568
1103
3925
4583
92
2824
3354
3547
531
2546
3927
487
1900
1066
1275
154
4684
1496
782
4069
4065
3351
2652
2620
4040
4254
2672
2321
3884
3245
3318
1770
1399
2328
1180
3033
3863
3532
3229
3277
1820
2112
3674
1557
2608
4020
1560
3329
2159
3939
191
4712
459
3265
4570
4155
2608
1201
3652
3928
4674
1174
4486
2667
2663
593
2192
907
4038
3892
4020
1857
3907
3398
2266
1073
2307
330
3188
3679
4947
1724
1904
2119
3785
2569
2438
3998
2171
1243
1849
344
3057
1941
2487
4953
1308
65
4064
4111
3680
4224
2142
4856
2901
1459
784
4877
1877
1196
2348
2973
1447
2401
2095
4897
4292
4122
750
3229
3590
4678
3216
972
1420
2825
1603
3422
2963
3279
4290
111
4698
4760
97
1854
746
4647
3463
3720
1869
4243
4165
2958
4409
1821
3734
934
3027
4780
1421
3302
4749
346
1276
3376
153
3212
1059
45
1028
1290
1370
1021
980
1606
3874
4597
2
2074
3894
3803
2041
758
4906
3382
3830
3171
2648
3931
3456
3034
2970
2829
1966
4927
3862
3477
4715
1479
672
280
978
3544
2831
2799
332
2224
691
2030
1693
1836
4186
968
1864
3980
2921
3890
4293
283
441
2721
327
3276
2679
2808
252
1415
231
4045
3047
1860
53
2678
2806
3033
600
4887
1464
4238
3985
4129
1314
2628
2377
4688
3552
2481
2209
1144
4314
2667
806
3838
547
3840
301
2277
1978
2801
1262
1135
1815
3784
2563
4110
4530
3272
526
3226
593
376
1309
435
2799
3883
1541
3833
1456
390
4068
222
1857
1083
4838
801
947
4089
616
3271
400
1100
4048
1847
3745
573
2747
376
4441
824
4823
2851
3593
4011
4814
1865
317
233
624
4750
579
3844
4031
4830
1324
1031
561
4453
1329
1383
2607
3615
1027
1454
3908
4093
2049
3369
1339
514
3951
4977
1786
745
307
1312
4730
409
2819
373
4805
2161
2007
2446
2182
4077
4125
1977
4837
2178
2738
3877
3326
3520
4298
3531
1566
4562
823
3015
3123
3279
121
2306
457
4370
3261
1729
1100
1619
1460
4170
544
1175
4621
4125
594
3153
482
4848
94
4709
3289
2158
2489
4206
3210
2797
2470
2946
2296
3322
4337
461
916
3168
2702
2812
2525
2809
4477
4095
216
367
2250
2445
293
1423
2836
876
2305
2196
3131
1805
1417
3805
248
4631
4294
3170
2347
4495
2545
4729
1038
2255
4378
3516
4222
4728
3760
3830
4728
2132
4535
4771
4235
976
2574
4065
2972
4779
1800
3232
2961
1448
600
268
1698
2380
3137
1032
4822
3071
1007
3039
4927
2013
1776
4643
122
3741
365
3032
2026
4260
4255
399
2214
263
3054
3498
1421
2131
2558
276
3865
3039
1374
2286
1223
2790
33
777
1371
4399
2224
3280
391
2027
799
1856
3159
2617
1014
3630
2190
4611
3141
3824
3857
4925
1531
4258
416
742
1911
4223
1838
2565
1830
4516
1023
1248
1582
1659
2946
3183
3525
1793
1296
1307
13
2607
1641
484
3226
285
619
3041
2042
2403
1488
1751
32
555
4126
1927
3833
522
3347
2184
171
983
2516
2752
4982
2818
3251
3050
239
3666
1421
2719
324
3712
623
1403
824
1359
3187
1124
3474
140
3945
4015
589
2826
2141
3095
1165
3369
1870
816
3148
3994
1392
4686
102
4607
2888
4528
3832
1513
2219
3012
824
1224
4367
1648
1620
3286
4967
2742
2703
2536
4295
2704
2335
4311
3480
2312
2406
2659
4096
1646
3518
4525
4114
2416
3517
1801
4011
3682
1330
4593
2794
4779
3859
3603
3738
2259
4236
256
2609
4000
1761
2485
651
3110
1472
973
4666
4928
748
3123
559
2131
2586
4093
429
194
976
133
808
2107
2497
2464
2286
1724
1302
1278
3224
1504
2627
1857
3752
3670
3207
3073
3315
168
4795
2881
1890
1169
4462
216
4485
4784
55
3971
4578
863
2905
3375
3176
3976
580
3
2034
3726
1913
4368
4112
613
4783
4901
1547
1844
2649
123
2506
3638
2028
445
2228
3080
4549
3574
4859
1661
1578
3002
4379
4096
3177
4828
3844
1928
2366
3760
3125
1762
2806
4756
2032
2774
162
2095
4120
2345
4210
3638
4464
3871
4976
4378
986
889
4732
3811
2084
1859
1943
4971
1906
3215
2745
4115
85
1976
2563
3575
3739
2376
4807
603
81
1602
2414
4933
3990
3562
2053
3294
2283
3065
4591
4887
2403
2496
666
3950
266
2177
3521
1581
2586
4017
1769
4234
4462
3371
1261
988
1404
1740
4789
3751
1427
4280
4087
3719
2993
3286
707
106
3656
4193
3482
4145
4584
4734
4586
1385
3805
1431
4763
450
823
1089
564
3632
2639
3560
681
1929
1858
409
3973
4049
4805
2721
3891
3478
2378
3978
4183
2737
1490
4029
150
2046
3349
1913
4188
724
414
2287
2682
2392
277
2339
2289
3096
4733
1418
3915
4510
1808
3240
4409
4798
3646
1930
284
219
2203
1948
3085
4748
639
3845
2030
2698
4581
764
3713
2458
142
4460
4374
4654
1168
238
3014
1791
2929
1653
1981
2714
3460
2275
287
3083
385
3999
288
3131
352
3779
4635
4651
240
1565
944
3736
4034
2230
2773
2629
2992
3896
3738
2639
274
1524
3454
461
4820
4817
2356
2645
129
397
4394
1158
2637
110
4469
2285
4576
1414
1461
4368
3719
4975
3327
3550
859
2453
767
2736
3704
4692
2966
4931
35
1506
4835
4347
3980
1853
3750
4104
119
2292
875
4976
4881
729
92
1502
4110
3051
2770
64
1897
1264
2923
762
4138
2442
4130
4385
3444
1374
3234
1395
1021
48
1769
2045
4834
2805
3337
4337
2685
3679
1666
2801
1574
1141
2558
3653
2102
3224
2082
2552
2844
1155
1284
1258
1977
64
1296
3236
2413
1489
4991
3750
4568
3733
962
4034
1497
2522
2147
4960
1199
4507
393
2078
1859
4628
4654
3300
1244
515
340
748
2344
1238
1672
1872
4928
1210
4911
452
546
155
4636
595
2704
540
796
3451
3590
4301
4181
2493
220
2610
2730
3768
2527
753
4111
1888
3107
614
916
1391
4499
3817
4816
1325
1278
2909
3740
3390
4574
4718
1546
2018
4946
956
1191
4084
1715
4146
3490
3653
3706
2309
4158
349
3451
1841
2694
630
956
1557
4973
2913
2870
1033
2211
1458
4467
191
2385
1908
779
2002
1203
1370
1721
2794
2400
3457
1365
141
2366
2471
1746
1820
3184
2856
422
1480
229
1573
3172
1897
1862
458
3831
3350
2595
2372
1290
560
2331
2794
3859
2682
1195
4422
3922
4480
3133
453
866
1402
2457
3179
1320
4094
4956
2316
606
4071
1114
2932
2840
3792
2611
3405
3414
2294
344
4209
2233
2800
41
4276
3720
67
2344
815
2759
2692
1638
3695
1423
1489
1265
284
463
2278
1447
1832
3086
3393
2803
2123
4283
3482
1129
3541
1267
2860
2419
903
4382
3669
1539
901
404
3845
4476
2107
3354
1203
764
3669
3041
1091
578
3547
3667
4480
4966
2846
869
3525
4866
3666
4448
4805
611
307
4885
2230
1292
4917
4137
4146
2061
4152
949
704
3047
2367
1116
4865
3244
2972
4118
1830
1530
1377
1298
1434
4910
1999
2931
2473
4113
2154
3112
1411
954
64
415
2395
2844
4139
3019
1281
2708
4765
260
812
1507
4401
2264
4700
585
2239
4103
2516
2749
4625
1796
947
4239
2548
2360
757
330
1067
1815
2484
391
4412
2437
4968
1475
1633
2617
1708
695
201
4776
2396
871
2469
1367
1871
1391
278
2359
4857
4181
1710
3615
4956
530
2886
813
4994
1423
4747
2765
3716
4934
2234
1035
3310
600
2145
2800
2583
2639
2353
4246
1572
2288
1769
2647
4608
4866
3784
900
4532
1237
4410
3530
4043
4747
815
3834
1419
192
3934
3172
2678
2171
1647
782
3429
2947
2121
304
2606
711
3343
2199
469
3990
357
1153
4661
758
3908
4944
1317
813
676
911
467
1929
4725
4597
1781
3984
677
1443
1838
3997
322
2568
839
248
1571
4531
3710
1818
2820
2656
2805
1181
468
4167
80
3801
2637
2411
1469
278
2521
691
1395
2816
2843
2034
2060
739
953
1053
4944
3750
3841
3042
446
4871
917
2041
445
2659
3461
4105
3784
1056
1181
3759
3183
390
3295
3898
1742
1221
3906
82
4804
518
4150
355
1992
382
1492
2627
2678
1834
2315
1132
1043
4630
1492
2048
4291
4640
4091
3376
4213
4547
2408
1410
919
1380
384
4971
236
4719
1166
383
76
771
3895
1174
3303
1934
198
3277
2403
4290
3283
4195
1915
44
1781
4078
1534
4128
1991
2098
583
1839
1178
1684
4605
2791
2260
4457
997
1091
3813
3431
1956
4939
3617
2814
4763
321
3689
3149
974
4000
1057
3315
3214
3582
2682
4059
4569
4472
1637
1829
3510
3350
2530
4160
254
1253
163
3971
4996
531
4950
3583
3862
4489
2734
1406
2639
4257
4084
604
3549
4119
4836
2815
3089
1051
1284
29
2354
1045
4596
2451
1422
292
1296
1547
3524
2729
3724
3274
2613
796
4283
4292
773
3256
3720
1752
2340
972
4921
4494
2963
3159
3919
3060
37
4095
3197
2763
4456
4875
60
3225
534
4907
990
817
3628
452
2247
4040
999
4194
1956
696
4388
4328
1974
3942
3938
4146
1000
2365
3495
1137
1639
3770
3838
254
996
3753
675
3078
2334
3534
4222
2042
681
4399
2389
268
1010
4098
1687
4281
2166
912
4473
3670
651
2793
619
105
2657
1186
2079
2884
2229
1469
2598
4919
434
1713
867
3215
2659
4526
1275
3078
3088
2598
4411
214
3961
1531
3706
4127
1413
585
2107
1366
1380
2759
423
2491
4839
3186
3721
2214
514
3005
3254
3661
2688
1100
2287
2402
2978
1260
4004
4469
3591
4223
4456
4619
4585
1569
1877
4976
2781
4147
2405
3367
745
1041
607
3039
2143
4785
3479
1991
2233
3143
2524
2827
4599
4159
1483
2632
852
1596
1742
779
2268
1047
505
720
3728
2843
3649
4664
3589
2414
2616
3432
4418
2029
2972
1726
4916
3557
680
1285
2809
1275
1662
1638
2758
2534
4390
206
432
1810
1765
2333
2493
1219
2267
102
1561
374
3546
1203
1142
4361
2234
2990
3983
2197
961
2990
3629
2749
4372
2472
1292
849
1302
4537
3988
2732
3152
3209
1343
284
823
4220
3541
4988
597
384
1692
3597
900
219
3715
4166
4707
2184
377
2974
2528
1098
1212
4371
2198
3941
221
3720
4789
4959
1232
1560
1044
4474
4862
3485
4056
3996
3585
4707
2951
3782
2420
3117
2168
1718
1920
230
4282
1239
3283
328
4875
1673
1242
2869
4054
3684
4001
2645
2843
3095
940
1117
1804
4576
2857
1490
1131
3645
2111
497
4670
4763
3016
554
1245
698
1264
2843
2097
3827
701
375
36
3844
2845
2981
4912
168
725
3570
1812
1056
217
3687
4238
2374
1882
3090
4960
4396
685
1624
3398
66
2480
360
4719
196
2908
2354
3166
2641
1493
2784
2829
1488
3325
4367
4920
2085
2526
590
1260
861
2191
2151
2813
2640
4121
1490
1259
3070
2696
1723
106
3508
1243
2022
3596
951
4882
1583
4385
3489
165
1656
4341
3235
1052
71
2206
1536
2492
3132
3050
4531
2911
2371
4649
2176
3978
3676
1928
3800
2363
2657
2709
1125
1564
3464
863
350
2009
2987
4669
2746
688
1906
2019
2557
3325
4004
2983
3258
1565
240
4877
1089
677
4723
251
3839
3861
2276
3557
993
4155
2786
2877
4647
1309
4735
3506
1997
4975
4879
2931
3897
33
1117
2788
4861
204
2292
1777
2493
976
4087
4234
4722
4491
237
1673
4701
2546
1949
4958
1844
3364
1913
210
2610
102
1028
2019
3137
3297
4782
3123
2398
107
3256
1784
4013
588
2259
2591
4150
1230
4029
4851
2776
1663
4228
2377
1268
1804
2178
43
797
3098
3661
4601
4481
308
3300
1932
2805
675
4822
2135
1541
4444
3418
262
4479
1303
2369
3552
1284
4379
1406
2689
3407
4103
2258
2890
630
3001
4750
2351
2700
3005
2353
3331
2484
1252
620
4858
4230
1184
110
1104
3641
2500
710
2179
1273
3650
428
4382
3023
2593
5000
1141
848
834
309
149
190
4583
4519
2692
2659
380
3864
2544
2062
383
3575
3440
223
2506
828
1566
1033
1662
2259
1193
2398
1668
2922
596
2339
3418
2687
3836
1461
1622
3642
4569
1678
3596
1495
1887
1263
608
4814
757
500
4279
2855
1221
3250
693
189
1914
510
4099
2202
800
2988
4515
3604
4982
4583
2632
4795
589
1792
3414
926
4457
2790
2991
1695
3875
4012
2972
1886
4780
2724
3353
1158
4541
3543
1278
1892
2883
4144
4931
897
1598
1258
2913
1892
3929
2631
3288
4388
2027
467
3174
1451
4646
629
2803
1749
143
4751
1096
3844
2937
1146
258
1012
1012
1957
4680
2721
3847
1709
1456
1520
2649
2480
4115
2375
930
4324
698
4730
1517
4742
4966
3166
3600
3581
4903
625
1999
3093
918
1835
3668
444
3929
3846
2547
4693
3035
18
1584
1167
2085
4050
4205
2745
3480
4804
3551
416
4065
2186
2973
1602
1180
4103
3436
414
613
3440
1102
3487
648
3279
1359
108
314
4860
1269
819
4622
3560
2448
4246
3777
410
3980
3686
684
1850
2213
4717
634
1222
4954
546
582
3116
318
3398
3122
3884
800
1871
3507
3848
2207
3430
4632
4795
74
3824
4048
52
1703
189
2722
4356
1377
4915
3476
2178
3994
2579
3287
3117
4491
746
2098
1201
2161
3576
3393
2986
248
4757
3502
2468
2385
3234
4854
3152
154
1866
3073
514
4205
1921
1551
811
1604
3410
1059
3674
443
4160
549
1918
4811
4828
4838
4495
3460
3661
1926
471
1182
4580
4583
2117
4233
4984
1192
3848
1057
2167
409
3720
3552
667
4135
3176
4684
2076
814
4490
4949
1109
4480
174
2379
1122
4080
4476
3005
3786
252
1356
4261
1179
365
3341
2024
1572
2553
3955
1070
3387
2605
4499
4557
2720
4305
218
1558
4366
4077
1321
499
267
1933
3667
776
4640
1752
585
4198
2287
4897
2610
2312
4229
3887
1108
2260
4148
3416
3012
1405
627
4607
1313
1816
3394
4405
3790
1506
2132
4644
2084
3529
180
4181
3170
1639
1028
3881
4346
3780
4157
3069
531
239
187
2030
230
245
2045
3898
2646
321
1974
3739
1579
273
2416
2135
1343
776
3747
861
6
18
2144
4385
1915
4815
4171
4560
2416
3719
1265
2146
4913
4741
1229
421
3453
1172
2832
3965
4125
4068
425
661
3927
2986
2335
3297
3623
2368
2922
1152
1838
4686
3769
2168
4595
3491
4994
1257
4202
1877
4610
635
4756
877
2291
1562
1020
4914
3965
878
3436
2801
1766
364
3091
3918
500
3507
328
4949
4501
1112
3394
931
1232
732
3184
1899
1
14
3265
3662
3008
4506
4144
2609
4498
4964
492
4855
4871
1640
3983
4388
4351
1530
432
1784
1451
56
2566
3462
3739
2054
1485
4922
1995
4874
3268
4620
4109
2774
1842
1493
2136
4502
3488
3376
7
2499
1073
3972
1762
559
1534
2815
4696
4280
1842
1991
2084
289
1304
4993
896
4319
158
4545
331
1327
3410
3135
443
4628
2132
468
1299
4765
958
4981
1422
285
4074
4594
963
4425
228
4861
71
2648
749
863
437
3676
2804
4107
1176
1245
2356
1177
3366
3689
1130
2132
3430
4343
2917
115
1067
1602
3129
4019
1052
327
222
2313
4393
1351
2218
4375
3348
3024
1194
2945
265
3543
4689
672
3250
3674
2607
1228
3499
665
1155
1014
1886
2648
3187
612
2928
4498
1238
905
1522
4851
2205
222
2477
3330
588
2752
2227
408
1581
4455
3999
1848
3763
2929
4916
2329
637
48
3924
210
915
4958
4245
1199
3385
2920
4541
895
4235
336
381
1805
1241
1755
679
2446
667
721
2634
3726
60
1378
4252
3873
685
2821
1630
2841
25
4608
3407
689
2319
1399
2695
2029
4396
3073
1831
4677
235
2844
4384
2088
1508
58
2887
4537
1148
2174
4737
887
2757
3331
4894
4343
49
2996
2780
3347
1604
1933
379
2493
2346
3346
1268
296
736
3229
3853
3699
1764
590
2150
4850
4266
546
3445
3048
4159
622
1286
96
3545
2864
1829
1178
2331
3023
3280
4374
1418
150
4583
1058
3411
4067
3946
2554
2642
3717
2362
222
3051
1653
1414
1293
2576
1002
1665
4357
636
4352
2936
928
4683
4132
4108
3980
331
1100
4510
58
2809
537
3586
874
1313
3839
2922
2656
1943
3685
1775
4760
4199
2876
4308
3976
4526
4159
607
3112
4862
2731
1684
88
3134
2721
1995
2869
941
3793
1147
1356
2884
4922
1997
92
4850
2924
3155
4537
1224
1905
2335
1554
4656
2390
130
4225
3471
191
4581
1930
447
86
4985
4126
1620
1122
2631
656
820
2472
1567
4015
4405
655
420
989
443
1511
3590
1797
3069
165
4485
4758
2981
4209
2830
4191
1241
4096
3745
1222
3329
3414
4952
4396
297
1942
1426
3634
4238
3232
1087
2024
3590
4656
3202
691
3535
4573
727
1662
3575
3126
3536
2195
4948
2410
4186
4055
748
1110
4588
3102
1595
1848
2981
3311
4234
3278
3978
2513
3451
1351
1270
1401
926
3623
2339
1392
4049
2273
1095
773
2985
3242
3120
268
241
738
644
3932
482
2681
4874
4725
2769
933
321
1397
1099
1405
2881
4650
1752
1829
499
1894
359
3382
2003
680
3066
556
2676
938
4321
2410
1506
2317
3050
2821
1293
1940
2260
3900
4208
1753
1446
3653
3844
1255
1496
4324
285
2538
307
3074
3883
3167
3076
2399
2851
4302
3945
4982
1993
510
4861
2354
1201
1437
2207
819
3322
1383
4658
2744
1077
2199
4718
285
1143
1928
2679
2517
320
3318
1521
3159
498
2040
1950
670
4637
357
514
1063
2790
1343
612
1306
3527
3922
2791
892
4415
828
4916
2731
1998
4668
3715
3520
4806
318
1368
4746
3224
1812
101
4646
3094
3749
4778
2812
2537
1772
2704
2787
307
2600
2032
2872
3104
3699
981
2977
2132
1315
1256
2454
2686
2194
1988
3386
4940
3805
1544
3596
2559
2385
3656
614
4264
1876
2082
1992
1666
550
2070
3293
2517
1456
2779
414
3870
3468
4440
2431
280
2575
4381
3016
1817
1146
518
2807
2446
4689
1806
2568
2565
1259
541
1369
4554
2360
2413
2335
1267
3274
3165
4167
2397
2911
4962
2968
4634
3432
1041
4672
29
2543
3001
1295
1922
4520
2544
1679
1446
767
564
4638
1133
4470
2374
2399
2233
1830
3337
2091
1411
2431
4388
4940
1349
2520
2209
2378
4937
1684
4653
4972
4135
3895
1070
1554
4220
4175
3067
2517
3499
3630
344
3755
4362
3653
1386
1959
693
3659
2535
4030
2074
1118
422
1162
3154
3424
3008
3431
178
4068
3425
2314
3557
4429
2984
3887
155
3876
620
2203
770
2741
4408
961
3528
3885
1234
3593
3658
1616
4949
3085
4232
486
1327
4885
2923
1624
2623
1495
2382
1563
142
4145
4372
675
2400
241
1693
3247
2365
263
2008
2707
653
4991
1927
3446
3569
2529
331
66
3946
2225
2609
4726
2479
4155
1109
849
593
2846
1830
2456
212
1012
3341
2830
1489
1710
2368
2617
709
2330
1848
1839
2508
4341
304
367
576
390
1880
4987
4687
1143
1853
1043
1618
2280
775
2495
4397
4276
1784
3450
1510
2942
1407
3616
1765
3334
415
3900
2090
4081
593
1134
3507
2759
3648
3074
1913
4492
2363
1903
3305
4777
3612
1792
3850
2799
2002
3339
3902
3302
2019
3680
3834
3995
4986
4292
2111
1391
509
3374
1319
2486
3383
3192
3551
3128
4763
2292
2195
2713
3921
1485
1486
2569
4691
1371
1885
3644
1657
4023
2007
3221
3997
1589
2126
308
4153
4100
3420
2464
2034
4567
4460
656
345
547
1892
735
4223
809
1585
3890
1617
128
1978
3920
4342
273
4410
854
688
4185
1189
1742
4091
319
2899
3622
4153
119
1943
221
8
2420
2807
200
4148
328
1241
3069
3223
1516
2031
219
2012
3828
4788
1212
4465
3305
1208
2431
4026
1388
4689
429
1289
2370
311
4281
3236
763
4496
1845
3170
2092
4413
4393
1890
1778
2070
2643
1600
2595
2420
652
1792
3372
1353
3953
4040
84
458
89
2543
4416
1828
737
3626
3042
2435
844
3713
1338
2676
3647
3823
3534
4518
2535
4238
4531
1727
330
2627
274
220
1649
2456
3991
2561
2812
819
3670
3567
2745
3796
2806
2641
885
969
917
671
2191
1218
4898
4264
4526
4120
2091
1985
538
3589
4293
341
3432
1282
4690
3167
1408
418
149
2938
1733
1691
1338
3633
805
2018
3180
1409
4611
1668
915
3330
810
515
272
1523
1736
4156
2439
527
545
4681
2623
3772
2982
4417
2598
1465
783
3282
4491
92
3496
3353
4288
1970
4641
2946
1973
4556
3317
911
1912
1780
2048
4297
3400
4459
859
4349
3128
2630
4444
2780
1346
1988
608
1753
1430
1010
3156
2522
2912
2814
254
1871
4825
3556
4344
2707
4887
3705
3529
3497
544
3826
3330
71
3178
731
4608
1888
3809
35
2238
648
3117
18
2475
2275
2830
738
2321
3981
40
3319
115
1454
1148
1297
1151
771
636
3921
371
4231
4377
1823
1082
1799
4950
1366
1235
1090
2895
3521
322
1653
2296
101
1013
2296
4038
2119
3908
1016
1067
3620
2511
1227
3990
661
1355
1523
3201
3784
1499
1044
3942
2581
419
3088
2318
2588
307
25
4495
3603
769
4012
2444
2937
362
2998
3625
1248
1020
1692
3563
4027
1764
1175
3481
2022
1921
3691
2583
259
3840
1732
4611
487
3767
27
2272
476
2330
1707
786
2372
3573
3833
1658
632
684
1265
550
734
339
4874
443
4182
1001
4367
51
123
353
2414
3064
140
1255
3718
2935
4723
2440
1644
1545
861
996
4048
4862
1332
4972
3672
2274
4805
2032
4858
731
180
1156
856
4088
824
2122
1600
610
2656
1573
1366
1936
2029
1602
2589
1587
1697
4250
2662
1789
2170
2618
2953
4608
1919
26
2573
398
3904
310
4013
915
4376
2527
2890
4993
3544
52
1369
826
2883
87
3372
1539
3401
361
1411
556
992
3847
1900
938
4602
200
2485
1993
1187
2649
163
271
1056
4914
2962
374
220
399
3498
1412
4217
2896
3757
3913
3337
2094
943
4147
2587
325
2461
822
4702
2548
157
4161
2234
4217
398
1288
391
1011
2310
490
3551
3419
3658
3856
3713
4867
4684
4756
4237
3659
2864
2781
4389
54
1639
990
3917
2208
540
259
4028
3865
1269
1352
2919
2124
3839
1821
1356
415
828
4540
4756
3420
4611
3013
482
572
1648
206
500
4624
2511
3877
3058
1883
2377
2623
4943
2799
3738
2686
3932
3015
3669
2913
1034
2620
3090
138
2532
2496
2968
1771
3320
3467
2905
1586
2170
3347
61
1204
2852
3773
1943
2090
4992
1227
3985
587
1523
2198
4314
769
4407
2945
4196
779
3322
1165
2357
425
2201
3834
3421
392
407
3989
110
1916
2715
2918
893
490
2655
190
585
385
3618
564
2272
3844
4150
2029
4988
574
4027
4998
239
544
2807
1561
2017
3170
3993
4642
845
3074
3846
3437
312
3110
601
542
2194
4606
4001
1957
1273
3379
1546
303
1043
2543
513
4820
8
4583
3755
4888
1569
3725
3369
4728
3659
4317
2365
1237
1905
3745
3800
1871
629
2860
572
4795
1031
3650
1110
593
1308
2481
3042
3574
3431
110
3614
2583
4064
452
3798
4573
3480
3541
4905
1280
2028
647
4590
2157
3755
4436
4948
4106
210
3552
4914
1160
1252
1756
1318
4979
4326
974
3333
1684
2004
1578
521
1788
2980
525
2695
4914
2844
3145
3275
2070
1854
2356
3546
2067
3742
2272
2682
1108
1856
3778
1981
4621
738
3093
4219
3818
2453
1741
4986
3968
2236
1368
3968
3247
667
2760
1635
823
1431
863
3524
1523
1827
98
125
4815
1998
4931
4109
4686
3206
735
4166
3954
1366
2338
2198
1712
1760
4115
2851
2299
1923
3547
2074
4192
2799
2934
1149
389
2215
616
3836
3702
1092
3118
1083
878
4597
2385
3420
403
2829
1643
3806
4475
855
4751
468
3681
3889
2194
1857
3114
1330
3565
1153
3974
2395
559
4095
1596
1220
3264
489
1332
4207
4207
2745
1291
3374
4413
2302
2245
47
241
3911
1655
2922
2102
1657
3062
736
1309
2965
4495
3588
1893
2868
4591
4621
904
2200
3904
4658
1037
3539
4794
3405
1510
4757
3547
959
1313
4843
2672
2528
1058
2194
1440
1781
139
2914
2233
2675
1517
1448
2042
3615
4125
2256
793
3118
4941
836
4563
3291
79
1704
3213
3329
217
1446
3059
2665
4296
394
1263
1221
1994
169
1012
3201
2365
2584
142
2342
2438
4384
3652
1396
3466
1440
491
3026
4940
316
2648
2432
2909
654
444
4974
226
4653
2229
2787
4397
3000
4648
300
3260
1880
325
2614
3033
4259
1631
1930
3022
3851
301
3741
4832
1765
4553
1984
4697
4743
3958
4178
3829
3100
143
2596
3813
3989
2449
3980
75
2494
4011
4312
668
2177
4792
31
1856
2771
4661
3177
3379
3562
1214
4884
3539
866
1065
3961
481
2772
4322
3312
2338
4282
1826
2590
1827
3322
2933
2212
2701
1737
3517
3004
3089
3013
3217
3577
1498
2003
75
4774
4508
3153
2461
1052
1992
1321
3895
669
4991
4766
44
1395
4928
1869
4004
4166
4955
4292
4066
3193
3549
874
4722
1946
310
402
3811
766
233
2139
1108
4222
3217
4052
1143
1348
1084
3740
4781
3633
648
1307
2187
3813
4861
4109
322
3072
1767
4228
4160
2630
799
4101
704
4212
1552
101
1963
3502
4043
895
4943
2665
3438
3709
1142
404
143
3956
1888
2367
4279
525
261
1904
3475
696
3488
3011
34
2024
3690
1129
1316
30
1613
3551
4973
1236
4074
4953
4716
531
3963
3883
396
1721
3828
304
4824
602
3032
1715
2511
2744
1986
2911
3716
3975
1434
1101
773
216
511
2645
2549
2826
696
4350
2512
1989
2951
1759
3355
2178
4415
1623
1743
2022
687
3125
3936
4576
2381
1755
4039
938
4297
3488
3620
3286
3834
2334
4287
1555
2637
2827
3697
1651
110
3447
16
1636
3963
4353
2949
3566
3680
1802
3937
470
4373
1679
358
931
3351
379
557
2827
925
1422
278
2807
4803
4089
204
1326
341
4588
3482
3274
4495
4377
2628
659
2949
59
3862
1717
4712
3401
1565
3475
156
2583
4879
3422
3913
2240
2701
4304
2541
1018
4510
1403
4151
1883
3936
4027
461
1875
1504
2722
2525
2882
2511
3195
3517
4074
687
1280
3705
2339
792
4119
2409
2704
4966
4554
67
3116
483
16
4587
763
3504
445
3055
1536
3541
1343
498
611
2875
4877
1069
844
426
1167
1204
2450
2989
4301
2359
2136
3378
4408
2227
155
1122
824
2867
3883
3268
1753
3930
2347
3536
199
3204
4093
688
1928
1614
1519
1277
1151
1936
15
3494
1352
1720
1535
4687
3734
1790
1045
2898
133
4901
1041
4775
3207
2957
75
618
1387
4149
1026
438
1106
3842
2158
1794
1433
4310
4717
2634
1318
602
3153
1684
2485
2122
2897
1572
1420
1310
834
586
1684
56
1314
2628
1255
2502
3506
1651
3445
2538
4614
4269
3980
4303
936
4553
1835
2187
2276
2824
4841
1284
4412
3802
360
279
1091
2282
3522
497
2611
12
3480
15
3055
1946
1133
3411
4141
3000
1622
2592
2860
4081
2682
3768
4643
1743
3851
3647
3649
4197
2427
3453
4921
1598
704
467
1378
3298
655
1902
1808
2353
2287
3775
3980
3956
2409
344
2333
2222
909
3762
1422
1394
596
2142
2191
1277
114
2898
4262
4630
2427
1091
1655
2512
2615
4608
2109
437
13
1767
511
4342
3193
3355
4694
2921
3649
3731
1280
2888
3015
1407
3501
4202
4845
3482
4351
1719
2056
854
471
4407
1416
97
1950
4440
3935
4024
4625
3243
2118
4874
4521
3252
2294
484
3032
4201
887
2656
3440
711
3420
3704
1692
187
3369
1680
1388
3434
4736
641
2339
4532
3598
2115
1955
2734
2971
1493
1623
4349
3651
2856
3933
2005
2556
132
4665
1562
139
4512
3403
3756
1360
171
3387
4659
3191
790
4857
1507
1320
288
1361
3080
3586
2315
1473
49
2790
3121
2698
202
3850
4957
2207
4018
1390
1394
1711
3927
3555
4040
1044
2117
208
3611
3499
3052
822
270
169
2653
1215
4292
3630
90
3665
4168
3602
3930
1745
4792
1503
4940
3455
2095
2003
4370
1477
3347
4680
3230
3855
1704
2917
2290
764
1102
3541
2231
1806
2770
2701
3267
4580
281
3818
552
2142
4697
45
2968
468
4748
670
2645
599
2445
4750
4881
2304
19
393
2997
2659
2022
3468
2117
1411
3348
2644
4549
4602
721
2481
1513
1190
3698
2840
3198
3659
1873
224
1718
928
4703
1951
3916
3671
4217
1175
150
3051
1440
4672
3481
810
3476
2141
1156
4792
2970
2902
4205
3404
2300
909
752
3997
2845
3166
321
1669
2995
2169
4864
3428
2399
3675
1029
1194
2643
4224
4115
4199
4591
915
2563
4443
4667
3818
968
324
185
1117
3146
95
158
2396
4922
926
2632
1707
3139
3619
1820
283
606
1195
4328
562
1013
3035
2035
2495
1929
681
3762
347
894
1658
2407
802
1108
809
3475
3676
4509
562
516
340
4694
859
101
1262
2018
2676
3726
786
1053
988
1980
4879
4079
4519
3090
4559
3939
142
1687
525
4018
1604
3815
259
3310
2629
2253
1042
3803
4500
1528
2189
3192
3198
3303
1399
455
2712
2532
2419
1440
1593
2559
418
60
2537
406
4793
2518
919
2286
758
4226
3766
2362
2840
1391
2015
2698
781
4262
4943
699
1105
1839
1411
3617
4028
3740
1734
602
3591
1161
2317
406
90
3483
4088
2317
867
2331
1059
1191
4805
4437
1683
791
1903
1084
1016
911
4028
4689
2442
3233
4498
1188
2522
929
4900
3649
3652
3570
1597
4885
1047
3466
2003
3902
3401
255
3922
1756
2383
2682
4379
4895
1474
3197
1447
462
23
3982
4342
3822
353
323
4662
1606
4383
4329
190
3377
3186
4983
1433
874
1850
4143
2941
595
3140
2368
3464
4657
1717
1189
4017
3054
1685
2384
1760
2892
2190
1948
2222
4807
1728
873
4300
4480
1450
4482
3767
2101
2397
2762
551
1350
911
104
1922
3633
3541
2399
3619
3141
4070
100
4788
4637
2828
2028
2617
514
2348
1468
729
4539
2651
23
815
1391
3439
4688
1990
1054
4957
3404
3937
4261
1121
3628
4470
683
4155
3935
2000
1308
4730
4510
3992
999
3189
4548
2422
657
2033
2244
2073
2835
1802
3402
4667
438
288
1267
462
4833
4367
2145
1463
3112
3399
2948
3654
261
178
1939
2232
2286
32
791
2098
1576
2632
1033
2048
1640
4342
1273
3588
4059
2833
1703
1429
1420
2486
2458
3759
3296
4354
4369
2847
4916
412
1116
3719
1284
3904
1553
4237
3254
282
1565
1622
3377
707
44
4372
4172
3787
4389
459
4751
1483
3175
112
4517
2199
4941
977
4816
245
1608
4930
1866
4892
1504
3593
2310
622
2808
1492
4434
3409
1054
3544
1922
3974
2535
1752
4588
3490
3372
1901
744
2080
2361
2884
468
1677
3787
1247
3186
2169
3301
1685
4829
1577
135
2516
2742
4099
4371
2341
4069
4550
4928
3337
2115
17
521
175
892
2583
4646
2460
1795
23
3200
4502
2133
270
2072
2657
873
2341
610
4333
2266
2064
4133
1250
299
1136
647
136
154
2404
1438
2817
4853
289
163
4805
4860
3396
3014
1997
4544
3730
3370
3358
243
4816
2248
352
3055
556
4098
3319
2743
4003
2246
1344
4264
3209
4305
4302
3116
2332
4019
3544
1135
332
4570
4114
3692
2249
3401
4877
3886
2234
115
2783
2313
655
1376
52
4090
1249
1285
151
513
4314
1734
482
3519
3109
349
3130
1857
508
1538
4492
2492
4617
4490
4487
716
1649
1791
2293
2566
4676
1249
232
2450
566
3343
417
3751
249
2643
216
4467
2101
1175
1475
4891
2482
2128
2564
3949
4654
4176
2455
2790
2700
61
44
2456
4508
4225
917
3237
775
2633
4143
4117
388
1972
2197
2609
2969
3757
2596
2293
4988
884
2341
4221
1188
1530
3085
2896
3786
3211
982
3149
613
3439
4573
3630
3
2006
982
681
536
705
4530
4995
2032
4570
3250
4412
1690
1639
3727
448
221
4982
774
1376
3819
1257
347
448
694
2131
4064
2292
4746
4690
4274
1876
2819
3053
553
915
1267
534
1318
1891
4273
111
4664
4911
3501
3354
172
589
139
4720
1664
3216
2433
505
4479
3211
318
4155
2150
4360
801
2800
2741
3378
1715
572
2645
1699
890
2934
4915
4838
1584
768
2182
4401
1273
949
2190
4067
1973
4892
4584
4936
2223
1178
2187
1883
3777
2694
456
951
2342
953
1840
3414
365
4888
548
4305
2948
2227
2925
2035
1734
1146
3352
1429
3374
1713
4419
2571
4064
3311
4711
1867
4033
1013
2574
3063
4723
2304
1014
2365
2050
4761
1449
3292
1193
4391
4994
3002
2997
4693
2435
369
4998
3230
2769
2970
1366
2041
3230
4978
1072
1163
1013
3171
4177
2290
1296
2500
1158
780
33
1464
3157
210
4981
4110
1317
1271
1740
4851
2915
832
887
2061
2042
4998
4420
3186
193
611
2630
2890
2276
4930
3142
1461
4618
3833
1752
62
2054
866
4704
2329
3935
247
4819
3870
3212
4677
1243
1154
2433
1719
2972
926
3515
2509
716
2851
4997
2652
4657
3541
672
937
3876
4513
4985
2248
2553
1342
4421
2925
1029
3705
923
2211
1550
2499
4499
4945
2704
2715
3293
2976
2424
288
578
1041
3058
1984
2706
1283
2758
245
2836
1177
3023
4534
3645
1829
1115
2527
797
4232
227
1794
648
2810
2230
3156
592
2395
4115
309
3003
4298
4389
454
3922
1856
4167
209
2763
4075
2490
658
2673
4306
318
3429
4522
542
1654
2292
607
2622
4163
1846
3901
1956
3366
4851
2521
2429
532
4369
726
1202
3411
4568
1612
1293
4520
4713
2802
4605
256
210
3283
71
2223
1138
3187
2592
4817
1956
2652
302
2561
2356
2587
4618
209
247
1026
3944
832
4268
2272
1191
2801
2605
3099
2460
1175
3686
997
3634
2821
4839
3765
3672
2519
3189
3740
2872
4022
3331
4105
4692
4722
203
696
1241
2497
2581
2858
4077
4693
4019
450
1674
873
3510
441
4
1412
4926
77
1245
70
2503
4325
546
3218
903
1347
1495
1568
1438
3335
2990
1858
380
2815
2113
3541
1948
2818
485
2956
3256
3401
4710
4615
342
3838
4845
92
994
1726
4561
4772
3261
4978
3835
1355
555
3123
2651
4047
1045
4865
2923
4369
3297
938
3483
2844
1772
895
1767
1889
2202
3397
4339
657
3463
4029
490
2859
4090
2045
333
4639
1652
2619
1888
4703
4602
1870
1662
1511
2159
4688
3219
2183
1685
4645
1902
1425
3839
1517
4581
4297
241
672
912
3334
3077
1193
2813
1257
1786
4190
2860
1553
2771
4312
1827
3967
4883
1629
3178
123
4315
3525
2710
4882
3606
4170
1008
626
737
325
1331
1528
3263
3615
241
359
4679
1585
4530
4468
1810
4770
3145
3966
1583
2928
3150
2364
574
3925
940
1762
3902
2001
3182
4033
2142
3708
1429
4790
4114
1230
3902
2087
3143
3506
4909
1776
1552
3320
2721
2112
182
3530
3991
614
3048
2341
240
2880
3587
2962
4656
3403
925
3068
3719
2752
1192
1494
4895
4763
1418
3201
3632
1824
6
4482
1273
1223
4610
1707
4751
4077
2866
1695
2013
1694
4112
1035
3560
1775
3580
682
2306
1633
4578
2292
1779
4092
1352
4472
544
4570
2596
4749
44
726
940
55
4346
1403
2574
444
2244
3984
4297
1203
1483
727
640
518
519
3531
1108
523
3279
4402
1029
1449
674
4252
2417
4111
4194
4905
621
1954
3837
312
3442
4626
1324
4162
2260
10
3784
4274
1319
924
4514
2122
1477
1008
161
24
4152
348
2065
2866
2755
2403
1938
4307
1536
3755
2305
3089
2000
559
1375
126
3980
826
1994
3524
197
3476
1964
2200
4739
2897
3801
4272
1277
822
1977
599
3902
4025
713
4658
4378
2069
4823
2471
3802
2434
31
3274
3781
4701
3439
3841
285
218
2370
4839
178
4563
2189
1566
562
3053
1115
1070
1320
3119
4513
4026
680
2417
4624
1457
284
1404
110
3249
3208
1738
1549
2356
653
1413
2483
2923
1578
294
1318
2370
421
4030
1351
2978
2639
2055
2736
1283
3700
4035
175
4902
1775
4150
98
4049
4242
57
4361
1291
2280
2283
1600
90
3406
4194
3199
2646
4842
2881
4000
3004
2108
2157
3601
3839
3913
3361
281
4349
2601
4067
2450
291
568
1328
4700
686
1597
4091
1231
2029
3166
3172
3840
3599
4277
1954
3710
994
2798
2811
3218
2161
157
374
1852
4131
814
3660
4764
1359
4945
2104
2673
1211
4999
1982
734
2194
4169
2099
368
3536
4465
787
397
3292
1938
280
1909
3240
3824
363
4103
165
3181
1258
2435
4605
128
4509
4838
427
2025
4873
1046
959
4199
4772
1081
2886
4759
4003
2564
4794
2886
85
4653
1992
4726
1196
3053
3161
4434
4799
1600
708
4642
3157
3080
2974
245
308
4082
2075
4668
1831
1805
2956
1173
32
188
3402
4640
2890
1466
3375
1097
3845
226
2469
425
1866
2816
2392
298
3868
3540
3513
170
2657
314
1368
4637
4980
2440
2484
591
4418
1093
3874
1141
3139
1816
780
1171
3037
4550
3974
2765
1864
4070
3223
4387
3480
3210
151
2780
4715
4118
1865
4363
2243
4086
4688
829
2538
4960
641
2070
2317
2910
3147
3047
1550
3231
550
2326
1866
1216
1257
2143
598
2209
1880
2717
4132
4903
1265
3609
2397
2773
2047
4579
930
2051
996
854
4536
3135
87
240
1420
739
1865
4471
3982
3558
3749
1066
636
4942
4773
1877
1596
379
1072
3127
3610
4659
3692
3477
2096
1472
2125
265
1129
2968
2462
4724
3603
4316
1696
2991
29
3489
3737
178
361
824
4119
3128
2255
629
1725
1778
2340
1173
3635
4013
3226
2442
4884
940
559
2253
1228
4472
416
3017
791
124
481
1223
4178
3979
4590
4783
1087
3526
1116
1598
4462
1994
2262
434
126
1169
1420
529
4061
1224
1027
3924
567
1215
4694
1814
585
2580
475
934
4911
4393
4786
292
606
4822
31
3244
915
2261
4769
3813
2361
537
1601
1189
555
771
4215
272
4186
2937
312
2815
2492
2623
974
2854
4648
3280
4472
737
2750
1665
3096
3201
1390
4115
1421
3820
3361
3770
2119
4709
4449
4119
4062
4998
195
3827
2679
3487
1259
2611
1350
954
1679
498
1922
2287
1806
390
2657
692
4061
2648
3128
1086
4420
1281
4734
1546
4152
2975
4710
2783
1085
518
810
3581
4570
4568
4366
4089
755
4363
1585
1692
4128
2793
860
2801
3786
87
4680
4781
1504
2549
2802
3228
4144
3780
3519
4145
12
4538
4171
2117
4070
500
1235
3332
2879
3864
3589
2204
4361
2861
2286
1557
1407
534
642
2349
1180
4838
3849
2525
264
2366
1098
59
2016
1029
4651
704
4011
585
1298
1099
2753
3729
4429
4979
4677
3762
2603
397
1112
3978
693
2277
4152
3636
4085
620
1648
3328
2519
849
1500
2881
2952
4682
4797
235
2285
916
4351
849
1756
1421
1026
2119
628
209
3743
1766
76
2573
580
1418
3769
4902
3498
3963
1321
2712
776
4659
2539
2556
4242
226
4102
1300
4206
2528
1727
3585
2374
2881
1655
4756
3759
3462
3332
3822
537
2892
499
1363
2156
2291
1206
1981
4722
1626
1390
4082
3660
3873
1730
1025
2423
2760
4871
570
1370
3297
4127
428
4876
2482
3699
101
3339
4365
333
4483
3774
3742
4289
2643
2386
3610
87
1647
1393
3672
4483
1573
1933
3788
4242
3385
492
163
2601
3712
2683
3176
222
4455
4920
854
2619
1578
3784
1527
4151
3876
4596
1581
675
4124
4524
3383
2191
4573
4821
2945
3652
1489
87
1514
202
2416
1998
2079
3647
5
2022
4536
1295
3503
486
989
3606
980
4741
2083
1441
1457
4629
4483
1884
2129
706
1230
3394
3165
470
2250
2364
2663
1208
1582
3924
1363
3292
84
222
334
2977
1060
1492
4223
2130
2904
4162
730
4511
2140
3189
1764
1177
1502
2173
2334
1467
2518
355
3945
1485
2145
1026
3640
3898
1867
2862
1156
1275
3016
2870
2400
1349
2889
3542
2843
2613
2600
2093
1213
3993
1346
3029
2620
3311
2852
1755
4531
2996
4098
3423
344
4354
810
137
4825
3403
4846
2517
4814
2889
2857
1542
4411
4916
1562
3896
2776
4554
1573
3840
2701
2819
3181
4976
3703
801
4905
2076
3437
2324
898
4841
3925
553
2042
4853
4481
2998
4854
4772
1212
3480
2171
1639
2361
4316
515
2677
361
1062
4726
1769
3620
97
2699
1367
2233
4629
551
3012
3635
1091
2220
966
863
2357
4969
3583
293
2913
3585
4950
2401
3068
4484
4612
2909
4376
2811
1266
1111
4903
510
1784
958
1415
128
3536
4464
1671
4007
1684
1059
3612
3480
530
2050
3976
3458
3551
732
22
292
2259
1830
4105
4245
2471
2123
2250
2808
260
4624
4818
4457
3679
784
3222
1587
1035
3574
2714
439
4385
2884
4987
2240
3428
294
1538
3707
1474
1659
325
1887
2759
1360
4803
703
3022
4061
3194
4189
3885
1831
1804
3260
2535
4278
570
1160
3335
1548
2714
1303
1635
2684
3664
2614
3765
3652
4263
2042
834
4086
2543
1978
940
2271
1345
1653
1301
2634
4838
3353
636
4832
218
2402
4924
150
3723
2165
2973
1355
4960
2429
2929
4590
877
997
1725
3811
2542
3985
1021
320
1721
354
3127
4485
3448
60
1854
2231
3875
487
4476
402
2389
2966
1163
2078
67
2543
745
2872
634
2451
2577
1253
3939
4492
3234
914
77
2074
981
4315
4661
2780
4896
4796
55
1713
2739
4420
4538
2571
2778
18
2465
4731
2314
972
4254
3741
1315
4918
3100
2144
0
391
2703
442
3406
2992
4301
2829
3385
730
4298
1968
2093
3852
4612
378
4008
2991
3789
3164
1559
1751
4031
4382
4802
4894
3392
4693
3652
1207
2283
706
494
4218
4341
1676
3564
1749
2571
2015
400
818
2596
4907
3312
4168
2770
3938
2806
2339
4423
4296
2417
4898
4286
1697
1084
32
2641
2435
2179
4336
4636
628
2950
4264
4366
4215
218
3867
283
3051
402
855
4962
2807
3025
2506
4036
3641
114
914
294
618
2651
3975
3334
609
4004
2090
2468
124
4236
647
1583
169
26
578
923
1897
3461
1770
4590
1860
4689
289
4926
15
1822
3341
4690
431
1866
1659
2916
1009
2070
3216
187
1652
3825
892
3284
3035
4242
2296
3226
582
3216
4920
447
2519
364
776
4558
1135
3404
599
2148
4564
3110
1666
453
2865
2627
3420
3331
1114
77
4656
4658
3557
636
845
4493
4920
257
4447
4789
2630
1796
863
4824
3174
3131
2249
3413
4946
767
1080
2211
3641
634
3972
494
4587
2050
2388
718
60
1732
2310
160
4426
1391
3075
4308
3619
4495
912
4251
4343
1735
3346
4094
2889
3242
2548
2939
3997
3741
2981
1059
1150
2132
2177
29
2171
378
1258
4941
4342
635
76
4052
2863
4080
3711
1457
1699
2359
485
2708
737
2233
2754
1687
1467
1686
561
681
2791
3933
2099
4602
1846
300
4919
2263
47
1654
4935
283
3643
4378
1766
2882
448
4121
274
4895
4390
4404
299
3739
39
3177
2798
4122
3088
2628
3571
1437
3348
2224
3942
1646
1526
3799
1098
4013
967
411
1577
249
2896
3265
3380
4468
2323
2362
673
501
4702
4483
2648
1151
1692
422
3571
3716
4604
4896
2819
2256
3527
4485
2293
2742
1294
4728
1084
2230
4815
4154
2674
4457
3768
1519
4813
2794
1709
3833
4467
1974
187
1004
55
3223
4202
73
773
3427
386
2830
986
1615
1042
3811
4482
3453
2793
3538
3377
2953
185
521
2904
689
901
4142
2662
1052
2312
4795
724
2357
4487
514
3734
2227
1471
4811
2343
4849
105
2446
953
2863
3110
2385
2686
1810
3022
3051
380
1584
4756
4518
4087
876
4493
1379
1655
4112
773
4852
3673
802
2181
3146
3531
4261
1553
1582
1155
3761
169
3492
3018
2186
3421
2063
1705
1622
2704
4199
712
3132
2987
1358
3995
4680
2955
2021
421
4035
3991
4900
3805
3053
2430
799
4699
491
2731
4805
1748
1837
3627
4113
2415
2130
3145
4308
4853
627
3875
1753
4303
4320
416
3682
4889
4155
590
2617
260
1023
628
367
835
4966
21
4397
2005
1821
27
622
1460
4991
712
4783
564
225
2462
4580
201
3139
1660
2720
713
1080
4206
1183
4125
2787
1899
1471
3006
1053
3506
1051
4954
2559
3811
179
3205
3549
458
3821
101
1509
4160
1955
3737
52
2511
2320
4465
2017
1990
1321
2380
1490
4156
588
1418
3827
3578
1003
3280
2317
3619
2677
4941
540
2625
2907
2805
3662
4962
2174
1482
3453
99
1622
2558
3184
3971
3362
2942
497
3105
1282
4497
674
4205
468
4159
4171
3319
4738
1356
499
2115
840
184
957
3894
956
1792
1105
572
4404
1295
455
3290
3137
4136
4657
4546
3861
989
3816
3189
2347
915
3931
1619
2748
464
552
4731
628
4096
1119
1461
1747
4716
1042
1760
1568
4582
4236
2838
2128
1455
1214
3106
326
3041
3548
2921
4862
555
4078
2578
4549
2433
492
1534
1466
842
241
3426
4352
1447
4836
236
1483
1255
1445
1382
3900
4873
3094
1178
1174
1000
4432
4907
1634
4212
872
1161
1974
2906
2315
608
4126
2376
2961
4843
3525
4766
4913
2262
4648
3529
26
1726
4666
2071
2939
506
3923
4716
331
3271
1708
2206
3572
2945
4457
2497
2588
1294
967
3431
2145
2249
4377
2874
341
4003
3547
922
203
4646
1866
1982
3061
2868
4136
4389
3970
326
2440
4904
1642
4902
3393
2520
4671
3106
1728
1878
3451
1049
790
3441
1046
1391
2187
4662
2781
314
4834
2507
297
2986
27
540
3051
4822
1779
4281
3269
165
3207
817
2200
4079
4986
535
4309
2697
4504
3883
876
3006
2579
4233
1516
1809
1710
4963
239
3801
1392
2078
824
1294
2060
1123
4922
3813
4776
2434
1891
3583
3853
2998
1280
1599
3617
4206
1665
1405
1452
2820
4890
4974
4512
2733
1325
784
2398
4153
3311
883
4578
3016
3147
1841
4676
19
4822
2761
948
2234
2220
4913
362
3056
2326
20
4548
4900
719
1401
2999
4309
1180
4872
517
2532
1186
4953
3137
2702
2372
1510
3440
3692
3622
1336
81
3623
3930
1184
2839
700
2262
1167
3186
407
3670
4227
1893
3612
3194
4395
4766
1067
1130
3683
4123
944
4945
2064
2216
3209
2718
2856
1693
3285
3797
4110
3642
3917
2038
898
1593
4325
3732
4443
2392
658
18
2789
3116
3231
2793
1422
3895
1586
4531
4879
3016
901
4917
978
1142
4806
260
3424
2379
1751
4891
2998
3037
1661
1844
1078
3335
3046
2917
1628
4842
389
2850
4613
171
3145
3973
4418
4470
2672
1892
2594
970
1986
1442
937
562
4148
4127
933
670
4872
4853
2444
3406
2146
589
838
1446
1367
3904
1230
4854
994
546
1903
4739
1183
2534
14
2845
2753
1820
1810
38
4135
4359
1174
2821
841
2154
3822
4052
2326
3014
4532
2443
3489
2779
38
4076
1764
4175
4135
4248
553
1088
1910
4640
680
2485
4103
2400
4304
1022
1052
4833
4874
3406
672
2514
594
873
2171
3362
1911
1382
2298
3381
4870
4724
3445
2134
2478
2618
1156
2928
3903
3111
4935
1285
856
4465
2710
2931
3213
692
1551
214
249
551
3204
3574
3297
2008
4338
2918
3502
1474
448
4083
3531
349
4967
3592
2636
3159
3029
1867
4266
2153
956
4353
4578
2733
1433
1171
1474
319
4511
4683
4455
821
1729
1838
4208
1670
450
2025
3708
4999
3133
4528
1493
1122
2089
2048
3773
3697
3427
3827
1731
1268
3851
4265
4660
174
2361
2794
3978
4382
4687
1656
2206
4341
3496
3431
1700
4382
1238
3603
848
4061
4364
1992
2810
2601
2017
62
1070
1113
3515
258
4306
447
512
1950
4462
1099
2361
4393
4076
1053
748
4830
4047
1564
2274
333
4852
1549
533
1569
644
4998
600
3781
910
1915
1814
4093
2211
3611
1592
2806
3060
1705
4406
2295
3306
2732
1446
4974
3950
2477
799
4682
2671
569
4114
2755
1418
2545
4761
3289
1122
4787
3600
3529
4222
2640
1625
655
4718
1183
1191
4744
2930
3029
2694
4937
3960
4883
1342
2326
3548
943
1389
3348
3553
48
885
2822
2850
2601
1600
3875
303
3968
3574
4097
1875
2464
2507
4294
1151
4881
716
3118
2257
2014
2403
1721
1267
1611
4027
72
1175
810
1041
2537
3752
4691
2863
865
1214
2862
1653
2057
115
887
821
4328
1552
3852
53
3727
2011
3615
3788
3525
844
931
3428
4666
1325
4567
619
2240
158
4264
1553
3789
759
3242
33
375
3181
4089
417
2634
3838
1192
990
1202
4124
4555
3025
2090
4300
1500
3149
3564
4109
0
535
590
4888
3980
3127
260
1957
3571
4530
1961
875
3970
1025
1642
2364
4740
165
1572
2985
3909
2320
1667
1330
388
730
1010
4082
2142
3542
4760
462
1208
1173
2197
427
548
88
3449
2705
3581
1802
49
3092
2072
4148
1268
814
1503
2718
3038
2744
629
4897
2343
3465
2324
4753
491
4434
1018
4821
2619
4216
31
2846
3138
1824
1822
4204
2799
3290
2996
569
1972
2198
2265
3484
1483
2764
3173
4013
1839
4413
4443
3385
48
2573
3735
2164
1812
1130
3646
4376
1311
767
613
342
3646
1462
4312
1926
3676
195
4960
2096
3330
1407
1955
3013
4645
194
4996
2846
10
1781
4925
379
4401
659
4022
1687
4267
2449
4527
1496
3975
4913
2684
2493
888
2388
2200
3708
3709
2816
2792
2525
4647
4514
3611
1393
2244
1347
726
1880
2265
11
3495
1574
2357
39
4891
4496
504
835
3332
1145
3832
3759
1291
4621
4064
2025
4903
4371
2552
577
2345
2621
4574
3292
2120
2567
4322
4769
4671
3621
3961
387
644
3162
2543
173
2124
1283
2760
4272
4687
4488
2633
2717
4831
2690
2335
4150
3474
3009
4856
4951
2027
1080
4587
274
3291
4151
2245
3006
333
4764
1613
1307
3461
1213
369
3791
4848
2188
1734
1282
4119
4504
3446
2873
844
4319
3037
4238
4024
3683
2546
99
4382
122
3331
4053
537
2070
227
930
1210
3039
2348
4472
459
2724
4873
4678
3125
2246
4564
2503
1060
885
1207
1427
3778
595
35
1082
3967
4839
4413
1872
895
2998
83
1041
3834
774
740
261
3972
4793
876
62
4580
3939
3326
1949
3652
1024
46
4771
4768
1978
773
2404
3553
4684
3829
2841
3419
1555
878
3262
3854
3830
1858
4448
1670
3646
729
3400
4008
3641
2846
481
1151
3374
1088
1213
3725
1725
4921
4886
677
2532
1628
3232
2307
1251
2139
1631
2212
1278
2891
2314
1886
1919
3858
1913
4108
3035
256
2408
4062
2586
3718
573
1441
1998
4529
2177
4168
4524
1488
4803
453
2997
3988
1177
3812
2999
1769
2102
1392
1117
2665
3861
4569
1741
454
3638
4728
1411
1533
4299
3853
1801
3482
1480
1962
452
2739
4431
4418
3723
4881
4156
3156
3085
3124
4262
702
154
2383
4462
354
2010
4374
1622
2582
4202
432
1893
4216
4694
3091
3322
2114
1773
3188
2582
3421
4232
2647
1507
1416
3488
1772
4593
1808
1817
1633
1177
867
4853
3388
4346
2360
1997
871
1484
918
3425
823
1129
1569
717
1332
3695
2226
2762
1672
1776
2777
4788
3469
2801
1668
2006
4556
1142
887
1239
3542
2269
1024
1882
662
3600
1778
3429
117
3751
2012
1140
32
4460
3290
2969
2396
1004
4854
1125
280
3028
114
3215
4906
770
1561
1643
4437
1016
3553
1392
937
1459
4591
4106
1314
113
877
593
3038
2996
568
2840
596
3792
1284
4103
2333
3177
2396
2481
2069
1010
821
1732
2956
2941
2160
1460
1485
1149
3292
2585
2745
3734
923
3964
4931
3005
287
890
2263
1337
3466
3514
1738
984
1269
935
1838
1844
3483
3725
3771
398
2099
2545
2101
294
4082
2489
2914
4261
4083
2147
1366
1427
4166
2942
1695
4076
1064
3522
3927
3078
2807
1592
4735
431
4493
360
765
4497
1816
569
4325
3731
667
1508
984
816
3090
216
1664
2658
3773
3392
4670
3706
3271
264
2385
1023
3950
974
3829
4502
1130
263
2816
4077
2761
2404
1813
2360
1494
176
4865
3805
148
1283
3897
1485
1640
1788
631
2435
4577
3447
2821
869
150
749
4187
166
834
3129
343
2334
670
2122
4364
377
4721
4403
826
427
4441
3836
1334
2146
4652
4045
823
1547
875
4241
4809
1036
276
916
2314
4179
1951
388
1507
4088
3881
3664
808
3309
3649
2488
904
3189
836
1266
1924
1924
3176
1799
3585
4521
617
101
1288
4728
549
4340
833
4391
2589
4135
3848
1118
899
45
4388
3241
4940
2350
2020
3342
2742
3374
3165
4267
4272
1146
2725
821
3613
3545
2384
4735
1943
15
52
2983
3488
2660
1353
3499
4448
2877
4558
4981
2918
4088
1195
3388
3740
2852
884
2526
2465
290
648
4345
4686
1204
3861
1459
3891
4460
3497
3662
2908
1056
376
4093
812
3803
2969
3080
3446
127
1742
3798
3082
3970
1599
4025
4654
3148
854
2878
1218
781
3795
3992
3541
4664
1220
4046
4601
3325
3001
3191
3429
2919
4979
1842
1211
2154
1293
1334
2674
4020
249
2330
2015
1838
3685
1559
3458
2304
3952
1798
4205
1081
750
836
1047
4820
451
2087
2159
2238
2132
1246
723
2720
4165
4890
734
4036
4684
1469
2351
4710
2965
857
4736
2148
1675
2982
1497
1674
3622
684
4061
3418
1950
4610
3326
3669
1499
3924
1047
3598
3517
4461
920
4924
823
1938
3182
4348
3649
3614
3021
2083
2847
3942
4178
2750
4568
2247
2474
932
280
3244
2158
3057
1641
4997
4061
2249
1603
1759
2435
1762
2903
4654
1524
4560
186
4655
983
3592
4424
2928
3894
4718
1544
1736
3250
2642
881
2425
2277
2466
4597
689
4582
509
1973
1303
680
734
1169
4576
614
3497
4088
4017
1766
4770
3926
1650
414
3316
2045
4960
2298
336
3362
2913
425
1732
2961
1328
1195
779
3080
2661
1822
466
2507
4876
1739
3451
3420
4840
554
723
3221
4752
4132
1521
3761
3415
4811
3132
101
1535
1472
1798
3436
3555
3111
773
2334
5000
3996
2780
4533
3210
2195
129
4588
2758
4768
3027
3944
3172
1947
3087
1187
3564
3203
2238
915
1148
2438
2250
3343
289
1284
2888
991
4648
1318
4839
3015
668
785
4581
4238
2809
3790
949
3178
586
2764
2646
1738
867
2661
3513
348
2985
4810
3844
4656
3867
2232
3983
2280
2095
91
2418
2381
3111
4606
694
3217
3011
4829
6
4606
873
2854
3148
1550
4872
328
387
983
2915
4931
127
1707
4210
1016
1643
3010
3478
657
2254
4847
3076
2621
3160
2029
1763
541
2144
2456
1299
2498
2569
4952
1225
1814
4145
3319
1691
2687
2221
3878
52
1502
4825
2163
4610
2989
3659
3435
1306
3865
1788
4981
1358
2107
1548
3527
406
3717
1183
2999
2188
1714
4915
2325
34
741
1709
1282
2911
3049
3219
23
3269
4605
3004
3038
3715
3493
1267
4394
339
314
311
3815
4431
1111
1605
1414
4633
1452
361
1562
1675
902
1664
801
2546
366
1410
3720
3244
4023
1880
2264
2200
3590
463
501
1994
4687
3050
3878
860
4188
3531
1551
2264
368
4685
2625
4268
940
2583
4095
633
1589
2575
1835
1973
936
41
2700
1309
3858
4226
3117
4080
3976
700
3284
888
3842
4646
3519
2125
2866
3082
1277
4363
4829
1203
4583
4990
4177
2445
2835
4423
1182
1541
755
405
253
778
1540
4981
1094
2053
2116
1543
360
879
2979
3639
1990
986
926
4679
1498
862
2905
3349
3158
4728
3418
3212
787
2874
4525
2520
3249
2535
4484
1601
3634
1227
1398
2795
41
2877
2463
1787
3794
4867
4844
696
2618
2839
3397
2271
115
529
1073
2186
79
3434
828
4193
2533
2890
3863
4821
4501
3662
1129
3593
3685
979
707
2875
3470
2756
2453
1580
4911
3878
4698
4159
1829
2187
499
4531
4995
2127
4854
2955
2169
2618
1332
708
3356
2151
2946
2304
3952
4006
2084
1914
2442
3300
4103
620
136
1029
2096
219
3048
1093
2501
3316
1462
1003
4020
3135
4075
4625
3052
1803
3209
2659
2949
3607
375
1106
4144
1494
4697
4264
4916
1593
1672
3448
3496
2217
2777
4452
4378
4519
4853
601
3044
2216
418
1724
2814
4701
1156
7
4198
1896
1419
4229
3097
494
2394
3056
2021
4550
1992
1102
967
4058
109
3886
4833
2322
4432
1760
2371
2138
3375
3027
1360
1117
2686
1473
173
3872
3505
545
1757
777
2717
4416
2178
1556
2074
4118
4983
4971
2433
4213
2132
4226
2886
2128
2871
3797
3640
3181
4065
4199
1509
3936
2130
2904
2922
2403
3589
3509
1150
421
400
4281
387
2204
504
2940
2313
3392
2472
2021
4633
2339
4899
4891
501
2302
1371
1319
3344
4061
2361
450
3524
4620
1002
317
1629
1772
607
339
3245
2991
897
736
220
2622
4207
285
3271
1943
1597
1193
1792
3679
1950
2715
3422
1452
1455
2088
4226
4509
530
521
1320
3329
69
2586
30
1274
1825
4225
2819
2993
1029
55
4721
14
1409
4497
4927
2030
3510
2907
4132
3049
2672
766
925
2031
3679
4802
3679
2273
4617
2939
3652
3072
2807
2717
482
3767
1775
4199
4585
4280
1370
535
617
1530
486
3010
439
119
3698
2231
1380
528
2834
3488
1405
2878
2047
326
3281
2491
3049
2575
511
887
2949
2819
84
3803
4919
1145
2022
3419
836
1155
2031
152
1990
1447
4779
360
2975
3616
1821
4871
4735
3633
2202
4782
3882
1291
4751
1762
3529
3176
1097
179
2886
388
4776
4445
3343
2309
1681
2609
4956
1385
3560
325
1903
1873
2242
1586
2379
4907
604
3902
132
1134
3174
3256
273
2901
2692
7
1309
3913
395
3384
2323
1952
1873
3524
4972
2331
114
425
4957
1057
2630
59
3889
898
2776
3497
2353
2758
191
1940
3358
270
4134
4291
395
3893
4851
439
916
4347
4367
2964
1462
4389
3609
142
1118
2618
1926
148
958
4992
1277
876
782
4271
1626
686
1037
2801
619
812
2126
3411
2802
1792
4246
2260
521
4902
3372
712
4964
3129
903
198
3003
4360
27
3883
657
1544
2194
3148
4735
1822
4334
305
1422
3178
61
4422
2034
2984
3917
4446
4654
2140
4682
4494
2473
2579
1097
1978
1312
1506
746
3041
1141
486
3232
3338
3360
4843
3693
3665
1856
4392
321
3784
839
687
2669
1864
2658
218
2560
357
4955
2986
4923
3840
2088
1615
3413
1032
4571
2031
4968
38
2417
2913
3248
3387
4564
4642
74
768
166
4819
1347
4312
3054
2247
1811
2551
4399
755
75
3588
2833
3742
2996
3696
48
3304
3270
3753
913
2722
4564
1084
1101
1998
410
4227
2342
2377
4485
2948
49
4446
4174
4594
4081
2987
331
2507
2903
1019
4504
1228
452
3464
4219
725
3979
3501
4172
2794
1569
2796
2730
3754
4297
3118
1856
1150
2886
312
4682
1645
2825
0
2500
490
4085
877
3760
3539
2271
1001
4003
528
4347
980
491
3719
4045
1404
4971
3112
3345
1454
230
4647
1525
1642
2578
2466
4624
1735
4247
2539
1884
4065
4313
2901
3303
3652
4427
356
1899
601
2553
3118
4278
3920
3888
231
2903
2536
3408
4523
3971
3431
4187
2541
3901
4917
2994
1401
4119
3251
333
2590
691
2359
3702
484
4375
4346
831
4515
105
3549
503
2827
3055
1776
795
1741
370
4798
565
4241
1961
1537
2647
918
1056
4123
92
4254
4676
190
601
271
4107
1979
1771
2665
4961
3273
376
3885
395
523
987
4748
4481
3291
4240
1167
2346
4247
2402
1018
1879
1850
220
3862
2124
2567
3182
4822
4502
1344
386
684
587
2997
3313
3676
4693
208
1330
1130
2540
2704
3667
1120
3105
4503
608
4427
2529
130
3835
1068
2551
2490
83
3187
4594
4527
4294
1788
4566
4899
3607
4856
200
3782
2728
1053
380
1090
2855
1080
1079
3215
2018
4091
3966
431
269
459
3876
1299
2050
4641
1614
2685
2312
3474
2089
3761
3175
265
2960
4749
4090
4382
4468
1215
4803
2968
2016
4980
251
3804
1451
3549
518
4651
1504
2813
3269
985
1983
4800
4271
4419
4451
2918
1096
2934
2245
2184
1065
3780
3993
2298
2666
3069
3447
545
3329
4111
4181
3354
3037
727
2243
4140
2284
529
3817
3091
3551
867
477
82
4259
3911
3948
3803
661
44
4165
123
882
1452
4387
2493
2898
2815
2878
1232
1903
2747
1208
1868
3809
4981
3595
1875
2843
4307
4820
1903
4908
4616
2914
431
4021
4498
3953
2781
1266
4608
4913
3
4539
977
3569
2122
958
4102
3996
2968
3700
2551
4951
3124
1946
534
4948
2702
1665
3417
4253
3386
4591
2093
3381
1970
618
2472
636
3737
2537
813
4809
3992
3366
4535
387
417
3138
1608
718
1672
3972
3800
1641
3942
1014
2995
463
1951
2970
3624
2893
1890
1430
3359
3699
2829
3232
215
4179
1016
201
2543
4180
1866
4893
593
2899
3041
886
2419
1691
1963
1973
634
1361
657
885
3755
1845
4880
2920
4128
638
423
1606
4
4440
2489
973
4930
1219
96
2435
613
3718
1311
3033
3793
949
753
2835
3058
801
2461
4994
3767
1397
2073
937
1610
3762
994
2905
4516
1726
4953
4172
452
747
433
2735
1755
2635
4556
649
4325
3930
328
885
1541
29
4355
4306
2528
3250
4860
2811
3384
2816
3231
4132
765
3582
4356
572
4025
1387
899
1779
2245
4077
3422
2161
4622
2930
1534
1706
4938
1146
979
4639
2050
2942
893
3778
4986
4764
4713
1685
3382
4908
1415
3729
998
3885
3852
2902
3025
3856
820
3911
2852
3386
866
3257
4740
3020
2192
2883
3272
3422
4886
3533
1954
1002
2916
865
2728
1037
2088
584
4490
1001
487
204
2356
3887
1150
214
3127
3630
1347
24
264
3560
3604
3066
4073
2516
315
3251
255
1545
543
1239
44
4708
815
1908
468
747
2528
1748
588
3497
4703
307
1230
1843
3599
1392
90
1818
2612
4235
590
3980
164
1423
2988
564
970
3600
4222
3138
4147
1738
4401
2344
1913
1472
3164
1700
711
309
602
891
630
2581
4493
4226
3318
4315
2864
2813
1598
3826
1903
2064
3950
3208
500
3438
568
545
1094
358
1621
2371
593
4150
4953
4082
2673
2926
650
3281
1272
3824
551
1026
1152
3717
2661
4377
1094
1487
3554
478
496
1187
4839
3722
81
3710
2047
3773
3441
2124
1650
2194
2096
3529
2427
2487
3047
4922
2051
3637
4949
1320
1696
3176
294
346
4344
4450
1550
630
4142
4422
4499
2529
3699
3444
3952
293
2651
2920
1071
2218
3724
1866
3044
231
1207
904
1944
3288
2599
4060
3045
907
364
2227
3553
202
751
2822
2806
4712
1843
2423
3988
64
67
1276
3183
751
2296
1551
4443
3858
422
201
1792
3047
1995
3571
1284
1429
4261
1815
1135
4614
3052
2955
2083
2756
296
2068
2294
1926
62
4889
4630
22
2477
2916
4209
2177
715
1519
4406
4501
629
1106
348
320
4120
4300
1149
3640
3664
1243
1879
52
4199
3920
3615
3582
3245
3139
783
3456
1388
174
3061
799
4554
4314
4475
917
4708
3717
4429
3452
2289
4190
4882
2426
1785
528
483
1426
1716
795
27
2586
2221
2969
4974
3968
1000
1749
3282
2933
4316
2821
4130
1482
2223
2630
1876
184
1355
851
3726
2914
129
3070
3973
497
4640
1122
1212
4750
1908
1143
3052
2015
4994
4768
578
3477
1501
4408
2010
142
3493
468
2373
4270
4505
4293
4687
3777
4669
3350
113
916
4764
339
2382
4372
3577
3859
326
1849
1332
939
209
2498
2580
3172
513
1190
855
2287
1511
59
2572
3781
725
730
885
2432
1863
2238
51
2363
1721
4380
4101
2441
4976
4969
807
3061
1917
3153
3753
2377
546
1713
1182
2416
2212
1721
2914
1970
2361
2667
2722
2377
1854
1601
692
1814
1808
2143
3044
747
1127
2000
1988
1928
1274
3963
1042
2358
2686
895
2125
3526
714
292
459
4356
2789
4637
401
3553
2231
3031
4346
3964
4085
2282
347
3459
795
2636
1741
645
2330
3011
2738
3370
1475
2704
437
1934
3252
706
61
4556
200
3489
2394
1695
63
862
1829
292
890
1842
4811
3681
4844
4123
4196
4136
4788
4469
2827
792
737
1406
1114
3109
2479
3460
4971
730
3764
4017
1555
3419
1039
3955
1202
253
2393
1305
2606
1081
3793
2759
2862
3960
2072
741
1366
4114
2762
2262
1734
307
397
502
1720
1882
4540
1642
1817
151
4931
1853
807
4178
3101
4510
1385
2193
570
3751
1367
2167
2652
1690
1479
860
3953
160
2823
1420
4986
3846
3301
4878
1054
1523
2968
4127
4996
3434
4621
4819
153
1456
1678
2131
174
2020
2530
2306
4833
632
1263
3633
2100
3318
1667
1837
1827
3449
1312
1517
4784
3315
1903
2481
162
462
1524
686
3728
2775
2769
2525
4798
4501
3058
2683
2640
4273
3227
2911
4968
494
4024
193
1731
4479
3163
53
3233
96
3229
1531
88
3908
3890
1219
1983
4825
4772
1475
4059
3848
4727
743
664
4235
1079
4410
2777
2634
4422
745
2690
3772
1152
4942
1578
2718
4953
2072
3631
3901
4171
2116
4651
1447
764
1907
4938
2094
1252
2906
825
2802
4866
4807
2162
303
1324
3844
4424
1864
1203
4378
1511
2469
2845
4846
1001
1437
1940
1308
2458
3074
2692
2073
3868
1860
3803
720
1851
3806
4780
2802
120
2177
2970
4814
1761
3091
4165
3934
559
4643
2639
4488
2696
2908
981
3033
1004
2538
2017
2538
2374
2545
2188
3690
4465
2625
4748
1509
3815
3116
1210
428
3980
3468
2290
4289
417
2123
4337
2730
4486
2876
4675
1697
4060
1686
2078
1865
3993
4026
2934
1766
1286
4602
2384
3970
2132
3879
695
2045
2280
314
3883
4838
821
2209
4797
3927
2189
4061
4019
2545
2986
3761
3945
770
3590
2368
4102
3588
2775
3431
3728
4349
1198
285
806
290
1698
3076
573
4147
3789
37
2434
1651
555
1405
2536
3574
999
4847
2778
842
3266
292
982
1888
4726
1274
2555
962
1331
2265
1737
460
744
2970
908
2441
3970
966
935
4518
2487
4841
1015
3299
3135
3957
3731
3224
1423
124
333
706
3893
4958
4006
105
4612
465
434
4655
2734
3407
1219
150
1686
2736
2170
2818
3033
3659
1596
1789
3935
1398
3725
290
2955
4229
1714
2397
1488
4230
1254
4299
3052
3809
721
4760
3199
1327
4733
319
4325
2991
1885
79
4627
2755
3186
1333
3357
494
2379
3821
4090
325
3984
4784
569
1663
1422
2422
4962
3305
1376
40
4377
4571
645
2150
1757
1539
2767
1189
4373
2909
1296
3823
650
3777
402
2902
4938
4695
1310
2540
1986
3094
186
4033
4979
4480
3964
781
2940
451
1909
3345
148
4375
920
3344
1745
3967
4035
693
3326
2324
2179
975
1859
2098
3205
1998
2229
4541
3971
3143
3260
1492
3060
293
4287
3980
3338
230
238
1016
1594
1207
5000
4551
4073
4470
2054
3905
1009
1383
740
1668
3440
4344
2106
2993
4628
1601
3232
265
120
1348
3750
1443
4276
701
2380
3835
883
3255
1215
686
1352
3891
2828
134
3331
2075
2256
1713
412
2169
4875
460
4859
2620
1466
4654
2604
2490
2001
78
3156
1243
2414
598
3409
3558
3287
1403
3258
2302
3556
1800
11
3774
518
2456
99
2413
2917
832
4563
2886
3565
199
4155
3167
671
2480
1472
3258
3311
2054
4562
301
2765
2893
1233
488
2701
407
1009
4869
3756
3680
1588
3918
1212
1634
3423
1996
2800
3266
3679
309
1967
660
458
3946
1838
1436
3877
861
3087
4675
2572
153
4401
4585
1265
2092
4065
1539
381
228
3218
1415
2123
3993
4451
734
366
3420
4199
4447
3466
2220
1062
646
2405
395
2502
2777
2293
2819
2521
1814
3883
4779
945
4932
318
1385
4429
4276
2913
1336
660
3234
72
456
3201
2737
2916
3681
3061
4113
3467
3920
3116
3487
1965
3718
2122
575
538
3498
2628
3358
1627
1681
1932
386
1466
657
2347
2093
1386
497
1718
187
85
2143
2235
2025
1445
4642
3235
3217
1936
2185
1575
3726
1392
3518
1450
2567
935
4165
69
2206
2449
524
1461
3177
4150
4265
2843
390
2664
676
3956
2995
710
1623
1012
2466
4500
3247
3297
2028
870
1730
1927
875
168
3588
2330
4719
2411
2424
1485
4765
1172
4824
2572
188
2054
3893
2285
2293
857
1963
281
1169
685
3348
1404
516
1213
3624
1149
2965
3872
2091
3522
2073
2721
63
3944
135
3590
1325
479
831
3881
946
889
4132
4773
3479
2401
3437
3140
556
4355
4616
1404
1362
776
4630
4773
3095
233
1483
3112
3327
3602
2611
1627
832
4473
1761
2270
3053
2769
3183
1413
1694
4933
2013
945
845
1309
4685
3431
881
4053
4792
4033
1543
946
2660
1395
4869
3162
3596
264
3332
3604
4701
185
2559
198
2588
1436
2508
1861
4000
1036
966
1628
1209
4808
779
638
1281
1520
2455
3152
1309
2540
4606
1327
1086
962
54
726
2224
15
2345
3277
2765
361
2009
4074
949
3491
4334
1226
1962
692
4141
4409
4669
3527
2154
3485
2286
3603
2947
3366
3548
3626
3108
4330
660
1625
4975
869
549
3067
3584
3460
20
3391
967
2760
2060
4527
4629
2734
255
3695
28
1224
557
2012
4907
3985
2377
2340
3707
4800
30
2112
1462
3171
1608
4630
2851
3458
3278
4497
4771
504
3610
506
3968
2649
51
3282
3090
2943
177
4538
758
2648
858
4941
4742
4078
2886
3153
4856
837
4459
2480
1376
3639
3349
1930
941
3645
3258
4012
2620
4019
3892
43
1062
1698
3524
825
1788
3582
3440
2361
3187
1936
2419
2548
1288
3761
2369
2191
3876
1125
2732
4807
2892
4459
554
3692
370
4842
4943
817
734
2135
3657
4050
3601
1213
4453
1626
73
4232
4206
1158
681
1402
3340
845
4076
2001
4060
4697
3468
4852
2896
513
726
3950
4100
4478
4842
800
3532
4185
861
2428
2402
3348
1115
4673
1265
3175
4915
2153
2412
3621
1511
22
3687
1321
900
1258
1483
4036
3275
1567
1214
4553
4444
638
102
2998
784
3703
3646
1129
4952
692
1479
993
1153
3287
337
979
3152
950
3481
2713
3129
2622
4448
1283
162
2598
2335
1857
2403
2247
1854
4156
724
208
147
3833
2181
1220
3257
2748
4745
4443
1956
2235
1095
2208
3226
4785
1065
20
1902
2387
4900
3569
2743
2418
4957
1578
2485
2569
4186
4505
3148
2929
3915
1101
2862
3489
220
563
4986
368
3102
2261
437
2360
3434
2522
4115
593
493
3609
1741
3608
4151
4648
1180
1282
2154
4422
869
318
3109
2411
4378
4275
3897
1902
4145
1470
4654
2219
1889
2951
1592
3882
3975
3784
643
2970
140
121
2135
2290
4195
2878
4667
4958
2794
1082
3702
3570
4887
4731
2225
2020
1696
3884
946
3594
415
2034
2357
3629
4355
3149
2472
1225
3829
1301
3969
1932
4222
2225
246
2222
2858
396
354
3197
857
4932
776
2351
4374
1135
1582
4872
3225
4145
2455
1498
3215
717
2123
81
4139
608
1646
394
4348
1341
2503
2955
3682
3269
4834
1016
4840
2816
3047
4434
3229
89
3831
2936
3821
3063
2511
2260
1671
123
4033
462
438
4727
848
3792
233
2781
3605
3835
4031
3753
4617
2221
3423
3460
152
1983
3336
3020
2008
4537
777
4267
1240
2621
1892
1211
736
4578
997
4772
2905
174
2241
3660
183
960
840
1800
1511
3616
989
300
1917
2780
941
1302
3213
2380
2980
1893
187
1230
4995
216
1435
2718
1597
3430
3447
686
2433
4229
4710
164
4813
4871
2965
1298
3076
3032
2675
1926
325
4332
89
2732
4162
4639
1975
1540
306
3082
2972
2158
64
1100
2212
3527
4406
2179
4305
4775
2553
56
130
1355
3439
3040
2332
4201
1107
2875
3602
1728
2871
2499
4231
2154
4366
3449
1585
3313
3668
1844
4253
3960
757
4318
1522
3911
20
3961
586
543
1251
2973
2670
3205
4567
3979
2427
2159
1362
929
4484
4237
3889
3964
2198
3931
333
2183
1230
4570
2038
945
4193
2466
1035
651
2483
4498
1805
2452
2273
4907
4452
4617
1915
3104
2612
2034
2087
1205
1153
1839
4623
2538
4526
431
2487
4871
1883
847
4359
1804
3856
4619
1642
3722
2043
1056
4942
2409
1126
3264
3575
3990
3477
2971
2018
789
4729
2670
2839
504
782
2603
4409
3903
3616
3847
878
3986
4021
2142
73
2868
333
533
2449
352
1302
4566
4449
3701
207
3695
3526
1997
1738
4233
519
636
1256
3004
535
933
4172
2417
2350
3578
2577
2176
1302
2211
90
1586
95
2235
1877
3996
3620
3502
1386
775
1234
118
3188
1110
4286
3910
979
4861
4734
2129
2936
1477
46
3544
1247
2362
1477
3431
4608
3202
1488
4558
1971
2911
1685
4226
73
276
2424
2879
1500
984
767
4228
2508
3790
895
3290
2649
477
4882
358
1347
2540
3612
4362
921
2387
4440
4064
671
4639
4063
3104
1513
1442
2742
459
1085
3888
3297
3550
8
2981
1414
4024
3763
4934
1179
3379
2908
3274
752
3742
3046
1586
3688
2137
180
462
3464
2770
4603
4065
4450
4593
722
4953
2404
14
1264
3764
2888
3312
4121
2292
579
2810
2036
827
1380
1781
1004
2180
3158
2411
4324
3200
872
245
976
2615
2286
2587
1632
1829
4020
4849
1228
3025
1420
3650
1525
2538
4322
2434
4219
1510
3516
935
2584
2943
3733
785
4646
2043
535
1253
3999
3539
4146
1136
3604
2814
1931
3831
3646
3031
1703
1735
3794
3175
1443
4070
976
1303
4845
2646
2977
4352
4824
4454
3609
3592
4574
364
4349
522
4836
3673
4834
4442
2665
4873
2053
514
4312
1822
986
282
480
319
1380
1526
1418
1908
594
229
3133
82
2865
154
4158
2741
1067
214
2969
3579
2040
3131
991
4411
2245
920
1037
3316
2361
524
1572
467
3850
4347
3323
2047
114
3138
3356
354
4620
4663
3803
369
3659
2053
3083
2726
785
3762
2582
2417
3587
1277
4821
3367
171
4314
1437
2793
827
3710
429
853
1423
1842
672
1798
765
1069
3816
3232
1056
2528
2552
3507
1042
4114
2241
3397
2653
3288
4574
3883
2514
3819
2376
3444
2375
3050
4213
697
1572
4508
4272
3939
1435
434
1424
2164
2670
4229
2041
1509
2770
1116
2823
4801
4158
3462
433
4243
2778
1872
1422
2212
3867
4712
2194
3567
3731
2082
3552
3197
554
529
3933
1812
2837
3363
527
3414
1277
4557
2265
4820
4316
1532
3433
4806
1153
34
2966
1667
1022
2744
61
2783
1858
4306
264
2455
2748
2444
381
1899
1561
3903
332
3311
4171
4175
647
3110
3370
2921
4260
4974
2879
1414
4670
1450
3610
2306
1912
4074
1576
3853
4684
2479
1860
2886
1037
2946
1116
2448
2925
2713
1277
1442
134
676
2283
2807
345
1782
1705
2501
1092
1637
1784
3729
547
2446
3258
3355
4971
754
3709
900
2347
4205
3520
38
1368
3698
406
1545
4782
1345
3338
3559
3654
2912
915
3117
4255
2526
673
2425
1074
2174
2994
4106
91
4654
3886
3262
1224
2030
1986
4948
3697
3662
2680
4746
25
520
3004
522
2319
4372
3974
2213
1832
3949
3199
1002
736
2485
153
3128
785
4158
4780
1590
3956
1606
123
2361
76
3194
2826
4041
1674
114
4604
1213
2145
4892
2397
399
2604
2927
1624
1469
2949
408
2488
1057
691
3774
1121
2796
4683
787
1463
3408
1290
4353
3541
3429
2425
1319
828
1105
4466
616
2923
417
2432
2556
3600
1422
4467
876
2888
2566
938
2597
3125
3839
4326
1138
4491
3377
1838
1332
1170
613
4895
4739
3573
1288
3549
4401
426
3789
3560
3076
3625
1647
117
4471
1159
2191
1332
3831
262
284
2127
2694
3668
109
165
3678
2247
2441
4364
712
393
4739
3489
4345
3759
4599
4465
1899
4545
4098
4847
2429
2260
3124
3535
985
3248
110
2862
89
4998
3287
3113
1426
584
739
677
472
2627
1431
221
4583
761
1942
339
4199
1051
568
3550
3847
999
4912
1614
2837
4787
1013
4370
1262
4018
4119
1918
2913
630
2667
1405
2368
4572
2262
273
4339
247
3763
4324
1491
4469
2208
3735
2434
1777
4699
4890
4748
4248
4621
4847
1267
1968
1361
4629
2324
2350
4884
2572
975
2175
2640
690
2971
4794
866
3801
4892
4251
3921
3525
543
240
1106
4143
4755
2195
90
2311
4025
2822
829
1039
121
2389
3573
3060
4105
4280
312
2687
1412
4206
2602
4091
1120
2188
693
4907
3149
2500
2411
4160
1535
696
1542
2044
2374
1895
152
937
2961
2537
4766
885
1757
3595
4564
2138
800
2698
1214
2919
1625
3127
3414
4348
3999
1898
3681
1922
992
151
1482
3653
4698
3953
1400
3155
3626
3241
1266
2834
3772
513
1463
791
2708
4308
3999
4339
3197
452
1521
3856
1152
2211
4559
4728
2486
1469
823
3821
4244
2286
996
1724
4911
4519
3591
2838
143
2518
3424
3737
3993
677
2646
202
890
4729
2861
1750
2299
3783
3227
3727
2962
1941
4317
3454
2065
4107
2645
4138
1804
2345
3528
1181
3684
3953
555
3685
4119
1475
2365
4079
1623
2603
2454
3619
3545
868
2299
2380
2567
3801
2096
4754
688
954
3882
4281
1051
4714
1183
661
2563
780
1894
4923
2309
2239
1835
1612
1850
1369
1066
1196
2696
4790
4378
4048
555
929
2914
1032
1822
3131
2479
72
4350
4649
2152
3576
4234
4592
1387
284
713
2256
1134
4739
4893
2479
2572
1179
1535
4001
2987
4436
4729
4124
3962
3992
2386
2517
2208
3951
3300
1166
724
1151
3050
67
3778
2594
2002
4698
1607
1592
2331
4470
739
1097
3754
4034
1557
439
2535
3050
3307
1959
3273
179
361
3845
482
5
1526
1825
3615
935
4088
2199
4467
805
4558
4908
2145
2975
1143
4837
1380
3747
3124
2426
1245
1896
2572
3417
1442
3999
230
340
738
3121
2231
3274
1322
2855
1228
710
556
553
3949
2049
478
1797
4358
1
2204
4408
753
3024
4948
1549
3739
269
784
1118
800
55
3584
1613
1984
3327
343
1976
1982
1998
3388
1934
4125
871
2295
370
1045
986
3885
4459
2468
1848
4428
971
3495
2745
2294
2150
2252
920
2921
3750
299
506
442
4621
1176
107
1966
1034
4730
2643
3215
1043
481
1872
4900
3096
912
580
1401
1826
2874
3059
1481
1933
2352
1799
2855
1055
3367
4074
4043
1435
1927
2940
2290
2118
3605
2470
45
4863
630
4982
3907
1355
874
2417
3589
3818
1868
3816
2528
2078
1470
853
2891
3525
3406
4710
4846
149
4003
1819
485
1091
1151
1638
1814
4859
2646
526
3587
1165
3727
4650
298
3215
648
3181
1386
2854
4450
724
4697
3832
430
4027
499
4255
3994
1501
2745
1830
3939
3205
2623
4888
103
2399
337
2098
3398
3182
285
894
2070
3254
2533
3014
4252
906
4983
3879
403
507
4998
3405
2
4032
3537
1119
3930
4683
2519
4897
2518
3969
4495
2844
2559
4443
1574
1496
4534
2953
2952
2774
3624
806
3908
1790
3452
648
940
3827
1873
4488
3773
4445
566
2130
781
1087
3731
1583
2438
3445
1283
2026
1960
3115
3178
4596
1925
2672
2131
52
4715
2839
918
2463
2179
1299
119
171
3612
2609
3958
4760
659
3292
4528
627
2410
2463
4190
2444
1825
1012
1945
4431
280
1168
4197
1907
2190
1905
4513
4228
1382
213
695
542
987
4856
3847
587
4341
131
3495
733
1472
1878
3980
4955
4222
1194
3614
352
4444
3037
1653
4919
4691
3126
1493
3087
1679
4806
772
233
4496
4922
3340
333
1620
1167
237
1444
4067
751
3214
2940
2888
4780
1763
1620
2457
986
4147
2627
4625
3353
4483
2697
3714
4975
899
1709
4917
3599
2949
4860
1467
3601
3550
283
4408
3475
1471
1110
2119
3183
38
202
3504
2773
717
4008
1393
3888
1558
1362
3103
3912
885
1319
2635
4779
321
1396
4663
2162
87
4887
2263
4301
825
415
790
3914
1425
188
1971
576
4769
4798
203
2805
764
4576
3447
4938
1409
961
1816
4046
4163
2293
4367
1327
964
2920
326
1375
277
1716
299
2941
2504
1700
3123
430
3651
4400
2463
771
2969
3812
746
1735
2195
754
1727
3386
712
532
1585
4045
4372
4559
870
742
383
639
4689
1872
2832
2831
2772
2702
780
1706
1567
4102
2591
789
2101
4117
4962
4599
335
3402
2035
1692
2475
3852
3095
2683
283
2330
4408
2459
1426
3659
2049
4234
4915
657
3604
3984
4147
3570
4910
160
4013
2919
1632
2369
1976
3043
3460
3262
4082
1381
2087
1011
3939
4044
3456
4591
3925
2574
4528
3603
2086
1583
1965
1763
2614
3184
3783
4776
1184
2564
1608
1875
4081
3777
4734
467
4700
3002
3067
2059
2518
3689
2240
1092
1617
2538
4161
3460
3019
501
2621
1612
4797
25
3627
1914
2530
2355
3246
3675
1424
4727
725
4987
2813
1438
1359
3683
3620
4475
1917
2373
930
589
3947
3753
3047
1040
4072
4814
4955
2306
3385
1192
4380
2092
2358
2207
2596
1304
1424
542
1018
2707
3178
4739
4255
1034
1268
2922
2432
4983
4147
2508
370
2342
2201
3316
3891
2179
3410
2740
2940
468
583
1141
326
3531
4110
4463
4620
1393
3726
3774
7
3272
2918
962
1199
2971
911
4032
3673
3307
3157
1086
300
4492
2033
4481
665
4416
1376
1901
2689
1414
122
2039
3858
3633
4058
3316
2041
3625
4206
371
838
2156
2456
4387
3047
2265
612
3391
3994
1061
307
1431
3051
2452
2135
2908
4924
2826
1160
1513
536
3274
2693
4338
3571
720
3272
2952
4135
2074
3279
3164
4430
4753
3698
1247
1677
1801
3139
2433
669
1481
4977
3229
913
3452
1668
4375
1860
3060
1960
2492
833
1180
3807
1115
1052
4854
2641
2173
3843
4129
4504
594
1119
4712
3302
1446
1247
1619
289
1167
575
3268
694
3218
3701
2364
2111
4056
1047
4608
4176
3310
1739
1229
4081
184
4655
800
1893
4338
17
3024
1894
1115
4150
1337
2191
2414
2909
704
1311
2574
2897
3848
209
1835
3326
2161
854
2719
2766
2852
4730
1382
1671
160
1303
4977
4781
4038
2597
2791
86
4797
3309
4175
1561
1250
2679
1201
3805
1897
3062
1057
2699
2089
3656
2014
1653
2416
3821
2756
3181
3361
1257
2555
4619
27
1237
453
831
815
824
3456
1945
4084
4411
496
2778
3331
3068
3271
4191
4843
4624
4787
3586
4708
2259
3443
3505
4481
2791
1704
1528
500
1167
2778
4144
427
2646
4884
1960
1508
2792
2907
2474
3441
2568
229
1677
289
4806
2044
207
4508
652
4754
1712
1423
173
4075
1639
1969
497
16
2699
1989
1744
2150
3076
442
3475
2604
1355
2888
3349
3721
1572
784
3219
3458
846
4026
1935
1216
1820
1173
2311
1724
278
2996
4796
550
1142
2376
371
3739
161
3435
4890
1332
11
3752
2465
860
2482
4402
911
3287
4481
2470
4940
2857
403
3888
1570
4666
3941
484
3457
2042
4917
23
3251
85
1270
2533
3775
2432
1558
217
1640
924
3239
1565
3816
248
2101
3181
1358
2859
3442
1700
1920
3254
235
1567
3306
2415
1146
308
2510
510
2666
4412
3542
2215
4494
1073
11
3631
973
1215
2479
41
2906
2749
3885
4047
2465
3183
2391
2105
4744
3845
1131
2577
4941
448
3978
1352
3018
4320
4560
2307
2183
4615
2661
3520
1773
3098
2850
751
3921
4982
2300
3388
4281
408
1520
4346
4310
2545
2356
4362
897
4787
1335
2152
4082
3537
883
2000
102
1046
4999
745
305
2873
3909
1024
2863
3664
193
4748
3767
944
1786
1998
4578
474
4543
3913
1141
4391
2957
178
124
1730
3366
847
4142
254
1101
474
3280
3173
1792
3689
2799
1187
2601
4002
2365
2991
1561
4729
3013
4471
701
2831
1002
677
4519
2127
282
500
4352
4609
3647
562
2527
2860
395
3430
3086
88
1434
4100
2190
146
4207
1171
4123
142
982
2629
1687
946
545
823
3528
4300
2433
301
873
1166
4143
3354
4142
3965
1282
3648
20
2473
4880
4033
4039
1690
1739
1159
3733
2447
3970
1390
3249
929
3421
3882
3702
1517
2528
2435
2450
287
2317
4502
987
3879
916
3750
1956
2874
1287
956
2452
1002
4582
4381
2460
2279
3865
43
4031
2970
3276
92
4239
3920
3655
3268
1238
2399
3060
2494
2760
477
1645
1342
2228
4599
3887
3903
2233
4300
3806
2892
2834
2709
2153
772
1230
2441
4494
3856
1044
1822
2410
843
4399
2119
1889
4224
2573
347
4823
3771
4181
4328
2679
1098
4798
846
4109
4651
2515
1804
4855
1955
1391
1327
3316
2660
3701
3307
1948
4446
4251
3630
4998
3788
2272
1696
2371
1092
4386
3091
56
446
2126
2475
2232
1851
1268
2004
2668
1125
1942
1611
596
2927
2848
2043
973
4552
2580
1541
4876
1032
4798
3025
2114
3120
554
4047
2521
859
4937
283
2083
4068
2028
2051
3381
1015
1435
1878
3963
2487
3150
388
261
538
3530
800
2542
1751
4628
1279
4623
1136
2406
905
4256
1503
4620
1866
4603
1632
161
4910
4455
2827
1064
3762
2425
2599
2937
1355
4953
2078
2561
1563
3099
1901
2986
1052
639
3885
4561
1675
1043
4114
3943
554
4296
2276
160
2513
1573
114
3023
1101
3033
3539
678
3362
4391
4910
428
1864
913
4909
1426
895
1393
4050
2155
1360
4834
4439
3096
3337
464
1361
23
1632
2993
4293
4114
4138
2683
4749
2756
790
2810
2945
4813
4449
909
280
3240
2211
4772
1935
4864
2068
3316
3663
3596
1027
3836
2275
2782
3702
1613
2017
1591
3839
1161
1267
2490
2373
4454
3482
359
1832
4646
2263
1978
2679
3384
969
3559
922
2116
1987
2645
2113
4378
761
3800
3143
793
992
2880
4772
207
3878
3580
4439
3042
2764
1211
2562
1242
1050
2631
2614
4985
2444
460
1497
2934
3981
1674
305
4223
1931
4538
3634
4725
3744
2521
783
3084
4057
2111
2589
2170
2190
1888
2450
432
4038
3403
123
2099
2099
397
1928
2143
4608
540
1329
1063
3799
3679
2734
1218
2326
641
874
4736
924
4433
3642
1066
1425
641
1123
3341
4834
3341
1906
1311
278
4212
424
3931
614
2102
1384
4509
2828
916
2696
3879
2089
1471
2068
1845
3428
3412
60
99
3046
227
3467
1103
896
2107
4358
2075
3802
4190
809
849
2650
172
3625
2133
3722
4142
3775
673
3964
126
1318
2872
492
861
3092
4605
3938
415
300
4427
28
1066
829
2322
3860
3385
3103
2122
4105
2455
3257
4216
2922
90
3766
1505
4666
3315
4291
2052
3495
3219
817
3431
1382
3303
3790
4364
1532
3242
619
4339
3672
758
2790
3382
3890
3220
592
182
4087
1444
1292
1992
803
4945
2502
2038
3345
1423
908
2823
3965
2387
372
4896
2385
3702
4539
3441
3032
1742
3778
4440
1628
3796
2208
3976
3863
1052
4325
3306
2779
3733
3350
4625
3396
4257
1100
4244
4490
3669
844
3808
1733
967
381
2518
3676
4176
3243
1816
892
1103
3587
2546
1690
1904
1590
1490
2723
1117
16
4121
3789
2801
3235
4360
830
1926
886
4322
976
4819
2212
4462
4002
1128
4293
650
3321
3352
860
2283
4386
2435
2767
3019
1706
385
2680
4923
4910
369
2262
104
2238
2448
516
197
1757
1589
2341
178
4413
2914
2349
4698
4245
4258
2159
4523
3050
3228
4123
4891
764
1277
493
1650
1769
48
2117
446
699
862
3782
216
2632
4174
764
1711
4564
1197
4206
2856
885
4740
4926
3363
1203
173
1644
2794
418
863
1436
759
834
79
3120
2765
898
1858
2690
2843
1902
4916
302
4497
644
2290
503
3805
964
941
3870
4269
4447
3044
4174
4000
2752
4709
674
4196
3655
1650
1158
851
460
2640
3170
4815
1794
183
3425
2096
3085
1814
3109
4202
1519
4107
841
1098
4017
790
926
2847
654
4378
1983
3402
2435
839
3016
2620
957
4146
1257
1818
3163
4392
767
1422
424
3964
4998
1290
3475
3478
4846
3584
1595
2820
3506
874
1739
4413
2593
3406
3469
4375
2196
4643
1292
3462
2277
4718
4924
2965
37
649
111
3414
2083
2687
2537
2441
494
992
3068
3744
2502
1413
3524
2657
2884
1455
3410
2921
2423
2364
1134
4530
3323
1632
3965
4025
1530
3123
3934
1526
2389
1935
4512
648
3030
3510
3401
4724
4722
458
2111
4521
2500
3562
1284
3220
2577
2651
4231
3876
2757
2432
1410
2313
1852
4942
335
1537
1142
1590
3650
447
3320
2874
4141
4823
4577
2940
3871
1570
735
738
1038
3436
4228
3930
1306
1378
896
3296
1739
698
4485
2225
3294
3995
293
2555
4018
284
4895
4594
2094
170
177
4203
2021
2342
1438
442
1326
604
1932
2893
137
469
288
711
503
4037
2190
4502
3171
3580
924
2081
2137
481
3592
4532
3418
3730
4533
4493
3688
1237
754
3233
4736
1526
175
4138
2843
3063
3418
4911
263
1898
1947
1921
1201
4009
4838
3606
3946
2564
743
4275
1209
4294
263
1722
382
4599
3415
1770
1204
2904
1415
743
3334
1321
3030
4331
3944
555
2009
2428
2644
1180
2563
2779
3655
1065
679
330
359
1162
51
4550
2804
398
4594
4026
4663
1367
2125
3689
942
1523
480
1453
3288
1868
4383
1169
2764
230
4946
4084
2715
382
2837
2282
3521
714
910
3707
4973
1579
3788
4608
1735
2812
4160
1990
4099
2903
4429
4193
549
971
2337
3325
4395
2664
146
418
35
994
3865
4234
397
2714
1112
1584
1508
3961
99
646
1430
3533
2879
3373
1116
5000
4704
3686
1714
470
2419
4898
322
4639
4592
4371
1509
2381
4761
486
3497
3151
1596
920
4611
3239
1718
4553
2682
2701
4546
1672
1649
2342
2313
509
859
3734
3172
3674
1600
2559
3060
2922
4770
3785
1465
1426
4311
1617
105
2985
878
2842
2501
2986
403
2772
2436
3986
3171
4218
2475
1227
2798
296
544
909
570
3958
4472
3712
2191
1860
4436
829
3884
1862
633
4975
713
1272
265
3539
3190
1702
477
3158
2385
2868
3744
1913
709
894
3844
2812
3253
3663
3866
100
3424
4571
4086
4316
4327
1512
1284
3358
3679
1939
1288
243
4860
2115
1748
2151
3951
2743
2525
842
3293
2512
1922
563
153
1566
4796
2908
720
2299
3069
1800
4687
3799
2232
413
3789
4061
1643
4299
2981
779
4381
614
3460
819
3113
3928
2343
1629
3572
1989
109
3222
4297
4367
2870
1438
1074
1452
4495
4574
786
464
1436
2604
4284
4477
274
1395
1971
3351
1208
573
2754
981
514
371
676
2090
3380
4276
2432
1869
3236
2337
4644
2765
3419
1670
2156
2080
2159
3511
2753
450
3334
3369
1721
2449
3886
4546
4640
1348
2125
2198
3441
4743
2068
3227
1407
51
2296
3217
2360
4287
1936
4173
4179
406
720
2818
276
1531
4341
3565
2110
1807
1350
2661
4549
1212
3491
4981
475
4549
1115
3916
3803
975
595
4446
2124
1285
4778
567
2540
1799
954
2342
2076
616
4569
4137
326
4347
1532
2444
922
3998
3813
3124
310
544
2646
4015
4817
4663
1152
829
3839
831
3053
1083
2224
2404
2050
1586
3353
652
488
1297
2936
1528
829
3935
1788
4460
3802
426
1522
4231
1026
4385
652
1196
4706
2844
3925
1082
1183
1803
1662
1239
2593
2922
518
3611
2972
2155
4879
1855
2319
2542
4392
1263
3680
2198
1555
4102
1039
991
3356
250
3832
3392
3568
4072
1156
2897
1735
3192
2844
902
4822
1206
4849
3522
4126
4411
866
2703
374
4019
1774
1029
4757
1921
4597
30
1602
65
3192
3395
2382
225
3434
42
4378
4484
3067
62
3198
3180
424
1768
791
3388
980
437
3903
4343
3649
4260
3214
1763
2600
2109
2144
2467
2086
650
1529
4863
4240
1006
4492
1555
3160
4327
2748
3892
4195
2672
2192
1463
4889
832
1848
2909
2125
2408
2143
2082
1370
952
2857
4358
3850
2928
2305
3827
1994
496
4891
3483
3816
2552
3843
677
2574
1964
316
3083
3123
627
3039
480
3839
4238
3691
2498
266
185
2026
791
3578
3261
2601
2314
2217
1084
2037
4741
932
3127
2134
4228
4818
3031
4368
2242
3616
2150
3467
1557
4799
1118
873
4353
377
2785
1839
3029
3016
3284
726
3382
1108
2544
1581
1028
3216
4998
1904
2769
1030
1476
4309
1737
2325
3515
1245
4031
4089
3495
1372
2649
871
1270
688
856
134
264
4967
3712
2861
538
1804
1575
3897
1727
4307
2003
4070
1219
2981
4606
699
4837
3680
1880
3643
4419
1359
789
2989
3735
1870
4505
1778
3303
1659
2912
4891
3611
2905
1881
4233
2024
380
3639
3141
3838
1761
2634
1429
3382
1936
4993
1018
3176
297
584
960
1775
4818
4225
4588
2733
4291
2217
3675
4489
1290
3811
4831
1473
4968
813
4684
3460
3576
3169
3394
1750
4655
4882
1990
2999
842
84
4594
1435
2751
508
2057
4058
575
793
118
797
4509
2916
2524
0
4389
2961
2657
1810
2193
3421
579
4754
537
4734
4517
1057
1124
362
4612
2985
3292
1088
1329
1829
4168
3698
842
1466
796
4989
1719
837
3360
2316
4178
667
4380
1407
3730
176
4587
4391
3946
3821
329
1130
1819
136
3317
885
874
3669
4028
3966
2379
60
332
3678
1279
407
652
4411
3561
3231
2513
594
4463
4630
4523
1459
1673
3122
3930
4560
1299
1357
2498
1005
3207
2855
1715
671
3809
1689
536
4840
1640
3558
2957
3295
1213
2735
3247
2152
443
4228
48
4061
4984
620
3174
2986
2451
1195
4115
396
1946
252
4192
856
1825
2722
3322
2141
2811
3704
975
2834
2129
53
1133
740
935
1516
30
3452
2024
2070
1926
4699
2897
2129
3869
4401
4692
2621
3223
654
1923
4632
1184
1785
1543
1842
316
320
1420
4684
2513
880
4202
4609
3914
1939
2379
4728
3678
1071
1189
403
2672
3438
2755
1148
170
2131
3317
7
4660
2999
876
2833
2280
138
2345
1403
2305
4587
3515
4052
419
2692
4768
896
888
1652
3855
567
521
63
3445
46
4142
355
1633
4222
2911
3182
2190
922
1222
3392
1599
218
4016
2663
2085
3121
3311
2955
415
660
3753
497
3837
2600
2081
1313
1566
2622
1831
2161
488
1335
3940
1958
248
799
454
1515
1194
4311
1351
476
4777
4541
2771
1277
2890
4865
4782
754
2306
1730
4838
2023
2575
4385
4108
1422
975
4953
3445
1498
1699
1273
2263
2890
1103
3159
2999
4372
3786
4596
438
1549
1778
2239
1148
565
2238
2466
1307
4829
3501
4430
1293
3379
4165
960
4611
2647
1106
4424
3722
2243
230
2803
268
4882
1491
1781
1279
3488
1176
1790
2416
4960
4975
4898
1010
1500
434
2479
1376
2427
4160
2541
1674
1231
721
4143
4927
2438
4306
1521
4357
4393
2847
2565
2713
3249
303
2193
310
3383
1308
3801
2724
1753
4629
260
2918
4164
1800
1928
4987
1077
2308
1801
3207
2339
1061
1287
3387
918
2592
195
840
4484
439
3027
1330
2148
2169
4535
1735
3272
868
819
3986
4115
72
4697
4217
2876
1387
4067
4482
3607
366
723
937
4931
4348
3457
3800
2305
4869
1311
4754
2490
390
1630
245
4564
3934
4114
4895
4304
3761
2613
4975
866
32
1354
4839
2835
1457
810
2228
2718
4636
1135
435
1866
782
4507
1157
3125
789
3336
3176
3154
57
4666
3172
2855
636
4687
4671
4095
4031
3040
368
1277
3458
4127
4405
4372
3511
4843
2801
2275
2917
400
4042
1459
4483
2355
3218
4874
909
1080
4460
2171
35
3158
4974
651
752
1580
3361
1458
1605
4631
1292
2064
2856
2007
4030
3682
731
334
3150
1053
1999
4438
4424
465
3995
2847
3305
30
3431
4711
1782
18
965
1972
1699
477
1687
1310
2537
4261
2104
4133
1132
3571
912
349
267
3152
2524
2991
4510
1878
4305
2246
1630
1701
1783
589
793
448
864
820
1201
4586
154
2301
4092
2781
378
3372
3195
3706
3623
4848
4514
2038
4196
3601
876
863
1526
672
4612
241
3770
587
2966
4158
2074
2605
2141
534
4269
1703
2228
2094
2880
1635
2035
1831
4197
2957
3758
2235
825
221
3063
1565
1006
650
740
3664
2221
3137
621
578
2035
4847
717
972
1242
2592
4623
3212
922
4141
2399
1805
3217
3160
779
3953
1627
855
4450
3030
427
943
584
65
913
3286
1196
3806
1086
220
4836
4344
3442
411
546
782
2964
4740
2606
3507
4140
3579
2121
114
4701
2940
3679
2900
1392
4053
4347
2520
688
1811
467
3866
244
727
3735
3520
3768
2225
1515
4798
4322
450
4241
4611
629
375
4872
2833
1285
3875
3278
2016
2850
4231
3605
2457
1101
1919
4418
4273
3517
1942
1176
1305
1422
2675
2440
2347
3313
4807
1811
4635
3621
2017
1261
3688
1729
3982
3576
2644
3930
1054
3616
2048
4215
1224
4615
1536
4683
2392
2127
3725
3166
3685
2318
1222
3627
197
3395
756
2598
1205
2369
593
1678
4615
3961
342
1918
1935
1291
840
3326
4386
3122
1002
167
302
858
884
3700
766
1566
2575
720
2447
1180
1936
1842
2448
2495
1173
2023
4498
319
1126
3797
1328
1714
1073
1412
1021
3217
4539
1256
2528
4563
1641
413
1026
349
2567
2432
2113
2737
1461
2606
283
2888
4497
653
4266
2588
4763
2449
310
1094
4510
3867
1572
4410
3265
2864
2039
1705
373
3886
3586
824
2429
282
4954
396
887
797
1584
3302
770
2723
4121
2695
1829
4826
2862
130
4628
4562
885
4739
3458
4160
1203
3180
2204
4426
1159
2830
227
2685
2557
4745
4006
3777
571
2122
1233
4368
422
273
1451
1361
812
4717
1295
3267
1540
4818
108
1889
1502
3989
594
125
1340
3463
1517
170
284
2185
1177
493
2401
1318
444
3371
971
2819
1313
3536
3433
1153
4214
4320
2831
835
1553
1134
4812
2852
1673
3309
876
2258
3945
2699
404
2113
2116
2334
2160
3547
1633
1338
2831
4659
885
4220
661
92
3229
272
2273
420
1761
4632
1453
2461
3418
3648
1920
2449
4610
699
1237
4921
752
4630
4268
4164
4749
1044
3889
251
2443
4127
2091
3813
4537
461
4556
1709
2113
2910
4713
523
1116
748
3920
1842
1763
358
1689
1256
835
3024
3038
2038
3463
3006
876
2581
3855
3238
3572
3566
3378
4255
3833
3284
652
2756
2542
3246
2824
3591
4426
4428
3735
1202
78
1068
1571
746
2020
3964
1081
1362
2728
708
1692
4326
3174
4784
2743
3310
3697
1635
1363
446
4160
1280
2928
4942
2019
1275
2074
2718
544
909
3826
3944
1028
2444
4179
2787
1000
4401
3962
2470
3637
3139
3010
2152
4983
4648
472
1616
3959
953
1448
2899
517
1585
3357
4260
487
905
4866
4093
2071
2745
4113
586
552
4999
2258
2395
1464
4730
4866
3494
3632
4021
4434
2074
4051
91
2113
4777
2589
3308
3781
4358
2967
535
2720
3381
352
4033
1140
3636
3039
943
3834
1579
2068
3456
63
4660
4259
4992
4957
633
2312
4528
4107
4796
4970
4143
2135
3291
2575
3545
277
1111
1523
4104
1973
2647
3290
1033
2474
1040
4946
1691
2603
1440
2061
2316
3594
4234
1148
2129
1879
196
2516
4964
2661
2959
3892
1278
2211
3457
1765
1955
4968
3570
552
4362
4263
2843
494
3121
3541
2809
1706
3676
883
4124
1878
259
3437
3196
2971
1338
1483
2079
3928
3909
1335
810
802
77
3810
2506
3678
422
1895
2449
2818
4050
4401
3410
2915
1247
5000
4704
4752
1793
3350
2824
2003
1457
2607
4130
4571
4206
4667
272
872
3175
3610
300
2966
4719
3113
4521
2187
2980
4355
4144
1149
1278
3810
2882
539
1875
3230
4659
542
2968
1767
1305
4863
58
119
2748
3798
1233
1758
4047
4892
353
2772
887
4944
2614
830
3955
1016
8
1940
4083
2022
4414
1465
3372
1461
3004
3944
2225
1845
4758
422
1258
2742
1996
1478
86
713
1224
2169
4327
4162
2170
2465
163
363
2186
374
3912
4299
3502
1128
1102
2589
2889
3113
189
2037
1823
814
3008
1258
1628
895
4621
1840
3851
905
1433
2379
622
2244
4842
4040
2131
4883
4218
57
3556
224
2135
3991
531
1575
1844
827
3954
2343
3758
4797
4723
1285
4537
2170
3710
4581
2104
1845
3411
3247
2944
2621
3343
4483
1444
679
2037
3118
2936
4967
1824
2538
1621
159
4704
968
4681
984
4924
2622
2877
1631
3671
736
2405
554
3089
2406
2933
2789
3356
4371
4009
1620
1718
4811
39
4546
2647
399
8
4221
2491
3623
1390
710
3068
2513
8
648
770
1381
1243
4676
4493
2985
2680
3429
1664
2294
227
4966
4948
1574
1511
1360
4658
2994
2096
2807
864
1971
3533
1271
1585
4094
845
3335
4626
3138
1600
1262
4596
3965
419
546
38
2053
268
330
3601
4542
2957
743
3480
2458
3196
3977
3091
2252
1831
1214
4247
4981
2140
2732
1933
956
801
309
3758
1070
578
1319
3333
3876
2664
928
450
2201
1093
3845
2251
2267
39
4512
3265
3177
3721
2406
940
4451
56
2436
1613
3888
4812
681
3719
4285
587
4600
4960
2940
3033
2328
3257
850
1317
4977
2848
4156
4021
2638
640
2771
1783
3132
2128
1731
3017
562
408
3691
4822
2077
4258
3830
4457
3039
163
2277
880
248
3849
1266
3837
1256
3746
589
1679
1576
2069
2683
144
3657
3178
4938
3821
273
3606
2822
1403
996
3763
589
1939
3808
2879
931
2697
1958
2185
827
3190
763
3767
3264
3725
2819
2853
1781
2082
4792
4553
2469
530
2524
3335
1517
2678
4600
2601
4947
1019
396
247
242
2924
4471
2893
4719
1988
197
1464
1642
4067
686
4170
2366
3497
1166
1699
954
2707
856
2985
4324
217
1307
4080
2440
1343
1354
3157
4234
2286
4829
3936
2812
1616
3871
2993
318
3372
4297
2070
3834
3369
4298
2155
4048
502
2155
4443
3016
2250
3222
3167
365
4090
1
4734
4433
4435
4278
1173
4013
3171
4796
2390
4537
1979
1819
14
3593
213
4616
1805
3013
4234
3750
1114
1676
3683
3786
2789
336
3880
3316
4738
2655
2389
1319
2788
4069
1465
2358
455
4825
1427
1722
3402
1035
2880
2327
4128
1569
842
1712
4809
1943
308
1486
3646
4745
4696
1174
4457
317
2596
1618
1107
1174
2149
2997
2397
2521
4995
295
2413
4415
1933
2271
1283
887
1921
1139
2147
3877
1531
163
860
4395
4945
533
205
765
4277
3565
4452
4508
4197
2273
122
521
682
2449
3142
1349
2322
4181
1712
1705
2887
3846
3443
3223
3700
1121
4392
1414
4722
4692
1922
3932
1409
475
2908
2420
585
693
3838
451
3161
4169
1666
1085
2846
3796
1755
1307
1284
4474
4527
1345
287
107
4364
1822
1951
4086
2038
601
1907
1623
2341
4402
2176
1746
1904
2826
1132
176
4493
2052
2718
4380
1995
1880
2707
382
4452
2283
434
4722
1605
691
2451
433
3998
4779
792
2815
2269
660
3628
990
1363
4513
1433
4083
1697
890
2471
4138
496
4683
424
4314
4962
76
1108
1007
4288
2842
790
2240
590
279
23
4873
2158
1861
3333
4422
4456
4739
4216
2225
3430
4604
3803
4139
270
4647
1278
121
3306
2685
3824
3733
4536
583
1540
130
1442
1641
2040
3671
2311
3942
977
2414
4923
2925
274
1739
4155
243
234
2437
4911
3042
2666
304
3244
54
809
2118
1841
190
3346
2952
1123
2041
1548
1179
3383
1432
3557
2033
3595
3570
2119
4355
4832
4117
1602
4914
4170
2697
4551
21
3772
204
4506
2498
1964
2992
3417
4617
2214
1732
4019
4970
1646
518
735
4933
3262
997
1154
3873
3900
536
4961
1862
3356
3025
3828
1516
1070
4478
2402
3020
1450
344
3291
1782
3008
443
3339
848
2481
1767
3425
334
3535
1477
916
4118
2256
4960
2078
3740
3467
2484
2151
1015
4932
1755
3012
2939
3216
564
240
3266
2153
841
4932
2851
4897
3355
312
3731
2982
3477
4210
2695
547
4521
1024
1074
2986
2022
2566
597
3696
3333
524
4195
4720
4988
3849
4425
4949
269
1974
1703
214
751
4617
2240
3608
4046
1286
4289
1522
1422
868
2488
4654
273
3788
2553
3661
4444
1412
1487
3659
4686
2756
660
4924
4646
1512
2937
2292
1763
1913
1782
1147
4884
981
3146
2003
2052
3053
2631
3704
316
3910
1151
2302
3668
2759
3423
743
2408
656
4643
1436
1667
1864
470
758
1158
355
333
4523
2120
2832
2571
2294
2999
1091
443
89
4248
4739
3546
4966
17
4875
1759
4094
4998
358
3392
1434
3290
456
1905
4995
4638
19
3042
65
1156
4567
1603
3571
1624
4142
3151
2639
2107
3615
1622
812
4138
834
4746
3465
4678
2530
2034
635
3333
4803
4929
2089
1521
540
1151
4074
3551
1595
4386
4587
3588
530
1099
1028
3397
4296
4732
3797
2895
2565
1736
2648
2101
4391
963
707
2695
408
4379
3758
1749
2743
960
1877
366
4262
2533
628
4522
655
3777
4669
46
4286
4090
4588
415
1210
270
3355
4275
1892
1223
3217
611
896
3855
1681
4635
3195
3451
1352
227
4606
2603
1593
800
4940
196
1524
459
4283
188
680
3614
2442
878
2094
206
3562
2337
2354
2518
2209
2846
404
1027
1693
465
2368
4724
4780
4978
1784
3349
3277
2214
1072
552
3739
1203
1709
989
2462
4048
2733
1321
1697
599
3926
3313
1463
393
4804
1729
1210
378
1242
1725
1609
3750
1529
3920
1921
1894
2472
2601
1017
3674
275
1898
4520
4673
2196
2731
4273
3045
2564
3341
3985
2332
4355
60
2352
4351
2051
1233
3914
2510
3676
406
1851
1003
2782
3432
4817
1264
3293
1961
2966
3254
3349
2037
3711
2852
1688
3429
4288
2659
322
2247
3506
2849
4218
2349
3915
1720
2429
2021
1128
1191
1416
1267
4779
3965
313
3983
571
4410
2509
3347
2318
1213
3074
2821
1843
4117
4575
224
4577
3732
1214
3124
3847
4017
606
1106
4277
1097
4271
3571
1725
3039
2333
2886
141
2235
4947
3645
4760
398
1827
1388
4042
1696
4952
4149
4406
1970
2613
1336
4707
1620
2193
1499
2045
461
3348
2024
237
24
4155
4560
4423
2087
2640
2295
3777
1306
531
2122
4332
66
2418
55
2125
4674
579
2732
2447
1774
710
4457
3643
981
1070
1738
4054
1124
1989
4251
2914
243
1433
3027
1861
659
2130
3182
342
1353
3134
1457
1018
2445
3689
454
374
2981
442
4368
2974
1489
3048
3122
4099
3977
3360
3407
498
3288
2859
3528
4312
4121
1
3156
4528
243
3306
2333
113
1018
968
4254
3727
2173
401
2697
138
3936
4811
1974
4158
1903
2927
1679
1472
3150
602
2748
4761
1471
660
1194
3061
3341
915
2853
3364
4830
4768
4226
163
2235
3213
516
1576
4248
1968
3906
252
1564
1969
2138
749
2013
1354
4054
3278
2105
1524
1716
375
4021
2053
1007
4406
4069
3376
3494
2636
4448
1020
339
4909
2696
2039
2590
2423
3617
2437
2563
1374
2949
3730
4261
4883
3644
4877
2636
576
68
1266
3200
2543
1746
2286
778
2161
3365
3008
2676
3555
3979
4807
2045
146
1104
2479
4162
313
2978
3471
1304
2398
723
103
2218
4079
1836
4366
3393
3698
4784
5
4228
461
223
4322
2163
1353
1897
3998
2686
3565
1010
4385
2625
2954
3846
2564
3828
2322
4735
4173
1219
1348
2193
4911
2764
2404
1998
2777
3109
4907
4050
4335
3249
3090
1179
2438
949
4627
4676
4678
4399
1585
1236
4685
4485
4045
593
2449
151
1079
682
1436
2191
76
460
3719
3962
504
1563
2611
2542
2391
4351
1217
2613
3319
1487
3697
971
798
893
1211
1818
2210
4443
1417
4817
4637
30
2013
94
4309
1415
1975
4319
1539
4601
16
3403
4597
2989
699
1843
3341
4179
1528
3404
4298
3783
2944
2466
3558
2707
2502
1705
125
2325
1901
3980
3890
3743
1622
3701
1681
1896
1344
3691
2059
3678
3899
3809
1426
4258
4844
838
2604
4232
3257
2173
806
2109
4594
4988
3554
281
868
3236
3275
1419
2512
1602
3036
3880
4183
1249
2598
2285
1045
1439
4063
3148
3360
1267
2558
982
1622
2165
3592
4329
309
3435
4312
681
353
3798
3385
1408
4556
4927
2029
4503
2444
2212
909
118
1596
4719
190
4215
2072
2211
60
3996
3597
91
3004
1290
3859
585
833
3868
332
1990
2341
1157
2077
1200
1224
2158
4732
2572
1213
4049
1106
3086
2171
936
4896
2087
388
2252
4413
226
1713
2718
2041
4453
3415
2364
113
3890
3012
4159
63
1170
2202
431
2596
247
710
4578
4561
2803
4731
1589
543
1583
2283
2306
3721
3526
974
2970
4234
4680
2050
1449
4075
2045
4658
2863
2058
311
1162
4393
3126
894
4063
2966
2829
1210
2132
2979
1111
3396
74
1197
4612
833
3739
647
1773
1526
3461
592
2025
829
4606
3567
4349
651
2206
2818
181
4192
2391
547
4315
4494
3538
1082
2246
1526
2767
3473
4581
2555
4920
2117
1612
3275
4830
2051
1327
1586
417
1479
4718
129
2395
1522
681
1890
3834
1297
3241
857
2702
2449
139
4524
1630
3058
4270
1486
2852
2523
3878
1840
1602
4773
3495
2276
447
171
3548
4239
2746
1062
4000
2487
967
3972
3096
223
1034
250
2365
1420
4358
4783
750
3415
2080
4263
544
3948
3349
1919
2525
4144
147
3579
4318
63
3030
45
1216
1403
3975
3921
1729
1503
2688
3912
3820
1320
4317
1752
3886
4419
4532
4593
613
2619
902
3167
3320
582
3954
1687
4881
797
3353
2874
4600
3705
4448
1663
1734
3338
3138
3181
101
1566
2874
1193
1946
132
3633
415
1032
799
3278
2855
2335
4616
98
171
2141
1007
4173
1814
1236
2417
4255
4411
2999
4902
1818
2298
882
1904
3241
3620
461
1001
4460
1684
4093
1833
427
4071
4999
3300
4845
2194
52
1549
2351
302
3479
184
728
4495
1829
3120
4067
1113
2605
2045
1022
2039
3717
3663
134
1245
3602
3827
196
4283
772
796
2004
2312
2484
2358
4744
876
4686
1294
3646
1246
2366
2222
770
4042
2110
1873
1644
3170
2941
42
4480
2802
3548
4405
688
40
1748
3408
2692
4635
3108
518
1296
2304
3811
1713
2301
3660
1535
3637
927
3195
4139
3989
2525
830
4534
2886
3413
2929
698
3960
518
2313
4026
372
3002
906
3459
1691
1487
4452
1744
3564
3051
2794
175
1773
2600
1721
958
3059
317
2727
3129
2470
1062
3846
537
4104
1455
1157
3020
1661
587
2653
602
615
1247
4389
3822
2936
1202
1301
2804
4995
4417
4311
1102
3348
4440
2354
1819
4828
3619
4802
2941
4203
1429
2820
4746
3843
4521
4066
3933
1107
4530
2928
1572
3722
4932
2326
3928
2690
3247
4842
1720
917
3912
2338
4569
3363
2741
3747
1856
774
2799
2106
2442
4840
4870
3254
1286
1128
979
4946
2810
4049
922
4329
2655
4007
1770
4351
3244
2296
812
3010
4566
199
1379
4642
4568
727
4460
4460
1748
1997
2626
1718
3984
4481
2598
2767
2397
4686
4370
1234
3079
2398
3760
711
3538
1688
4543
716
4667
752
3841
518
4654
3571
778
845
929
3778
2688
3409
2990
4349
3488
4832
4822
3185
4920
4868
4072
2711
2784
2078
4278
187
2623
3925
3456
2972
578
1899
4790
4383
736
4075
348
2897
1229
2612
2867
4279
3857
3875
18
421
3920
80
2235
826
3850
669
4346
1849
3903
1087
2178
3206
4220
3456
1437
4090
3727
4280
2769
2482
553
3311
2069
1292
4768
4632
1396
4910
718
4142
1470
1397
4591
1379
1880
4354
350
1808
1322
4247
22
1418
2786
2066
4587
2565
4800
4097
4335
3496
649
1159
1748
2162
4837
1858
1067
3468
4518
3046
2799
3274
3587
4500
327
1086
2443
4593
744
1980
1161
2816
4653
81
2561
3639
4059
3347
1088
537
206
3931
630
4619
3176
122
2644
2348
3122
734
2867
4575
3906
211
3156
2692
4443
3068
3673
4582
1420
2929
893
2962
2432
3156
3198
1164
1909
1094
4001
622
4108
2414
3670
1752
4532
2573
3162
4223
1359
23
473
1048
3288
3834
1333
743
137
1930
3993
4873
1138
2262
4751
4163
1650
1469
4487
4531
2859
1636
298
1706
3413
2799
2920
882
4005
1805
4171
2632
4014
3627
4657
3970
131
1486
3119
846
1335
2998
4709
132
1126
2717
1932
782
3065
949
1611
3126
3950
4005
959
4368
2958
3588
3014
2264
2957
384
3422
3524
2919
2272
2403
2389
606
702
1812
3370
4722
1811
4203
3484
1875
2162
2321
2215
2105
3521
4741
3450
583
2975
614
3523
4134
4837
3573
275
2855
208
2238
2615
3259
2016
2371
3597
1772
4967
2213
471
3642
4092
4290
1029
3980
4388
1036
1748
2375
4691
2755
1161
4989
1240
4636
1074
4201
1335
4257
4996
807
1306
489
3078
417
3984
236
4075
2539
2271
556
2419
1798
1989
3765
1548
4913
1284
2439
3599
2495
2247
1361
196
913
4180
3506
1095
2826
2929
476
1084
1095
3556
4933
2541
4667
238
2479
4768
1679
2043
3275
286
4095
2470
1377
24
422
2026
2796
189
1504
1043
4884
2501
700
3081
1861
3030
2879
4649
300
4290
4970
2364
391
4034
1571
4673
947
3552
3403
2537
3352
4513
1445
2557
3694
802
3733
2890
3151
1426
1200
312
1873
16
4367
3676
4760
674
4624
4066
1645
2094
587
365
1771
2460
4990
1154
4020
4513
4379
1690
1527
2792
4198
337
1777
445
3227
1269
796
1097
4077
963
366
1637
3269
4533
1479
2939
3953
2856
80
1288
2150
4982
1860
1038
3795
4475
3481
2354
4311
4291
3015
2936
3302
4266
2610
1536
3457
1059
2581
3005
2653
3282
4479
4905
2408
2312
1623
2245
171
4952
444
2593
2110
4443
2510
667
1728
871
4496
1928
4463
638
4817
1144
991
2538
3338
4529
3903
2875
2385
3497
3262
602
1718
4054
4163
2204
1961
3589
1793
197
654
937
3468
2751
2215
2038
60
1890
3962
1624
4736
3788
4833
1432
668
2825
2646
3528
2455
1490
1398
4920
4901
4078
2852
1143
755
832
3696
355
2002
3928
582
376
4251
4155
4958
1842
720
3546
4625
354
3224
196
257
1665
2560
1029
786
1185
733
3014
1669
3470
135
3461
2081
62
2251
4965
4795
293
2269
1730
1079
2615
3214
4024
846
4283
4032
2426
2716
2899
4944
2899
1515
3401
3579
2432
3117
2165
3830
4149
1690
36
2624
1572
3149
2587
407
3928
2141
2342
253
4354
1850
3334
2755
3815
4891
588
3726
543
960
2385
3107
600
3143
2962
1973
4843
642
3663
730
1560
2128
4007
3107
4568
4279
3113
4663
1205
1948
2266
2430
3999
14
3615
2455
1578
1383
3419
884
2261
4183
3683
2518
4066
4537
1113
4507
1267
1340
1884
2181
4622
2188
1758
2128
658
3956
3203
3831
200
1342
435
1799
4796
869
4784
708
2447
3723
1661
2390
1776
952
1495
3254
4805
1996
437
1867
4485
1634
3879
4573
1021
4985
2101
1335
3586
1715
4408
1742
4703
954
2157
1508
3337
2543
666
4984
1234
2675
1481
105
3349
1536
708
27
16
164
2537
3634
367
4435
1546
3665
801
1108
3373
233
35
1047
4297
876
1998
906
4726
3075
4194
2305
1230
4274
4290
1771
94
1561
2551
3880
3998
952
3401
1897
450
2303
4307
3311
2051
3534
4675
1856
818
860
3569
2955
2503
3713
2940
1767
4889
3543
1544
431
866
1361
2897
3857
391
2361
1174
451
507
2153
3533
4507
356
2697
2073
3360
497
509
97
2687
1832
1450
3711
4524
4211
1123
4181
2989
4830
1716
4964
2750
2743
4387
2792
4655
1977
4697
2647
1634
4306
4244
91
507
4598
2218
1978
2765
2999
2902
3600
4603
3142
4032
438
4220
1023
4098
3191
1173
1896
679
4212
4354
1481
4226
1311
2961
2904
2619
4895
170
4816
4512
4018
2522
3915
2015
2645
4247
1262
4268
2305
3404
3972
3039
2620
1821
1798
1175
2898
3899
1385
3104
3491
4184
633
1733
578
4140
1578
1910
3618
1161
1920
4716
2049
1690
287
2835
4765
3478
1854
3894
1966
93
892
1773
3599
2761
3577
4919
2803
4767
387
4097
3747
487
3567
1806
580
2328
1359
1611
99
4339
2001
1464
414
2996
1789
931
3621
3625
4979
2386
4853
888
2104
1110
3088
2850
2721
539
4161
4504
2622
1808
1279
1152
3331
93
2756
1240
4172
1657
2486
2655
2387
1946
3853
51
1456
3555
402
62
575
1027
3129
1796
2978
2719
1710
3587
1626
2207
1050
1341
3649
2401
4963
4315
2078
750
1323
2640
2124
3997
3468
4624
16
3597
3985
1016
1408
325
1897
3040
4575
4404
3256
2354
771
1904
2419
4416
670
3543
2516
317
1400
732
746
4631
2682
3909
870
4639
4737
4204
4093
652
2236
3007
4893
4083
1879
4688
2256
2972
1717
1890
1299
489
2856
68
2570
1611
2235
1940
2306
2278
4316
1991
4387
1790
4363
839
4252
2056
833
513
2173
254
82
2550
4417
2873
3613
2791
2228
1021
3403
1218
2592
3468
785
4846
104
1292
3746
1031
463
2665
2035
3013
4529
3860
2116
3041
2195
3135
4125
3610
3362
4863
4994
4284
4211
183
217
3029
3331
4782
3675
462
993
4305
945
2694
2339
889
30
547
187
645
2913
515
2446
4820
3398
2328
4336
3783
702
1895
2970
4585
1426
1201
1284
1105
3781
2510
1642
3351
2670
2313
1890
2295
960
1655
1443
3456
1916
4428
3955
4239
860
3559
3556
2621
547
1435
1571
2700
3847
315
4224
3269
2099
2729
4548
3445
3787
1984
2285
2524
1351
1193
2569
2740
3981
311
4938
1817
3728
1760
571
1278
3718
1758
3777
1784
4991
2822
3010
3644
1522
2266
2606
881
4260
4189
798
3694
4878
330
107
1239
1268
2120
132
1301
3522
1266
2009
4533
4516
1772
4004
2121
2246
4612
2437
4946
2149
152
4352
2925
4555
4544
4928
3467
4449
977
4169
4275
4653
4703
1564
1280
4643
3673
476
4359
1559
3966
4887
143
1680
1588
2955
4553
548
755
2852
1187
3323
4472
551
813
4966
2945
3254
3234
4902
407
4552
924
4390
3885
1132
296
3615
3813
2121
286
3017
3261
2033
4039
3021
4982
2867
1711
3105
1734
946
3346
3770
1171
2901
2135
2380
686
1046
4680
3624
2974
2251
1738
4675
529
1096
2703
1139
1940
2843
2212
3987
2820
1333
2537
1048
1230
2726
2520
3232
4505
3889
1321
1046
3652
2392
3212
2178
1016
499
295
3462
643
4142
1114
126
1998
4312
452
235
3438
4868
1031
1237
1546
3602
119
4660
4861
1188
2003
4479
3350
1568
3469
4575
784
2758
4722
4706
901
1624
316
3237
2708
2305
1554
4205
3665
1742
506
4538
497
2898
1329
2089
3280
343
3680
2774
3509
4613
4839
4892
4100
1455
2016
1575
601
1019
1529
4577
1946
1646
1918
2842
4109
704
3595
3626
1297
3857
826
3627
212
2879
2455
84
2378
2386
1993
4814
3668
4643
1200
2796
4431
959
732
2893
3017
4857
2682
3061
18
562
1895
1179
4360
3118
1608
1631
1828
4094
2799
3298
4074
4683
1913
1999
2291
4466
4831
1495
4072
1633
2020
4861
344
4746
1232
4920
4014
556
1263
4928
951
420
4764
3706
1807
3142
4965
1151
2280
2768
1531
559
2049
412
1054
4965
3401
4089
507
3750
3471
4716
2368
4719
4366
3000
1703
2541
3885
2177
2067
107
3955
2715
1125
3155
3902
2498
1059
3766
2578
4434
3220
296
3569
2019
194
975
4193
2373
2806
3429
610
862
1096
1116
3540
2460
4831
3445
4837
3250
4026
4420
1828
4045
4825
4435
48
3255
4133
3143
3026
4647
1593
1400
323
4500
4179
637
1961
4332
4955
1484
4540
766
257
2594
721
3112
796
3210
1519
2802
181
2759
3671
914
3519
1241
885
3875
2945
4817
3233
1149
1935
4318
4820
4129
2868
831
982
3475
3945
200
1316
2848
4184
4642
4304
668
4647
3583
1851
4072
3718
2274
2661
3232
2989
3974
3958
4067
3744
1386
4137
4614
1987
4261
168
3183
1777
1664
4547
1091
819
3137
432
3513
2435
3006
4696
1046
4425
3783
4059
9
1863
947
907
3191
2922
1714
2224
3108
144
2498
4152
2688
703
2769
3198
90
2098
1255
4251
1520
2447
4181
1122
4041
2989
1325
3237
1486
1526
1207
1723
4460
2763
1704
2162
3110
1487
2991
1896
1137
4838
4461
2808
2286
4295
2341
2574
2120
464
3061
4831
121
566
2799
4439
2517
893
1798
1839
276
3547
4898
3800
2956
4228
4466
1479
2542
2104
2705
227
4483
826
736
507
3276
1632
3797
3256
2414
1604
4857
899
820
2161
1005
4956
1312
4808
4179
4872
1987
2595
163
4616
2563
1686
3173
1182
2518
4977
287
4025
3267
2225
385
4428
893
182
2873
1754
2625
4304
503
152
844
3681
3879
1243
4176
4758
1496
3394
2585
306
4054
4870
1094
1504
1569
1597
3577
3994
563
3629
4028
3464
2297
4589
4108
3051
1686
2341
2731
642
2753
1775
615
1700
281
4878
1893
3163
2092
3186
4151
237
1059
4117
2106
3097
3878
150
1213
2309
3523
2394
4031
693
286
995
4210
4781
2421
958
3420
3005
4676
843
4126
2896
4327
1778
1298
3668
1024
2959
11
3638
1432
791
522
3104
4685
427
975
4205
2681
4654
3113
2237
2705
3841
2637
1029
2664
323
234
3202
1996
919
4323
936
327
4225
1838
65
4531
3530
153
577
3014
2499
407
2277
711
4459
4981
433
1729
2852
3643
167
1502
3829
1460
3387
3582
3359
3873
10
3333
4114
591
280
2580
3331
489
4154
2571
409
3250
3898
4110
3772
2403
857
1855
4231
3637
4817
3368
2724
3001
3352
1891
4775
1494
3955
4311
719
1103
2828
835
2406
2816
1780
2308
3577
3216
4126
343
1259
846
3510
3807
1480
3341
4074
269
4148
3257
377
3868
1410
3769
2363
1700
4241
2245
3453
3526
997
3418
2546
2841
3953
4872
4439
2477
1461
4139
4230
351
897
4545
4893
4700
2319
991
3656
518
1892
1602
4954
1506
1133
2860
2798
249
2333
1380
441
2113
1549
539
4307
1929
3479
1161
2209
3436
3113
3948
4650
1540
4065
4547
582
3398
888
4047
4890
1954
1931
1718
591
2866
3676
3332
3573
1921
275
1373
1375
38
2390
431
600
403
78
2418
2702
3890
2545
4766
1250
1140
3799
2152
3260
4030
71
2981
3434
3329
2984
3475
3629
4856
2425
3113
1060
1219
1766
16
4337
4387
2023
3774
3422
447
3250
4390
486
1502
3037
2750
3723
4985
3624
2067
509
4509
3276
4019
4791
3466
2548
1894
4852
1959
833
3655
184
1356
2872
468
1854
1609
358
2548
1844
1633
4351
4924
2501
3709
1365
4105
4693
4429
2
638
4304
4710
2924
2583
2961
400
2458
1897
1517
3184
179
839
1624
15
1534
3267
548
4711
3605
1522
3738
2761
4832
1720
4348
1970
2116
3367
4569
3564
4239
2758
3552
4573
3739
832
2329
4528
4640
4634
2675
4467
4363
3910
3568
4138
4189
2439
4111
4291
4852
1337
3042
4454
998
4018
2458
2803
59
3860
2914
266
2007
4878
3011
3171
3618
4755
3951
831
1509
4123
266
4194
1995
4095
3306
2605
3671
3705
4962
4092
1133
2440
2500
1402
1359
405
4411
2793
2498
4092
3186
1808
559
4309
1060
1639
3115
3573
3213
1506
4161
3879
3483
892
3251
4167
3617
2209
4754
4457
4607
3510
807
4360
1698
1724
2923
430
3546
2499
458
2338
1367
564
2487
265
4259
3926
2600
1103
1276
4057
11
4599
1394
4716
426
1876
798
1469
3421
1820
1122
3156
4226
4035
4350
1279
4546
1222
1307
2877
2814
2320
2547
522
3099
2532
1509
2547
4700
3426
1307
2014
159
4675
2420
4685
2440
1857
2523
3847
3151
2540
1221
2841
1616
4292
4706
80
3935
2409
1476
1734
2041
1734
4550
4466
130
3209
4869
3930
1320
2813
4949
4324
100
919
4287
3093
357
3617
3326
300
4432
4930
2123
4325
3144
1155
4369
2576
2691
3555
2457
4329
1039
3569
2861
3856
3504
1221
1588
4881
3489
4808
4615
1284
4409
2048
4531
2210
2722
2346
3030
1582
2365
2602
4930
68
1624
4150
527
1293
3712
1014
1083
4916
3404
585
2594
1469
235
3129
1793
2326
480
230
4497
4649
1528
434
1194
2525
1052
3488
1776
3374
4983
2513
3193
4782
2538
2098
4136
4462
304
2034
3613
2489
1184
1280
893
4116
451
4617
3552
2725
546
1906
2313
161
2594
540
271
2383
1548
2827
4422
908
461
4457
4180
4713
1479
3087
1266
2638
2515
975
2333
4644
395
283
3459
3676
2711
4343
2713
735
1162
2702
2607
1359
431
2192
2200
713
765
2605
1581
787
2545
4680
3997
2524
4456
4444
1450
1863
4260
981
4638
4706
4950
3738
4435
2568
1450
2418
1572
2645
2981
3413
2825
232
4313
2989
4231
2596
1881
1575
3302
2237
82
3774
1708
457
1798
911
1779
460
2741
2734
1267
3562
2866
1332
3231
3867
3798
3072
3662
1940
4212
4621
1653
3558
571
4529
777
446
4128
3792
2391
3310
3669
2618
2153
931
3148
2002
3338
4124
3721
452
2711
2777
486
2900
1814
1398
1433
98
2170
1029
4624
2922
3725
491
4542
1220
3196
1180
4272
2677
3737
4120
4823
1947
3887
3080
4243
4395
1296
1976
4210
3610
4024
241
37
3222
3085
1179
205
3527
2051
2523
2704
788
4622
281
4056
3722
3345
224
4767
2743
4892
4598
4656
183
655
3974
2920
4023
3033
4399
2669
607
2829
4650
4692
4785
4190
4610
916
3127
2228
2638
373
4193
2673
789
1816
3006
4708
3063
1183
1095
4721
1766
1594
4857
1899
247
4455
4094
4297
4903
326
3148
3732
212
1987
4655
1300
4995
430
2681
4646
1467
175
1110
3593
3621
1576
1766
1383
219
3888
561
4971
1293
4994
2589
4187
3634
4047
879
3999
1812
3084
3964
2692
770
3562
3740
3950
3745
4367
4097
4284
1564
4453
4959
1815
912
432
1835
3783
3079
320
4435
2124
3185
2788
269
939
2489
4170
2776
694
203
2110
4153
3700
4106
2976
299
4956
2401
3247
509
1620
243
1291
2571
3533
296
1218
2490
4503
3680
1200
3165
3469
3295
4041
2203
2326
4114
2140
393
1895
34
3845
2045
4505
4054
2524
2922
2619
3051
4813
2879
1960
3578
2201
2101
4953
1491
588
636
4296
4969
4207
976
4606
3669
1131
2694
3996
3440
2056
3498
4855
3008
2363
469
4237
533
3354
4819
4245
3528
4074
2616
4899
2816
2471
3498
3144
1559
3234
3959
758
2491
1569
3459
4773
3820
2688
3561
849
3238
4695
4825
4032
141
4292
1347
3540
1779
4675
54
185
765
1669
411
1974
975
4422
49
1372
2272
647
3664
4347
2036
2205
2157
336
4251
386
2036
2465
54
1293
3730
2263
3895
1681
1041
4643
3236
3062
3787
1779
2474
3260
355
2306
3075
3683
3709
3694
4992
4681
2520
1146
403
2871
1169
1203
860
3951
4088
799
4400
2554
373
4288
477
204
3436
3885
457
4862
1186
3193
2263
4921
2013
464
410
1129
1896
3228
3483
2860
1658
4320
286
2698
1306
2474
4939
839
3177
545
4562
2905
2282
3480
3408
834
2346
2436
1993
1066
4196
935
906
4855
2230
701
660
979
4697
3511
2018
3656
454
777
3103
3342
48
4199
3408
4324
190
4823
1491
1928
3030
686
2890
11
2237
984
4852
1590
2046
4079
863
2055
4029
4104
2829
265
3790
882
4262
3643
3502
2391
1634
1286
2116
3881
2752
848
2881
4782
432
3772
3948
3794
4484
2915
4530
2972
2510
1350
625
2900
1942
1132
2842
2804
2126
4457
882
3609
3811
636
1170
2517
1281
618
793
1416
4853
1806
1156
1000
1930
4136
96
3457
4149
3070
3876
2944
934
19
4828
1464
27
982
3744
1185
3131
1551
3279
888
2778
4837
2381
989
985
2599
1525
1063
3622
519
3173
2772
1243
115
2641
4207
4204
3321
3786
4903
4787
2154
4781
3983
3855
990
2828
4301
748
910
4809
107
4508
3325
776
1928
4269
4888
2504
4066
3098
4467
4125
3790
2472
4450
1792
1645
588
1029
1506
2587
2790
4078
2837
3846
866
1701
3525
4520
3756
1639
1640
3990
2428
288
2252
3062
120
2801
2717
4106
4146
834
1257
850
3622
2406
4620
208
106
3808
232
3337
2647
3632
4769
3393
2712
4210
4622
4443
4617
3837
1794
3686
4538
4899
1578
736
674
4932
1557
2323
1302
1639
2944
4140
276
551
2652
1857
161
4559
4330
4148
4053
3058
4217
4535
4277
3123
1422
4964
3070
4578
1561
1478
2891
1387
100
487
1576
2732
4757
3902
108
4512
746
4252
1784
461
144
3268
2659
2924
1293
4404
4821
2592
2242
4284
1303
3896
1085
4257
3977
4118
578
4006
4267
3328
1304
4206
2443
1877
4500
4842
1636
254
2322
605
4680
3901
3793
2533
1333
1344
4909
4943
4178
1278
2983
852
1893
139
1124
3782
876
1437
821
1767
3646
1720
905
1006
3355
3448
4886
2118
4007
4827
4201
358
3200
1035
1086
2587
118
2506
4849
4129
3400
2087
4546
2341
17
4035
364
1339
439
2280
694
3862
2328
1227
3445
735
4991
102
900
3339
1669
989
3251
1493
945
2502
457
2615
29
943
2610
749
4045
4918
3137
4913
2895
4460
1049
2141
1412
609
1182
834
845
3711
752
2612
172
3328
62
2023
2635
628
2407
1372
4249
3957
4062
2626
3990
3240
229
2956
3730
3506
4333
792
4557
4627
1507
952
2281
1151
1900
1574
652
2564
4428
3384
4183
4566
2212
4220
2625
4152
754
3778
1244
3337
4889
2301
3
979
3575
3470
4016
2987
157
4919
2731
2521
3737
4244
4141
4578
147
639
1006
2631
756
314
3072
1841
4382
4512
3285
3825
112
923
4825
2033
497
3680
3931
1860
3795
249
3656
4658
2319
1448
426
1122
453
915
159
4112
4119
3610
4658
4596
4449
4604
3814
2401
2832
2171
571
287
2053
4787
2420
2580
1893
3390
4170
1737
729
3445
2797
68
3445
3547
448
510
4192
3169
831
695
2289
1694
1790
4647
1262
4927
2954
1472
3870
1700
1007
4659
629
2908
1
4930
4852
1469
3659
3650
2052
4989
3607
3105
4052
1947
2495
1557
3922
2568
3668
1936
3903
4252
4596
4597
4726
4675
1302
66
4760
3184
4324
878
3709
4016
2784
969
2295
1495
1060
1222
118
456
4328
2314
3073
2902
107
3119
3529
1836
2964
2254
4913
2559
1420
3596
1994
1658
2421
8
4840
4730
3971
1861
1998
401
1398
2292
1691
4100
4872
4627
1909
1256
3522
2640
4813
1865
4914
3046
1047
2643
2333
2198
2098
2958
1961
2264
1752
300
4552
1868
3213
869
4472
4934
147
4434
3494
1663
3119
3062
4321
1937
1435
1319
261
360
2128
283
1288
1165
1173
4641
3422
2947
2855
2390
4698
610
1266
44
1255
1715
3222
4620
284
1270
2696
2467
3401
4222
1853
4177
472
4582
2474
480
3439
2909
3363
2396
1497
3538
575
3710
9
2521
4319
575
1240
1304
2219
773
4902
3381
4201
330
96
4941
3590
1860
2894
4766
3558
369
93
2108
3762
4686
4250
4273
4376
904
3475
1578
623
3737
398
489
3698
4739
3094
4236
4031
1874
967
4900
2766
450
4973
2858
2578
2848
1362
158
4577
4884
3206
527
4985
4989
3814
4301
4256
1509
243
2895
554
1139
1754
1997
4114
4156
1491
4490
4096
1216
3938
3620
3059
218
1843
3162
1516
481
2480
1821
4018
3626
2518
3124
1206
3437
2982
10
4796
3614
3775
4950
290
3684
3751
2108
3768
4763
2466
1495
4924
2556
3714
3751
3327
1344
4757
4439
371
4721
4052
1249
2554
1514
2526
2439
1921
1515
1335
3457
4082
3413
3433
734
1833
1639
2112
2592
2557
2813
4735
2291
3040
4350
598
3563
39
1029
18
2942
4803
4715
1021
823
1313
2510
2661
3401
581
4583
2916
4453
726
3742
4913
4594
3563
2072
559
2369
1274
1879
1302
1822
679
3752
578
2867
671
3910
348
663
2264
1921
1405
2560
3434
4612
1859
4027
19
4386
1861
4081
621
1592
3017
4468
1656
2208
3140
316
2226
2981
3358
1712
3529
4124
870
2557
2125
1065
2270
496
2225
830
2910
3874
2396
2307
1080
1961
1263
347
4506
2935
2529
1141
4656
707
448
1241
3451
115
4695
3898
4141
667
4614
4998
4309
117
1555
2855
3433
4319
4243
250
4239
2683
1575
3554
945
102
2131
3009
381
1032
1414
1925
4133
2746
4412
4784
483
2401
3452
4332
1292
4041
1872
4774
3718
4002
226
4294
1719
2856
3172
4802
4960
944
3227
4375
400
379
1564
4422
1846
85
3041
2672
117
4815
3620
2956
3404
2712
2656
3502
4015
1283
3412
1542
3427
1590
4992
2901
652
3823
1332
4907
3737
2429
3133
1008
3939
2520
4332
364
2065
1617
3006
4785
1370
3467
4904
4939
1661
632
2610
1570
1875
2537
2292
2178
1699
2104
3274
4676
2012
4704
4552
3387
3573
2689
3367
1941
1166
1984
1384
2404
3514
2161
1208
1582
2779
4587
3664
2949
1791
3666
4864
1514
741
2030
172
12
3374
4302
2129
4321
2325
4936
1731
3581
2806
583
4120
4992
3838
3701
4580
428
3396
3005
1328
3255
805
3188
2452
1761
2391
2430
519
553
1141
4451
237
3996
2698
3960
340
573
4376
3459
2685
174
3234
2755
3641
2267
2661
948
4511
2673
40
655
603
4727
3115
800
4926
2891
1402
3678
1238
3899
4926
1701
2318
4649
3416
3918
3433
3257
2584
3334
231
1458
4621
3614
4013
3444
4258
487
2855
1664
133
2575
2342
213
4672
1390
1499
2594
504
4688
2641
2898
1519
1919
3919
1973
2751
690
2947
3235
2299
3985
661
4096
4534
2319
2916
3099
2293
3776
1462
209
3161
434
4924
348
2875
3169
4667
24
2291
1074
2222
677
2692
1253
2164
1905
4499
2458
3109
4363
3860
87
2796
2197
1913
653
1062
1526
224
3010
2587
2100
2130
875
16
1104
37
2596
3391
215
3656
3835
4825
3064
4701
5000
3343
2557
3999
226
1651
1878
1849
4049
3733
1410
2633
2838
3005
1825
489
1987
1824
2517
883
4653
4571
1311
2597
3457
1141
4787
577
2102
1541
4255
3166
4918
1343
3189
2425
1474
1195
1000
325
4985
2746
2458
2768
3273
2365
1310
2049
2722
2414
2570
973
1060
867
784
1897
3861
2228
1503
1486
4759
401
1603
2394
4700
2490
2181
4203
4731
131
1441
551
2153
4127
2991
1716
792
4785
1555
2354
2304
1560
875
4677
4126
1632
4275
3172
253
355
1942
908
801
1224
1661
3440
483
2946
388
4524
1822
3578
2495
2157
1797
3433
1884
1506
1997
1894
527
3757
202
1953
3662
567
4011
241
3105
3565
4639
4859
532
1642
4360
3211
427
152
4032
535
2164
2596
870
2748
3158
2234
2774
2170
2227
4647
4956
3296
4618
2154
4276
1588
4295
4346
1425
808
4984
3176
883
3608
3972
3182
1743
4528
4146
305
2087
3698
3485
1742
3537
3920
4555
477
2590
4790
715
1627
2590
2667
2828
630
4488
4397
3960
357
4341
521
252
4044
4128
3313
1126
1898
4840
621
4133
2594
1374
524
432
2486
1876
2471
564
2419
3437
959
506
3756
3669
4244
2672
549
3522
2002
4750
561
1765
1937
1118
3857
4024
1496
3078
1738
305
548
2037
4106
1241
4242
2279
3071
2428
2589
1368
3006
4691
84
2381
4662
3986
4412
648
1950
2685
90
1279
2706
753
812
2618
1723
2839
3947
211
4218
3624
1768
3791
1848
758
1323
73
1477
1648
4410
3806
1221
2402
4519
4746
1818
4543
3977
3591
1679
1757
1832
1330
4432
653
3587
1979
4484
542
2294
715
3307
444
3434
2469
609
3084
4299
1234
2407
457
4753
973
2056
2709
225
613
362
396
1211
3539
3414
596
768
4176
2815
175
1442
2240
1215
4726
4597
1027
4985
3639
2944
2740
4254
4155
3896
3301
4656
3849
1797
2937
2938
4587
1525
1752
4463
3030
3415
4919
3090
4062
1893
4474
2443
26
1390
396
1055
4212
2629
1731
1160
2818
2155
235
4038
3401
2476
519
3708
1686
2861
1645
1600
50
4530
4727
1216
3839
2444
3905
980
1498
568
1916
2920
2277
2336
3150
528
2339
1786
4443
4705
3634
420
2922
3662
4973
939
4721
839
338
982
2389
4590
523
4455
4946
298
3799
3123
3772
689
1310
4557
1577
2976
4043
4902
4854
1180
2950
4020
2301
4272
3896
1915
1861
1368
1330
1373
2540
3624
1609
4111
4707
2029
3168
711
1642
3188
130
4074
4891
2715
4188
2386
666
4155
349
520
750
2124
2409
3448
1197
2744
3485
2144
3678
3513
1446
4497
0
2783
1778
1033
4645
691
2973
1600
4656
139
4245
2565
2875
688
3353
4496
2758
4769
846
4339
4911
1360
1385
4654
4109
138
195
4376
2742
2795
4667
1741
3062
4370
3918
1521
3158
4741
4028
4154
377
3473
1919
2647
2929
481
1860
4400
4908
4241
2505
1616
692
776
2742
3036
1657
2738
2195
572
1220
4243
1890
4675
2890
153
3652
1352
4267
2189
44
1071
2005
620
2438
2330
2040
3175
4124
742
4006
3613
1734
3390
320
4451
2166
3830
3469
1966
156
178
1480
3880
796
3879
456
1038
1493
3484
3237
1917
1654
4346
3670
3551
1601
1658
4403
2758
2550
1878
4684
1261
1325
1854
3992
1342
1764
3913
931
998
3556
371
4172
4288
2496
4792
4673
3283
1141
359
642
2170
1342
3957
2890
3895
4349
2297
3049
3498
3068
2060
1330
98
432
2433
1015
632
4346
2569
4539
2201
798
1675
1259
2674
4958
3143
4590
1962
778
2517
4474
1889
3938
97
1053
152
2402
3008
4573
517
994
1344
2911
1374
4432
2416
4803
4992
3942
1772
380
3513
2556
1908
2230
1163
1586
4707
2020
3625
891
1291
4485
918
4570
4547
869
4429
852
450
2902
1585
4588
117
135
1326
4011
1097
1333
4713
793
3920
4552
2840
4722
2635
4369
1725
1372
110
3189
2231
357
3671
916
3055
492
245
2976
3680
3890
3739
545
2944
1150
952
728
2521
1668
3946
2483
3901
2061
1239
1167
2763
535
3632
1096
674
3550
2375
3134
1157
269
134
643
410
4532
4767
2087
1762
1301
4387
3080
1582
2238
513
556
4824
3873
2827
4303
3645
3688
854
672
3233
3116
3355
3572
1771
4909
302
638
4988
1635
1476
3205
1669
2979
3592
1362
4595
2042
2105
72
108
876
1963
664
4993
272
3438
4048
317
1000
2637
2116
2183
2678
539
3851
3168
2371
3617
882
4359
128
3949
1295
1386
2147
97
221
3376
3302
3615
1488
1372
2914
3146
3154
3194
549
4969
1048
3323
1054
4534
4825
4813
2690
819
2531
2749
4979
4177
191
2849
3289
1265
4301
1544
4449
2127
57
2572
1241
1615
4225
596
4039
1180
4233
3724
68
1483
3189
3512
1508
2064
986
1328
3273
2070
1066
623
4738
2945
2370
1448
3733
2745
3783
4773
4985
1042
1898
3624
4636
4513
424
1512
1341
416
4872
419
2894
939
3570
4283
1885
1312
2022
4656
708
1916
1550
1259
198
4696
1626
485
1695
1395
2730
4613
131
3918
1829
1724
314
4604
4889
3497
101
709
3651
1302
3030
1410
2737
3750
2701
4241
2439
4620
3983
2041
1474
2079
1226
2995
2766
2079
4145
96
3950
2542
4146
3329
3801
1354
1643
697
3808
1006
4051
130
4752
1735
4839
3413
4016
1851
4173
140
2905
2577
121
3211
2241
1956
2639
1397
2915
2654
3732
2755
4602
253
3165
4905
46
401
3286
2222
220
3046
4524
1695
2219
2843
2995
3745
1953
1242
2682
648
1983
18
2598
2356
4064
159
2145
4957
197
1202
2613
1136
2862
1159
101
4703
3340
2282
3754
4856
4714
2555
1583
971
2607
2891
3537
1787
955
181
2144
1319
2072
1733
1349
94
4465
1556
4041
4411
648
1556
3261
982
2725
1178
215
3801
4162
2170
233
2258
18
839
2843
931
985
1688
757
4693
1234
1102
4371
1727
640
3271
460
830
3083
2011
2610
3725
3588
3212
2956
507
1014
4479
2357
2309
845
2616
1289
3221
2127
1520
3733
469
3561
1998
1893
261
2290
2197
1797
635
2662
2671
3112
2618
2108
4826
4331
4434
3497
4184
3155
144
1579
638
1162
4754
848
2432
484
1089
587
1830
228
4120
2798
3557
4634
4472
3589
1857
1217
1347
4969
3510
1627
4531
2974
2609
461
3046
493
4619
723
3340
999
3854
2527
3248
1263
3469
4263
1623
3124
4911
4385
1813
45
2220
1770
3186
3546
3883
2898
2137
3947
3469
4705
3426
4698
2168
277
3357
537
459
2501
3290
1085
2649
1174
308
750
2536
201
3343
804
188
3692
1411
1777
1889
1740
3201
2404
4692
943
4181
3269
4085
766
457
296
568
2232
1376
3593
1260
2906
664
1117
3038
1206
4046
1133
1038
1258
2386
1264
3902
1046
2434
1606
3041
3234
4079
3176
135
3948
3452
107
4737
1671
3892
3431
372
3902
2578
2205
3118
1392
4118
3518
4404
3250
1096
3633
2412
4561
3647
69
1735
1024
460
1910
895
2718
4457
799
3467
2828
2546
4217
4532
3691
586
4549
4140
746
1468
972
2833
3124
878
1858
3716
4190
4654
187
567
1199
4787
1763
4719
3268
963
960
2816
4261
429
4060
1833
4392
266
2619
2206
3441
3709
4360
2725
189
1366
1397
71
39
4472
1092
1397
3447
4365
1512
4360
4937
1285
2301
3086
2865
2383
3736
173
1067
2390
1299
4699
2817
1768
3347
4400
3848
1302
1146
3701
1083
3497
2594
1339
1132
658
4031
3664
4596
2032
2549
4900
1126
1888
279
3961
1267
2276
4467
4044
4086
1935
3226
3718
2455
84
3168
4367
2399
875
3380
725
1837
4759
2512
1423
2779
4180
1977
1685
2945
2342
3498
3505
3764
2877
3760
122
1695
4472
1470
962
1517
2026
867
4325
2603
4640
4786
4736
1121
225
271
2720
1524
1503
688
2699
2371
290
3922
2478
3542
512
3489
3587
3356
4284
4676
4990
1823
4677
2574
2523
1864
511
1345
1785
2419
1753
2122
4719
171
1308
2407
4087
1491
650
1161
4663
3329
2767
1914
1822
534
3430
2277
940
1276
2684
2192
3841
686
3
797
3144
4036
4027
2555
458
3315
2694
4871
1381
4318
1348
588
4078
2629
2472
4535
3205
1455
4333
2160
398
1914
3150
1115
4208
309
1327
2726
3100
4210
3548
138
1087
1329
2025
4408
2134
2191
698
2357
420
412
3797
4307
2212
1896
3159
3069
3403
884
3135
2684
1255
4397
4232
1301
666
946
2361
1850
982
240
1738
1927
4130
1624
4646
388
2470
230
1208
4402
2818
1146
1391
4308
3135
2689
1095
3466
3728
3696
4136
4144
3643
2396
3713
2386
2659
2446
1432
2853
195
3805
4039
906
3848
3990
3290
2204
3159
3697
2452
4050
474
2907
980
3320
3742
2023
4786
47
1593
407
3898
1606
4828
828
1107
3660
15
475
2890
2711
2017
1129
120
329
4372
2520
4320
2692
319
4214
1360
2358
221
489
4744
3647
318
3342
224
2695
2164
4036
179
550
630
630
2647
1433
4171
2201
2850
1217
3392
783
2767
3247
1860
4701
421
1413
4465
2337
2824
1335
23
1163
3659
4461
190
1026
327
2119
466
3495
2900
3897
2948
4901
2716
4916
1949
3155
4961
389
3066
2272
2567
1302
572
993
802
3932
2011
3341
927
4963
1498
514
1706
3734
2230
3454
3585
2536
2816
3574
974
1932
2007
1806
2949
3825
3988
11
2147
4008
4753
2789
4282
4568
2895
86
4223
896
2310
2014
3389
1149
2495
722
167
784
20
3642
246
523
594
4895
3966
622
40
4562
131
4932
1957
3938
4379
1233
2277
791
1331
4207
4975
878
4612
121
2774
1898
2482
736
1089
572
2809
263
2020
2826
3039
1797
1130
2805
1059
2138
879
2896
4320
2217
2223
652
2456
2527
2817
377
3411
3159
2934
2001
1978
4761
3465
3188
1964
2460
2052
466
1071
2631
4689
3370
2101
2823
2087
3797
2812
628
3012
476
2345
1107
237
1018
1571
2596
2381
181
3658
3637
2561
4049
2529
2822
1555
83
99
882
270
1147
1983
4045
3889
3808
494
167
1099
1042
2741
3963
1513
4402
4573
1825
3917
2003
4617
1247
1253
3111
191
753
3761
2643
374
700
630
2112
700
355
2134
2916
2055
2250
1050
2209
2849
4069
903
1968
2590
2328
1997
3504
1106
2123
1387
581
1839
2522
3169
2976
229
658
302
4947
2949
1186
1041
4321
246
1320
3732
1361
1330
2836
4699
3681
4963
4664
4095
4207
3393
3600
3622
2239
1292
4986
4117
2193
3421
1041
3800
3127
624
2050
2076
498
1644
3168
2255
3363
1262
4923
2329
3579
50
1507
3053
1892
3248
2566
2704
233
1447
4818
1540
3400
4008
1966
4038
857
770
4239
2839
680
2259
2447
1864
4232
998
4682
3250
1768
2983
3156
3094
4555
355
4499
1353
2565
1420
3963
228
3229
4712
2689
750
2800
1007
292
61
3639
3162
4578
4322
1590
3382
1081
868
4087
914
1700
3660
4584
4898
3192
4526
489
3370
843
4035
2660
181
3692
1606
1356
2927
559
2967
1062
3326
3487
117
1660
3999
3051
4002
4416
4236
4938
1538
1825
4261
1660
3920
3282
2495
841
1161
3476
1450
2360
2424
468
157
962
607
2512
321
4074
1698
4031
2210
2788
681
2467
367
1779
4352
1144
4371
1499
2268
4828
4482
180
4031
4418
1522
1604
494
883
925
4263
2027
1201
2729
3064
4150
3988
3417
3592
4392
2693
2657
4824
3223
3183
3334
2594
1019
3431
3436
1563
2137
4286
2614
4543
3663
2671
4030
2812
1434
142
4036
1231
4401
2153
1581
1666
3773
2132
2958
2155
2346
2092
741
121
2829
1647
3497
3087
1081
708
3346
3183
1781
1494
3645
1620
3338
1377
1156
3766
1263
1319
297
4354
4282
3259
4329
3698
3258
3356
3734
4686
3519
1432
3226
1358
4351
4146
172
3404
2842
4625
4283
1280
249
1487
1165
2527
1490
789
1419
1882
2481
868
65
460
4479
4649
945
1960
1694
3397
1991
1047
4912
1576
2564
2985
602
2630
1980
4798
3871
1772
1845
143
115
3841
2116
1972
2037
4938
4561
2128
3365
1607
3136
4965
3988
318
3185
10
3158
1063
4788
443
211
4185
1147
956
3529
2632
166
3440
4601
2390
604
3620
3121
1396
3802
3345
865
761
549
2502
2528
2755
4648
4319
4534
4293
4742
4775
4804
572
1704
2088
4364
2029
1174
4483
2716
4551
3870
7
4892
321
4770
190
4664
1494
4147
2428
1681
4848
2866
4694
1763
3418
4118
1806
1349
1689
4072
4095
3067
4099
442
537
3446
1685
4474
911
1701
4738
3261
4798
3475
4955
3106
996
1122
4446
4397
2413
1722
2441
1632
1548
4399
477
2719
3641
1278
1148
3022
4574
3839
1987
2961
4028
515
1333
647
3886
1165
940
2106
834
4764
3751
966
1970
1463
307
4955
4615
4703
4063
2501
2413
3675
2200
4080
679
196
1135
3957
1010
2854
1074
3101
1679
1907
2685
3084
3011
2904
1506
4889
2603
226
3122
3633
1356
1254
120
4318
4297
3370
1053
3660
2315
4283
1201
4663
352
1752
3250
1916
3557
619
853
2328
4078
117
453
3385
2751
3883
1302
954
2754
559
4280
4846
303
4169
681
1482
2208
4720
3540
3998
3449
4359
1021
3938
201
4555
1580
2019
3999
48
1166
3248
618
3254
164
385
2540
1903
1578
280
1827
4823
930
4955
4744
1075
628
1253
4074
3065
4298
2761
4567
1848
3130
4465
3489
3302
3522
3869
1844
345
1564
4569
854
4810
4297
826
4772
4432
3759
4687
4329
4591
2190
2221
4284
2267
3153
2540
4893
2013
4346
1308
4097
304
2409
2645
4074
1686
4500
1180
4584
3313
3618
2855
1391
3130
2784
4555
3219
307
3478
1666
926
2034
202
4948
4699
1288
2915
1103
2368
2543
1482
4210
3808
2702
1343
3836
38
3305
4623
2172
2560
2344
4813
4501
3386
3104
1096
855
4154
194
1474
1777
2410
655
3975
451
2744
2272
1894
2222
3959
1372
3539
1755
2393
3104
22
1469
2479
2679
1926
3481
4361
1662
2834
10
604
2957
3116
4102
4302
1027
1942
3396
2057
22
3591
1732
2546
2431
3168
2866
2444
10
1481
4966
2526
3864
1847
1099
3146
3967
1514
1511
1472
4965
2005
3559
2850
3568
2838
2371
1055
4577
2680
2919
4676
1812
4390
3831
3879
766
1370
1580
3990
789
1451
1091
534
3479
1567
1846
198
4132
3906
1561
4760
3361
3396
1676
18
2963
2985
4260
368
4596
1640
3159
3257
3737
3663
3117
1413
4410
554
2007
1585
4237
4457
2552
3478
1227
221
1271
3064
1968
1356
2341
4937
1493
230
3424
4327
4081
421
4860
4144
2227
2222
1408
569
946
3771
946
9
4875
4405
4344
490
3506
374
1218
1919
2290
2867
2849
4594
800
4964
947
340
4000
1849
2743
851
2394
555
3852
3066
1647
4235
3644
3543
866
1516
4206
2365
373
2527
572
1862
2599
4689
3462
2393
53
4895
914
4783
1233
2848
4823
1746
4097
1259
629
249
1885
1803
2884
4304
3440
4364
3517
4607
243
940
4368
1541
1689
3759
2755
4147
3249
3192
4936
4623
3468
813
2142
422
4462
3690
2306
1116
2762
4530
1015
81
539
3680
3878
2377
907
267
1945
500
2509
77
4089
2623
513
2619
2259
3633
2982
958
1118
3415
2490
1375
4477
2857
4811
3232
2018
3267
1727
3775
2368
2117
3722
3548
3227
1618
716
3205
1796
4666
1344
3420
4284
2757
3768
1600
3824
4727
2993
2156
3987
4449
4125
1274
3343
544
3709
1098
1031
2404
827
1514
2723
3798
254
4558
921
2006
598
3898
2678
2300
544
3399
2774
221
2345
2233
2549
1528
77
4220
4426
1463
2447
1909
2756
758
2804
4558
609
76
3168
199
318
3914
3646
4190
4423
1787
3197
4260
328
3302
673
2826
2822
3820
1255
3790
3078
475
2514
2816
851
611
4223
3599
3473
2715
509
4607
4125
4497
2075
2228
3939
3333
3817
1453
1980
2792
2625
980
355
4499
3572
92
1429
695
1601
4579
574
3073
4285
715
1780
3644
2777
1612
3448
4430
766
3074
4681
2806
4930
333
3372
1883
3327
4710
2614
3619
3803
4990
2484
933
841
4268
129
1175
1554
2487
1147
3805
2464
1768
2919
954
1832
4095
3333
1116
2471
3966
48
4528
1577
3476
4507
4303
3696
3112
4464
1234
4168
546
2019
2953
851
956
4036
4522
1106
4699
81
3496
2791
3152
4463
3377
2862
4505
3445
1685
873
4592
168
3469
4642
3959
3052
987
1929
4773
2325
1034
2385
135
1855
3303
1166
3995
834
2498
4151
4293
4361
2173
2717
857
2935
758
759
4735
2996
1959
2341
1846
4788
3803
3683
2970
1838
1270
2541
825
1130
1750
3711
4506
3571
2949
4357
4454
1965
2585
314
288
2064
201
4988
2174
3370
297
4896
2133
1072
2437
1874
4320
3264
3202
1339
1395
19
2133
4806
3026
317
1321
1687
3108
3416
1587
3064
88
3761
1330
1142
3094
4106
64
1780
1003
1666
2131
648
1843
2483
378
4153
167
1263
218
4937
236
1832
3311
2319
3670
4235
432
2390
1151
1253
3672
3867
2037
2833
4718
1976
2971
4422
2473
4746
2735
2267
3086
2536
645
4722
3346
2076
1859
4874
2308
2110
2790
3446
1950
2045
3624
459
194
4499
2062
3498
7
120
1293
2363
2287
2353
567
2688
2512
725
1501
3070
3788
4737
817
307
73
3210
607
1182
4802
3653
2621
2957
3301
4978
2146
4819
783
4894
400
3817
1
4224
3842
127
58
4722
4859
400
3574
1088
3379
3500
817
3838
854
3558
2485
2610
2402
180
4169
641
523
4361
379
247
4899
1324
121
2986
2560
2337
1954
3689
2278
900
3238
174
55
978
1222
1922
3372
541
3404
3986
1214
821
750
4323
2637
2399
1347
381
3108
1061
1447
2896
991
3392
2144
4908
1682
3901
1656
3396
4773
1746
2658
1206
3111
2212
3642
603
4919
4740
3851
2271
3052
598
4587
2508
2737
3581
2455
2723
2982
3047
2196
1696
958
3025
3026
3199
4249
1310
4724
2480
3730
4489
1500
629
4179
2148
957
2436
4185
3351
3127
2812
1114
2688
4514
3104
2407
1470
3103
4015
406
3000
179
2243
1602
659
3470
306
3756
266
95
3061
4164
1299
2340
1648
2033
421
3623
2
552
2334
4751
1273
162
4187
3569
4310
3620
1009
1566
3339
1738
1321
4876
1317
943
2159
4073
364
1541
1582
2563
2120
3973
1424
4396
96
518
1489
2453
4960
2101
4124
4884
3073
1362
203
344
2550
3969
4156
3299
2132
1739
3448
2416
2815
2546
4524
3339
3921
695
1078
3534
2009
2890
1131
3439
2242
3574
3232
1814
1494
4167
618
4524
3148
4442
1633
1096
3826
1475
4123
1105
1061
4356
630
1662
4561
51
3112
4650
3292
692
4216
3808
1
4478
2889
3566
1813
999
4882
4136
2395
987
4992
268
1489
4901
1091
3372
1581
848
2897
4702
2954
2678
644
4451
1382
2702
171
4613
1921
4665
2737
1301
1824
3271
327
2239
4142
697
532
335
2742
1120
719
1657
3093
2147
1931
3561
4372
1911
2566
4020
2041
2580
438
3270
1449
3762
4539
3356
93
2471
2670
2111
570
4044
14
999
4181
1770
292
4478
1411
3125
1409
335
2738
493
908
2324
4156
3526
1896
1030
4470
4344
192
3924
4724
1254
2738
1338
4344
3208
3752
2995
3188
1692
3754
1580
2550
39
3026
1618
1726
2066
1496
1755
614
4256
1525
3134
2893
1874
480
2693
4750
4214
516
4172
2562
3144
2232
4409
868
3389
3222
2358
3885
4448
837
484
4746
3097
2790
768
3609
3789
605
344
2271
2459
197
4601
1633
3239
3692
720
2413
284
3027
3828
4547
215
1784
3452
148
2349
40
1376
542
1232
3426
282
1175
4825
3031
2231
4563
3910
3364
1749
4992
2573
702
3737
3743
4542
1310
3524
234
3794
2254
2067
1665
3412
2677
4790
296
2668
1844
3950
2004
230
4204
1661
691
4474
4258
3533
4258
2604
4154
4271
4617
487
2303
2770
4826
1168
4253
3919
2525
2505
4686
627
3214
3084
2548
2145
1155
3544
419
2653
4689
3791
1795
1083
188
3857
4299
1160
2468
2351
4078
534
4209
1699
3264
4651
1305
1278
1169
2964
2453
289
2392
1929
4412
1652
237
885
732
3679
2028
4212
3485
2951
3440
1872
4375
4703
3459
2138
2951
4344
1178
1220
1244
2451
1110
2591
4781
577
2318
4580
3201
2035
3144
904
3739
2546
1082
3329
1191
4304
2612
339
2353
3744
3163
3675
3294
3965
3363
585
2723
2560
4086
245
14
2901
2889
4783
3978
4738
2982
124
2259
4985
2539
1860
2853
1306
1302
4812
4726
3402
267
3195
252
738
2841
4968
4012
4143
4425
1818
2285
2918
1286
443
1296
3788
3719
2644
3647
615
1296
2690
1353
2242
1522
4157
2511
1114
1851
3799
909
1445
1908
2071
2824
4757
1742
670
1194
3597
1600
4447
2535
3591
559
4106
3018
1055
4422
2825
388
4937
3746
2299
218
2178
1145
669
2620
4359
2214
211
2682
3611
1810
1392
2889
2504
1117
4339
3524
3773
775
4268
3171
340
3004
4608
4323
4890
2878
3313
2787
3599
1143
4418
4672
3727
972
3894
3459
4768
3086
2699
2823
4281
4452
3956
45
905
2800
3335
2370
735
4938
4014
3801
4027
969
4458
4507
4860
2753
1479
2441
3729
3562
2118
1017
4225
497
3974
3035
1164
1003
3355
48
2333
2865
3395
929
3577
3253
236
2064
597
2930
4783
2393
4295
98
4301
4111
62
2116
2147
2702
4474
957
3945
70
4052
454
4414
3621
4682
2986
2545
4494
944
792
3116
3734
2951
369
3173
4792
1061
4835
4463
4776
669
2841
633
1546
3189
3580
3960
3724
4688
3385
3048
2452
3488
4937
1291
3540
3015
4584
3876
2527
4960
3081
4410
4884
3127
498
4526
1406
2220
1530
3083
3449
2333
1126
2390
2635
3649
1049
2294
4772
4967
990
321
1970
3379
1543
4579
1560
4290
598
1043
102
4864
504
2042
1543
1563
859
2738
4065
2193
4374
2201
1563
2570
155
2582
3040
2564
1913
2927
2014
1237
1082
3154
4308
2189
4649
400
3555
4770
3694
2985
1548
590
4135
1861
4125
4333
3775
584
4334
2727
4352
546
1763
2534
2008
4990
3355
1886
3206
1859
2467
1019
3792
2641
3660
1796
1390
4522
2622
259
4106
154
3387
2706
3641
3698
2813
3423
4407
3273
1280
1664
2334
3877
2717
1342
4837
4818
168
3111
360
199
670
4864
3216
423
2369
1293
4984
3565
1436
2013
4539
4219
2956
1282
238
3982
2538
3101
3273
3943
730
4438
1788
915
4386
2766
4499
3519
773
3623
1000
2492
3964
4798
4790
2434
3774
2175
1687
1594
4601
3864
469
4322
1359
4301
1998
2967
2822
2173
3196
4918
1310
3681
600
3878
4273
4595
1468
1635
426
439
840
1416
4339
2290
4646
4338
1558
1126
978
1521
371
2064
3118
1021
4701
3375
3590
725
263
4497
1944
2738
1923
3290
3269
3726
1702
1020
2925
3052
3748
4037
4606
4314
4902
401
4089
665
3218
4506
2034
4907
3849
399
4823
3103
4993
4165
3996
4099
4536
996
1986
2162
1184
3022
36
4106
1978
3801
1064
4079
1110
2601
1868
492
4667
2836
3392
591
352
4078
2122
3015
4362
3961
4667
1937
3146
1284
1821
4776
635
2945
4277
1576
3487
3899
3865
1841
2762
4373
1108
2774
4494
2201
4152
861
2499
2365
4152
368
3293
3908
606
1588
2973
4089
3162
3983
1991
4594
3510
4354
4538
3297
2156
3968
2986
3197
4363
969
144
4972
899
3041
1085
1461
3241
562
1931
3666
3496
1441
1148
4805
2614
3164
2918
226
2902
4402
3744
4134
1245
1455
4173
4629
4441
4699
2554
1167
2463
4372
1529
151
2913
1506
66
3637
3950
543
1599
3496
4370
4568
561
719
3621
4031
226
2578
329
4290
4235
1036
1774
2651
4019
4267
167
3949
4478
1781
305
4700
4250
21
813
2459
4678
1509
4023
2162
1381
1177
3432
2759
4798
3213
1420
2141
1647
243
1512
1474
2349
3629
58
4516
4559
437
4569
4149
1914
2643
1199
469
3746
2893
1114
2406
3767
2591
1414
2360
4458
2735
1881
4782
4651
1840
2871
1267
4291
771
426
4265
4709
323
2095
1168
1639
4701
2167
2457
3645
587
1691
2453
4057
3792
960
4116
3597
1318
181
418
3442
1343
1430
692
2995
1436
2991
1799
3726
890
2522
2075
440
4217
3589
3225
1639
4183
4426
4354
2364
3881
4980
2839
4233
2474
3428
4871
4218
496
2473
150
4895
4497
2563
2279
2172
3046
2158
4566
1426
4839
2088
1827
4746
4457
4694
2961
4945
4857
3152
2738
1589
378
1032
1004
4975
4684
361
1902
841
4085
2689
3473
4793
3673
2815
3103
4625
688
2196
3904
3068
1525
3793
2943
3215
4028
1711
789
1945
4337
3305
401
7
1217
4283
159
865
2719
2331
4815
385
4850
3070
1332
1591
1772
4368
3342
1185
1379
4146
590
2212
858
4506
68
2112
861
1373
962
1270
4977
4709
4122
3529
2982
468
1865
220
2882
2682
3788
101
4568
1774
2284
1867
1210
2494
3247
3841
570
421
4709
3421
2342
4993
2883
4216
716
1585
2240
1613
3929
4091
4995
3901
311
428
4840
2920
3096
1180
4811
241
3571
895
2910
1815
2199
84
239
4199
3894
4789
770
3595
3248
2954
4853
1429
1869
3247
2768
2697
3062
2245
3953
3179
2039
1329
4562
170
2613
2376
4559
2860
736
1389
1453
2258
3607
555
2430
499
1276
4983
853
2703
4397
3639
3028
79
4360
1583
4397
788
1645
1464
664
1384
4783
3296
1594
2316
4737
3503
290
1169
4188
243
459
4983
2682
1535
1450
3491
3324
4723
3639
4668
2566
2434
2777
1493
4006
1500
2130
3250
714
20
884
442
2186
2336
418
2754
4564
4490
4277
2017
907
4941
3602
2890
2081
1848
2303
84
438
4214
4882
2630
3608
2320
3185
1278
1891
4609
4015
4644
785
3809
4803
3013
2967
4443
769
871
3865
4145
3170
3564
4573
2676
4285
1128
263
1118
2169
1881
3830
1623
3088
2483
2923
1155
1340
3282
974
132
2020
3204
2611
3021
4808
327
1170
1733
1477
4612
2920
4097
3451
2058
1824
924
4589
973
0
1368
3099
1744
3815
2314
1872
3914
1237
4765
269
2159
1986
3693
1076
3368
3652
3094
2178
3319
2045
100
1285
4376
4301
3873
346
1463
3264
2728
3557
4739
3594
4335
4121
4149
401
690
3219
3242
552
3705
697
2486
3833
3439
4499
2160
4856
2857
1087
2330
4692
652
1239
2445
3070
1978
2358
4134
4778
4689
2515
699
4081
1953
1305
959
1528
1382
2713
817
4827
481
244
243
2259
2986
765
3733
199
724
4768
3569
465
4222
2817
1429
4794
2888
1889
1572
117
65
1249
3361
7
1080
3100
3705
2146
843
4990
1757
2487
1999
3086
1991
3803
3482
651
2938
83
3012
4531
1737
4984
916
4565
1572
1691
2287
4048
4397
3048
2453
114
3944
3913
1043
620
1099
2477
2790
957
962
556
2513
3098
337
4962
2526
2102
1807
121
272
334
1199
1275
2045
1593
4560
1790
1241
4067
4734
3686
4865
3599
352
1063
1432
294
753
4840
2419
549
1388
3882
570
4879
1207
3489
932
1886
3276
4327
4423
2560
496
3507
72
4531
1536
291
3278
4332
66
3400
2287
974
2367
3513
3470
4615
3996
4878
4859
2762
3562
4847
3192
4427
553
555
4558
932
4490
4158
920
1578
4025
4649
826
495
311
1000
1826
2530
4958
841
3953
3195
2315
4950
1723
710
4103
3091
1824
18
526
328
4805
4052
3040
473
3813
3447
2523
396
4933
2467
4330
2634
1907
870
1402
601
1412
674
1001
1580
1447
1631
797
835
2700
1541
3041
3332
3225
4642
537
3098
1896
3223
557
179
3334
258
2209
701
4117
2448
3367
4384
901
4940
3853
2906
3080
3874
3909
3219
2332
4177
2969
1116
2376
4921
2983
2853
1457
1419
4119
2924
3393
3298
54
4124
2491
2267
2148
1773
4779
3039
2611
1329
848
4805
4789
3912
3104
2334
791
1354
1234
4678
3409
1044
932
3681
836
1170
291
740
1405
4697
2855
799
4082
4460
4194
3882
2927
485
2850
4979
2518
3083
184
470
1660
2960
844
3305
2634
4770
998
4707
3177
2969
4787
4322
2467
552
2545
3201
3607
3434
4377
378
1792
2338
3058
3117
4893
795
1012
2332
3717
3928
1701
913
4075
3243
1609
3508
3821
1853
4045
1421
71
2664
3729
1100
2543
3504
1352
866
3086
2085
4390
3855
1725
467
1804
3424
807
2472
3523
3413
4354
1718
1502
2954
2517
520
4368
4724
2382
4846
968
857
3369
3796
4055
4066
4704
1861
2098
4034
4707
704
1049
1104
1452
436
582
3113
1542
218
2562
2306
1404
4027
2186
895
2648
536
851
3259
882
2639
1028
1513
4888
1240
4332
2912
3936
2669
3941
2351
2915
2769
402
2926
4275
943
739
412
1854
1413
3012
4202
450
4060
1358
348
569
2353
2922
1933
4441
868
3067
1202
3271
1496
539
975
4629
2689
3830
2834
1262
230
115
4091
3643
2881
4946
1816
4206
4907
489
4791
1592
3134
1106
1068
860
3733
2925
216
1258
2274
2553
2431
3116
2360
2679
1480
4965
3469
379
1437
2728
3366
1643
47
4784
4209
1055
2934
1609
687
1370
1010
2542
4569
1922
777
3228
1652
1407
402
800
2199
4379
2861
373
3231
1684
1694
430
1715
1266
4815
1979
846
1221
2249
4739
752
4743
4548
203
3016
207
498
3780
421
622
3699
306
1881
1981
895
379
2478
2903
2679
3963
677
1527
3908
1379
197
2145
3700
4400
658
2189
2308
4107
2011
559
3871
855
1073
3438
2646
3115
1002
3035
1906
4997
4402
4698
3539
4548
4723
2103
3812
3819
2253
455
287
98
2661
1162
3237
3826
2509
942
378
4136
2960
1145
2268
1647
2665
1956
3170
999
4784
3955
1421
1751
501
173
4116
718
4820
124
4411
1755
2776
1629
3888
1502
2688
3522
3621
3175
1100
1636
3396
2227
819
4524
1447
910
387
2436
4263
3204
2436
2611
1026
4298
1533
3969
1535
2312
4673
1912
765
4934
4617
575
3614
711
4988
907
1609
1267
3374
1269
2279
4246
4414
2035
4179
3548
379
3864
559
2054
4573
4391
4994
4971
2939
2453
2646
703
2162
4089
2600
4824
963
158
4318
4145
4254
19
2437
4266
2446
2241
4386
392
497
1707
3331
1045
1843
2675
2219
1086
4458
2772
204
286
4466
2928
2182
4588
1553
730
2172
594
4680
1217
1271
978
2131
4206
2963
2089
2401
2567
3159
2640
3345
4393
13
2792
2736
4790
2982
1976
542
3275
4889
942
1759
2930
281
1286
3182
821
967
3724
2471
2291
879
1665
497
3175
3567
1768
3069
4464
1440
512
1995
4086
1882
4075
1849
784
4089
1356
2495
96
1283
2189
4114
1965
100
1042
2431
869
1659
1751
320
2583
3093
1246
2549
2358
2156
2382
3524
3079
2740
1020
2110
2600
2395
4714
4894
1026
4861
2887
3968
4743
4663
4214
617
2369
4989
2718
806
2028
2233
4711
4053
1214
1684
2429
2002
856
2221
4571
4963
179
3966
1811
941
346
4718
3049
4264
2152
3840
2444
2697
1181
4043
2862
4130
2798
2936
3174
1523
4987
4570
254
3869
1274
4336
1642
2231
2717
3658
3711
470
2688
3383
663
1905
1634
957
1697
914
4784
4991
4503
2241
3130
2779
79
4726
4956
3193
1913
1129
2847
3337
923
3666
27
1213
3115
3049
3647
3906
2294
152
479
896
1770
1471
4769
943
199
1070
1109
4878
3509
814
4348
1771
3144
1908
2026
277
3589
3971
231
3330
2727
3021
1532
2685
4647
3335
2854
1864
576
2853
1503
273
3708
2828
2652
458
2563
3971
2993
773
1502
1435
4937
3971
2190
1383
1968
693
1151
3986
4863
2549
1695
367
4745
3110
3795
3423
441
2946
3364
3910
166
1169
4705
3342
20
2388
2636
3330
4395
3427
787
4941
2469
3020
3531
1590
2866
3759
2511
1013
2013
251
2352
375
838
2976
4632
1041
1678
647
3690
143
1807
1122
3707
4135
3267
2975
3468
1304
3974
3695
4130
390
273
2223
121
2738
3182
187
4571
2087
1153
4312
37
1246
949
3738
3611
3216
2370
784
1906
328
4627
571
818
913
802
661
2016
1667
2208
1797
3905
2039
1344
4350
27
3059
499
2067
1621
3671
3149
2278
4304
2406
1296
3298
1233
2832
103
1193
4798
4612
3136
2360
3893
2205
529
4204
2209
1123
3551
1377
704
642
2844
2861
4684
1473
3748
206
4337
4613
964
3484
3698
370
3310
108
4447
3879
1315
2209
4648
4469
2277
3166
2690
1876
4030
4942
1042
1274
498
4660
3415
72
4478
98
818
1216
4476
404
3716
1714
1345
1350
2882
1450
1467
4714
4797
340
4178
2201
368
236
2699
2537
3406
3001
1281
3613
3811
3760
2410
4425
2634
3381
3903
2447
4602
1674
3684
2783
510
3774
2703
3973
1132
2507
137
4311
2396
201
2261
3899
430
2078
2966
1776
4301
4348
1803
4079
4548
2153
2718
3307
1141
2917
1597
1700
4140
2684
4201
4445
1452
2865
4112
1136
2206
1303
109
2258
4389
845
4326
3697
856
691
3239
1183
1703
1972
567
4048
4652
3007
4597
1715
1861
4563
3232
3032
3135
2064
2417
4621
2693
2787
3182
267
3615
1239
836
4694
3274
4820
2841
3375
3544
1834
4197
2233
535
1043
2588
4848
2650
283
4161
1167
3138
1031
4137
857
4710
4036
3826
294
3463
1370
1767
4906
3365
3366
503
4705
3463
428
4445
3755
3320
2310
3955
244
2202
2230
4433
3028
304
1530
4968
4132
4124
3972
489
3891
989
3880
1286
3244
3109
4598
2259
743
3166
4736
4604
1419
2579
617
4237
2155
871
663
2550
836
1066
2441
4699
2871
4540
2326
3879
4116
2688
4455
4923
230
4400
982
2576
4279
1143
19
3471
4647
40
4382
4895
737
1761
3898
4885
2986
3284
4785
2456
1076
3550
3000
1120
4024
1952
4869
3068
200
4749
2254
2799
2823
2439
3302
1776
4715
3127
1262
4924
2047
3181
2745
1557
4425
4364
35
4891
3511
1086
1115
1278
1249
3506
1765
2224
4996
2366
2266
888
4623
4155
596
1740
3177
1711
2289
2728
4967
21
4588
281
4392
731
1552
3621
4767
3438
1830
3216
1750
4620
3979
3350
893
4078
475
3184
2878
4835
118
1414
632
153
2313
3344
3361
3530
1065
98
2378
1898
1594
890
3749
2990
1519
517
1040
3843
1988
4102
4481
711
3583
4828
945
1476
59
4531
3416
4899
1680
1940
358
3188
3873
2774
467
4044
76
411
539
1186
1049
3507
4060
4093
1477
859
2401
2643
1378
4699
2266
2766
4586
456
3973
1900
3871
4551
3036
4511
4766
613
4478
3593
3090
3063
511
2418
818
874
1124
2307
3603
386
4829
630
3755
3110
3204
3818
4205
1622
1477
4873
2924
2315
975
4838
4951
4302
3770
4742
1255
3439
2575
4266
4039
1095
1370
2975
1862
2686
2419
1395
3889
1861
1454
1990
2625
355
1218
4798
3214
3948
4379
2260
1732
4955
1347
2876
4536
1341
2316
191
3011
480
1081
3009
709
1578
2253
1012
3551
2777
1981
2005
1482
183
1732
3557
3494
2447
2715
1676
2371
4858
4783
2766
2691
4888
837
1478
4401
3261
1168
1263
3794
3514
2030
2676
3635
1375
3882
3414
3721
3247
3064
4163
4985
1995
2911
2644
287
3517
2710
4457
4614
793
3342
4986
2786
2491
4038
2465
1603
3276
3193
4026
4494
1491
4783
1349
2298
1150
2855
2138
2450
658
2506
4570
3087
1946
321
2085
3199
1142
3382
3625
4255
567
3275
4318
4314
987
62
706
1591
449
810
2946
4447
2936
4691
1062
1925
3364
3927
4145
299
283
4950
4104
1195
1771
3951
1709
1361
517
313
3099
324
4995
519
1368
4628
4540
1635
2775
2236
1163
1475
1047
1202
4287
690
3540
1469
1916
575
3044
4955
1314
3796
2538
1744
2732
1524
4860
2928
4741
2511
1674
3561
1764
426
1453
1119
2620
3250
2490
960
3498
1396
2261
1858
1731
2091
1179
4687
2104
1792
908
2007
3511
3610
227
4123
1252
3907
3317
375
154
2382
4323
3216
4029
1055
1344
4604
1284
4299
637
763
1580
4919
943
2074
1059
1801
4135
2634
2756
782
4849
50
1074
3987
4102
350
2701
2911
2641
3570
3056
3533
1442
2626
3770
3479
1761
3261
836
1740
2974
4808
948
1745
4221
1085
2699
3104
176
3550
1537
3258
3331
1720
4368
340
4953
670
2973
1601
982
4058
1149
429
2573
3424
2553
4014
3151
1645
1460
4556
2972
1324
2708
124
1412
4808
4033
2023
1917
4608
2087
85
3916
780
4674
4559
4521
2589
752
3227
2295
2156
4996
969
595
312
3322
3405
1167
4335
3208
837
1011
4471
648
1856
3958
59
1194
4882
3716
1430
3089
4936
1607
2627
4022
4045
1459
4131
4632
4392
775
470
4603
1257
2422
1838
1932
4661
354
2400
4063
267
44
2995
3
283
2628
4982
1594
3595
4963
3332
303
4439
51
3036
79
3318
2844
1142
4834
0
62
4812
3044
2397
4140
1379
1145
1998
1206
22
3481
2273
486
4298
873
3726
226
2743
4094
4812
1926
4518
755
3529
3442
4031
2569
91
1601
2108
1689
1223
2144
996
3908
627
1717
2926
4211
776
2368
2423
4205
2168
4768
1244
3743
3048
86
1524
3985
4129
253
2749
824
3817
793
3463
2532
4053
2735
2475
3356
2862
3815
2671
4152
4284
358
4596
3976
4838
4401
4756
1635
4293
2122
2822
621
1941
4083
1731
2199
281
2632
2644
373
4927
1907
3937
2224
1934
4673
3563
3147
2466
1162
539
3054
3207
1531
402
2734
4526
925
2497
3141
3088
4240
1202
1617
2703
163
3455
1597
4766
1941
3562
3540
4430
228
325
3064
920
285
1343
623
3195
4236
3511
2964
2276
4711
271
473
1172
3400
4412
3205
4370
4248
112
1090
3781
547
1064
489
1888
4887
264
2832
2460
3066
3677
599
693
1323
3842
4231
2069
238
3021
1420
4560
644
1293
1190
3434
4507
2423
4562
2327
1740
4293
1398
3387
1357
379
3483
3278
493
1992
3399
1300
205
279
783
3390
3652
3633
147
3819
4150
446
2786
2593
4931
3635
28
2764
1332
852
3452
4147
715
3954
617
2876
1943
2441
3711
4683
3086
1135
1688
4437
2437
2209
4326
4134
3838
2898
624
2855
2429
2692
4684
1075
3642
1168
4544
1730
1132
3345
2949
1802
3580
3377
2770
2398
3303
2815
145
1107
2495
3545
3185
67
4744
515
1592
602
1580
3350
4701
2118
1518
2784
1095
3686
4343
4324
3717
3044
1398
1043
716
2808
91
1619
991
2978
1697
4940
3860
927
526
1829
4607
4649
4008
2866
1949
2535
1722
3184
4207
3064
2808
3789
3857
2754
491
4244
2575
4169
4651
491
2148
3686
4525
4674
4729
4030
4557
1240
4091
1993
790
4511
2661
142
333
517
3297
4177
708
4444
0
2557
2581
3767
3044
1778
4099
4498
3384
2564
667
577
3701
887
486
3038
889
3821
4234
1354
1609
785
1783
3548
1286
4155
2264
3088
3846
585
3783
3756
3224
2750
2430
3191
3429
2922
471
3011
1606
86
924
2070
4637
1471
3192
2100
3918
379
884
4654
1290
4035
1188
4972
4885
3562
4218
1647
2903
4442
611
2920
4058
588
4304
3915
2244
3929
3982
1474
4385
4332
3990
2445
3522
2771
1078
2030
4437
186
3994
1023
2276
863
3307
3456
2718
645
1178
3902
3821
358
174
4761
3355
1834
328
1422
4439
2681
3361
2337
1813
1846
236
2687
2417
4007
3631
1247
4475
1911
1532
3788
275
4043
4808
3852
4672
1083
4518
3918
120
1128
3332
198
1290
4895
4309
1739
1454
4279
2948
4288
1417
1858
501
2061
819
2947
1117
3757
671
474
4474
2601
2685
445
4696
2418
4261
4771
1760
4552
821
3610
50
3026
3418
863
2982
547
1731
3816
4662
392
728
4677
2969
4643
4757
1401
3825
2053
4190
4585
4597
4124
2027
774
4223
2776
4283
2749
3332
2062
2214
1512
2532
1452
4010
4149
2610
2140
1214
1917
3336
4098
3847
3805
3857
2829
3300
1556
3317
754
970
3988
1280
2229
4922
4181
4022
3306
1480
3374
1023
2164
3802
284
1696
1316
3134
2437
875
2328
2232
300
2215
2491
4833
427
3852
3457
4952
3452
3943
1902
4327
3624
4997
3498
694
1496
2828
1399
2651
907
2320
3890
2315
2905
2177
2287
4411
679
993
4407
1078
3864
2005
4100
4692
3430
2387
3200
615
2217
1808
242
1264
1171
457
1195
3018
1590
342
3595
1283
4550
3583
402
3740
1955
4050
77
778
616
1774
1568
674
4960
3013
2895
179
4041
774
649
3535
1493
589
3584
4092
4344
2765
2003
2083
861
1064
4759
2730
2463
793
4973
4495
4189
1620
1816
1142
1874
3733
3407
19
754
4182
3447
4388
2200
4041
4158
4795
1844
3897
3658
1926
2836
2312
4662
2570
4705
1270
2486
2048
2591
3288
1499
1772
1566
3788
82
2765
1711
4974
369
2701
1231
267
773
1280
2072
4746
2261
3562
1202
793
3313
1467
3015
3375
4671
1595
4801
3547
3934
4175
408
4867
17
3306
1078
3151
1730
4272
248
3127
278
703
3144
1674
395
2824
4270
1888
2207
1233
2431
2766
3155
3117
4317
4866
293
3237
1556
1111
4811
1189
1218
2881
2533
128
991
1576
2405
2455
1023
1367
4586
2503
3119
914
4626
4735
1920
4061
747
602
3986
4510
1229
2607
4725
1099
4812
2428
4899
1584
519
4446
3303
3130
2653
4629
4431
2572
266
2117
3184
3784
3475
2059
3480
4678
537
3835
474
3079
3793
426
660
1188
63
4960
3132
3941
3213
2703
2295
347
2450
2955
325
4478
634
2928
1515
2543
2986
2870
4360
3034
601
4603
4362
4182
2030
3238
4072
1227
2916
2909
3038
4036
2298
1485
4023
506
1129
2332
298
1988
4875
3169
1180
2534
1445
2767
782
2502
555
1488
3353
501
1177
1123
1269
3041
4674
1695
3044
1604
4009
4547
903
3383
3087
1275
878
2445
2296
694
1445
4403
2509
1505
2990
3771
1071
931
1049
4130
2866
4676
4930
3105
815
3315
3213
13
1318
2044
683
686
3465
1384
680
1540
4867
1582
40
1547
1334
559
4459
17
1453
3943
1958
4064
4240
3376
2021
3878
646
1421
3539
2097
2593
4920
1208
3493
240
3896
4204
1386
84
1056
537
1468
1278
4938
4591
3445
3321
1462
497
1726
3485
3549
121
3435
3712
1838
1351
3612
3958
1480
1716
2017
4976
1226
2337
4724
1857
1846
268
2792
3817
1578
3505
4775
3111
2216
4740
2890
2693
2563
1092
2631
3259
1977
1133
2863
2908
3367
703
2111
4415
2019
213
4411
4141
4564
111
2325
1333
145
1806
4037
1299
2587
303
2058
1048
1071
395
1237
3807
1762
2131
3048
1123
503
4082
1183
2222
3630
2041
1156
2860
3759
2670
4145
4349
357
1597
4046
4052
1407
767
2325
4733
2466
228
1091
4399
2434
3605
3324
2205
3809
1560
1592
4926
704
2801
530
4635
4592
2871
1507
1988
4314
502
4491
1185
4078
1756
1695
1098
340
1189
2707
1916
3674
2159
2291
10
2068
1978
4254
4770
4441
1467
334
2588
1103
1579
717
4326
2124
4118
2807
2380
2568
479
1066
1302
817
979
889
1663
3805
729
418
2406
4741
2353
204
3590
3421
4669
4141
615
969
3376
389
176
4204
1599
2455
1388
3117
1775
9
3022
3193
860
617
1735
2364
1518
1893
399
4015
3402
1866
2579
316
917
1215
2824
2322
4577
3671
286
2261
4795
3981
1723
3424
2395
3897
3365
691
24
4023
342
3056
3835
2872
2103
653
773
3157
4340
3816
4400
2150
1019
3477
4449
3492
2279
2202
3554
3578
633
1995
724
3963
2625
932
4182
3575
892
1895
4154
4244
4721
1735
128
3817
4967
458
4259
3674
3967
4863
3564
4381
3484
362
2649
2834
3369
4172
755
3753
2624
2971
3542
4315
3464
4028
1080
2382
3589
3773
2461
1212
2565
2833
285
2661
3453
1973
4425
2182
3749
2541
3524
1734
729
3587
416
173
1004
2452
4606
3351
2205
424
2552
4113
2999
1344
2968
4088
2644
1824
3501
2208
286
3562
153
3285
2233
3866
166
1338
604
1357
2341
2347
4326
4635
638
4480
254
3724
2899
207
3343
4123
1492
2030
2475
3411
477
503
3011
2280
997
748
2220
4434
3630
2348
4527
3890
4454
3092
2619
1848
1206
3280
632
1384
4806
2987
721
142
3490
635
4279
2861
2931
4808
2275
1867
3652
2436
781
3231
3476
4909
3858
2154
1922
995
2370
1790
1730
4968
654
3175
4417
4419
2124
1403
1717
1524
2411
3332
3586
4349
625
2050
1152
1693
29
226
1550
1706
115
1105
4978
3128
1196
2721
2779
1229
2708
2553
2678
3937
4547
4692
572
2355
4519
1409
3952
1700
429
1579
3838
4775
1994
447
3571
3976
346
3833
4364
2714
3186
3914
3252
2353
3500
333
2500
3679
2843
3582
3537
178
1231
3062
1276
2773
1405
3279
2609
4707
2088
451
4335
3113
4613
2887
1981
4549
810
948
3547
3211
639
2333
538
1560
2816
3610
4809
4563
1927
442
953
2074
3525
4126
3542
4142
3012
4157
2203
393
324
3362
399
547
1042
1197
2794
1684
2779
223
1560
2410
457
2408
3835
4683
740
2095
1299
1850
1015
1989
3216
709
3648
3494
4135
1759
2117
4367
2477
3632
4413
79
1754
3615
1239
1615
4671
4135
430
4934
1218
1278
4903
1324
4997
4152
394
3502
4083
3075
4443
3161
4271
3154
241
1444
2195
3134
2288
3977
2854
4156
3570
4120
414
1290
1499
4235
878
1521
692
1594
3916
1643
265
4791
310
3856
2619
106
4894
2602
1997
459
2088
4552
2382
4165
2380
1239
1160
687
1911
1622
4315
687
552
101
1791
2544
1449
2938
3630
776
2171
2969
1094
1514
4909
2329
1806
2854
684
3271
3216
44
4689
2018
919
3478
4019
4928
2985
1301
189
1371
4533
4909
1447
2529
4293
1677
1755
2239
136
3992
111
2482
1919
1091
3014
1135
737
2918
388
773
3500
2648
2572
2270
2285
3355
313
945
4640
3027
2790
2524
784
4026
2592
4343
4547
4820
1808
158
3510
3839
2251
1577
4387
3743
2147
1766
237
3095
4314
2027
4954
3342
889
1514
3739
1589
1017
3725
403
617
2617
312
4266
3279
3965
4641
4030
2706
4087
1438
4814
2099
96
2060
4766
3343
2334
2892
1660
167
3547
1333
1845
4891
2644
2400
3124
4654
197
3688
1950
4972
1391
2436
4153
4417
1422
1172
360
2959
4748
2160
4821
1836
405
4681
4656
3068
2001
4473
2722
3272
1582
3861
2002
2024
1758
367
3531
1692
157
1383
3032
963
4674
2494
916
930
2412
1691
4479
1380
1135
2181
3904
3957
27
1251
915
3454
832
564
874
3099
1770
1515
2227
3149
991
4762
1398
1152
3471
1097
3341
1332
3648
4533
4466
3874
1956
2011
4855
2027
623
2470
1709
3277
3429
896
654
1523
4754
4844
1204
554
1933
1134
1714
4242
3691
590
1769
1304
4786
2791
1459
1559
3651
696
2351
261
4784
45
2138
3863
1330
4868
4451
4314
3843
3585
785
4863
1069
3084
2789
3308
11
420
988
1373
263
1954
4098
4797
3527
3909
3677
3710
2664
3367
181
902
4488
1206
1833
1879
4796
1526
4884
2931
1152
4371
3973
4603
896
1484
3071
1435
2136
3516
2558
3695
1668
2122
4581
2136
316
4658
797
4274
189
885
642
337
4294
3091
3932
3149
448
1665
4589
3713
3877
2190
2932
3280
1310
4512
1486
2866
4594
473
2724
1830
2623
3136
1422
4360
1403
1918
1876
1093
1004
799
2719
3975
188
2734
682
3193
4768
3739
2593
4149
3392
2829
1232
1618
2740
3969
2571
2856
3445
4786
4589
3339
1660
715
1231
307
1259
2225
2365
3830
3156
4295
605
2793
857
1192
932
4846
1522
1485
3965
1912
399
4178
3243
2061
3525
3986
1129
611
2264
4650
1925
232
3654
1470
2158
293
167
4272
1230
3777
482
4172
345
3776
2841
2447
2909
4938
4007
1708
1303
2340
1248
3934
1040
3170
2405
4239
4536
473
3180
187
1251
4859
1510
3276
685
3000
1711
4688
3433
2420
4507
4007
1365
2542
986
4981
2834
2835
3388
4982
4970
4017
785
133
2893
4684
2326
2020
3390
2038
180
4653
2079
4318
292
1031
1173
2515
2957
2892
516
373
2733
1684
3272
853
1590
1954
4622
2267
3382
4356
3845
3712
1609
147
1010
2782
4952
2268
3653
3438
4662
1491
2147
296
2949
1097
1253
3066
3304
2442
2890
4472
132
4984
2033
1466
47
295
1501
4314
2135
1219
2706
4588
1684
3506
3230
85
2130
2441
2631
601
3094
2959
1452
2947
2426
985
2505
685
13
2721
2783
3615
72
4974
3426
1979
1005
233
4286
854
653
4386
1135
545
1315
3393
3646
3545
4334
1538
4152
926
1319
104
4650
321
2343
2604
4089
1567
2435
1791
3839
2060
304
620
3859
2325
1135
782
4644
4754
1079
2276
3191
2457
4195
2443
2346
3352
314
2775
864
4115
1799
4871
2547
4827
1694
3538
4773
1983
4321
3079
826
1849
1687
341
490
4528
3371
689
4945
2585
3369
2756
345
4702
1207
4174
790
989
889
2245
1405
1363
3462
3780
730
2655
1095
1026
1493
3571
1855
4118
1382
2576
2200
2569
151
1291
3091
2613
2073
4700
4189
3901
561
2213
479
53
2790
906
3082
1409
443
4438
4598
2709
2489
4636
2096
1630
4021
178
370
377
1267
3371
713
548
202
4998
4335
2794
939
1787
4599
3914
741
1318
4537
4404
2771
3763
3362
1055
3902
3878
4883
2781
1887
4427
2972
2782
1160
2058
419
3523
2830
151
3264
4409
3234
3838
2486
1082
1291
4210
1910
1429
538
684
4249
4334
778
3527
1218
3613
3581
2137
2555
90
3145
3468
2430
655
2715
4995
638
1810
331
1643
3818
2002
4115
3196
4282
677
1418
219
1373
3881
3764
3366
2159
628
251
4901
4941
414
4172
1747
2075
415
36
2674
125
2141
1737
2258
227
2495
4720
3034
3556
1079
1689
1290
2572
4988
3444
3298
1655
3379
4220
3513
2747
747
4956
2393
1647
3989
2505
1461
2507
1497
963
2615
575
1534
3239
3326
4315
2325
905
4686
52
3169
4489
3580
794
3973
908
4763
1468
1986
3892
2733
4317
2840
1771
2376
3897
4925
303
1578
1047
3001
681
4253
4160
2319
1266
2251
4165
1451
353
3265
3173
956
107
897
3461
1893
1470
404
3543
2297
95
1270
4081
117
4405
1955
2229
4508
2611
3034
1134
1302
3950
1633
1384
1566
318
1743
2367
1447
4997
1342
3699
598
4094
2177
2064
578
2688
171
4617
2797
3614
2264
1091
509
2544
2028
4551
260
4578
2154
292
2959
4122
3568
3418
3393
2469
1709
3801
579
3714
1825
882
108
2106
1315
996
4028
2823
4550
266
2445
3785
4856
689
620
658
3762
1664
2939
775
43
3023
975
83
2573
2088
2352
2662
911
255
4625
4911
3710
3806
2669
4862
3313
3426
1999
2574
4935
199
1723
878
4887
1865
413
4108
205
4163
2301
47
2973
4807
1935
2867
3428
621
2044
4678
1681
711
1030
839
3409
1243
3535
2140
1952
4116
4398
1323
3520
3864
3622
1262
1163
2998
713
3304
3523
3428
2287
1230
2384
4152
2307
750
2704
162
1184
2300
3247
316
2223
2800
4586
798
1958
3812
1174
3690
3219
2521
1298
2149
2890
1873
250
3816
663
4215
3942
230
3970
1664
193
1164
4720
2691
3770
2879
2969
2430
2174
1976
739
4363
854
3865
2345
4782
2522
1058
2847
1083
4
2051
4521
3261
2205
1085
3936
1330
2146
2188
1402
4864
1059
861
3574
3109
2647
1933
4871
4052
2616
3736
4781
1999
738
931
1110
2720
2700
1641
2714
646
4306
2321
102
3673
4852
2719
1108
3820
4408
2001
2455
2329
1638
348
3526
2420
47
2081
1575
2416
1919
2958
1572
3886
3703
3697
4196
4642
156
3905
2253
842
3300
4264
2149
4676
3551
4773
236
2938
255
3020
184
3638
4622
4787
1899
3269
952
3647
4693
4932
3384
179
908
190
4465
289
4985
1045
975
1560
2971
300
4056
1556
360
4392
2400
2640
3110
660
3950
3777
2514
2441
1380
2818
4977
219
3723
2986
3760
3490
494
3220
458
946
3712
3711
4919
1858
3014
1078
1810
4303
652
209
2297
803
385
4668
4661
4602
590
890
3256
2603
538
2729
586
1206
1807
2586
4561
488
4620
277
423
1001
994
2767
4603
131
2888
287
1146
4407
1045
4223
3551
3706
2701
1506
91
2264
2676
4764
3616
1204
3453
2647
2780
1741
4713
757
1741
4044
4730
3343
3326
2527
215
4257
1982
3493
2576
3353
4320
3636
3385
3678
1326
4303
3177
3117
2328
2258
4213
3403
1545
994
2807
2721
3408
4824
4157
3892
1985
487
4102
479
1936
4226
72
1937
978
4266
992
3146
2541
3809
2505
3629
3283
995
4555
4983
471
4359
2366
2870
1788
4356
2015
4794
4834
1924
3744
4096
2305
1053
2981
1621
3559
3851
4261
1593
417
3697
1356
4686
1587
2527
2280
1990
2186
351
390
4250
775
161
4769
1829
327
1640
214
278
3622
2040
3638
1489
1691
4240
1807
3981
2036
4852
2396
2211
2233
636
1252
3355
3845
2794
1614
4367
4648
117
4492
576
1034
148
4949
1958
3131
3982
477
4586
2892
542
2009
4167
874
1065
3120
3167
3562
1913
4826
144
1927
3174
4216
3480
4153
3643
208
2504
3242
3703
4779
4148
2929
3416
1612
2022
2650
1176
2179
1098
2500
1159
3297
2970
4396
4412
1015
1140
3168
2019
2189
1293
942
4866
1604
4736
1807
746
3530
4095
3792
1785
374
4475
4961
845
2374
4265
3049
1295
1035
1846
4663
555
3671
1297
4552
3096
1274
426
1424
3511
2899
969
3841
2595
1583
2225
1719
615
2124
3267
3226
269
698
4405
780
71
1793
4484
783
988
302
2960
2831
444
96
3797
1477
887
1657
1809
3251
3613
37
3717
186
4963
3859
4116
1288
2463
3676
2073
451
3622
1207
3265
4052
4157
3577
1343
4716
1492
3864
3230
2171
1989
825
3148
2812
1049
4451
4515
128
1010
2768
3669
1952
2141
1671
2403
371
4815
4129
1220
3741
881
4129
4526
4918
3841
482
866
2484
3406
2925
4482
3545
3704
3790
2001
3412
402
3973
2422
2462
4245
2317
4118
4974
1723
596
1565
4384
2340
4853
883
3100
2392
613
4803
2553
2123
3667
4179
2542
3323
807
127
874
396
2907
2278
3246
1319
2441
2869
1153
4446
1042
1789
600
4173
1428
670
1945
1382
1309
3977
1788
1350
3498
1131
4955
2395
1770
3292
4112
3643
2280
4720
3953
823
280
647
505
4602
125
3182
426
1859
1202
2155
1596
3231
2340
4837
1733
3944
1352
792
360
719
4906
2186
4370
2717
1107
4032
4329
935
1646
205
2857
1493
3811
2921
4016
4858
709
2078
3191
2505
4705
2482
1571
31
4712
3942
4334
1073
1800
1969
3790
137
4937
1205
3955
1698
2058
2671
3035
3299
2971
334
3689
2298
379
1372
732
34
2760
3857
3246
4123
3682
2945
111
3317
4736
2565
1453
923
2996
3382
4438
4939
1806
3095
2851
2651
1680
4811
3743
2456
2930
4186
3731
3154
4040
4745
4734
1667
808
4093
3280
4270
1
3055
2138
2206
2293
3821
958
2867
3067
1790
2023
2298
4454
2468
950
1629
1181
1890
4927
4242
1171
4532
2471
1737
620
402
4139
1155
1931
3071
1878
1506
1978
3647
1390
4993
3767
2030
1175
2090
664
2557
3289
3535
1812
4742
250
1755
269
4548
368
4188
1443
1113
3027
3414
432
469
3098
2601
2413
1788
816
4207
3923
3418
867
2733
44
2383
3935
2943
441
3316
3061
2340
345
4028
4857
4418
4788
1386
569
1054
3156
864
1737
2754
237
4852
1960
3713
2562
3737
1077
3026
3036
4126
4509
3265
4669
2130
3052
3289
1183
3746
3862
3871
388
4016
2781
4038
1281
1232
616
142
2104
4529
2444
2721
4583
1349
3665
387
4945
4792
3902
1615
1548
3808
2619
957
2844
2478
1075
1763
3030
3615
695
4343
472
4469
2837
1841
1957
848
4800
626
2406
2480
1628
2142
1420
2581
4038
4766
903
3836
814
656
1884
2130
1518
2204
4083
1474
1378
2445
3761
1547
2167
705
551
4529
2838
2872
1851
1978
1726
1996
3949
574
811
1422
3769
3163
1078
2892
3155
3124
1944
1227
1758
1577
761
4718
1788
3766
2295
920
1890
1756
1708
4751
1889
1393
1651
3790
4105
4494
3077
4104
3380
338
2910
573
613
3781
2034
2971
4094
654
4247
3018
2506
3761
4633
484
480
2573
3550
2412
988
1915
3349
4780
4104
3159
3654
3553
2217
2895
1760
4649
4737
481
4861
1419
107
3705
2265
2226
1957
2837
3654
3420
3954
232
3159
4205
2100
17
1274
2766
1592
2352
4548
1909
4999
3653
924
317
4792
49
3164
3645
4707
2461
126
1549
4383
4946
3357
3850
1087
1231
1425
4195
3103
2441
3801
4444
768
1890
2484
120
1790
4863
4238
1112
1869
4681
1675
4293
4086
1128
1641
4627
4329
3055
1424
1110
1330
160
2270
3685
4524
842
899
4979
3929
4631
797
3875
236
3147
4451
3022
2111
3402
4134
2329
1139
4995
4160
3362
4448
3351
4989
4045
2451
4288
4519
4310
179
4386
2759
2500
4796
905
4881
4613
3790
54
3664
559
96
4753
4854
3295
427
4122
218
491
4516
1056
544
258
4650
2842
1439
4748
4011
1542
2831
4991
4908
3955
689
197
2097
4522
3171
2050
19
1167
4867
1787
310
3382
3656
1084
2584
4116
2993
1908
796
4989
3550
459
2619
53
3233
1866
628
1133
1612
1745
2628
1020
2691
4684
3149
3902
2951
2085
3645
3652
3070
3885
950
178
1674
138
1253
3130
3579
1286
4145
4479
2372
706
1075
3546
4388
38
4405
4942
2976
1069
261
4709
2901
4762
4169
4144
4356
3200
1023
4725
707
806
3192
1188
1362
4267
4995
3941
656
4200
2234
4978
2072
2453
4736
748
2323
1685
4341
937
2386
4288
3823
1683
2948
4027
4455
370
3439
3446
3441
4648
3244
3459
4068
892
897
1193
2486
3370
2475
894
4743
1410
2064
1280
1260
3293
2600
1577
4405
3100
1775
4366
2979
524
2150
2690
87
4863
4630
1816
4355
3741
4599
3369
511
1688
1620
1543
1901
3522
35
3431
4646
3812
1448
2469
1954
126
46
1136
3919
1110
4664
1849
4300
3987
1182
4586
661
4370
47
1990
2865
2924
3903
3241
3070
1752
469
1792
4909
1875
3728
1394
704
3206
957
2967
2812
4312
685
1677
1842
441
591
597
2700
930
3752
3043
4794
3261
1363
4577
2932
4724
4243
192
3481
1689
1456
4587
680
794
1309
4083
430
1650
603
1665
41
4932
2864
4684
4719
2531
4439
1852
567
3720
4243
4831
4260
1849
4988
3236
3287
4427
4567
2912
767
1464
2982
2169
4724
3567
4287
1773
1706
3945
1309
2677
4799
3580
4005
4741
218
1377
2863
2085
2122
3826
3604
4464
4826
3569
412
2942
3357
803
1255
4259
124
2127
2056
268
2378
2644
494
2830
1861
2103
1283
829
4847
1176
4012
156
2721
4436
2564
4545
3052
3490
2655
3782
4521
1459
3408
2222
3850
2609
4408
4686
602
1927
4922
3737
2682
3047
77
2401
2440
1463
569
777
1888
2986
2921
333
572
3731
3237
1310
4907
640
4579
4039
971
3474
4795
2878
3825
3034
1225
2129
1449
3981
3194
224
3458
124
3788
1299
3482
4415
1117
738
720
3767
3481
1369
3183
4846
1177
88
891
2340
2969
4391
4061
1516
3245
3771
1720
3896
965
3580
3962
4860
3582
56
640
1585
4683
699
3238
1788
3970
1380
3826
2330
2014
3111
4820
669
4969
2612
3700
69
3172
985
4027
4815
4435
4029
3660
215
2493
3420
1154
1921
890
3603
1990
1476
158
4012
1645
2517
563
97
4579
4012
4174
514
692
4196
4364
3123
67
1501
930
3330
3303
3535
4443
1966
2164
4160
568
2294
1429
4372
4453
3503
2831
740
1088
3113
4140
3826
3182
242
4827
4498
3021
379
3948
4913
780
1559
4154
499
1193
4565
26
3879
3789
3042
1973
3743
900
125
1266
953
1236
4774
3989
791
3021
1609
3115
505
1460
2316
4402
1990
2540
344
4773
3133
2286
2516
1991
1267
2889
2272
2333
927
4279
2345
3053
2950
4797
4352
1544
1122
3240
4509
2763
4786
4774
3743
1862
2219
486
1480
4371
4620
4788
945
567
2536
2110
948
2416
2105
770
4111
3653
4467
4207
2257
1802
4707
883
2617
3929
1546
371
221
279
4458
4786
502
272
4762
3769
1224
4146
4424
272
4807
4210
3154
1822
4494
495
4276
4341
4180
4878
1809
4907
4875
2706
2463
3936
1888
3350
4690
1848
4893
3768
1260
3903
1025
3821
1334
2568
4335
3628
2358
2273
1212
4409
3714
4584
3049
3262
1713
2000
4138
2894
1373
590
744
2231
1775
769
2076
2566
669
4897
3599
1055
1525
3194
3232
3798
4297
3122
1359
2587
2777
2311
3649
953
2484
3088
2650
4994
4872
536
2397
397
1688
1365
2481
4285
654
4218
4531
207
2506
3260
1046
4040
3104
3976
4722
1511
3147
3472
2976
872
1064
4732
3352
1802
1934
647
2495
140
4502
2302
2573
3207
3540
1575
1976
1059
2689
4611
298
1540
4071
3623
4787
4740
355
130
1717
2895
1965
4605
277
2306
711
2246
2153
1356
4836
1028
3123
1612
831
2445
2332
1851
2670
2149
4172
2115
2820
3708
3499
1741
2809
4982
2032
2979
1587
2729
2672
2087
3345
4687
2919
3888
2576
1826
4799
1708
962
3550
1768
1420
2026
1213
1567
2112
3224
3170
3328
4013
2860
3504
349
3777
3479
1885
4860
4370
775
4530
1353
2803
1421
2135
4771
669
2634
4939
3796
3568
4696
1400
3163
1090
2560
4006
931
586
3516
3643
172
2635
3236
4972
1114
4133
2141
1202
1608
1267
2534
1856
2781
1954
2917
1072
394
4216
3316
4365
970
2362
3206
3893
2629
765
1415
3249
3548
2657
1636
1477
3953
2472
3253
3003
3143
4414
4537
1029
2919
1228
3002
62
1962
3008
4522
2626
1206
122
3399
3933
1115
2399
853
3788
3712
3245
2012
333
2095
81
2842
2618
3153
498
2527
1420
4782
3636
4953
1915
2518
3114
3722
3636
3333
1526
2339
4283
3768
881
2107
2330
3680
3790
2632
778
1682
2224
3556
3737
1070
774
2864
1907
2036
4374
2795
1871
4579
2611
842
1343
721
1154
69
3270
2725
1045
248
4543
2057
3977
4580
4125
3028
2122
133
1797
1159
2264
2843
95
4310
3884
3309
2408
3950
4126
2383
4509
2726
265
1380
4809
4499
4765
420
4884
1913
912
479
2834
1638
4755
271
272
3506
3791
4742
1957
2358
4989
4336
4742
4690
1382
2317
4251
2506
4231
341
1187
4464
386
2926
3695
2948
3024
1429
3106
1305
2686
1220
2458
4424
1566
2156
4265
3760
4899
3117
2088
1050
118
4699
839
2930
4147
611
2885
1906
1271
758
1277
469
3880
3050
4155
670
2655
2463
3762
681
2421
3667
2381
1776
4685
543
1261
647
4101
4761
4258
2465
2749
3362
3673
2402
4449
1983
957
1288
2111
946
2816
2401
1658
557
752
2736
4463
4838
736
81
1506
2803
4799
3204
4874
3086
1546
2698
3635
2964
3309
363
1233
2832
3114
2633
3059
2991
792
2011
1430
1689
2109
3956
3109
1855
3842
2347
4510
4845
3251
4873
810
1969
586
3343
3352
2370
924
795
1280
1930
4546
3573
546
1033
12
4394
1670
348
2354
2165
2426
3495
2080
4752
3000
811
2233
4204
3274
2879
370
1426
1470
3663
2581
676
81
1499
4811
2353
2204
3431
1546
435
4745
1227
4608
3313
4933
269
1466
4487
523
964
252
2490
4494
2845
1547
2233
2463
9
3338
2550
1035
1643
3462
35
3681
3295
1199
458
4161
1861
2607
4990
2084
3686
2442
1640
1402
1576
2855
463
683
1594
4723
72
460
4768
4805
1628
886
3466
4488
3953
3024
4256
3082
355
2047
4000
1420
1749
3697
4277
3281
4789
201
254
4412
933
3489
427
4512
1013
565
792
2387
303
4593
985
1118
135
300
4331
3549
4558
2368
3731
4786
2807
1359
1263
914
3580
557
3059
980
4249
4393
3624
3766
4039
1691
1230
1895
2237
4356
2215
4903
1305
4394
2988
877
1182
2567
3546
3956
767
4466
4243
2099
840
4456
756
2479
3324
4961
2091
3898
1112
4412
2957
2579
1076
4463
1408
4882
660
102
4269
3089
4779
4989
1232
3810
1805
4669
3413
2327
1662
2786
1985
4078
1530
4235
3966
3026
4182
4099
3211
3597
4922
1451
2712
1752
1983
1538
1566
31
761
3802
2409
4472
3080
4045
456
1763
4126
470
405
272
1644
1422
4751
724
1014
2371
4557
2887
4273
1068
7
2140
1393
4717
335
2669
4163
1401
4609
1243
2452
1578
2144
4520
4228
2538
1474
4196
4846
1474
2021
3124
1252
3822
2383
1435
4429
4848
646
2167
716
1197
216
4354
3416
4835
819
2236
3073
3872
2791
1697
633
1915
967
2646
858
3398
2490
270
4640
2455
4640
2101
2484
3353
1529
474
4408
3818
3843
2078
1322
2293
1364
908
2700
4862
1351
2297
259
2275
896
4874
374
4114
393
2113
2793
4785
2848
1500
1589
2598
1674
2115
2197
2264
4464
793
693
1969
4620
2603
10
2133
1622
3856
1891
532
3930
2545
3586
3115
636
4215
3919
16
4595
3587
4450
920
3942
4426
3085
4365
1017
1328
4592
4704
4682
223
4292
2619
222
1476
3538
652
1987
2489
637
1150
3229
4032
3412
3177
1402
1134
1647
3326
1467
4234
3908
1683
2781
1951
1760
4212
3962
4177
2194
3520
1415
3320
2724
4455
2877
1765
3129
3233
3455
4117
637
2350
335
1580
2006
4867
3688
4905
4232
3749
174
4615
3128
4297
1955
2331
2314
3171
1252
3527
3255
687
4687
260
866
4395
33
2986
2717
3357
1108
2922
3319
3527
2723
3726
1761
4863
3527
4196
969
2687
3697
2107
4706
395
2109
4371
4554
3208
38
1170
4622
2199
3444
2471
3134
3798
2895
3065
3126
462
4290
1920
293
560
4586
3264
2701
4029
765
463
1465
148
3109
3668
331
3414
388
2166
4472
4454
256
444
995
1241
721
1858
569
4712
2117
1217
1758
1472
3943
1257
265
3191
4086
614
4280
1305
1449
246
4596
3289
4852
1658
1315
2773
1148
4107
555
4850
2692
2979
141
134
3335
1412
3673
3966
1624
1001
2907
3484
20
4011
3163
6
2001
4678
3520
575
4600
4559
3502
2210
4565
2632
677
2412
3189
1359
4013
4243
258
243
1984
1287
1885
4660
4420
2574
4225
1175
1305
2256
4438
1766
878
448
1869
61
2895
3754
4054
397
1000
1273
1885
3430
2446
1229
721
3340
86
275
92
1939
4614
3720
351
1504
4044
813
4102
2202
1619
171
4120
258
4686
4295
4408
564
535
3676
2747
4323
45
4271
4314
4806
3490
1791
1886
4112
754
1682
3397
36
3485
4503
2013
3606
4883
3207
2743
3042
4160
1371
4424
2948
2912
4258
3993
4711
3559
184
205
1284
795
4456
3158
2837
3101
4839
663
114
709
3229
231
1369
4062
2469
3526
3514
3113
3262
2682
3013
1021
1318
3592
3453
2447
4525
733
163
1185
4842
2792
4809
887
174
1429
4497
1874
2637
889
3773
4217
2007
2326
1301
3456
846
1937
1421
2538
3502
1505
836
1033
3455
4656
4549
2462
510
3864
2269
1731
3569
2900
3425
3748
1387
1
1428
2752
4762
2965
4475
2903
27
1664
663
1144
545
1433
1948
3932
4208
1911
1388
1165
1145
3012
4059
2551
2327
3616
1410
121
1536
3418
4558
3064
3999
4740
4017
3662
2715
3080
3268
944
2594
4066
452
4617
4137
3379
1218
4422
940
3028
3227
826
3643
43
4292
1589
4699
1703
1970
2342
2637
383
3605
2526
357
870
4318
2602
610
1352
1778
3907
2934
2394
4101
2562
1888
4023
1057
3940
2851
3253
2601
3788
309
4604
3245
2481
3829
132
3814
747
1504
3652
4494
1187
4418
4550
1244
830
1340
625
3724
3519
3723
1074
4086
626
2498
4355
1706
1820
3643
868
2184
2971
3487
1142
2236
3990
2811
2101
3642
3039
4756
4814
1837
953
1277
2451
2375
1278
4417
3936
2214
176
1016
3023
1727
3501
1026
3943
3800
1860
2746
4507
1210
273
2351
2334
1683
101
440
2577
4001
620
2173
3884
1675
2682
2227
4646
1005
3943
855
1050
153
3779
2421
1329
3996
987
3883
2092
4919
4282
1946
2602
954
3
4342
1372
2928
3177
2649
1532
572
4103
1217
294
1392
4729
4557
981
3338
2774
2574
4177
2790
4763
4146
2455
4703
26
2925
521
3092
2218
905
2844
1276
391
3217
4559
772
2377
2317
2119
1757
3196
493
3748
2175
367
2857
4949
3232
581
2724
4115
4342
3153
818
3269
3713
146
194
4308
4280
292
2500
4951
1608
3947
2306
3144
2095
3707
2348
2491
326
3479
4698
4598
3191
3710
4593
1244
3997
4797
1028
1552
1240
2753
3519
4596
4759
3567
4094
2188
3761
105
3032
2209
876
1556
3947
2640
2721
1714
1917
466
4233
60
4889
1907
3527
2396
3768
1401
4292
1814
13
3427
3940
3128
3499
2350
1268
284
3319
2832
4495
4996
1197
912
2681
1608
4806
2887
2331
1363
4146
498
1004
1428
1148
3950
3093
1482
69
1922
4209
785
4999
1991
343
4752
2278
3523
693
1393
3911
3404
570
92
461
1790
1923
2984
632
3497
2242
2302
3916
2374
3961
3550
1023
4137
4893
2915
2804
1442
1523
3160
4523
2602
4616
665
4447
4251
353
993
3551
4796
1529
4813
2769
3541
1501
768
3450
3612
493
4012
3154
2889
743
3397
4481
3211
3946
1697
972
1484
3857
1611
4186
4296
3171
4107
3024
155
4767
2851
1960
930
2624
1015
1480
4119
248
4344
428
1281
2782
2925
2783
2104
1752
33
3903
3897
1455
3717
25
2119
3671
1477
1307
3045
956
4552
1418
2113
144
3013
3555
141
3559
102
2782
4041
2896
4810
1069
1142
158
2655
70
747
4740
116
3910
2150
323
694
3548
3050
754
3365
525
1611
4929
3287
4507
21
2813
1877
2823
4531
3516
3143
3566
3640
464
4470
4558
878
4604
532
1977
3823
1162
2046
1839
4153
2439
4354
4195
3612
3658
3214
3204
2135
3967
319
4099
3708
3027
2257
3569
1935
181
3495
507
735
3916
3265
971
1938
4991
1378
1523
3000
1536
812
3198
3207
1180
4139
3843
753
2066
354
3792
336
125
854
4318
2122
4889
351
3107
3421
3415
755
3779
1724
4760
3396
3881
2172
2812
2970
1100
3219
1980
3630
776
132
4176
3979
490
3299
1955
4520
3826
216
3085
2674
873
146
2292
4399
2747
4411
3672
3944
3370
4001
588
19
1363
65
2281
3873
1510
1317
1229
413
2221
3969
4228
3282
4406
4719
4713
154
1686
1706
3529
1903
4245
4044
946
2040
1609
2719
1272
1596
3822
2131
4524
300
238
3728
2885
1332
2459
403
1148
79
672
2786
2790
3086
678
101
3029
4387
427
74
2339
3553
445
2662
2581
1988
3398
4810
1390
4342
540
2511
1699
727
44
343
3350
35
860
1071
3
189
4186
3049
2996
1387
3577
4058
2216
2778
1620
281
213
111
3473
978
3516
1881
1369
3498
2169
424
2601
4086
1686
4591
704
90
4358
3842
457
3137
3204
2799
3841
2056
3118
108
629
1423
4570
1444
2611
4444
875
4921
3513
4325
1871
2721
1290
615
2975
2519
854
1083
4866
3028
3649
4826
2422
4402
2444
4592
546
1951
4427
2962
816
2724
1880
2831
4564
2326
2756
2411
2373
121
579
3478
2614
3959
3376
4439
1431
3931
3522
2147
4040
4386
969
1889
661
1788
3347
4395
434
1886
1029
465
4550
24
309
4253
777
1851
2798
2196
273
4172
3562
2545
2665
1346
1784
4668
3735
3116
766
643
4207
4963
3389
3278
4173
2953
321
4813
2642
197
2123
2295
2887
2451
2587
1046
2061
3748
3347
3771
3775
4345
1794
2678
3708
1585
1920
4000
562
4142
4232
3057
2538
2633
290
1427
4426
4463
3870
2631
4983
4642
1327
589
4911
3696
2017
4529
1223
3957
150
4871
2250
3611
3776
2138
4817
1530
3513
1842
791
1336
4495
3938
2418
674
4727
1497
4006
3113
3658
3889
1724
136
3973
1476
4663
3321
3758
4030
4009
1831
3092
4073
4635
4065
3129
903
2888
2801
1771
4237
4434
3040
55
2122
248
4130
3964
3530
4875
2303
210
4587
1485
728
3261
3254
1886
420
2405
1528
4176
1679
4083
1197
4298
4750
433
4200
2861
4650
1503
4958
2452
122
3485
133
734
2619
4650
374
4285
3459
4496
306
1501
693
4972
2508
1933
2999
2548
4924
3027
551
2716
3335
4616
4301
4891
4198
3475
1394
1673
377
16
242
4730
1557
3571
1565
1
617
2075
1635
2328
1900
2951
2346
4677
2928
3268
4254
30
4860
1652
812
441
1596
4500
3917
682
1884
4130
117
4613
3779
3822
4546
2419
1037
2918
1435
2049
2345
3158
228
4408
4286
4800
381
3933
3029
1596
2342
3900
2740
3127
1511
3444
2566
4223
4499
4500
2369
1628
140
3296
4692
2338
104
3297
3380
2510
493
4583
3857
1317
3237
1151
3167
3034
3316
3756
3680
1874
3954
872
3336
196
2641
3393
3028
4672
3307
3153
3041
3493
2376
3372
4759
3125
4554
4918
1018
3215
3401
4243
748
2312
1655
3125
1388
4196
3788
3450
1207
2469
19
30
3300
3807
4006
3719
2250
1740
3898
2747
2873
3523
509
3934
3858
1263
4137
4241
3573
4530
4632
2053
3835
737
2518
230
1037
2427
3150
4922
2797
674
97
3276
389
3678
549
2823
995
2616
1339
1608
3392
3435
767
471
1119
3398
148
367
4304
2708
2364
4136
1606
449
3496
385
1506
4990
1235
1629
3889
3586
3211
1465
4603
3082
2223
309
1389
3803
1558
2548
920
3311
1437
222
2305
4670
4640
1461
4331
2543
3853
1825
664
4944
1896
4986
4681
2152
2362
2906
173
3391
524
2733
3766
23
764
4242
4045
3927
3879
4942
1582
3574
1388
1614
2348
4965
3965
378
2883
4016
1608
2253
2625
3153
744
4096
3911
927
4949
1722
4753
146
1316
1426
4276
3265
1371
3398
3188
423
999
1792
2795
2031
2425
4169
2743
381
1629
3655
80
561
1915
1224
957
765
4267
3169
674
1585
1908
2218
3131
3753
3058
3530
349
4735
1978
185
4422
3380
4599
3991
347
4192
446
4968
112
0
2804
3735
1777
162
2399
2939
2564
403
1468
553
3464
2124
95
4509
589
4295
2409
2102
4162
4099
1583
1854
4314
2800
3647
2166
4346
3419
2882
3519
4689
1089
2400
2344
2832
388
1067
631
2362
2666
1093
3475
1594
2825
352
1299
725
4067
2511
299
60
3257
3356
1788
2601
3608
1709
1765
1901
4964
3723
47
3164
1632
4876
3796
329
1668
3369
4142
1878
1676
951
3024
1402
798
3238
2843
1829
938
4929
4325
3894
3954
2547
341
2926
609
4907
1396
4985
4157
4651
4224
3224
1868
4012
1784
4594
4619
2738
4535
4342
4850
2134
2272
1524
1740
496
1704
1129
244
3409
1216
2000
1505
1233
834
3168
3801
1110
2446
3395
340
465
1910
2744
2399
736
4497
3974
1956
1026
3684
3292
628
2842
2599
3463
1431
826
766
1307
4261
2932
3695
532
3579
1879
1723
2725
2930
4119
2717
523
4286
2150
1875
3660
514
4921
4153
2577
4552
3088
3618
3714
3314
1177
730
876
1495
2923
2129
1013
1115
3016
3640
3744
1420
3770
852
2793
903
1077
1719
1691
2338
3665
4806
4153
1764
3209
3827
1701
3650
1588
3864
1669
2940
571
1758
502
1670
4941
2026
2325
2706
3263
4992
2955
3006
1390
1017
1260
2117
2139
3423
390
1289
3283
3864
3963
153
2473
4002
2899
1180
809
1672
3216
2891
3307
2164
4500
231
491
4375
4008
436
460
2049
4192
2185
1407
856
1933
4876
1484
1531
2677
4735
1266
2216
902
1418
401
4135
4230
1177
1148
4478
4832
3611
4269
2371
4015
2266
4200
3107
1502
265
1484
660
4520
2606
4490
692
3708
2532
1799
1315
1166
2498
1892
977
3052
630
2847
1040
4840
1404
1551
2732
2669
2805
3211
4375
482
4532
2649
2585
2637
3915
4611
93
1551
1978
4766
3333
150
4430
3884
4783
2854
2429
555
3611
239
3983
3322
2371
991
2424
85
338
469
1854
3456
853
525
4144
3066
2739
2835
3195
3780
1412
934
1809
2220
4462
586
2308
3025
2725
4288
232
366
2706
1401
1262
314
2961
1098
1744
172
4
3891
67
1100
2855
2339
1269
4127
4658
4933
739
2254
20
1995
1953
2494
1616
4220
975
2361
199
2852
173
2723
4804
2662
109
4545
381
751
1884
1689
3662
4526
337
2640
1878
659
4367
1373
3959
4287
2886
468
4553
2284
1619
3282
2576
4318
2807
1124
4582
3140
3154
1940
4868
3215
439
966
339
3606
1996
3927
1194
1200
2518
2280
2394
4785
1593
2388
3663
4476
4892
4265
4735
2698
3014
2322
3075
1108
4930
4988
703
4277
239
1860
152
2124
4938
36
4063
1393
1850
1097
4929
1992
3164
3040
1156
2488
3397
452
4983
3473
1941
2552
1419
1161
4921
3963
2033
4874
3943
1027
1640
494
772
686
879
3806
400
306
531
4347
3092
2831
4965
3120
1251
1530
1677
4653
3882
3839
1116
671
2861
824
3127
2665
2223
90
4417
2187
18
596
2638
1175
1623
593
4965
4578
1835
725
1528
3646
2864
4247
4954
1412
549
2982
848
680
700
1030
4478
3067
1172
62
1537
191
4210
1151
3544
4830
4012
2984
798
2799
3104
200
4195
2934
178
2688
4598
1610
788
4
355
3650
2490
830
820
1490
4680
3322
2694
486
3156
2751
1381
3229
3501
2411
2331
689
1480
4554
1564
380
4641
2831
2980
2216
679
1142
1627
1714
3290
3305
2846
4392
1614
4428
1667
989
4201
2986
657
3663
3392
290
907
2463
74
1561
2292
1553
1520
1673
3524
3585
3418
807
4133
4003
3561
336
1012
4176
3489
1910
131
3545
166
199
323
4611
3266
2124
4006
1464
3821
600
4061
686
3463
621
1982
2022
2399
3445
4805
4374
3013
4261
3407
1265
1081
4861
4426
921
4272
1859
4201
211
3961
4690
2378
4358
2469
4896
2193
4466
2606
4793
1752
1425
2081
1103
1666
1653
697
1350
911
3691
4063
4499
1461
665
833
817
3029
1832
4472
4419
3192
1920
1155
3769
2461
1234
1621
1326
4714
4027
3179
3314
2901
4354
3543
2170
4555
3236
2070
1772
911
1999
3780
2942
1664
1988
4828
734
2158
1804
529
2175
2469
1131
1901
364
1198
4860
4251
2776
359
632
2387
2288
33
2655
3788
2530
2037
1497
1944
940
3068
3061
2092
837
4522
3143
2756
4807
2392
4417
1313
5
3402
3586
746
84
1430
3286
2857
3314
1464
1123
4391
2949
3519
2039
1986
3199
394
4828
3009
3730
3325
1698
3963
4903
914
1175
1365
860
3514
938
1752
1874
2055
593
3277
2573
166
3383
1533
1347
323
1520
4975
91
4096
2141
1503
520
4036
2702
2931
4656
4122
359
2731
544
474
3408
381
4720
2678
1596
4781
801
2877
4908
1458
21
941
2142
4040
1656
321
657
2010
690
1585
4374
3488
1666
1846
1561
922
1722
3970
355
3936
3399
3024
3493
3073
2815
3016
4356
2036
4792
1651
3647
4579
1186
2202
846
848
2882
4731
1560
3512
3721
3689
1449
1571
3985
1177
4606
1929
2457
3566
4391
3324
4153
3011
925
169
1412
2145
4458
789
124
720
3335
4319
4516
2354
3279
785
955
2097
1795
2176
2076
1705
1320
2720
4762
4768
3373
4421
2187
2364
3393
2455
1879
4747
2756
1497
3422
2507
605
3544
2400
2779
4309
4931
377
1382
4701
2319
3086
215
1349
1147
692
3411
3300
2124
3732
2658
3292
2142
320
4537
1948
2952
968
947
1495
1260
4942
3230
3061
684
537
978
3335
4491
2425
1424
2748
2681
4236
622
514
1609
2306
3975
2518
11
4185
4049
4749
902
1034
1012
4486
798
1234
2656
2942
4013
1891
2819
3980
3917
3569
605
4936
3873
4619
3021
4512
179
3542
2597
1226
4739
4818
1259
1511
4565
621
987
1264
3869
743
4236
258
1036
187
2351
4658
2586
297
3498
586
1506
3381
4629
919
240
2223
4878
2447
3583
4027
4619
4504
1631
320
2958
4602
2043
3808
3256
990
4142
423
2331
4849
3019
3968
1956
1577
977
4701
2495
2616
1548
4477
1750
2992
3675
1283
4859
4704
4748
1158
4512
1470
4579
3116
2396
3809
4748
729
3770
1932
1004
3201
793
3736
2027
1510
2250
3363
1172
424
4458
1391
3955
3363
4565
1759
1226
2465
4949
2067
2163
1372
984
713
4026
3192
1497
1416
3884
1235
50
3570
79
4551
1347
522
1394
495
4903
4733
4390
105
1392
1695
4561
1020
940
3036
2004
3933
576
4648
3118
4934
820
3419
760
2501
2515
1814
1836
1961
4267
3593
2482
2204
255
1514
4339
4880
4447
3669
2834
1901
2809
4221
4697
1766
4257
2344
922
4301
2387
4277
891
3510
2981
3182
1005
4082
2844
1406
2664
700
686
1512
2847
1440
2091
3972
4214
4001
3983
4605
1573
1971
2952
1806
4771
2349
595
1229
2959
486
4615
4252
1968
1611
4498
3797
2853
3299
3847
2545
1427
2233
529
2458
3105
2085
2695
982
600
3425
3282
4682
223
1902
4134
1333
4825
2929
3316
2566
3201
3059
2345
2083
3980
1275
1359
3500
3828
677
1677
3254
1308
2871
3190
2881
394
419
1657
340
3992
1321
472
4737
111
3313
2257
3113
3025
1191
2799
2126
3995
3347
3812
1521
1856
3917
654
2240
3654
2090
1378
3401
3907
1789
2389
3336
3200
372
3558
3968
2628
2477
794
4217
3966
3570
1715
2539
3845
624
236
154
2452
4998
2474
2717
3884
894
46
1050
2545
2658
4408
1055
1039
4815
1705
4108
3474
1477
4106
3762
3972
1424
3642
249
2483
3576
4554
913
906
1878
245
126
2025
734
2514
4860
4314
1505
1358
3820
3962
3007
4819
2621
3440
1101
1304
754
815
964
4785
4611
363
2354
771
4257
3461
2037
3653
3760
2614
3190
3050
3072
2319
1807
3790
3396
2410
4264
3444
3390
877
458
2232
3739
3818
572
3666
2218
2495
4464
3343
4216
2331
4630
2794
3056
1056
4414
221
1522
3656
1072
4971
686
3803
1389
4416
3662
234
3411
146
1352
1248
2434
2466
2124
1176
4540
1189
19
440
355
88
4303
1960
1938
2449
2011
1734
1709
4382
4002
4502
4655
2905
1272
4429
4223
1394
729
2574
3354
2637
1987
3098
4582
248
155
406
2995
834
3559
4992
4946
3796
2058
4890
4595
1890
416
1787
2677
1854
538
3138
3043
2527
4808
4539
447
1039
3864
1103
567
3731
1794
3231
1440
1046
2341
565
2897
4721
348
4989
784
1192
1367
2539
2039
310
4002
4571
3429
2858
3871
2207
3600
4685
3105
1700
3755
845
461
3887
2148
3358
4889
2240
3132
577
4409
626
126
2473
505
325
4127
2015
1617
639
964
3664
2207
1488
1606
2704
4711
3243
3130
1553
4949
55
4208
453
336
3984
4486
4596
4819
1805
4327
1568
2608
4761
1782
3709
1529
1480
4312
2399
4684
1037
1914
3626
4394
913
1727
1378
2526
4388
4329
627
2066
1156
1259
2876
4809
2424
781
2803
2655
148
966
4517
4618
1475
1773
921
3060
3894
632
790
955
3633
4180
2169
1456
221
4925
3220
3194
312
2807
3498
254
798
1087
25
1937
1206
1087
1318
2306
2309
1182
3855
1810
3680
2330
2197
3233
759
2141
4810
4750
332
2480
78
56
4417
3763
3447
1548
1577
846
4332
2747
763
2513
2454
2496
2228
2108
4311
3569
1813
3676
1363
1380
3707
386
2207
2087
3937
1996
1106
3944
5000
1389
1554
1253
3912
1504
482
1122
2526
1160
4075
3660
4919
2502
320
1200
914
1078
2531
137
2541
2138
2373
1850
3502
3473
1649
747
4167
2652
1570
1048
3787
3189
3913
4524
2844
4310
4515
1498
119
1616
2291
4503
1651
4104
4177
55
3995
822
2872
4927
3614
849
1186
212
2258
4880
3580
981
4278
2087
4362
2290
2020
3076
226
639
4853
4798
2453
573
2786
228
3879
1030
4977
994
326
973
2938
1123
715
3128
4702
4849
1153
624
4358
4854
1618
1099
2304
4952
4443
1264
1782
1211
1978
308
2463
215
1330
680
4595
4273
2527
4658
3420
3162
841
4493
1761
2091
4269
4761
796
3549
2889
591
2076
2423
34
1041
3730
1241
873
1897
474
962
4547
2219
2795
2415
2015
4743
3611
4673
3480
4101
1694
3259
1674
37
2934
5000
4316
1396
4068
2434
4911
1754
3402
4461
3856
1420
469
1615
2538
1545
4940
1872
2853
4009
4024
4497
4845
576
3012
1175
1093
4116
4688
2299
404
1111
137
3464
4087
4681
3438
4158
4000
2652
3463
4588
898
256
1933
2200
3141
4136
4982
3645
459
3953
766
2688
3475
2430
192
1538
2147
3170
3080
3709
29
2157
2936
2406
778
3827
1807
3086
1565
3844
516
2659
3198
3829
1620
994
673
1767
4218
1715
3028
3897
3849
3390
3434
2640
1528
1772
1193
550
2577
517
1439
4103
2642
2841
4775
2011
3323
2195
4142
4304
416
478
4936
3853
1162
4594
1761
2415
2330
3253
842
2818
3460
2588
1106
4872
3012
402
4427
4345
4972
3469
4982
3163
3500
119
465
3985
456
4708
1576
2154
1210
2946
184
3646
2392
615
3012
1538
1701
2185
3908
4871
229
230
677
980
3958
139
2324
2846
4767
3155
3750
2871
1174
87
1742
2825
3317
2051
1136
4800
4832
3071
4961
2272
3181
3192
421
4223
2359
0
3755
1298
4604
3008
4864
430
333
3135
3487
180
2513
3104
2069
674
2127
3079
3435
3707
3737
1116
2393
4947
2411
4752
1557
1576
3798
4877
3019
4759
904
3334
3021
1181
3207
2388
1710
2773
548
901
661
2039
2499
195
3674
2382
2887
2952
2148
890
4561
265
2554
4780
1721
3429
313
2159
1496
2389
2475
1471
3641
1490
516
4150
419
3702
1479
3082
4079
4372
2743
1836
867
1374
2794
3886
3047
2283
90
4124
2703
311
4854
2796
4261
4777
4654
1983
3078
3772
4311
594
4226
1887
2673
2583
2867
1696
2680
2005
1534
4230
1085
2431
4620
784
3763
3194
3574
1750
1237
4810
143
1857
3552
4069
4815
2986
853
900
4563
270
2941
3177
1577
4593
126
1775
2372
208
3117
2409
2007
978
1141
2415
2167
1187
828
1943
141
3560
3617
3248
3640
2592
598
3934
4360
1730
3745
2528
2160
4345
1445
2299
2699
1628
4655
4205
2084
212
997
661
669
2141
3069
317
2425
4778
4212
1078
257
2680
4768
430
4252
4753
2745
1092
1831
3350
1610
438
278
1234
4894
3247
2990
4627
700
1377
4643
3094
1042
3707
1080
260
1362
3261
4544
2669
399
4703
1258
2371
3039
4662
3910
317
1231
3286
26
273
649
4965
1437
1499
4869
3830
962
862
3257
2876
780
3939
2684
51
4503
1978
3385
2522
1545
1445
3087
2102
4085
459
4802
2469
3360
1573
15
3981
2741
1234
330
4783
3971
3588
2108
1077
158
2031
3545
2888
2467
2641
960
459
4873
652
978
2279
689
4940
4035
2522
3709
2091
542
1476
4854
420
1349
701
147
1984
1736
2345
750
3592
688
4194
4399
986
288
893
2657
1584
1921
4089
3784
18
153
2182
3130
890
2147
356
4557
4478
4018
475
938
915
3423
3468
4567
2196
2697
3626
2406
4693
368
3768
595
2549
3562
3723
2741
4421
997
2956
561
1635
1934
3160
417
3113
4270
3222
3522
1618
2132
2770
1250
1748
3980
2203
154
2609
3933
1737
2384
4187
1599
1506
654
2290
2728
2829
1816
4159
4507
1181
4537
1862
2826
2265
4208
42
4368
3249
4571
3524
3420
893
2844
1702
1429
4845
3008
194
2155
421
2364
4180
4490
4084
4211
2571
3108
3381
3536
4998
4706
2559
2238
2335
1134
4689
534
602
109
3899
4713
985
3057
558
1407
4030
4195
4829
4919
3419
4159
4419
1051
633
1268
4324
481
2668
1686
1298
902
2774
4098
4273
1632
4527
1601
2700
836
1229
1061
304
1959
1875
976
907
4677
2452
4867
3910
4696
321
622
2478
1833
1048
3258
1550
2576
4926
4428
4903
1526
3434
2785
2897
4359
592
2343
390
4298
2569
1542
130
3376
2422
3256
954
4602
4377
1059
2450
2073
3589
3852
768
3487
3801
2215
4683
2261
2828
1333
3362
1014
1244
3267
2912
3585
4082
4465
338
403
4176
1046
1689
3504
2661
4631
1189
2497
4907
1493
2994
69
1037
1986
249
1929
2184
941
2324
4891
4131
1415
3233
2941
4966
226
2940
54
2312
1619
3910
2926
770
4197
230
409
3107
1429
4665
3860
844
2870
2372
3603
3248
4734
3939
338
67
2398
4477
1817
2568
4873
4158
1076
3322
2225
4530
4048
4521
3235
590
3376
3462
2679
4570
574
2754
4516
2482
4577
4766
1019
4545
2703
2926
1913
4450
4442
1499
3299
1140
3845
934
4914
1349
2156
165
1726
4630
1351
800
3669
477
1127
4938
2631
4437
3419
3247
2240
3156
1457
4691
2555
3186
4030
4156
2548
2912
2526
1598
760
4478
339
4539
4819
2462
1507
1765
2853
3493
3869
1399
720
4400
2293
529
866
2256
2159
1410
2732
3673
212
2632
1493
3827
3654
4446
4160
4987
3686
943
1524
4653
2214
1684
1071
3267
4712
678
4464
445
411
4767
745
3584
2932
2610
4545
4142
655
4250
812
1982
1197
1964
2378
276
3200
1077
482
3802
3525
585
1057
4694
1074
3750
2295
1663
2619
3965
3096
4260
3967
3433
4232
1107
4640
867
2736
4056
3225
191
2287
4604
3497
2295
3632
4921
2158
788
4439
3532
2114
2012
4914
3472
1778
2073
3307
1568
3602
3694
671
2077
5000
3144
2697
2498
437
2817
2180
2132
2664
1620
2193
1750
3920
2851
2381
2157
2365
4320
1312
176
3671
1584
651
3401
1703
179
767
2807
4353
3488
220
2761
2590
272
2252
3469
4820
2248
3501
1030
3253
1634
1772
1905
64
4539
4671
3986
3903
3950
4874
1900
4658
4345
2441
2193
3625
1618
1052
3578
2864
3815
2556
4054
3560
2133
3103
700
4201
768
4596
4410
135
1443
1707
2966
1537
4622
464
244
1382
1261
1408
4693
2647
4648
3687
71
161
865
1436
2393
2261
4797
4258
181
3438
287
2072
4088
1352
1666
4531
448
4064
2375
4124
4588
1391
629
346
2083
3493
2097
4331
1648
1934
3383
67
1814
1510
4132
1900
2297
1348
1582
4045
956
3417
533
3352
1660
4355
2049
1869
3700
4970
3619
3041
3771
1247
4629
4880
532
1957
1563
2393
1150
2461
1520
966
3645
1262
1020
1701
3327
1586
841
3142
1057
4125
3643
1898
2445
4423
384
2305
4686
4288
2247
1776
4662
543
3187
4287
3325
2143
3208
3875
1735
997
4266
2392
2608
2257
10
2471
2650
617
2757
3665
2132
535
2002
423
4758
1436
2752
752
792
670
1903
4804
1589
4481
1768
2147
1943
997
3534
4939
3338
3036
2399
341
4943
3717
159
2080
2272
4849
3239
2244
1308
3520
284
3841
1522
2658
371
3722
957
3766
1989
1926
973
2943
863
980
163
1548
2090
2182
878
2714
3145
685
347
2020
3915
4212
570
360
2229
2219
4224
3193
1111
2147
192
4966
4650
275
3673
3692
1919
1400
3602
500
2701
1425
3973
3019
4133
4270
1106
4313
1826
3513
3509
2037
3511
4299
4055
1855
1820
1310
1854
4733
1655
2730
1172
2508
1704
1426
420
1901
278
992
3746
4798
4009
2674
3164
3497
4561
3775
1135
2830
2561
2917
1510
3326
3502
1406
4928
694
1212
4309
4527
1317
4619
2821
2648
3121
1821
4916
184
4170
2930
1269
3793
1338
1166
4556
744
4903
4648
2171
2831
306
2693
4341
4472
4016
304
1024
302
416
3137
4767
324
509
2779
4226
2776
701
3468
1165
1303
3884
2818
1491
4671
973
3853
4974
3375
4802
4763
2867
651
706
4707
1217
3016
2754
3657
320
2717
1863
3865
2201
480
2844
4644
4757
774
3950
2362
310
3097
3672
785
2414
1333
4752
4339
3869
1315
2268
2328
2680
4917
259
4690
2947
2174
4631
3349
457
3071
3428
990
3551
836
1052
4540
1588
4959
2408
3346
1067
4962
728
4208
1246
3762
4326
1564
4382
306
4136
2627
3969
4537
243
2488
3262
2562
629
2146
335
3993
1546
1118
2590
2885
693
4543
2132
3078
3548
882
3228
179
4419
61
2379
238
1617
198
3695
53
1419
1662
1141
1365
3375
3492
4849
4562
3816
1254
4898
387
379
2359
2935
4141
156
4506
324
4602
2690
3542
936
1627
3405
4944
379
1915
4080
2768
3307
1284
1193
913
324
4460
3249
1031
2785
1235
1947
4206
115
3610
1502
3665
128
4234
1366
1170
4565
1165
3888
4584
4795
4810
3662
1558
3311
4510
2850
4923
147
1679
3626
2155
2718
3336
4212
2937
2646
2251
2300
3494
4199
369
827
3066
1740
1419
4028
3158
218
2664
1295
1876
557
137
3695
1179
957
1073
4163
3090
3069
2069
1426
3617
4748
1920
4521
1146
2678
2199
376
4086
2774
1456
974
3879
3175
1243
3215
1370
649
3584
3174
2042
2523
658
1213
4525
343
2318
4085
2315
676
4120
819
1917
2717
3449
3789
2051
1153
2838
1938
2153
1809
1044
3660
3505
3083
1047
773
4801
1759
1034
4459
716
662
1857
1903
3184
4718
4424
1162
1381
3107
4719
4157
4663
833
4090
396
4315
384
592
3309
4680
1727
1063
3318
215
2532
2795
672
115
781
1932
1553
2759
20
350
3072
3783
3237
237
3857
38
1796
2814
3955
1827
858
1957
1157
1865
3873
668
1062
3033
2698
2734
4722
4023
3420
1420
2595
1096
3886
1358
1516
4757
1438
2658
837
2130
4831
2682
4214
1612
3449
2263
3247
4584
1871
1601
2713
4620
4529
3441
138
4594
2851
4794
4990
2042
3793
52
87
4309
942
1789
534
4932
2954
4072
850
1382
3020
2257
158
4315
86
65
4306
3428
2773
1687
3326
3753
1619
4290
3899
4369
241
1168
2557
4889
2511
315
2574
2341
4211
747
1
3494
2365
1552
545
270
888
4521
3037
4374
2031
4257
2739
2647
2911
4760
2566
1113
3068
871
497
720
3257
4709
1451
2411
3425
2709
590
146
1036
1817
3325
1661
4629
2651
1652
88
1978
1481
2738
472
1043
3499
1235
1663
223
2388
4812
2818
1562
741
3243
1863
4151
2197
1600
1704
496
3529
1107
835
3902
1580
4641
537
1853
2867
193
933
593
3701
599
3145
3819
1701
2300
2650
3485
2883
2327
2757
34
2692
64
1442
2998
2822
4612
1306
1158
1234
447
3134
4758
4108
1113
3451
1683
2763
275
3458
4104
2496
1995
452
4647
3988
4904
4384
1689
4055
4787
2927
230
4738
1221
4773
4497
2269
4642
4143
3790
868
4884
4970
596
3748
4722
4625
954
4785
4476
1159
1371
4130
2120
3352
3252
4913
3117
1012
4005
2349
159
2659
1574
2261
170
4047
3989
4251
2801
2470
783
1856
3156
4055
3492
3041
2607
0
1455
4507
2811
2961
659
3380
3897
914
1141
3708
2466
2973
3973
3901
1772
1866
3641
3119
1066
3724
95
4089
4141
1508
4267
2067
1080
385
4119
3020
3856
4144
3152
3421
2127
518
4866
4284
1198
1611
321
4229
2397
3611
837
4726
3474
4287
1139
1896
796
4659
3984
4607
1720
3767
4327
2695
4510
1977
1964
624
627
4768
4974
4407
623
1349
217
3710
521
328
707
3115
756
3343
1028
556
637
2199
3828
1096
2417
1255
175
1147
1098
3181
442
3787
2497
3231
3027
1370
2644
2609
3227
3650
3541
3236
3469
4400
2335
494
2605
4455
1334
3199
3993
2042
37
2495
3135
1164
4608
2226
1918
3891
2517
2407
3702
362
292
1984
4013
21
3776
4532
2295
965
924
3452
2370
3304
4313
4380
1263
300
4963
264
2490
449
917
3606
3787
3413
1825
4620
1151
2177
4347
390
2282
2161
726
623
3776
2967
4883
3281
2770
4355
3037
874
590
771
2808
4744
3620
4874
1708
1054
3777
2568
3759
449
1119
3608
3131
524
2070
3670
4947
1426
2314
2758
2108
1381
2580
4944
7
4864
655
2616
2416
3169
4450
1603
1146
4284
2456
1635
3277
2460
769
4928
547
1688
1084
1283
37
4126
2324
403
3913
4157
955
3977
715
1189
3741
75
5
3542
3128
559
776
20
705
3991
153
1424
1616
1015
3394
3851
4884
1491
125
3745
368
3872
2177
2145
4729
4107
32
448
1163
2658
3468
1621
3910
3472
4628
3735
1400
3608
3728
3599
4783
942
2417
928
2177
3704
4245
438
1630
1663
655
393
13
2584
2457
566
3718
4092
465
3613
3464
71
4027
1641
4641
3058
3072
3937
2068
3919
213
1359
3698
1633
247
921
3052
1501
2623
3850
146
461
2676
692
4836
1725
3673
2517
3489
592
1116
91
568
4626
3481
1782
1356
4954
2427
3163
747
1101
2618
1014
3832
2397
2717
2772
1046
4623
1216
3345
4604
4171
195
3267
3397
1989
3423
1300
425
4533
3621
1210
1541
4718
3904
4524
2798
4509
4285
4036
4062
3205
1972
4541
2904
1539
2103
1190
514
3065
394
580
4045
2950
1435
649
4347
798
2485
375
1710
3017
2945
2960
2734
284
2384
4912
3351
297
2296
3215
3707
2657
3739
3008
4296
4941
4240
3794
1329
2317
2450
4915
3244
464
3898
4944
4662
751
1404
4608
2804
1826
811
3641
2665
3504
2394
3032
2195
4454
109
2634
2762
3614
2627
1766
3196
4090
2786
1024
538
73
2483
1360
590
175
1732
3611
80
1018
2352
835
3029
7
1775
3393
4081
3091
4041
4812
3591
4494
734
2759
4573
3885
3844
639
1106
2567
1841
4301
1246
1112
4273
1634
3229
4079
639
4757
2706
1486
1853
422
694
1386
2674
276
120
3582
1521
135
4478
263
1678
4453
1675
4545
4573
181
4724
203
2004
4540
1268
754
4002
4443
1466
2240
4334
4279
1941
2312
3409
3250
3958
4288
4313
1498
1582
551
11
24
968
1374
2053
4291
3286
3652
4798
14
574
1893
3325
4694
1442
4640
3372
2508
1023
1648
4851
3065
3977
4106
1790
1779
1921
366
4863
2763
4297
1822
3042
535
2258
1066
3409
594
3602
453
3579
4201
4223
60
4614
3205
3858
591
2062
1434
2203
80
440
3277
1672
4388
2239
82
3132
968
2624
2135
4538
3127
983
2252
3712
3786
1937
4929
2652
1169
4972
2507
3572
125
1853
4759
854
3728
131
1452
1150
3601
1477
923
3375
4957
1069
2462
1779
538
2295
1435
1546
3266
4163
1307
4861
3176
4831
3453
1963
1980
2282
914
340
781
3764
3659
1140
198
2273
457
439
1429
1354
3419
3488
2384
2883
1438
4578
262
3483
2715
4579
3780
286
939
2578
2386
2454
3968
4311
2537
3422
4385
128
2679
3606
2238
3441
2677
1789
207
782
3483
3047
3910
1143
1873
2775
1902
3007
2604
1142
2652
388
420
2981
79
1258
1881
314
1917
3155
716
259
2245
3665
4673
300
3288
3478
159
4680
2425
2646
3874
511
4396
2288
4326
731
1023
3606
1577
401
3621
233
1968
4453
2258
4417
1714
1072
1552
4518
2946
4453
1452
764
4403
1915
389
4857
2206
2989
2686
1915
4997
3729
3640
654
109
4150
2428
2744
3337
898
4155
4278
4998
2383
3505
3244
4473
3491
3217
4649
80
1168
2880
3521
2193
1569
3139
1635
1885
260
905
685
4138
1432
660
2454
4289
4266
4346
4163
491
871
4763
1146
1015
2052
1650
1183
86
178
2876
3403
4486
2098
688
2506
3810
1142
4342
2242
284
3658
2674
1146
2859
1247
1259
100
4558
4696
747
2422
4786
1030
4012
834
3242
1844
3626
2276
3118
4368
2091
251
3180
2766
3707
1801
2180
2279
377
2331
3592
164
1647
24
344
3545
3241
786
4944
3762
4083
4745
1191
1103
46
4007
4951
378
2651
1365
4290
1465
2858
622
802
316
281
2022
1332
617
51
31
781
1869
255
3099
2976
1811
3734
4692
4407
1596
3697
630
1472
4874
4788
2882
4388
900
4705
545
4995
171
4157
4275
3590
994
1579
736
3172
134
4826
719
1440
2008
1644
4228
4778
640
4174
4050
1243
3703
1364
4447
2762
3359
3002
3701
782
737
1615
1294
3830
761
924
1164
2751
3618
4852
3721
70
2500
3807
3251
2720
2346
4527
555
79
2570
4531
4727
4033
4957
872
3706
4594
2921
1455
3006
2092
419
3826
2557
494
2571
725
4142
398
662
4210
1532
3715
1108
1938
663
4670
1350
2823
2644
3180
4547
820
4880
567
3838
3837
4359
3114
3303
1462
873
4783
4135
4595
1247
4101
2325
2510
4877
4541
2294
3241
4278
3141
3132
3818
1362
2986
386
2599
3546
3300
4233
4559
3288
939
697
2854
486
1398
222
1628
2335
1343
3398
3328
3858
1602
996
118
4396
4596
340
3040
4681
3864
1620
2039
4783
2603
4425
4600
4947
3338
3476
1474
1042
4302
4898
4486
4856
1787
4774
2854
3120
2499
3292
3907
2314
3145
3637
1722
4291
3133
2428
4196
320
1144
4920
3808
2753
3714
1385
3789
808
4495
1591
3248
2575
3944
928
801
3642
2724
363
3673
2991
1286
2269
437
35
3392
2924
2437
1584
1294
4340
3613
2384
1685
1335
2409
2736
2935
2134
3550
2559
4515
2205
3697
4530
110
3207
2406
2546
141
120
2465
26
3824
2280
1288
2405
3033
389
3745
1688
1906
83
3853
123
1179
4266
3909
18
23
884
3182
3022
4878
2554
4382
1726
4172
628
2169
2107
2778
989
1531
4641
1720
460
2034
1429
3155
2109
91
2711
2862
1436
3467
1588
3061
1088
2793
4076
2047
157
4126
3677
4168
4797
3815
2784
2223
4812
4255
30
3972
3449
4283
3340
685
1139
4581
3312
2406
980
2899
4831
645
3166
1741
333
1121
2360
2954
3955
1750
541
3079
4116
1251
215
1198
3447
3600
1663
459
3780
1884
3351
4378
3617
2921
3419
3109
1617
4668
2
1725
1519
3695
4177
2301
3485
1333
4600
4461
1888
3012
1685
3895
3248
3374
1308
658
2537
4051
2247
139
3818
2250
2344
4396
2200
2288
3428
1714
2777
1151
3631
4728
2927
2601
1459
3476
393
3493
4007
3104
2733
4437
4759
2249
3640
4729
4525
3641
114
4131
2321
1200
2516
2847
781
3618
2584
2615
4270
718
646
2039
2400
4698
3191
499
3736
4122
3526
1884
581
81
2749
4561
3742
211
1233
753
1880
962
2862
1506
4227
2835
3820
3585
1364
940
878
3691
4533
3546
2111
4513
4624
1086
4303
2449
1603
2398
1312
2466
4476
2046
4227
2693
608
2522
2144
4354
1957
2325
35
4340
2539
1926
3674
780
1792
1875
704
2131
1000
1837
1329
1996
3075
1070
2089
4761
766
3489
1482
4881
2909
2689
4288
2378
2131
3715
643
757
2772
4964
552
1768
1330
1268
2460
1570
514
2669
1047
4520
2881
1616
1946
3544
1772
4752
818
150
1336
3943
2825
2848
4037
4357
447
1103
4303
2634
824
2992
1998
4739
697
2644
2982
3124
3089
1983
4081
1895
104
1981
853
1840
2329
2477
4910
2088
88
1064
390
1407
4699
599
3902
4
1854
1717
4773
3105
4161
1370
2119
4733
128
1298
4996
3168
2423
4644
1642
2445
2928
3252
1243
1765
1414
4658
835
4274
3343
3660
450
839
2647
1866
2961
958
49
1564
3343
3062
4910
949
4191
3805
1330
1707
1539
714
1313
4387
2968
4745
2424
2211
2428
1965
4972
4124
3372
2401
261
2122
4268
776
46
1893
4366
3604
1496
3221
2411
1306
1581
2307
3749
2029
2187
4510
2005
3734
858
137
1139
3418
3924
3586
4246
242
714
1504
3793
3941
4434
4349
2542
3745
1907
1744
4272
3067
2709
1736
340
1912
2481
3861
3745
848
2784
3574
3834
1938
806
1870
512
668
2107
4555
2556
106
2898
2809
1940
1661
790
4093
4455
2298
4114
1808
4416
4219
1021
1532
23
2520
1223
3402
3496
792
1133
510
1937
1469
4949
1753
2849
1452
3760
1992
243
104
3467
4769
3218
485
3384
348
2111
3164
553
2285
4918
4836
4678
516
3794
6
844
3834
1054
4717
4345
2771
1216
2223
4968
1196
665
1733
2966
4232
516
3014
1946
703
961
4758
1731
4015
4352
4121
3109
4066
1662
370
1103
3545
2082
1181
2832
1695
3687
3034
1699
1424
2680
1438
489
2429
1330
4810
1952
2893
3616
618
4349
2948
2505
2770
3726
711
3266
429
831
976
2388
4595
1248
633
1964
2557
4018
2451
2266
461
491
1233
2959
85
1494
2874
1118
3489
1022
1630
2316
4467
642
4010
3957
426
2322
3347
3385
2524
2740
4050
4258
2571
697
739
4010
4730
4802
1048
3845
727
2534
2977
4307
1566
2739
907
567
3337
3922
979
882
3330
1158
3334
985
2314
737
4104
4910
4695
3282
1456
584
1867
4450
4738
3148
2941
1522
2010
4566
3956
3975
293
144
4761
2666
454
1109
1998
3281
2868
2268
3806
3457
531
504
4530
1840
1296
4171
3340
624
951
940
3819
207
814
4967
133
1822
2427
405
3132
1471
1151
1622
3637
1639
2305
4723
2921
4054
3836
553
3585
751
4495
4386
3932
1472
2459
4554
4239
4594
2731
1637
3715
894
1402
492
957
4215
3719
1457
97
2406
159
2402
351
2893
1695
4736
3862
2097
4420
1281
3941
1025
1041
1553
4681
2050
1431
1969
4173
3240
2152
611
271
1455
4111
962
3783
197
3636
1833
1181
723
621
510
2896
2781
7
3164
4406
3331
1929
1966
3500
755
4197
553
1789
4315
4790
4861
1115
2110
2098
3281
1856
1172
2889
3757
1852
2957
627
3349
86
1939
1835
2292
4617
2344
3288
1955
3308
4370
3812
4917
3876
294
1251
3101
1129
751
3937
4350
1434
3745
4375
4242
1234
4244
2716
1386
3108
512
3703
3866
229
1565
94
1174
86
2478
551
4601
3395
3950
2829
4821
1301
998
3414
2764
3844
4688
3811
2996
1446
4594
1766
1454
2326
3279
2655
3475
2461
3581
4748
4163
4730
1588
3838
314
2228
1791
4758
2190
3492
3097
255
21
502
2995
4627
1346
1877
3261
3329
1704
996
415
522
320
2023
3679
352
2805
3792
227
3906
4910
1629
3829
4031
3379
1040
2963
2821
142
4696
3496
1286
1666
3035
1041
2646
2113
3270
4205
991
4216
3412
956
457
2590
2447
2090
3266
3302
525
3713
3391
2630
557
1927
3870
3231
292
4658
1297
4800
3880
3973
4838
4665
1663
3380
3622
3636
1034
397
2769
2031
4844
3563
1736
1652
2215
3212
696
4065
1618
4698
3859
3952
919
4702
1059
356
2731
3015
1095
4753
3150
4301
2789
3114
2820
4245
3840
1896
2965
4733
2781
4758
4240
4166
562
1437
3413
4582
1311
4697
1989
3722
2097
4466
3911
2907
4953
1729
4863
2446
4590
620
2129
2180
4483
4412
2197
3268
3778
147
3943
3332
1348
4584
349
745
4203
3041
405
2744
4712
1506
2870
2859
1236
4001
3753
2765
863
3439
2693
2489
3784
3694
3295
3570
4100
1965
3002
4654
1463
3530
4801
4845
594
2677
4449
4021
2623
963
1985
4655
1803
336
3517
4600
775
1412
3455
3577
382
899
2279
780
439
3416
1199
3823
2541
4732
3947
4502
4404
2246
4510
4789
2491
2676
4043
786
1780
3332
688
1522
725
2643
2453
1560
1596
682
2663
2515
1440
1169
2348
1560
716
1115
740
3510
1327
4064
3090
3857
2458
389
189
3321
518
1317
2837
2235
3671
2523
3056
3734
2000
471
4508
650
320
4758
1903
3421
2135
2040
1801
3563
1560
2187
2661
2526
3680
1859
3908
2147
3342
2579
3614
4089
4081
4916
676
66
3839
1987
648
584
71
800
1359
1129
2669
3848
2501
3000
2461
575
120
4405
813
4408
4465
3667
3775
44
1749
2455
4585
2597
929
3490
2642
3698
2220
4633
804
44
3487
2577
1835
2163
4529
4567
2882
1633
454
4970
744
374
2778
4805
2141
4315
955
4010
851
2368
4936
4937
181
4646
2174
134
3671
4685
2279
864
4977
3396
4457
2492
2484
3200
3599
3492
2748
1017
3585
336
2032
1417
2204
3434
2035
1409
4914
345
2686
1807
3267
56
2231
1250
3567
2284
3127
307
3561
3563
3914
3268
683
1623
1497
221
863
4863
1517
4858
4757
2845
3407
3753
1265
441
2969
4235
4778
2040
1299
1267
1411
494
1932
1587
552
4959
4539
1900
4119
3262
3192
3867
3118
1752
2406
3685
4502
4502
4817
2473
946
3576
363
3281
493
4965
837
1631
1729
2209
3900
3073
5
3402
4768
1353
3826
541
2918
156
729
855
3833
2573
3956
790
1617
4207
1470
709
1117
4316
4403
1697
1326
353
4948
1892
2720
2694
712
1599
4097
379
2166
3974
949
2701
268
4230
1420
3075
4988
2635
97
1075
1407
3913
1334
2814
2812
630
4828
485
3467
2346
1197
1917
363
1635
4255
966
148
2982
1278
2321
2454
4407
2739
2678
4402
1965
3260
1717
4649
4244
4083
2412
3633
3266
4856
3836
4131
1850
4099
889
2685
1015
2671
1665
2618
2279
102
4439
3548
3512
4763
4153
586
4977
2518
1205
2291
3590
3977
4556
2705
1520
3525
1194
2052
3396
483
4023
2404
1431
109
3286
1317
476
2235
4593
1121
4378
3845
4176
2932
1115
1202
2008
4457
493
990
2591
3228
2221
3190
1236
3452
3487
4147
3711
4436
2665
2034
3069
2881
3263
2455
1319
927
166
1359
4496
1167
3590
124
1803
2964
2618
3810
3017
2434
1476
713
2530
4483
4623
1244
3417
3127
4485
369
2864
1
4491
4836
1202
1481
11
3668
3413
4916
3462
2078
4597
3311
3234
358
1975
4397
989
417
3234
3375
4460
281
3090
2296
3870
1830
462
263
1626
2854
1096
4109
594
815
3351
1330
1507
1973
3426
2601
1435
4485
3615
3396
2259
1228
3294
980
4990
1833
4924
1936
2967
2074
4667
3427
2280
4453
2004
1457
3478
4712
4532
4426
2159
2723
820
2676
3333
2532
2727
3929
1636
1822
1828
3391
4571
2223
2240
3422
2168
4949
892
2003
2993
4114
1794
2762
173
3937
2844
116
4926
2709
2226
3963
3699
3687
3864
3803
452
2170
4501
500
1598
1919
363
4520
4690
3550
4316
1571
1469
4483
2939
2682
316
2619
585
99
3723
3737
2948
1762
555
2176
1086
3879
4394
2940
4879
624
3489
4599
4476
3799
1847
3561
931
1343
4388
582
1787
426
1241
4348
2801
4131
2339
2291
2945
2978
2830
388
3128
2879
4664
4416
661
2377
2448
596
601
1602
1383
875
751
1659
2724
2428
75
802
1439
1742
4941
1667
3
1495
4632
1673
1932
2719
2838
1556
4766
3879
4058
2716
793
3824
231
816
1727
3254
3087
1353
881
3948
2843
4231
2309
118
2424
617
3151
276
1019
3841
1104
3630
4418
3337
4963
3705
4340
3290
3119
2887
1629
4033
2285
1513
100
2499
2830
3668
907
3782
806
3984
3766
3933
2432
1502
2882
705
2149
1414
1823
402
681
3366
1181
2425
765
1931
3944
4563
2845
2608
1267
2087
2688
2275
4201
2060
812
3787
3500
2490
1875
4360
1875
4153
3471
1505
4868
3942
744
315
4541
2983
2892
156
2508
3659
3223
2289
4749
1184
2039
1962
4212
695
4673
1120
1904
4292
838
2972
4326
2133
2769
4428
1378
2450
2651
796
2601
2825
2429
3262
887
74
3813
4437
0
3831
3846
4024
3999
816
3460
2043
4021
2520
672
2161
4821
767
180
4317
2420
2607
3714
2130
3186
102
4792
2275
2711
882
2316
3989
136
1347
2978
775
221
2234
4176
2661
2665
4658
3924
2227
1022
4467
184
705
2242
414
4668
4682
2900
927
1034
2789
1589
1644
3812
21
3730
4621
4822
1792
1188
3964
2587
2898
4450
1800
4135
2106
758
3448
1098
4943
4468
2125
308
2549
2207
157
3147
2635
3
272
1242
4175
2439
1006
2850
2041
296
2970
4303
3064
81
2860
4023
1267
2344
2842
3824
101
453
2622
1172
3879
3663
3856
437
2291
2019
2316
321
4178
3418
376
589
1597
3762
3409
1800
3678
3737
1532
268
3185
1325
4336
4186
4028
771
2308
4093
2176
3052
4885
3648
4156
874
2670
1890
4009
3716
197
2194
3987
3054
2023
1725
2705
1789
3775
3318
4380
789
1539
2863
2702
1927
2212
4746
2691
3032
4283
2749
3694
886
2596
2718
1599
1679
817
2623
2429
2809
3705
1645
2232
1160
4165
1439
2864
1244
4197
474
1132
4522
665
3245
4710
267
3769
4680
446
3345
2546
580
4467
3945
2856
4239
4376
4997
2487
4754
242
3246
3196
1084
2252
3775
2291
930
1945
2257
1377
1947
533
3766
571
3669
2927
3291
3221
2655
2530
1808
622
4435
3341
2551
3022
3971
333
3917
4432
1917
2233
2019
98
945
1718
2393
785
2832
116
3361
901
1866
2209
1430
2083
2864
648
352
872
3959
2270
3482
1089
2293
4566
1888
3971
4978
254
298
1302
3859
606
1457
4096
3078
2227
2719
268
2334
178
2322
1242
594
865
1517
4337
389
4114
2528
1842
321
27
7
4564
3549
4781
1144
4040
3673
4495
2571
2405
1186
1665
1762
2101
4918
3073
2939
2984
169
2983
3931
4532
4930
261
3526
968
1294
1088
1522
2627
3460
4156
560
3721
3763
3293
1855
3604
1165
430
4807
1750
2217
4515
3968
3200
2733
3209
1446
4948
3913
4094
4547
2170
658
1659
4941
3909
4489
1670
1766
2089
3480
136
4606
4112
2795
23
4452
4039
4090
1576
3754
1909
1136
4208
344
1676
424
517
1920
71
3375
394
4002
249
232
4807
3136
4693
3972
1594
3851
1688
2494
3658
4472
2533
2498
3363
552
4778
580
711
91
1185
3688
1256
419
3436
1510
829
520
1663
2881
4536
3916
1241
1378
2657
1352
1292
1444
3562
1755
3058
4534
1704
3174
4312
2297
80
1303
465
1102
1999
502
3604
3908
1206
1225
4709
2095
2122
843
1388
89
4615
2793
4985
795
2062
2124
3147
1909
4844
266
1985
4575
4750
4253
1976
1976
3208
2200
757
3975
3684
3943
3959
4436
3368
4097
2533
3252
2781
4293
692
3266
0
1103
2610
3597
2310
371
2551
729
4355
3250
4166
4294
3381
4342
4427
178
975
1148
4674
773
2877
672
2522
1578
2538
2636
1195
106
3650
3809
1234
2177
4077
3813
2521
3046
2988
3000
4450
4328
3777
385
848
232
3015
652
4876
368
3164
1862
3339
1418
2235
1264
3885
272
3399
1104
4714
741
44
4925
904
1212
1459
4392
1394
3271
1567
3599
1255
35
2789
1105
318
3008
2282
2182
4594
18
2601
4542
2139
4601
4361
3261
860
1110
2166
2488
1631
768
1630
699
1195
4721
4029
1379
3105
9
3855
4333
1560
3723
4771
3036
1951
2881
4735
2869
2092
2175
4496
2014
2084
2061
4604
2350
2947
2723
3308
2838
832
7
4633
2861
20
992
3236
2530
4085
3023
3161
3329
4106
3266
2546
1121
4924
1109
2611
974
4748
4333
1125
1785
2579
1494
4360
2406
4587
3528
4473
321
2693
1326
669
3636
3928
4744
1526
2667
4898
759
3284
1595
4334
2279
2523
4587
1210
1638
4881
901
562
3210
1680
2969
1868
1978
438
1329
2691
3967
2661
771
4789
3878
3767
1985
4107
3836
3842
4140
769
4123
4924
4762
2261
4917
998
639
3972
4074
2951
4012
2437
59
4777
4607
358
4495
918
1386
1292
552
4838
1651
146
2581
527
1246
1211
71
4707
2365
1311
2287
2352
2542
4870
1952
3314
1332
3734
118
1725
4024
64
4063
3642
1131
1557
4635
336
249
3915
4206
1747
2746
680
4797
4815
4353
2849
2813
4007
1307
1698
1533
1605
76
2311
672
4020
4509
3672
1849
2386
4964
3976
2722
1406
3415
4847
866
421
23
552
2937
1820
407
3464
4143
1108
1506
2726
234
3251
822
3093
827
126
1329
2871
1098
3171
3038
71
4139
2491
4130
3474
740
1435
655
583
4030
3636
1141
1035
2827
3731
1129
737
234
617
1741
3865
2936
834
2168
2749
70
2283
2944
2961
3726
1610
653
3396
3172
4596
2775
4175
4942
313
57
2873
2832
4382
616
655
2088
1443
2148
2206
2963
1713
2863
4520
2353
3171
631
4307
2214
3208
3685
233
4525
4429
1160
4456
4525
1795
2984
3062
3652
2525
4931
120
807
129
1285
1653
3959
2535
3306
2103
2218
3395
3156
1989
442
2701
369
2286
2364
4839
4292
2138
647
929
3092
1772
2524
2667
1132
2335
1013
3437
129
3120
298
281
4866
2947
3320
3415
1255
2442
2038
1193
4713
3096
3171
4716
4665
1063
4881
2165
1479
171
376
4614
1906
2509
4713
541
2884
3787
4945
445
4731
2306
4455
1691
2846
1719
3876
3038
891
2736
2538
3505
3017
351
4605
2568
1906
4499
3236
4340
4070
1405
245
4529
1281
113
2333
1440
3651
2491
2332
28
3734
2262
1810
4512
860
2411
1727
4628
4217
1796
2097
1965
3452
2498
544
4792
170
3462
2381
3008
112
2023
3728
907
811
2348
3902
667
4747
1189
4364
2744
1653
3061
3140
2326
4618
2680
1088
4835
2864
4933
1721
1082
3957
611
1551
254
3876
1638
3250
1786
2587
2025
3947
4179
4580
3239
2118
4893
1540
1970
1024
837
4453
134
383
2156
3303
2219
1622
964
3434
1047
47
3597
331
855
4809
2062
3869
763
2148
4972
4037
3368
4888
636
196
2471
3378
3275
2015
4546
4993
1287
3553
4221
825
4299
2364
455
3797
149
2342
1633
2668
3355
2912
3520
3132
2054
881
1744
1252
586
30
1181
2008
1001
4930
1943
4878
371
1116
306
2239
248
1318
3984
2610
3673
5
2498
1263
4288
3664
2488
4050
3797
4033
925
4985
522
630
2686
4164
859
1146
525
1891
1519
2571
4465
4180
2977
2334
3700
821
278
1490
4431
2789
262
1270
4234
991
3836
2769
2171
3132
4298
291
3084
1506
4038
3027
2559
1324
2159
950
4768
3326
861
4747
2372
918
2540
3107
2373
846
1390
518
2112
2231
2025
1934
3992
4964
4323
2941
1771
952
3558
2787
4792
3432
4643
1068
3936
2365
4380
946
1429
343
713
4042
4279
2799
1967
1403
765
3511
4113
108
1159
1054
4270
1536
984
1436
510
4828
3613
175
157
1491
1422
2509
3850
3824
2994
1420
666
1433
1534
3584
3616
2779
3876
2496
139
2708
2069
4494
2138
4162
4870
4266
2316
997
214
4742
3342
1222
4116
2682
3260
3988
3546
1763
4263
838
699
1996
112
3738
2179
2299
1309
4135
1587
199
3376
3929
3974
4416
138
321
2877
4526
4954
700
3600
1827
4493
3582
4379
100
1032
640
3203
2434
4395
2774
321
2762
845
2559
2326
4469
2210
2708
252
4511
4839
1123
1997
1206
1125
19
982
3997
4327
2768
4797
4027
642
1245
2858
3702
4029
1723
3332
331
1996
4278
1299
1156
2806
3624
1158
2951
4695
2011
467
2674
4244
248
323
399
3708
693
863
3923
1137
883
2039
4943
3470
436
1758
4053
3693
710
203
375
231
2543
1545
4373
4745
606
1049
4258
742
1119
1255
4635
710
974
2543
3506
4285
2313
3678
2018
1878
3994
3224
1086
1209
310
3079
3662
216
3748
2399
1504
919
66
1771
533
3643
4816
1166
251
3126
4657
4289
3796
3871
2914
3679
2553
3845
1456
2271
3828
2869
2750
4819
3931
4704
1002
3983
4490
2154
2895
3026
3944
4626
3376
1723
936
3006
1020
379
2174
4507
4905
4026
3382
301
3337
23
1405
1760
3108
2419
3928
250
3593
4058
2807
3424
776
1276
1573
3310
373
3636
3020
3890
2059
3166
2760
880
3659
2953
2656
1508
3051
4901
4862
3537
1948
564
2920
2505
1746
433
4251
3582
3503
1477
58
1645
3563
4995
3940
3186
1018
622
3568
3877
105
1267
4522
3418
1551
2625
4441
3877
1004
3148
3068
2612
1855
4459
4675
2917
4494
1439
1012
4448
4822
3687
696
2944
3487
1855
3633
1
4543
2047
279
242
2602
3254
2948
771
3502
3470
2158
2219
2370
1603
406
4019
3798
3185
4965
4609
1615
4323
4173
1632
648
2201
2739
2797
2095
4607
2274
4514
2758
464
2061
4098
3649
2723
1323
1843
2609
2833
2068
421
3932
3344
1679
447
4836
3447
1830
907
3948
2568
2240
4070
1434
3194
2036
2433
3814
2315
4095
1152
4436
1121
4450
4396
3792
1371
2567
1611
4430
3514
870
3602
1277
1838
3330
4998
4071
2165
1229
2851
574
3056
4461
4809
3164
1634
4428
2251
2070
2295
2317
3058
2500
910
983
4999
4971
3535
4802
1842
3490
385
1350
1996
2839
3209
730
337
1499
4271
4537
3011
4803
2785
1993
3928
2681
1076
4554
1594
3026
1082
4380
2140
4273
4233
602
4984
7
4963
1703
3738
4913
4057
605
1788
2868
2275
3696
336
3535
292
1405
2207
914
1935
4208
3608
2465
2719
1814
1043
1472
2790
1913
1208
4866
4923
47
452
95
4593
3569
654
2618
4192
3787
3158
4266
227
4384
3561
3294
1887
857
1580
3678
4855
4534
3113
4370
199
3454
3538
1737
1983
197
1649
4720
4586
4744
2616
2043
3160
2934
3413
4034
1843
2164
1497
1919
3536
3127
2900
4933
197
803
4081
1548
42
731
2829
2153
4437
4008
1245
4590
4127
2547
766
4632
1278
330
1038
435
3819
4019
4201
163
573
4103
3864
2936
4653
3117
2119
4686
3949
711
2886
242
260
3193
2315
3878
1722
1301
4876
1559
3651
2201
2540
3356
3388
236
944
3534
2003
612
4872
4877
835
190
3243
4976
2029
2166
130
2498
1573
2065
2114
3713
2593
1088
2659
525
4855
2399
3461
1173
803
4299
1031
3809
4356
1848
217
3602
1647
1916
1069
2080
171
1320
1046
1760
848
2765
3269
2323
3987
1884
4327
2893
651
4687
2519
4108
3213
1182
4461
4774
1988
3089
4686
4322
4311
484
1812
2777
3041
2879
160
2211
499
4482
2701
1003
1852
3415
1501
3481
3385
1203
1403
1688
608
227
4145
4391
3952
4146
2540
4757
2015
723
2792
763
3108
2648
4295
3070
1606
1308
3929
1944
850
3895
4566
4886
97
2814
4071
4953
2797
3912
436
4604
3861
4487
2508
2367
4700
3707
843
4048
2067
3855
576
1583
777
3201
811
2579
365
2728
2961
2922
735
4323
3009
1693
220
1194
1471
2721
901
1876
2411
254
4133
1852
3290
4199
4790
2887
2387
3116
389
2943
4504
2842
1848
4937
3667
4309
2235
2619
4360
1269
4247
210
4813
3147
452
376
239
4005
1381
3854
3773
4507
2641
212
4696
887
1904
225
1075
1378
4276
3239
26
3117
2415
551
4061
4515
874
1136
2283
4585
14
2945
4378
4391
2175
4241
3217
2812
1729
749
728
4542
4175
4012
3158
138
1502
4930
4193
2470
1
3504
3135
1886
4632
2520
2500
4588
4961
1074
1529
294
1018
1765
1115
4056
3686
2992
1525
2184
497
4306
674
1452
3448
916
1478
4112
291
1071
975
3337
4213
2982
4452
1853
2748
2255
620
2960
1352
242
274
2862
4467
1133
2426
3017
219
3862
1245
2017
1148
2820
1822
541
4350
2261
1862
2432
2037
3498
1153
4951
3040
4084
1892
3670
4596
4424
2749
4301
3326
1845
2005
1498
4416
406
535
1330
2848
1144
3245
2020
4002
3830
1425
490
4960
3480
3711
1440
2012
2171
1502
1995
4397
4576
3452
2408
3564
2539
457
3458
3134
4953
3014
2711
1798
2466
2469
4968
3098
3813
184
2215
3438
3287
2876
2489
1346
4318
3474
1063
3318
4936
2317
3941
895
2470
2856
72
1987
4603
4186
18
1276
610
184
830
4290
4160
1348
1537
2379
2115
4766
387
2063
1041
1664
2455
3099
4049
4870
3700
3349
2468
917
2756
4830
893
2817
894
119
2595
4627
4165
2421
2685
201
3685
441
4944
422
4889
2150
3285
2052
782
3742
4044
2311
581
2533
1125
4263
2021
37
1118
4075
871
2870
4516
1070
377
4821
978
3769
1643
4340
695
2194
4186
909
4308
41
4083
125
4111
3802
1535
1887
3823
2900
3411
798
436
2509
4117
4442
3659
4420
3319
1710
2106
705
170
2983
2796
4367
2804
4284
1074
4178
3820
139
959
2832
4377
1619
3404
3342
3370
2831
531
466
2641
542
1787
483
1207
2939
1645
959
3571
1084
3081
3712
332
554
853
2385
2066
2722
834
1342
3074
3168
1377
4924
4899
2426
3379
2500
4797
3950
2891
2753
2192
3746
2288
2207
2668
1442
3819
13
3792
1249
4677
3093
2107
2212
1387
1904
3489
1915
3212
1917
1002
4837
696
2536
2057
4416
3729
608
3482
1883
3572
66
934
2782
611
4586
492
2350
3936
4560
4981
2958
1563
1385
3001
4615
3804
2856
339
3287
2331
1330
4001
4749
3334
904
919
4265
2629
2347
1041
591
2053
3989
2599
3663
4027
192
4312
2467
2333
1653
3173
616
4576
577
3734
1090
631
3039
3842
4952
500
2989
3252
4246
4507
2842
1327
3877
2179
81
901
4688
2258
599
3759
131
2451
4373
4951
3929
3875
2402
4480
1215
1366
1239
1100
1392
275
654
167
954
2023
4652
1062
821
794
93
1015
1048
337
3470
2222
2889
1159
1670
1205
1614
2894
2169
503
929
1891
4108
143
396
120
1829
3256
1260
675
4180
3914
2852
4810
4263
2136
4058
4077
1404
2718
1355
595
4894
354
2164
3173
3130
995
4658
889
515
394
4763
1052
1170
1515
1471
3118
1503
3730
3473
4736
3103
321
3543
1464
818
2785
2123
4138
881
1704
4140
1481
4245
804
4993
1421
3043
1129
3928
3520
3988
4306
2119
4199
4925
4366
2772
1831
1311
1640
1284
2716
4643
4392
1024
346
619
1574
1650
3980
3328
3425
1806
1629
3523
3749
1502
4677
118
4704
2339
3207
1722
282
2962
4414
1952
4179
3634
4135
4051
3296
1765
3622
4668
2468
1166
738
3900
933
724
1710
4044
686
4273
4363
481
582
2245
3498
3877
756
1672
1186
229
2877
848
4261
47
4676
4510
53
3540
2411
44
1186
829
1759
4752
2757
594
2708
4817
4501
1484
1211
4279
1811
767
4735
938
3081
4219
1099
815
2130
2452
1066
381
2245
2983
173
818
4789
4000
964
3986
157
730
1385
717
434
2892
4743
707
2945
2549
394
1131
101
3906
2788
4266
700
4551
4821
3529
2833
943
2127
3056
3241
3170
1571
947
2485
450
1924
602
3170
2663
2611
1067
2939
2678
4989
3453
743
1414
1933
1372
2293
4151
3096
622
3357
2959
2822
221
2051
4758
4251
2725
1703
375
4643
1124
452
773
3302
1170
3908
1026
1734
1903
3015
722
3670
1786
1932
2812
4504
2300
4698
420
2772
743
698
3858
43
1445
585
4682
4574
1084
1036
3443
3323
3856
3473
3887
145
2517
1260
755
3227
3120
4607
325
2591
4881
4917
4583
3535
340
2326
3366
3381
691
2509
3161
3328
3555
3819
2995
570
4667
4429
3762
3008
1350
1730
3029
265
4231
2385
4633
1260
1924
683
64
3192
603
181
382
247
3873
133
3175
1895
894
3087
576
970
3692
3582
13
4993
3211
2889
3623
4595
2244
3312
575
606
3418
204
3330
3176
1013
668
401
4153
4776
4211
1399
2140
2584
3761
1910
1170
2654
1590
453
2353
4931
753
754
196
2570
777
1077
174
4666
4471
1997
4184
1498
842
1178
4161
4592
1486
388
2408
2377
3492
3404
4222
842
3545
3857
2880
3571
1864
2623
2
3448
2124
1831
1319
3587
780
2896
2916
4249
4131
456
1132
2372
1395
4957
1229
2270
3797
3698
511
3693
2476
2409
4557
564
4632
3876
2518
1953
2742
195
593
893
2023
1116
2283
4765
1579
898
3982
638
4029
4868
3151
1986
4729
3403
2474
4803
2412
726
4335
4651
1047
1840
2906
500
363
635
506
2443
651
3034
1701
1816
1618
1900
2941
437
1569
3361
1671
387
4672
3594
290
1002
1358
411
4987
4751
580
219
1204
1430
1116
2759
4895
573
1167
2527
3946
1961
1060
4735
4148
4623
661
1830
2424
2215
4874
3796
1040
139
4992
1061
722
4572
4375
447
2510
899
1950
1145
2565
4841
1178
3991
4431
3870
1814
310
4295
1612
4128
835
1410
3605
4505
1292
2653
910
4693
1941
2928
1722
2132
30
78
479
4942
1314
2164
2701
3695
4623
4015
3589
1653
4824
2612
946
2130
4127
1797
1986
3971
4872
2216
1033
4331
2902
2003
4816
641
3233
1632
4933
3523
2673
2055
3026
1405
3037
368
3798
3894
966
3403
2126
4411
2395
761
2520
4136
1865
4646
2469
3732
4108
4844
3505
1789
1988
7
3383
1250
908
2877
3142
4165
586
222
2057
4965
4259
1022
3760
3272
2399
3516
3795
2636
4753
3622
3466
2980
3540
4152
1143
2262
4630
3368
2100
1316
4021
592
1505
1598
675
1918
4320
675
951
3803
3919
910
878
250
248
1826
1578
2349
1623
950
4210
1008
3275
42
319
3847
450
1107
1930
371
1635
1439
4040
1491
2289
1756
4686
449
1335
3016
3928
3980
1647
888
1005
1386
4150
4407
2461
2586
4382
3688
4070
404
4120
4868
1653
2914
4836
3857
3126
2846
4199
4918
2949
4635
3219
3549
3075
4862
1363
4811
1257
4497
983
2578
3510
579
1886
3080
26
1820
1114
2007
3471
588
3622
1275
3343
2939
3359
4160
4471
979
3925
376
251
3984
2906
250
3355
2844
678
98
4498
2775
3623
991
3406
4786
1592
1284
723
245
4328
2264
3188
2364
4038
2277
722
4995
625
4379
1373
456
2881
4336
4218
201
1715
909
3782
2576
2131
2135
899
264
1547
1202
4418
2164
19
1892
787
1906
1212
4919
2296
738
1324
192
975
2138
533
946
4238
1842
4770
1622
1104
2931
1566
3340
3665
1554
310
4973
4956
3431
135
938
3961
484
636
1365
3511
3074
1078
2121
412
1715
2121
3330
1140
2088
2736
4977
4772
1803
2801
452
2896
1108
1358
3600
940
3923
2301
3528
1401
4979
1506
3064
4291
1993
1352
4919
747
4732
1137
94
3225
224
2272
3171
622
2728
1399
4188
1131
4745
2881
4524
4858
4079
3458
2124
1562
218
4298
3119
4839
4009
536
3495
3393
1854
4661
2394
2275
4178
27
2270
3570
3361
2833
4450
4180
2974
11
1652
1925
1910
521
2516
3612
2775
2596
1537
610
518
1166
420
1154
3119
3172
1812
2161
4676
79
3374
1881
2320
3329
1329
437
2275
3388
364
4084
1125
1290
1198
3718
4001
4735
1073
1471
52
1713
1375
3190
4859
1837
273
4059
3053
501
1750
2062
2161
4786
4393
4993
1108
2519
2831
4054
3067
2784
1454
3118
417
2801
1661
1816
301
653
2079
184
4099
1053
637
4985
3393
2639
4374
2566
1143
567
566
1672
4116
3787
4531
4694
3795
488
2941
4950
2827
4487
2362
1299
1932
2015
4873
3026
4754
2082
4295
4609
1875
4842
359
4941
2861
3211
4054
923
2834
1585
4215
4195
4679
2540
1930
3782
3643
2552
1257
2894
2743
838
1250
1656
1176
2451
1907
40
4355
392
3350
2276
674
4395
329
4082
3416
13
3957
4377
3702
2015
3191
2802
2858
596
4583
4129
967
3819
39
1019
1430
686
1625
1948
1008
607
1859
2755
685
3498
1379
4469
3840
2401
2450
3419
1834
3882
1603
2021
2912
954
3967
3335
1779
4098
4146
1237
1125
3038
2313
1101
2145
3853
3269
1892
4199
869
4375
1789
4760
1470
2084
3361
2978
1573
1653
2784
3943
4629
3810
2963
2684
1749
2270
3792
1311
2183
382
390
4046
4329
4349
4328
1097
3341
2960
609
2222
2129
808
4963
1367
481
175
3846
4174
3039
3472
3895
2849
4232
820
2572
4770
182
1541
1388
2443
3587
1881
2919
1599
231
3213
3470
3425
912
2636
2731
1000
746
3484
535
942
1640
2268
4645
1085
2842
4079
4296
2826
3259
3851
3217
201
2177
3660
463
2888
2719
61
4369
3309
1110
1923
1011
3404
3227
4009
2314
2066
3382
362
380
292
2562
146
195
1279
730
3801
3568
2187
2512
4336
372
3451
3227
4547
1338
3259
3194
4040
3244
956
1199
1389
4073
2949
3046
1972
229
3478
2368
3872
1251
417
2103
3817
4768
542
3656
41
3666
4333
2006
4881
2742
1485
1566
52
532
553
2817
1904
2785
2684
556
3982
2538
140
3693
4513
713
3956
4823
888
1092
3818
3801
319
4673
578
818
2179
790
3623
3145
4267
2333
2981
1004
2937
597
56
2224
2682
3756
3772
3547
3472
4241
4142
4814
1516
2246
4732
2822
2503
2722
1588
1313
998
2073
1787
1134
3639
1968
4447
1885
3428
1942
283
3140
4148
91
3227
1445
3558
263
3735
2998
3485
1237
4164
3111
1915
1049
440
2658
2331
17
2906
3114
4259
875
3876
4760
4212
1998
3454
838
209
3840
1083
4973
1904
3785
3705
3008
2230
3559
2415
334
3114
4652
807
2772
4359
336
668
1801
4620
4297
2663
4982
3646
3342
2750
1379
3722
4581
2765
2460
1198
1644
4166
1539
4766
2078
4562
4170
1018
1215
2447
3954
1833
1239
560
3372
3127
3835
2995
4604
507
271
1245
2793
2842
1004
3146
4214
3349
3816
1734
1556
4162
4889
3259
4163
141
4073
21
2120
4753
987
2612
3364
3410
2140
3758
407
4902
68
234
2885
2711
4654
3333
341
1727
199
604
1231
3304
3356
4014
3803
3194
4805
2103
4116
2286
2174
338
833
2154
669
2681
4862
4444
2478
2870
2445
4379
4378
2440
4937
4291
1597
4608
4660
2708
2480
1908
2329
1125
2653
4726
4313
4598
2516
189
2743
569
1020
4531
4052
1287
107
642
735
594
1380
2797
1548
2863
4830
3344
3561
901
873
2574
388
3929
336
3429
3926
3398
302
896
4162
339
4929
18
3480
4531
1903
420
544
2192
846
847
1862
1301
4025
1326
2645
3439
300
1189
550
674
2923
2165
296
759
633
3400
2643
4486
1004
4974
4670
4240
4120
2603
403
1051
2360
1268
3976
4816
77
1988
2375
1015
3658
4011
3248
4302
497
4393
3251
3696
1926
969
4914
3110
3984
4819
2803
4904
3513
4370
4589
1908
127
3824
2590
4107
4880
4909
1302
2490
2957
1402
1740
3160
3615
3482
4185
203
4109
2280
2386
326
722
4365
990
2792
2844
4270
4541
3727
1887
2554
3738
1269
285
2019
4099
4059
2596
1079
3447
1448
4363
3572
1600
3696
3827
794
2311
3144
218
2705
4663
2512
3414
250
2078
2271
3555
4534
4319
4388
4563
2049
2078
4852
1389
2207
123
326
2086
4535
1531
2837
3089
1681
1070
2547
3572
3895
4351
4708
2158
4264
2239
2896
4085
3550
1472
242
2505
45
3955
4439
3001
1743
3637
1579
4373
762
3845
2812
3629
2281
4908
2199
664
194
4042
794
4989
1248
4239
4921
1677
211
1385
2445
3728
174
2494
1969
4774
664
2403
3118
1748
627
2294
4147
215
3123
737
4219
194
2776
1705
4875
4851
495
4122
2417
162
382
2448
877
133
2254
4075
1095
2354
4436
2464
888
751
849
1820
1952
2324
2895
180
3739
4560
4293
4406
754
3786
4335
4716
3714
4724
4499
95
1986
2877
1518
3462
4505
2387
3284
1005
3514
3142
2810
2501
2639
4511
893
1699
3844
990
3992
3866
1853
3114
2467
1264
1320
3894
4518
4922
3298
2523
1446
2787
1087
215
3280
2569
3199
1940
1923
1963
1008
657
2727
2223
3629
3949
4085
1932
1500
3987
1489
3902
3640
2159
4793
5000
661
1971
2975
2928
3106
3129
1961
2131
940
3713
4308
3454
910
704
189
2615
2434
1538
3141
1533
3852
2364
595
1295
4976
2242
1833
250
3782
850
2103
4336
1667
136
4545
4323
1974
1961
2513
1580
3855
3137
72
4754
3982
4026
4180
2730
2158
3531
1727
107
4834
2859
855
4076
1577
3128
775
2136
2564
363
2014
1957
1414
2786
4841
2268
2748
239
1958
717
1176
4746
1613
1307
59
589
3283
4245
2297
1140
3473
4977
1902
246
245
376
3977
658
1719
2060
2257
3380
4575
1322
1756
744
468
4145
73
1671
2342
4759
3169
1363
682
4608
3399
4435
2334
1450
3633
368
4622
2499
3383
3424
4043
784
2857
1977
3662
2489
4039
1097
3120
2955
2998
3523
4206
2661
863
899
0
3069
1907
3192
585
537
1038
312
1624
2095
322
857
1329
1454
1937
691
606
958
4593
3372
2651
3048
1429
2685
31
748
1725
2598
868
2343
1159
3413
4200
4931
406
1863
1008
1415
3598
877
2652
740
4304
1122
1482
1538
2472
528
663
958
2505
4386
4665
3660
117
3857
1575
2529
47
1591
2136
1082
1615
286
2264
1797
4667
3953
2544
2916
3840
431
3796
3005
3627
470
3970
3825
1995
3362
1374
429
2554
3207
3402
138
4320
2274
2675
3677
3702
1849
3822
1429
2281
4840
1293
3931
3855
1960
595
3990
1706
1195
2924
1398
507
1392
1221
2474
3586
1937
3451
910
3800
1621
2248
3848
2234
4854
3454
4115
1300
3556
4010
2115
2861
1491
727
3263
2712
1434
60
4879
1910
734
1419
1743
3774
1990
4382
2423
4991
4193
3695
2660
1176
3612
1396
3862
1997
3201
1773
1444
4570
2997
1066
2542
3537
2579
1799
3462
4369
3005
2347
2240
1642
3626
1480
4913
2722
4634
2530
1287
449
1673
1964
3129
876
3120
2283
1441
3155
3135
1190
1822
642
1922
3541
2920
2944
4739
3923
3795
3192
1637
3696
3984
1765
1561
823
4238
893
553
3157
506
3247
1264
2880
1772
2926
3290
2425
2034
989
1813
3182
1971
964
1835
3222
642
1489
4952
4166
4913
2104
938
1334
3592
3557
2017
4441
1902
2395
1733
1376
1622
4001
4255
4987
4974
3719
4587
1290
1082
1742
1427
825
2447
2053
761
3045
1441
1237
4352
1046
911
3549
3636
2800
355
2849
807
1075
1168
3689
1986
3635
1144
474
1053
2102
285
3251
617
3874
328
4876
928
2071
3456
1058
4020
3862
151
3858
2504
4264
3284
3330
4004
1930
2957
852
4443
4483
1264
2186
3936
2888
4358
2723
2981
933
3157
651
3742
1406
4373
1783
2040
4359
1664
285
4296
3782
4614
1934
4715
841
2307
4392
3043
4250
3049
1224
692
3527
2763
4590
2244
1930
2104
2132
3360
1764
3670
674
250
1879
2594
4507
4613
2099
4223
65
2473
2773
1913
347
3963
739
4308
4521
3284
4739
4769
4143
2919
3230
1625
658
4737
108
3811
4172
1237
2489
57
1336
1686
2212
4893
815
2771
422
1811
2666
3100
1742
2233
2600
109
4654
2986
2596
2454
3347
2587
257
3759
745
4460
4466
1887
2962
1198
1511
809
4208
880
373
1252
2945
2672
4604
3847
3024
2503
4887
1179
2065
3116
353
1535
4007
2792
3514
2972
813
3942
2710
187
1743
575
2529
993
434
2731
2522
1161
127
1528
3386
4467
3162
4292
561
3520
2984
1620
1518
565
2233
4871
1014
1651
373
2724
3137
981
4419
3360
818
2351
1396
2338
4583
476
269
2611
4186
899
1829
1894
3556
85
1279
4650
4675
4601
4851
1739
2714
4309
767
488
4450
3510
4358
2531
4721
29
877
1446
1450
424
215
4862
4215
4607
1630
1859
2147
4316
664
1777
1427
2920
4218
1774
2372
1494
1939
2397
807
2862
766
3776
4894
4066
3040
588
4748
1713
2449
544
4776
2500
2142
4809
3385
4285
24
222
3842
1301
3690
3980
2041
2797
1767
1987
620
1748
1936
264
2930
2947
4249
2910
1572
810
173
3829
1390
4942
3629
3593
963
2829
3080
3654
853
4212
766
5
1608
827
2455
2025
121
2180
1033
4485
950
400
4312
2448
2292
2591
4296
3115
4434
3509
161
2778
4041
4839
1503
4069
3068
3659
2907
4926
26
2808
2622
4892
4867
855
1748
2462
2237
4892
3780
1194
1127
4007
2419
1904
4836
98
2088
4205
1504
1362
3031
4634
3914
1819
2713
2863
2142
3837
4748
4018
4930
3012
1804
1011
3886
487
1443
3104
1751
4155
28
1743
111
2065
1467
3549
4246
1896
1613
3446
2827
1036
1019
3062
2162
3501
4551
4049
3887
49
646
1827
1728
2926
2322
3596
3835
207
4828
2200
4524
2430
2882
2899
1061
446
210
634
120
1173
274
4042
1893
1563
1606
1337
1557
890
2161
3594
3731
911
985
500
1868
3798
2047
1633
3542
3817
3631
4531
2016
222
3077
78
3036
520
1331
1744
680
3909
1909
212
2323
3743
605
1784
50
4954
75
4689
3554
119
3974
3331
4382
4613
2998
2958
2389
696
321
783
1727
4646
2425
2738
2132
624
4525
3238
2070
233
1485
142
2321
25
3194
1321
296
2405
70
4140
4342
4920
1569
1284
2885
250
1558
1773
3398
4732
3935
347
886
1701
378
2416
1052
510
2160
3967
763
2268
3945
1386
4114
4902
1151
501
4036
4271
1553
3127
395
4588
2257
2548
169
1231
3242
3666
2148
1846
9
1333
3145
179
3519
2173
4867
1398
2257
4405
914
4384
3750
220
443
2624
596
73
4900
3324
4633
403
235
1840
4856
702
4939
4429
3830
726
4789
2837
4319
192
3946
1194
2580
2442
0
38
1608
90
205
927
2528
2943
1671
4810
4638
4549
490
3671
2234
2607
3017
2739
3980
2112
1837
1024
737
4764
395
3442
881
873
3154
4257
4847
3717
3255
2615
4204
3165
4525
4695
3082
3744
3053
2139
4689
1049
870
3025
3896
2244
1202
2130
587
2227
3740
1367
4769
2535
4049
2510
4573
17
1923
827
3245
4240
1573
3767
4372
182
2996
2250
1829
166
3294
286
627
4700
306
584
777
4883
2436
847
534
3066
2463
3992
3402
2048
2589
3462
898
4142
4885
3872
1152
4298
4083
2789
308
2778
602
1812
1961
2665
2713
2664
1400
1722
4531
3356
3088
3404
4636
1895
1618
1623
2060
4491
2010
4234
674
4616
203
4604
3989
1258
4520
3223
3156
328
4181
2950
1509
2835
3533
1015
1976
3666
4833
1366
452
3191
71
471
696
778
3857
3884
2154
3676
118
4097
436
4608
3109
490
2494
3427
237
7
4272
3881
4827
3946
3382
2947
4888
1526
3399
2672
402
140
2470
4552
4353
2228
1674
4425
1281
664
2176
1182
1022
4368
3350
3329
497
2087
1064
4935
333
4558
1556
2663
2154
2952
2269
2910
3921
695
4665
1390
2373
3177
3772
4722
2492
2812
3150
1917
3124
1167
4480
1367
1119
274
3822
2813
3908
3052
1411
1050
2477
4680
1726
1282
956
4802
3250
4198
1371
3359
3013
3666
2148
4442
2328
4198
915
1885
2802
2344
3197
1258
1943
4492
2364
4382
4628
1597
2295
850
2608
1908
2827
1535
3550
2933
3285
3292
2527
3201
2315
2346
3721
2282
2375
1608
3737
1653
2695
2313
3026
4299
4980
2472
1472
3954
3441
2045
103
803
386
1095
322
29
275
637
4505
3223
3778
3084
2290
3685
1465
3940
3342
4395
4670
4776
2004
2493
2043
4780
1670
2815
4562
3385
4732
838
4098
3148
1419
1562
3083
2187
2250
2285
2253
2536
568
2454
4870
4458
280
3561
2911
2835
20
3998
781
4662
3200
838
1176
2095
369
4205
3413
2357
4213
3362
3923
4938
1068
449
894
4181
1197
2797
161
2081
4536
414
3349
3780
4376
2037
3554
3846
2841
2272
4508
1709
4517
1375
2783
939
3545
3996
2596
4940
779
1506
1173
1484
353
2014
2885
3055
4826
4367
31
540
3559
4663
1256
4068
158
1807
708
1873
2661
2211
4217
4718
2575
2160
2637
871
1047
3395
1304
2270
2654
4214
2349
4387
3655
2188
2117
615
858
2740
4112
1974
2851
4294
1792
1484
2599
894
2129
760
1650
2306
2144
1000
2826
646
214
4404
1350
4056
3809
1580
312
3587
2983
4845
2335
4180
3041
729
2243
1376
580
1679
3070
3144
4652
3046
3452
2948
4145
4540
1892
2708
3231
4560
2102
2301
312
990
2653
3428
3810
1252
2933
1000
944
2064
796
2995
2141
2052
2950
123
4118
3602
3947
2487
2349
3461
4376
3451
3214
3260
3206
2945
2422
4923
2864
3232
2004
67
1897
4349
4773
3506
4908
1787
4851
1068
4350
1783
1993
1532
4699
1392
2110
1957
3687
2037
1047
3372
965
573
2511
4108
3629
2288
801
4585
862
3749
968
839
1533
353
277
2701
1567
1321
4909
1636
1839
2405
4207
2412
1362
3145
2322
2192
3105
4553
2557
3170
2395
561
1660
4842
2063
3461
1055
3275
1545
46
1875
2918
4472
2062
4283
932
3033
2148
1877
4154
4137
3612
1972
3510
3235
1818
3510
2268
1390
8
1783
2230
1414
2266
4825
4208
4077
629
1128
2605
1091
602
2055
313
495
2721
4205
4504
1525
4133
4130
3086
2380
2141
677
2729
2
4255
1522
4980
3681
571
1139
813
4895
1061
32
3310
2681
891
2185
4479
489
4013
2279
615
1539
272
1191
1942
3638
2650
3585
299
3660
2702
3865
4050
1469
3187
4636
1638
4775
2144
2934
3106
3657
3137
582
4170
3069
3382
2078
249
1108
972
4849
3732
390
237
2608
2163
3417
2734
2618
2043
356
3572
105
1972
4989
1355
3113
4999
4913
3859
2289
4727
4981
3848
3482
1745
3081
1520
222
3823
2059
522
4347
4646
4206
4795
4887
4135
1977
161
3172
963
2440
1102
2492
1056
1453
3082
4412
1096
2540
381
3024
706
4059
2317
1895
4459
2819
2875
4069
628
1558
765
2962
4294
1964
3302
3893
3174
2273
555
1763
807
73
4075
656
939
806
185
4414
2157
2985
4954
3432
4815
2576
605
1225
4452
623
1560
1476
1797
1977
2577
872
1791
814
802
2158
4708
3944
3413
2929
4580
3600
4022
2585
3862
1648
4614
3032
1561
4714
777
2210
3278
759
2109
373
3973
1030
25
2531
1061
2039
433
955
751
447
4015
633
1096
1508
629
902
4630
4526
1286
3733
495
3099
3815
202
4089
453
4837
3158
2535
1014
4431
3318
1129
3980
2530
1892
4245
3504
2901
1078
4199
1241
4223
2195
1030
2875
4513
4519
3094
251
2647
723
2985
3477
4836
1073
130
1049
4839
3755
3188
3740
3847
4879
514
2346
2375
3241
1884
2873
3726
4451
2927
4280
657
4293
4345
3061
587
2293
4424
762
4815
4557
3540
3034
45
4056
1868
1679
4566
1277
4143
3377
1853
3958
88
999
2839
2688
4145
4407
2985
843
1098
3442
3504
1596
4157
907
2587
1268
2501
2237
55
2331
3364
4851
1270
2154
1182
1721
2030
1252
3163
4509
4741
3648
1137
4027
3661
4716
502
4927
1462
4211
579
3456
3837
4787
2536
815
4992
1638
2073
2844
4333
1878
205
4583
1585
3546
1017
3613
3293
2079
4332
1491
3193
3730
812
4665
4665
4726
550
923
3720
3973
3603
3645
4854
1028
3700
1397
4344
2365
4119
3577
302
1178
2187
1862
4793
3299
585
279
4243
734
1258
4817
1475
1928
3553
4007
3364
871
281
4853
915
2580
977
4908
4738
1120
1460
136
1132
2980
2773
4380
3091
4802
4068
4725
3479
140
3314
4416
3741
2192
1494
3625
4207
4489
1872
2633
4139
800
404
3985
2172
3769
83
1161
4582
2812
3465
1249
813
4791
3584
2078
397
478
1621
4121
355
557
1142
1681
362
4044
4238
4898
2819
2349
13
4329
922
983
4650
297
3482
4136
4081
3334
2879
1539
655
3691
1884
260
4826
1592
4646
402
2909
1425
3023
2191
2403
2967
2972
44
2294
1549
3710
3325
346
3306
3672
3877
2273
879
4953
974
358
4894
4458
3092
1724
4277
1660
2037
1937
4969
4013
3275
3883
4742
218
4633
2682
2108
2961
1688
1781
2935
2795
4314
16
9
3191
3585
2501
12
2111
2325
1752
3228
1164
828
583
2007
1057
4493
2006
397
2976
190
1720
4685
1754
2738
4430
423
3656
2365
2886
2735
420
3766
3621
2219
45
1038
4667
3366
3724
1241
592
4771
1004
2227
1564
616
4968
4132
1961
1055
3491
926
2380
2524
1983
2727
902
1142
2489
2465
264
1390
3845
3794
908
1173
2434
3339
3137
2227
146
25
4524
183
543
1056
3463
388
3510
4605
2025
203
2872
23
2640
2794
111
1109
2577
3805
1123
1704
1022
3513
1397
2490
2842
3786
4422
3438
3787
207
3411
2295
1967
2882
347
2450
23
3603
1473
919
573
4023
3635
2813
3911
3539
3432
3618
3344
3548
1902
3129
3939
4814
2536
2340
3526
3393
3358
3224
3028
2600
4927
132
2321
4287
2596
3885
3740
3000
177
2385
852
4973
3581
2414
4624
4793
1876
2849
9
2380
3694
2986
3533
2300
3466
4465
4296
4435
2139
2459
1193
3222
2176
651
3647
428
3562
2849
1130
932
2687
1928
2175
4350
2419
369
3721
4299
4964
15
3711
718
259
2026
2942
2257
510
460
1040
3700
3962
1558
2788
4368
2181
1402
4622
2149
1230
4723
906
4139
936
1554
3105
3928
4247
3731
2359
2260
659
4925
3215
4123
4569
4595
3512
2183
4681
4036
208
2162
2262
217
3271
400
3566
4359
3785
1419
3107
2228
363
90
2639
4829
232
4846
4043
133
4439
849
1201
3396
2787
58
209
4644
7
4621
1170
800
1982
2512
2236
3073
2450
2905
1329
2409
4463
2808
2168
1109
2847
4103
2799
4888
4706
2155
1616
2700
2437
4540
3820
1477
4767
2904
1942
1045
2000
2174
2941
434
4655
2220
3917
2884
1690
1990
1990
4360
1393
3306
57
299
884
3205
3696
3322
2740
2550
901
2383
3662
4110
2452
2812
222
705
3747
2961
2092
3959
2186
1599
4190
4724
662
2043
3831
3394
3157
764
2382
3095
4180
4976
2088
849
964
494
2424
2269
4092
2534
2839
3805
2897
2169
2945
1086
946
690
1151
1077
1650
3866
4389
1847
3021
3640
1504
2898
4637
1881
1571
3083
3566
3917
561
1868
4878
4307
759
4048
1562
2074
527
918
1740
4150
2912
4176
627
2450
3433
479
3029
3177
3740
2792
3704
4115
1001
1828
4914
4241
1756
4703
3759
1906
244
3671
2552
3144
2500
4851
4615
2535
3206
967
1704
4436
3095
3176
3807
101
4151
644
403
3995
4678
1411
1756
3526
2941
120
173
4584
92
42
2826
3384
4412
4721
3163
4886
1788
1775
3083
1522
2152
899
146
462
4061
3030
3337
4187
2085
1296
890
3366
1157
4543
3457
1051
3446
2103
565
689
4347
3762
1390
1282
3610
27
4404
4050
3701
2618
3358
3823
1869
433
4879
3043
4158
1749
3052
2050
3688
3894
2574
2020
1567
70
2086
4427
503
3734
1940
4799
2925
76
2022
2727
4321
2456
4373
987
1615
2536
3433
499
3965
1442
1665
4070
4162
1057
2630
3974
2657
1081
3751
2318
2934
1
4427
4525
2144
1054
4366
2656
3456
4276
1887
2378
2719
4101
2290
131
3195
3946
898
2951
1716
248
297
4543
3014
3875
4539
4564
4281
4121
1534
3635
4875
175
1181
259
255
1744
2680
3500
1543
2776
1525
1286
2335
454
4762
876
172
2458
4547
2430
1438
2039
3114
4442
4464
4228
1402
4498
1321
4581
4865
898
1676
4787
4541
3968
3423
2511
4397
2500
1488
3225
4571
1795
2962
740
1496
3781
4905
2191
2534
763
4033
2849
734
1937
3196
3281
977
2132
1262
3574
1122
1959
689
1707
192
4017
4250
830
743
1806
2307
724
1120
2544
834
423
1523
1799
1219
2754
1712
4910
4338
402
325
2991
2897
4289
2674
4295
2898
3143
1741
1248
1160
1173
699
610
3803
965
4425
2869
10
2100
2692
2057
2243
1541
4706
3887
4253
2496
1608
4625
278
3050
2236
4652
2753
1893
47
4688
3657
417
2420
3487
3921
4377
2932
32
444
3037
2099
2314
1260
2013
3551
1603
2173
738
3810
914
4042
397
888
1752
2089
1702
563
4113
739
1221
2501
1882
692
3468
3301
1484
1938
2718
3476
2162
3554
4199
1546
1323
3208
335
2355
3096
3284
4039
62
4509
1768
1855
1539
4291
4009
801
971
2794
1961
185
452
3882
2141
2680
932
3800
736
3895
2483
1428
4816
2983
2669
3583
2301
4533
981
1059
3638
4752
4173
3783
244
1494
1128
3867
149
1491
2219
3901
2346
1527
1036
2919
1377
4188
2183
2725
4330
1673
41
3783
1725
828
654
413
4772
2747
1854
4406
4795
3195
712
869
1654
1684
1228
1215
2016
4504
3308
2328
4756
4317
1257
1100
4511
867
1983
4699
2296
3824
2887
3527
2858
343
2419
1162
2887
4006
918
1521
3633
4964
4505
1372
3624
1042
470
3962
1876
975
3762
3757
2770
374
1170
3696
300
647
1775
300
4583
2473
143
1401
558
2790
2834
3049
3797
1745
2606
788
4168
4765
2012
3762
4490
2451
391
2953
2312
743
4143
1180
2377
67
2350
2916
3715
1788
4499
697
2057
4679
1618
3685
2921
463
2854
607
553
4354
3628
902
4579
4938
1326
351
3409
4939
4313
2541
3919
1227
3563
3760
3651
1129
3837
1633
3770
4711
462
3320
4971
1096
2880
2999
534
2925
2259
3652
2035
3696
3326
383
3410
4089
3425
3063
453
1849
4679
1658
3034
1278
1779
2737
214
2094
1276
2805
3456
2211
949
2516
4369
2301
553
701
842
140
3305
4414
1150
3729
2604
387
1343
2722
739
536
2262
160
1034
456
3249
4696
2012
1837
3231
2371
925
1246
900
980
3507
4525
2710
3879
4763
3138
1725
849
618
1917
3426
843
3524
4601
3937
4873
2045
1155
3386
4767
4624
3852
1447
2460
2263
1697
3882
2140
3146
3823
1794
4699
1305
3376
3004
4287
105
1043
3851
1003
3238
73
4283
4739
4896
369
3982
678
4877
433
956
1106
2548
3814
3056
3053
279
4265
890
378
4453
3064
3761
3679
2677
4374
4964
309
3603
478
1914
2679
4522
4586
3826
3469
3438
3994
1985
3733
555
4671
2166
3662
920
4746
4272
1289
264
369
4357
2853
510
376
4572
1073
2597
3692
4687
2131
2231
3573
3847
4643
3575
2991
1650
4086
1171
3977
2669
61
530
3988
2133
2973
1156
3309
739
981
3497
2726
1145
2066
3052
21
1436
1290
1530
974
3095
1142
3408
409
2855
2345
2960
4949
379
1952
3197
580
4206
4421
987
2786
998
1555
3570
2545
2972
1709
4525
2954
1416
2262
2405
1146
3249
949
4169
3664
4400
159
1348
3085
485
2990
2737
953
1477
3840
624
3593
4707
3084
1312
4282
600
71
3823
394
1827
1236
3053
2472
171
486
42
3004
376
3106
1577
2011
2533
1242
4639
4766
1984
214
3589
2921
115
1188
4348
2249
3155
638
2023
1097
2258
4172
2232
1594
2439
734
4057
1033
4306
3569
665
284
4182
1172
371
1368
3626
1117
589
994
448
4626
3780
2457
4255
452
4710
1066
842
2065
4296
2790
3255
1265
2109
2383
4367
3326
2293
169
4767
1472
2083
3952
3614
558
3562
4019
859
4266
663
2619
4602
2240
3466
2521
118
3479
1060
3741
2800
3280
1150
1367
3245
1143
947
3984
2998
1422
1953
1033
4601
2134
3311
1461
4708
3370
760
527
3856
4056
3885
665
4805
1494
2137
1781
3664
4146
3976
4217
552
792
2298
4335
401
2378
3668
1700
1685
2940
4316
3961
465
2627
3529
3888
898
324
2331
3679
2486
2979
2039
4490
122
175
2637
4647
1561
1952
312
2418
1353
2210
654
215
3113
900
2752
1903
3131
621
66
560
3340
2815
2193
1343
2432
615
3025
1826
897
2617
429
2393
3087
1586
857
774
2782
2557
2003
1042
3367
3828
3203
1676
1367
4056
524
4026
1944
407
2946
2111
2729
4932
3762
4048
3652
4479
1088
1736
994
4472
3677
80
1218
4489
2557
3988
392
4388
223
2813
3981
188
1471
1411
1532
3287
611
4936
1561
3424
1759
2464
1142
3302
1600
3956
1864
2809
58
4339
4464
1168
512
3180
2552
2183
711
1871
4240
1042
4280
2743
2310
652
2205
246
609
3395
2364
4564
2107
4593
4607
2681
2388
2324
4951
2181
2956
3608
4021
2943
4942
86
4531
4782
845
4923
2262
3726
573
1656
1938
2201
4300
3547
2978
379
1426
4933
4441
4429
768
1771
1854
2057
2872
2724
4629
2181
4512
1306
871
1159
1652
4293
3698
2029
2015
1360
3369
1248
1935
560
4465
3203
2256
3162
4770
1741
4751
2593
3498
4081
2723
3622
229
923
385
4635
882
1320
1303
1644
2943
3960
3776
1609
910
3400
4022
4029
1828
290
1721
1667
3885
2752
4856
1649
446
750
3998
1486
793
1174
1456
1212
2140
885
484
1782
3628
3924
2604
1167
2221
4434
76
355
4034
582
1068
4631
3905
1571
4077
4937
3765
1452
2606
3000
923
3399
124
2852
4946
1017
3566
4234
3360
352
4768
2234
3804
484
3145
3497
15
3187
386
4259
2791
1148
1838
2557
1573
196
4901
3439
3567
4120
1854
1079
2986
2991
262
314
4220
4421
3029
3990
362
3332
400
1480
4609
3666
1569
3667
3687
1793
3509
3673
663
3739
822
336
1100
780
192
1200
1630
2366
602
1067
673
1670
3118
4844
2211
67
4546
2880
4655
2930
2317
3185
3415
1127
2855
3165
4851
3506
3346
4372
924
506
2381
4814
2753
2584
4616
1210
4081
2323
3897
3986
245
255
4717
2779
1321
289
1088
927
2641
4751
168
1178
4878
2108
3189
1741
1306
2452
2460
3992
4489
1313
194
3652
4472
1763
2631
3733
3033
2979
1633
2911
2810
1076
1683
3023
2583
1527
3620
1224
2549
236
3502
2589
3659
529
3881
3317
2029
51
2373
1431
3685
3095
3311
1554
718
2787
268
1474
1790
1083
1028
1998
3723
527
3466
4310
2202
174
3297
4437
1327
761
1675
1506
3117
4911
3459
4116
68
1623
35
3994
3135
337
2105
702
4730
2233
197
4057
4904
181
3723
4915
4271
2965
2480
4221
2200
765
300
2909
3874
4639
128
4250
3663
4062
1934
1665
2856
3331
2801
4404
1677
611
3797
2841
4428
933
4168
2927
1770
419
3814
1816
687
3892
4310
2818
4255
3214
4544
1981
278
3510
1637
2223
1371
4491
4530
3911
99
2284
3964
293
2077
2455
147
828
778
4537
3999
1784
1933
2466
2082
4545
88
947
3491
4852
1688
845
3109
2208
1279
370
1780
135
642
4727
3356
2352
4097
4371
677
3452
793
772
1044
4619
1904
2661
769
3923
2882
3201
875
3095
2531
1906
106
4465
2492
1737
423
468
4133
567
1913
880
3847
4148
3023
3201
1176
56
2968
1652
4037
1683
2170
4485
1091
4500
761
3074
1602
3996
1715
3049
1540
3166
1654
3124
679
2160
2091
1030
1103
2602
228
4871
4872
4257
1448
389
4557
4479
2136
3307
1729
535
4960
2746
4638
2149
3632
4334
1803
1778
1238
1689
4848
1023
3554
643
1111
4502
3633
4361
1380
491
1531
1527
2127
4870
3801
2480
1558
2987
2953
2951
4921
2191
3914
1258
1340
728
1213
1174
384
3445
4101
1104
4834
3810
4767
2320
1569
1672
968
4110
3285
981
4380
749
1895
4358
4185
2789
3781
1601
158
4841
1543
755
4600
4679
871
4298
2042
1308
703
4478
2288
3495
1444
3230
431
3755
2063
937
4034
4328
1355
143
3666
2682
1019
3009
1628
774
4428
3667
3535
2908
2462
2493
2090
2488
4004
4383
3807
872
3059
706
4930
1916
2333
2356
1707
4102
2976
520
4039
1879
3534
2884
3900
916
4696
1854
4797
3575
4031
3575
155
506
3597
3478
3012
3762
3660
2269
2947
2259
2407
2273
2012
4847
3098
687
3890
3655
4690
3853
3981
212
4285
1436
1227
3171
1116
1386
1002
3029
4140
3234
4606
3138
1659
2336
2153
1790
136
1514
4982
4778
717
1050
4802
2533
1214
2874
2422
2627
3266
4637
4383
3788
23
213
3023
999
1623
2470
4304
2358
3961
1149
3938
2238
1590
2494
1773
893
1025
57
2425
2147
3560
1786
336
1425
847
4267
2031
4205
4627
1121
1742
3418
2970
1720
3025
2203
879
211
1923
4290
4057
1147
1009
545
3333
173
823
2798
2933
4231
1997
4294
331
1669
4372
2614
3559
197
1263
1873
4450
3749
4174
3036
3690
3965
2
3561
3889
2109
963
1592
109
4545
3686
2536
3315
1393
1048
4891
889
1088
4418
2043
3470
2693
1842
1923
1846
85
2706
2629
145
1802
3273
1323
2338
3093
48
1419
4015
3746
3639
1951
3353
2309
3817
4161
4317
3018
4896
105
4014
3067
650
2525
4433
1249
946
3867
512
1225
3299
133
2561
3357
1344
2377
3732
1000
4506
1061
1845
1288
3880
2545
4785
4607
3158
2238
4108
1325
3046
3433
2789
4083
400
359
1377
1448
1336
3159
2267
2931
3307
1844
1885
4109
180
4401
1300
4288
2580
1568
2530
2070
1313
4166
2009
3578
1267
1541
504
3899
3809
903
2399
1752
4184
1348
3478
2700
597
4639
642
1346
4040
3774
849
3959
2289
282
3447
1806
3208
3991
879
4288
2896
440
350
4338
3839
1129
2711
4296
231
2352
667
2685
2648
3854
4017
1950
1094
4728
1949
4305
4723
1189
3559
2300
3072
584
3288
4606
3365
3596
1007
4687
3419
1357
273
2423
3561
2527
4955
1150
2649
3821
3341
1389
1258
1572
368
258
3280
2964
2499
1847
3971
2660
2138
3204
4202
2519
555
2874
2647
4148
945
398
3997
1621
692
3106
2926
4811
4538
1295
3346
1446
3079
559
2540
478
3576
2793
603
3152
4511
448
3299
456
3667
2663
511
4068
4229
1194
3904
4879
2460
1300
4555
2872
3404
1698
1998
1805
2026
2173
4712
2068
334
3854
2181
1422
525
3229
2145
1842
4465
914
2032
3327
4952
4310
4007
597
4211
2135
472
4647
3392
2757
4146
4366
3642
3572
2653
1380
724
1932
4509
45
789
3813
615
3055
1648
1830
3664
2580
1892
2472
3713
1614
4018
1373
2954
3206
1096
1170
4911
296
613
1582
2233
3115
3533
1148
4475
4534
3663
3135
2124
3933
3678
4887
2416
2613
3622
4290
551
1005
2637
2713
2430
4939
3586
3112
2021
2528
3800
1846
4938
4108
736
2680
3457
2850
188
3298
1712
3267
3066
2023
1146
770
2550
2478
2300
3661
2141
2953
2234
2564
2809
4784
3358
3984
1152
1008
1796
2122
501
1578
4224
3849
2377
191
1261
3118
1071
3082
4441
70
4513
316
1294
3053
4735
128
2254
1146
2317
2908
282
3960
2992
2202
4376
3356
4439
2915
2199
4849
4702
2018
1425
2163
601
2285
691
4719
151
4775
306
685
2134
2363
2335
4931
592
141
1004
396
552
634
3205
1844
3724
3575
1446
860
2639
4617
934
3673
3988
1442
4762
3571
2367
3993
1283
386
1914
4106
1353
4349
4596
4615
3073
4238
1314
2714
1145
3950
4824
4062
4458
4910
869
84
148
4496
2100
3287
3670
4176
942
4783
659
2664
3506
514
1813
3978
2496
3899
2686
52
3166
3034
1225
3716
1184
3641
2514
3216
19
1436
3716
463
2048
3678
1479
2289
780
4276
2877
2616
350
1868
600
4475
1219
3402
339
2225
3332
827
652
4123
1042
4642
3963
267
1921
4816
1871
1851
4535
4651
4940
1765
1440
1598
3588
11
1672
3332
1980
917
2918
3211
1302
2233
1252
514
386
3060
2596
1351
1629
304
3664
200
2525
1345
2745
754
1965
333
3035
4097
4844
2954
2032
1795
4470
1277
1701
3737
2988
1657
3260
2324
1282
2849
2868
3133
4860
2206
745
3377
3567
4785
3102
4542
2569
3114
2858
1979
835
2399
4526
3427
122
4558
1858
4024
4101
909
4231
1706
3883
4883
765
1128
2086
255
3012
3935
779
4067
2941
4120
1833
3637
4276
4530
4455
2573
2359
3049
2252
600
2982
3405
2582
3654
4068
2377
4606
3111
1871
2628
4891
2952
4348
3657
2681
965
1987
96
3570
2937
1873
115
1099
732
2644
3859
3462
4138
4437
2015
3293
2042
839
746
2972
4167
40
4140
758
1173
3596
229
176
1123
3329
350
2059
1830
4453
748
2655
1531
3631
32
3363
4583
133
3175
4422
784
255
962
2905
2771
4654
75
4145
1275
785
576
2613
552
1672
4054
3345
3980
4183
3440
4105
1279
3564
4897
3792
991
933
3183
2840
4863
3303
2763
1126
1017
1121
4898
4515
3626
4342
178
21
1311
829
1349
793
3976
2622
3501
3564
1451
3296
253
3945
4883
2577
2115
4587
2646
1433
3629
2936
2087
54
283
2597
302
4393
4991
4267
4008
2171
2975
1457
2359
773
3799
4531
725
3779
4923
900
3521
426
4870
2565
2529
351
1029
1125
3531
2000
4902
1855
870
2012
894
3853
4213
40
2306
3184
3244
412
2812
4051
954
2465
2808
897
1760
1805
2567
1352
1954
1240
2317
1427
3401
1597
1529
4031
1223
475
2376
4255
4481
4822
4477
1469
498
936
1490
987
3770
3100
4557
2180
4932
3487
4881
705
3305
2777
3621
4955
2163
1309
1757
256
2416
886
2163
1234
4971
4804
1329
3741
2650
1350
3500
3203
872
4983
1955
4335
2274
904
90
765
259
2788
121
4138
2870
4150
4995
4147
2218
1043
246
348
2264
2263
2361
1608
4882
1449
3782
2633
2192
1279
2399
915
3193
4428
274
2802
1183
2118
3905
235
4332
2041
2509
4068
2571
520
3526
1413
3840
4717
3510
2876
1384
1064
3996
1039
4780
3420
4655
1360
4539
3581
3563
1943
4107
1033
2001
1940
2624
2065
4376
1718
158
3716
2158
290
2942
652
4269
1063
1865
1827
4475
1770
2451
3335
2613
1529
2625
1390
1731
4331
3174
95
2463
1530
844
3628
1690
2399
3106
1199
3743
4737
4696
3543
99
512
4803
4706
638
841
431
3642
461
3952
1095
2195
85
3667
2274
4351
1788
3871
1139
1766
3007
4165
1304
1560
256
2143
3103
1139
1026
1134
301
566
4062
681
3633
143
2892
3669
593
2137
507
4397
3870
4185
3920
2274
573
570
1594
746
496
2493
917
2280
1291
565
1365
3451
456
1581
1484
2207
1975
2592
1220
454
2124
2623
3365
1413
2666
3324
4755
4747
555
924
4834
954
1899
2912
2352
4111
892
4994
4936
305
886
2239
4683
4276
2794
3889
2464
3326
4718
4919
3525
3450
2548
3242
4858
1824
2787
3992
3607
841
2473
3005
2522
718
879
2636
959
3355
2140
88
2090
2153
2256
4128
4455
1660
719
2603
1631
4821
740
448
1522
3237
473
2350
2438
3958
3407
1569
3336
511
3835
4552
1452
1552
509
4174
3971
750
2235
52
108
1723
2182
612
1682
2687
1658
3990
3039
2807
3195
4667
3812
3721
4285
4999
2917
617
3350
273
3120
1313
4456
140
3608
1466
546
3730
1013
361
4855
50
2270
900
104
2818
751
3345
3383
2460
2943
2799
4961
2767
2235
615
2734
511
1263
1106
3513
1867
2665
548
1199
276
868
3044
4727
3152
4282
1367
1087
4205
1981
4991
262
2557
4687
4250
4249
4268
3768
1086
430
3125
1636
437
2526
474
189
4550
3697
3126
4925
695
452
4080
4480
1711
4489
3904
2692
1065
3733
3264
1655
215
4464
2681
4509
1226
1055
674
356
2791
2174
100
1793
2712
537
933
3109
3246
3253
2395
764
2171
3558
96
4478
3242
3430
3583
841
4381
2695
1415
1214
474
844
3217
1531
2886
1704
3085
594
4870
3904
485
3714
2196
4068
1069
1282
3267
123
1331
2852
3061
147
3492
2335
2466
4520
3574
1947
4923
2315
2775
3839
444
1976
1066
3460
4152
254
4742
4904
925
1539
3148
2832
3421
3706
4792
2663
2149
444
4848
112
4694
4565
1848
2859
2923
2154
2620
2121
1203
1002
4527
3063
3718
830
2797
3315
2580
3887
4035
3112
1912
818
2015
265
2093
2695
1234
1022
3082
4700
4416
177
73
4186
778
1611
786
6
4380
4744
3640
3922
4370
1020
4900
3251
2682
2589
3865
1436
1243
3008
564
1592
3427
261
40
4019
2846
4060
2623
4736
520
4401
1398
165
2526
4603
302
1091
671
2042
2954
4512
3013
2308
2785
3032
927
4304
1873
4636
3036
3409
1279
444
4243
3348
262
3681
4305
2715
39
2089
1834
1775
737
27
4636
4481
992
4929
4736
4813
2593
3032
2702
2122
3178
1359
4558
3831
2166
4324
364
3355
2677
2828
671
1822
4135
2369
901
3307
2147
1099
4386
3297
2616
1452
1653
2740
2025
3835
1102
4049
3529
1502
3783
1401
96
3972
1376
873
2326
583
4318
4358
294
4384
3431
2575
3891
1738
405
994
2780
4724
855
271
4698
1610
1846
3343
4310
3227
3187
1880
402
3302
206
1697
2784
1054
4313
2421
4211
2820
1422
196
1847
1565
4374
248
3586
4502
2590
678
3099
2579
3950
2843
1140
571
4948
128
593
2949
142
4128
1582
2258
2385
1507
2922
3970
1485
1864
1429
3108
557
2605
294
4313
4210
2037
3022
235
3195
3628
2865
4952
4781
3356
3482
4638
3170
441
777
3852
4344
308
4870
3742
1771
3458
4618
1077
4193
4972
4646
2850
931
4747
4398
1745
3994
4825
2211
3778
3485
1607
1514
4458
1042
4072
1758
4750
1996
3306
3733
838
2460
1345
3332
237
1017
3913
2251
3621
599
1840
1686
1456
4683
2571
3746
4798
510
1312
4086
4546
4873
1267
4423
3348
2901
3979
2282
2053
1940
2507
2862
3635
2096
4249
2874
4052
3060
2084
720
3616
142
1101
2997
742
616
4042
606
656
2710
4445
94
3871
4319
1915
2835
2343
2104
4417
1643
3926
2152
3958
2616
196
4188
4745
310
4867
1689
3665
3492
3319
1099
4865
16
952
4805
1208
1678
2627
3197
2345
3830
2149
4065
1228
681
1616
4331
2836
4973
556
4119
3783
3341
1748
4609
1185
31
3488
2813
45
2487
1615
2590
1427
3590
2081
2272
3580
1128
4073
3604
884
329
68
892
4410
3571
2222
3694
445
308
3620
4207
2858
3478
3930
3348
31
1886
490
3258
3091
3912
2208
1625
3379
1284
4018
825
4400
1087
3940
3183
1091
4769
3172
3570
809
588
1502
3809
809
3197
2962
2936
1185
2031
4915
4696
4011
3404
3656
1448
3928
3646
4896
2792
4670
64
3253
2211
953
4601
1568
1780
1228
2774
3993
972
4027
1565
1650
3344
1299
847
3533
3672
1276
665
2917
3734
4496
1268
2000
1991
1556
3086
2459
3992
2331
4958
1090
756
3811
4184
1268
2796
964
993
1244
3211
310
587
509
4414
1373
3483
3339
3152
4148
701
1677
3861
3055
2802
1119
1650
2890
4685
2470
1929
1497
4406
696
4514
1848
803
3330
1987
3402
2951
2084
1833
511
2576
1094
954
31
1251
3996
3372
2
4574
3622
143
1752
2252
3198
4951
4961
584
317
2019
2083
4047
3061
1698
2361
3297
3177
4520
1881
3068
3378
1760
1637
1349
1129
4264
1353
944
2906
3791
1140
2530
3623
3311
100
4907
3307
2360
2828
1182
2478
2361
4010
3234
1575
1434
1422
2220
2028
1604
2651
2412
3833
846
3709
4372
667
62
417
3643
1190
3706
1935
1408
2915
3946
1795
2788
185
3993
4922
3459
4089
3354
4891
1438
4583
2919
397
2197
4327
492
743
3113
2805
1570
225
4761
3914
1360
4010
4419
3138
3111
3392
2413
298
3213
4364
3877
2893
3526
2505
1359
1261
364
411
127
1217
1996
4704
598
1289
309
4382
2139
434
1518
3466
166
4205
4212
4390
501
1168
1615
1806
30
805
3974
3856
1043
4417
4428
4691
1610
2040
1589
4034
4051
2509
1243
4327
2421
3822
3911
4153
3043
365
3638
1948
1003
2225
621
4368
2087
4876
68
2931
4576
363
932
3153
891
1574
4046
1335
267
866
2414
4077
3375
4887
2761
955
96
2828
2794
2552
2561
2159
3714
4057
3879
160
2593
1091
2086
159
2763
2509
3736
275
2833
818
589
411
2990
4136
3597
2298
439
3680
2776
3866
1092
1752
3812
3730
2661
1865
3786
3660
2145
2944
4204
4192
4158
1801
4515
1511
4132
4156
4982
1393
4446
803
2995
1390
1397
4759
996
1405
3419
2254
3178
3870
4416
66
1929
2059
3028
4055
4966
538
1809
927
3198
3782
3302
749
3290
490
3960
852
4365
893
4991
2692
872
4304
3652
1824
1785
4789
858
3700
4247
937
3787
3628
4759
2111
4988
2657
1526
671
4494
2216
1083
4177
2536
4796
3800
2751
816
1046
3917
417
516
509
2051
140
2259
945
2951
4385
2457
1629
814
3583
1797
2548
1081
4574
1573
326
52
4296
709
4315
2958
4693
1812
2446
3493
4295
3428
176
1469
3303
4369
45
4052
1602
1360
3126
4683
2592
3904
308
2152
4670
2469
3443
4164
3155
677
3274
2382
1834
236
3211
243
3225
3546
3923
444
2683
4392
1437
4214
4477
2008
1224
692
3028
1377
3576
1492
3712
2635
3852
905
1037
2846
2505
138
3419
2976
394
4658
268
283
3763
1412
3466
2708
3950
3597
1433
2777
1688
2392
2462
512
2799
3016
4667
4253
272
2509
2288
3226
4738
236
618
4105
4386
4162
511
1231
3720
2107
2266
1520
3176
2315
1368
4012
4458
3297
2653
2971
4230
3365
3719
2826
1256
1225
992
4919
3016
4820
2361
3230
2232
2586
423
2144
34
4717
2272
4699
2462
1300
1528
3422
3584
999
3251
4861
2208
2180
954
4955
1333
2597
2457
1755
1060
3380
4442
1181
3382
877
4100
3161
2644
3945
4508
495
3247
1296
221
2378
114
2673
2956
2832
4471
4199
4191
4333
2402
1907
2315
1494
758
4692
811
62
2134
2793
2317
3252
2280
3224
4248
3374
1827
393
409
1912
3201
3895
703
3223
2241
1307
1809
4026
845
3147
1900
203
2702
222
2518
4518
4116
991
522
1641
3516
2993
3000
402
3921
1802
1312
3305
2416
4773
143
4735
2985
2032
889
1733
4420
1293
3831
2377
4241
3910
2864
2830
3035
3344
2086
3757
3974
1731
3602
4843
19
1756
931
2029
3928
2004
3431
4841
3267
2215
3786
1436
3415
4623
933
3626
313
4953
3038
2851
2868
3999
4579
2708
4147
1410
3084
161
895
3222
2937
3817
3727
370
2379
2317
3160
1707
2129
1251
1766
1540
3751
1510
1218
4756
290
2959
1877
4542
2292
1453
2796
4776
207
4067
736
4565
2661
4614
1714
3604
1664
1595
4970
4097
204
167
695
4602
1385
4610
1948
1884
352
3001
3039
1014
1494
3205
2072
2443
622
2569
2756
4496
3832
602
3891
697
1140
4741
1884
3665
1118
3749
1418
3374
3811
4952
1273
2351
3957
4408
1079
4123
675
741
217
1852
3414
687
2108
737
4393
1649
2021
961
2350
1517
3632
861
4238
3356
1964
3440
4659
1330
1713
1559
4167
3171
1501
4459
349
4103
3457
3107
4968
1376
4919
1654
3614
3014
4653
1985
4885
3282
1529
867
4622
4587
2412
1337
3311
1473
3808
1905
88
3091
1040
540
2134
1876
2664
3163
646
313
2163
549
4548
4376
1942
4138
1147
1862
2326
2749
1096
1125
4915
4204
4970
3430
3548
4334
3082
4571
4065
2285
1676
3341
1713
89
1263
3495
965
1728
4864
4525
3275
1811
1159
3673
1159
1728
3317
2576
4157
1250
4771
3754
1937
2158
375
3210
3905
1881
2297
659
380
1838
3300
330
4849
1153
2559
4400
949
4759
4896
4357
866
2469
3928
4169
3350
3898
3744
3668
2340
2566
3344
263
1564
4053
673
1339
3787
2517
1786
3417
280
3814
653
968
3214
3917
2301
177
2786
3343
2206
1558
15
4568
580
594
1131
1974
3699
863
4873
4325
3271
4044
679
3075
2157
542
4820
1491
4189
945
3690
2804
736
2956
4535
2019
1977
3889
2872
1299
4337
2113
2258
3093
3171
2934
4573
1175
839
3233
2102
4455
4955
1358
47
4701
1441
3472
3131
3007
4891
2800
2593
2475
3872
163
2127
690
3070
853
4717
3820
346
428
4759
1980
2036
4789
2918
2581
442
422
3509
2164
1844
2797
69
2720
1128
3556
3714
3705
2682
2741
3628
50
3433
590
849
3556
3043
365
1958
3513
4870
3402
2787
1203
2270
1571
4362
3586
469
2943
1117
4710
587
2176
1543
3118
3860
2355
1693
2955
2577
3529
3353
3000
4538
1629
1722
681
1834
1146
3195
1119
1007
4141
1084
3386
1039
2940
2404
2931
4639
149
3919
1089
3800
4518
2969
1933
2781
2459
4710
3789
1706
4424
2896
4133
3861
1487
2756
384
1425
2138
985
3444
3427
939
3615
3598
3839
1803
3398
3790
3430
3590
629
4485
927
639
1770
699
1013
3246
3102
2547
4094
1146
4975
4871
2715
350
4824
1633
3477
4715
3870
2258
870
2495
13
2400
1765
332
2242
3218
220
2246
2637
652
1804
4223
4223
2246
1676
1938
1864
2515
2063
1496
3223
1004
555
1707
2661
2284
174
3411
1701
1648
1016
2156
1528
3465
4954
3962
1757
4886
2727
649
2395
2975
1011
801
3224
272
4081
208
4431
185
3036
1530
104
4836
1873
1670
1066
4030
1181
3073
2439
443
4502
3750
3193
3193
2274
3735
2530
1735
3320
355
720
2135
2511
3612
4903
1106
2048
267
3834
3816
185
530
291
688
3497
621
2692
3813
77
2692
3693
1539
1351
459
1627
570
4745
1711
4961
3862
525
3586
1079
3745
1432
1473
4516
4170
4263
3074
4502
29
3414
3991
561
2757
3076
710
4752
252
1183
2773
4786
2224
2367
376
3338
4220
1829
2270
2284
2207
3919
2511
2464
2455
4042
685
860
3235
3422
3963
2880
3009
4615
4541
3454
2100
1693
2599
4614
2119
351
1778
4714
3825
696
1175
2684
4499
3817
3257
3026
3804
995
2476
3937
4635
4458
1145
1755
835
1618
1204
3738
1995
3565
2676
4892
3907
2979
3803
4386
4946
1326
2240
480
4710
1091
1303
4942
2333
605
4674
4229
754
2880
506
2369
4096
1469
3672
1547
3055
1182
3058
4925
4435
4200
808
1682
1858
1613
4939
3688
3069
3850
1022
1328
3324
3459
1720
2081
2494
2179
4478
3453
1499
608
1485
2275
3128
3363
4370
676
1575
2827
3156
4367
4522
3274
1618
1132
1627
4408
1417
3856
3579
3559
4167
2667
3150
4963
3048
3457
3182
1494
1001
296
1490
733
4735
774
4928
3379
1735
2425
332
3590
2358
685
1027
1854
3935
2834
2203
3126
3268
4932
2956
3662
3040
2579
4988
3422
3851
4292
3282
1522
3298
2497
1573
216
355
3377
3313
1488
1303
1046
311
4462
3681
891
3785
1681
4279
4158
2229
2990
388
979
4959
1034
1427
1955
3050
1072
3794
3536
3183
894
2292
4324
700
4627
3841
4724
4754
637
478
2210
3314
2967
941
2613
1562
4013
4291
1541
3837
621
4685
4387
3370
2055
3690
933
282
4629
4743
4120
4757
4528
1045
1047
3292
2168
2321
1519
4547
1587
1736
4347
498
292
17
2127
4761
4375
3108
743
4203
3744
2951
4288
2412
2642
1158
1674
187
4007
506
653
2670
3304
1580
2720
1208
3507
2545
4815
2563
21
4042
1677
2218
3704
2269
3926
650
460
2482
1773
2727
2036
4846
581
774
4518
2299
2615
4461
3974
2051
4409
4117
2153
4951
3233
3586
3810
2855
4947
4366
3965
4600
531
2949
2751
834
3644
1636
243
1033
804
3235
4777
2591
2297
8
461
4636
4602
1548
170
2382
2320
3663
1577
4991
2628
3545
3784
4430
3859
1913
3737
4881
1921
2672
4853
1252
3923
2557
544
1733
3166
2788
3564
1154
96
4314
4838
1664
3150
4727
1150
723
644
1817
3141
474
484
520
2515
3772
779
1025
2900
3495
3947
2679
1802
2412
941
2794
2665
1380
4996
3131
3263
2374
3743
1751
4721
3736
1120
3825
3821
3391
4826
3873
2562
2458
2647
787
688
3743
1640
3144
4004
361
4193
1014
4956
3046
3924
4912
4098
1761
4398
679
792
3404
560
2608
12
3009
710
1867
553
3863
4376
984
818
97
1187
4554
2773
2790
2605
2049
3454
1428
4584
3545
2600
581
4779
1934
3231
3522
4865
1429
3071
3619
1593
4524
2349
2239
3453
1960
3974
3728
1463
618
4884
3414
2098
3709
2227
3779
340
4002
1445
1346
4914
3342
3402
3753
1803
4801
4470
3664
2497
4212
2570
1445
2438
1941
30
2913
4217
307
1577
169
253
1808
2917
3944
1653
4989
4884
4505
304
4481
2977
3230
1449
1409
3642
1726
177
1636
1451
1915
2475
3513
77
2217
145
922
3436
1448
625
3775
2345
274
2532
2030
850
2235
3807
4725
3656
2758
2972
259
529
2528
4974
371
3010
1633
4510
4698
619
863
3325
2979
1647
1216
4671
227
3736
4567
527
1813
3163
1147
2659
1513
756
377
2539
2597
2579
3882
2541
3573
2197
3100
4880
147
548
1066
3827
472
1390
4157
2477
1782
1938
2822
3554
524
3104
3016
4908
1284
3405
4909
284
1458
304
2866
480
3374
4446
885
290
2942
474
4887
4174
2409
4176
2353
2448
158
1267
324
944
2358
1365
4475
994
4984
4375
1576
2925
3783
3071
2914
1929
718
1461
1964
567
1419
4460
710
4713
3216
4081
491
2688
3944
159
2047
4637
1201
2772
1998
1712
4076
2777
4284
401
3642
3077
982
2544
2399
3453
4141
2725
117
1216
422
976
3959
596
2796
4615
1426
2111
3129
4654
4944
3806
3932
1648
3494
2793
2375
3707
235
3286
898
2218
918
1281
2254
1466
2290
2544
1944
349
4039
630
4387
1448
1022
1552
906
2686
3558
82
2213
3008
4741
2209
4032
721
975
107
4085
4796
283
3322
260
3643
3160
4897
4633
1024
1044
2662
2812
2943
68
1312
1529
1920
3034
2642
303
3902
2244
2434
4877
3944
2434
118
75
2410
3561
4298
4950
1696
898
3057
285
4128
1287
2065
2171
2789
2801
4799
665
4601
4549
3811
4778
192
1484
122
2277
1998
13
2208
2896
4115
1849
4567
616
240
2117
2119
865
2546
3658
1282
4413
4517
653
2751
1903
2324
432
3553
1305
291
4567
2755
3510
4344
4411
2207
4157
3205
3339
1901
2626
4186
4043
1152
2790
909
3706
67
3581
4620
3498
650
880
3721
1240
3813
136
1136
4853
3135
3841
1053
1962
810
1884
149
1493
4644
3502
2045
4486
588
4651
2561
3413
4850
2714
2284
1125
585
4641
1716
4615
4472
4627
520
721
134
1007
1250
2909
3705
4201
4987
1469
2148
2502
1303
2186
3349
4021
3167
4165
3794
3503
4917
2648
2218
3222
210
1402
4456
3133
1112
364
2087
4365
2163
1640
3348
1597
1553
4528
1433
1348
3390
1060
3226
2618
1480
4562
1450
3654
4441
1769
4225
1591
3728
2420
2118
2812
1666
4009
2545
1071
4954
3721
789
2291
2931
922
123
4105
4956
2767
626
4573
375
4241
4072
1094
2999
278
4663
4269
4006
1497
67
2912
1150
1359
348
782
1219
4483
4319
130
1627
690
3138
3037
3551
3034
846
3007
546
1020
172
678
2288
1475
2530
4955
2302
4001
2740
574
4265
1748
299
3372
3293
4803
2934
3928
126
4362
3980
4977
1013
1038
725
2203
4660
2879
4217
343
4850
663
100
3972
224
3050
4816
2904
1089
2200
2243
802
3017
2755
4169
3412
3581
2996
1296
3786
1386
4545
2473
3745
3185
4730
3141
1158
2728
3141
1134
2538
1841
2016
3749
3923
3979
4101
2234
1069
4426
2096
2831
4807
2696
3674
1525
491
651
1566
3051
371
1572
2950
2890
985
3602
552
845
1609
587
4671
4222
3977
1260
688
793
3451
1615
4441
2781
1485
1239
3391
2473
2170
3688
300
3332
4268
799
1531
3334
2150
4482
1590
173
3218
801
4551
354
556
4555
2729
1540
4734
690
3446
2367
2230
363
2364
2834
1270
1866
522
3097
2384
1531
2553
3182
831
4926
3349
2977
1380
957
4120
841
109
4792
2296
4745
1709
1088
461
672
357
4799
4049
1195
618
4443
4875
2965
3806
2887
2524
795
300
4403
3981
606
4098
777
740
1657
401
107
1859
2237
4652
3590
1827
2480
1049
3615
363
649
679
690
1393
3112
4093
4807
4158
4649
732
4149
2212
2815
361
2123
641
3145
4905
4372
3930
2330
565
3398
3433
663
202
584
3055
923
4565
4043
3985
2920
3933
2977
2701
2006
2306
1976
386
3017
4587
2034
3081
1620
883
528
895
4479
2307
1968
3912
1756
1341
4734
869
3263
830
2743
1256
2266
2540
3190
3412
2345
4618
2177
4371
4973
4916
1507
3780
4964
4547
3223
1984
3373
2187
2672
4068
121
3901
4236
1537
2317
3199
1791
1358
1207
4872
4972
411
4866
508
3368
3739
1079
4534
3881
1564
1195
2474
599
517
4069
4266
4223
4757
3555
847
224
3389
1612
2629
2322
226
4015
401
301
3782
2938
2652
3451
1536
4274
4403
2356
1931
4876
3797
4887
4732
183
1424
3578
977
572
4942
151
3650
1984
555
2194
4864
3225
781
2963
1290
3858
2387
497
1899
1314
744
3799
361
3968
3752
3448
2212
393
3572
149
2043
2873
3771
112
2527
4073
1221
3884
1439
1189
3045
2680
824
4438
1630
2997
1165
2577
2414
4560
1014
3889
2840
2121
3003
1306
3412
3236
2789
160
1485
3533
1912
3319
1340
1844
2689
4821
4864
4204
3479
3408
4757
0
3774
3176
1356
4176
3494
4291
663
4816
2135
1916
263
4535
2705
61
4328
2133
430
468
1624
2911
2696
753
1551
1007
2851
3892
1611
2482
2346
2040
4313
2854
1478
4789
3363
4393
3753
3522
4983
497
4775
3959
121
1280
4278
3752
956
4049
2101
730
3438
3542
2162
4397
2252
2458
2662
1505
1006
3879
4326
2621
3450
3067
2428
1687
1900
737
4253
3191
1769
1139
1279
4221
549
74
3440
2089
1643
4451
274
3569
2810
4890
3376
4944
748
3919
1486
340
3675
2196
4675
3326
3817
461
3111
2011
3624
3255
1775
121
3429
1275
1724
4044
2980
4033
3533
1256
553
892
4691
2793
4210
4572
1788
1143
3659
3652
4902
4939
2576
1057
4553
193
3450
1180
4581
4665
3402
4078
972
4714
3140
1435
4528
4018
3488
1668
778
197
2656
2448
1816
3932
2127
4677
707
4176
1831
3753
3183
1034
929
2279
1838
248
4752
4495
1588
1169
494
3804
4680
1315
2479
4196
3248
3090
2799
2469
4641
4716
1990
3940
2117
4295
3064
757
1151
3389
3866
1613
1975
2144
3226
4694
1720
3843
4834
2651
1549
1510
3824
4591
2702
455
1843
3526
3794
238
4423
714
3661
2934
760
624
2125
4347
259
338
1987
2396
2967
1774
3204
598
4922
160
1873
1520
3167
173
4638
3864
4417
1511
1422
3959
3609
551
3033
3195
63
2188
2681
1643
1510
3000
28
3480
3164
3844
1336
3236
2022
4121
4162
3009
1796
1626
2672
1610
2326
4415
3815
2979
2885
1637
384
2068
2782
4133
2043
2800
2087
4803
2338
3364
3129
3859
595
765
721
2348
4138
1571
2145
4342
4530
1541
4140
513
3975
491
2963
4767
3769
3633
1204
13
643
480
4139
2424
2517
3349
4965
2160
2817
3041
4699
197
588
2643
265
1120
4113
3256
1182
838
92
1683
3958
2826
433
109
2326
4019
3147
4650
1809
3925
3018
2144
983
500
155
910
4314
4042
2238
4880
2402
154
1010
2194
1781
96
1848
1360
3645
4387
885
4098
2660
1362
2056
2676
4647
4619
1588
4244
3934
2085
3405
401
71
179
1117
420
4107
628
603
56
3077
3121
3887
1500
1346
2639
4664
2691
959
2922
1669
2980
4773
1806
4766
373
1621
4192
1266
4736
2643
3551
3568
2559
3885
1289
381
2280
74
3240
275
9
1280
4680
4748
3274
4207
2814
1088
150
1602
3386
2183
1234
2757
4720
2817
4979
3970
2005
3268
4755
168
933
186
895
452
2515
1339
3931
2307
2703
1
3943
1876
2681
3125
1081
2481
1709
2900
2547
4653
3801
57
4800
4036
467
158
3732
4214
2004
3126
524
3769
1532
3199
2772
679
3636
2364
1521
105
2322
588
3520
3502
4778
1758
1284
4519
3595
4684
3536
1557
1045
2220
2007
2236
1949
746
2826
3497
1397
1034
986
4679
2953
3145
4277
2888
728
2733
4108
3136
4237
2632
1625
2868
4484
4455
4458
2660
4816
3701
2263
1377
1038
4900
1029
3949
4054
4329
1759
2123
876
1989
3159
1638
1285
314
4376
1548
1533
1954
4815
1908
3554
2694
3397
2962
1618
2832
4122
341
3300
4721
1979
3923
82
2869
3445
2025
3062
3293
836
465
4114
4222
1944
2702
2951
3481
3322
1452
1879
3563
3811
4785
2354
4148
2889
3117
4724
775
3049
4050
2792
4980
1874
3083
1068
3286
2534
1627
2566
440
4652
81
738
2214
2838
3693
4182
201
486
1602
3670
1539
882
1157
1171
2468
542
4621
4
2513
4078
2458
4068
3587
3197
847
3077
2362
767
1731
189
167
4671
4018
2664
4630
58
1111
3906
2182
4429
1735
3253
871
1449
3327
1561
4045
2112
394
2627
1046
1523
2799
1291
4412
4927
2258
2989
127
1296
3544
4676
2019
2001
2749
4258
1829
1683
647
3536
4721
628
126
2308
2958
4751
2924
1253
420
4956
1473
3769
1554
4518
303
2704
2658
3166
1441
424
2125
1780
4780
866
2659
4443
3126
3285
507
2230
4659
240
3492
3828
2788
4217
1747
664
4836
2214
4938
1668
1528
409
4335
1345
1819
775
4445
3403
1094
3413
4233
4808
426
1307
1072
4849
277
2727
4838
1511
4709
4474
1610
2229
4341
2400
1961
1607
2447
3368
1888
4558
1594
1436
2273
255
917
1308
617
3712
3297
1569
574
570
980
151
2379
261
3593
2331
2187
4380
1934
1009
4106
4064
3921
1189
123
1388
507
2406
363
1265
1602
3210
229
700
1697
336
193
4821
2700
1348
4346
1545
4396
4919
4114
4235
1790
1505
3208
4833
4368
592
1309
874
1096
1705
1416
240
1784
4745
3107
4217
166
201
4064
3600
871
1563
1799
2898
1348
4136
1237
1006
4469
2820
3407
662
3075
4005
807
1187
2190
4961
4601
2506
4019
4686
3908
303
670
1089
4116
2243
2538
2909
1284
3018
205
3734
3260
1357
2907
4532
138
1713
4382
2242
4468
3365
1733
2426
3251
3404
971
4079
2173
3183
4502
2260
4831
226
2461
1469
3375
2076
969
1894
3649
2257
1733
3597
1218
3457
4971
923
2808
3578
4613
3176
391
4544
2377
3582
3148
4625
989
4645
274
2577
388
251
2752
3300
4085
4344
3583
4416
1815
2291
3921
4907
2712
440
51
1082
4079
3086
4098
4324
2298
1940
3389
4314
1098
3928
594
2774
2650
4187
2098
4211
677
4979
2809
877
2595
3230
3567
3416
1486
2703
3545
554
2091
4546
3300
906
4464
3588
2276
1038
1353
2094
3168
4040
4593
1309
2769
1915
1190
2619
4813
4183
2290
1284
757
4113
2626
4003
854
4092
3430
2634
3767
3995
68
3059
2552
1268
1464
2481
4431
126
2388
1051
4739
2498
2559
1702
3759
2541
2081
4245
3441
4988
1768
2673
83
4068
2490
3180
3476
610
4062
1571
2227
4624
4538
711
4699
3232
2227
3989
4781
1883
61
4787
339
569
2690
1340
3641
3353
1240
3333
4118
278
210
3769
3435
2138
4900
4991
4082
1697
4112
685
520
1159
4778
4
3471
1455
779
2821
2513
1889
3074
4340
3606
3843
4370
4741
1238
4573
2331
1143
29
3170
2451
217
2618
748
1655
4668
3308
2481
1587
2692
1817
4
4554
2218
4231
246
2072
2808
466
4675
4201
2325
3912
3351
3314
581
2405
4858
3073
1470
2187
805
3499
2416
4204
4681
4523
489
2127
3918
4286
4418
1946
4968
3126
3810
4197
1993
1375
3470
4489
4240
4897
836
4098
4661
2032
2513
560
4006
305
4928
2600
3891
2118
2589
775
1011
1107
1401
1851
1641
374
3081
354
246
890
3444
2033
4817
4836
4599
1840
823
3431
2789
3410
4815
4053
1601
3917
1167
751
1753
2597
2082
3760
3382
2756
3185
1404
4907
1383
993
1177
2549
4469
3971
4151
1143
4102
1886
3130
3183
2509
1833
3173
1974
2626
2232
496
3413
4232
371
2935
3908
1642
98
2587
399
4109
1451
426
486
4239
4794
3643
1049
1327
2799
135
2904
4468
802
2895
1419
1898
2757
4861
200
1386
1607
361
477
4730
727
2002
752
1339
1903
1487
3749
4201
2439
3237
3271
2445
4449
3748
867
2667
4618
4178
3870
1372
1849
2197
1981
2515
1403
4529
4564
1374
3696
1992
1941
3553
1714
924
4308
111
4363
1934
2072
4439
4600
2818
3245
2121
1315
1618
1145
4101
3830
2815
3646
1556
3886
1190
3177
2931
1064
2999
2593
2976
597
3437
1421
115
1016
1943
1009
1925
291
1887
2375
2818
4997
3644
3657
4004
233
4643
3896
3888
1666
4714
1185
1768
227
76
1320
281
2694
4629
4083
532
1178
702
4878
4375
949
3016
4777
3541
2308
4675
4537
1489
3114
4608
1664
3069
688
3689
914
2264
3454
4895
3101
4209
289
1791
1120
2461
84
2728
3917
3153
1248
4713
4006
1808
3523
2458
1536
3554
1252
4660
4582
4949
2185
4057
4649
3234
4508
2255
3779
4868
2635
3792
3063
2289
4947
2053
2138
1329
963
2554
1438
2668
4076
4052
4541
163
1905
1489
4012
1175
1554
3076
1652
1610
1334
1540
506
4243
3937
1282
961
2541
2178
3762
3330
3178
1971
1650
2945
1558
3178
1760
3796
3818
2451
4394
2221
1698
1590
487
4196
141
4410
158
4682
4973
1381
19
3770
896
558
2193
1863
4812
4036
3578
681
388
1175
2699
2155
732
4864
4110
4319
1475
4060
1502
3504
3456
1284
3134
1346
3116
4618
1648
3893
4739
4766
4759
1823
3117
3203
493
102
1980
3544
4335
4070
4835
4295
280
1780
4220
3666
308
311
4605
1486
3173
1029
2443
1498
1386
3520
1009
2456
2343
1130
4670
2272
90
1534
2125
3372
1251
2394
4020
3559
1180
1209
2308
2623
1760
2138
3837
2486
1772
4185
1873
1242
535
870
1942
3217
585
1669
892
3941
1328
3385
3987
3122
1506
860
191
4828
7
3793
4676
1145
655
108
334
1728
2376
1935
1419
948
2339
1122
4061
2210
2640
422
4761
4169
3474
242
3321
3714
2780
2727
2944
2785
4192
3813
2612
568
1693
2964
1509
3615
4291
2840
1565
2017
3557
74
4461
713
2094
4602
4888
210
3031
2411
3350
1059
4625
2537
4816
3026
945
2361
1754
876
3605
3200
4795
4877
3703
1275
2904
4040
3738
586
2553
3466
3625
255
3068
3754
1869
393
1992
1477
4160
4871
2822
1120
1867
2903
661
2674
4305
4453
2914
614
757
2607
620
3833
690
665
2555
1887
4969
2759
3438
226
4453
2836
1690
1385
1798
220
2092
1247
1406
2908
1604
3625
705
853
3246
190
1599
0
2997
1035
3866
4976
3790
4592
198
722
3019
1884
1562
3310
4383
894
64
2776
4071
2060
958
1803
569
2777
3552
4357
4048
48
3220
4127
3639
3387
1312
203
4093
3670
3647
1977
1261
1430
740
3080
2699
146
1846
733
1858
2276
1399
4942
2058
2124
3920
3728
4569
733
589
4008
3450
3100
4353
4999
896
3973
302
3328
1206
3765
1139
608
4079
1799
4493
3423
328
942
182
3409
4267
336
1668
2945
2252
4448
4455
1328
334
174
3817
1990
575
721
4866
654
3384
3631
4392
3967
1395
1497
3962
2607
66
2243
1571
1313
4815
4461
4723
2612
2581
4073
2540
133
3320
1243
4112
1831
1187
1998
1771
3848
2962
1930
2119
3108
1245
1081
864
3581
4095
2666
3908
1765
2148
2990
4260
607
2241
4922
1264
2303
3839
1060
1256
2124
3220
1997
3966
3987
2745
3198
4812
368
894
4603
1781
1971
3908
297
4817
3078
3852
1820
3184
2884
1865
4106
4331
3324
399
1545
2725
4044
951
2969
2864
3690
319
2621
3523
4846
2978
4476
82
4284
2820
1551
1093
3258
806
1142
1568
3039
4595
3647
4819
4816
1358
4073
4696
264
509
2888
4017
3341
1938
985
2935
2196
726
41
1793
4819
1378
1708
3787
345
975
4380
4329
572
1809
239
286
914
4341
3027
404
2734
2543
1084
69
4497
3881
2084
3
1456
1768
2061
1239
2009
4994
4021
665
2322
2377
2424
3948
939
4571
3928
1663
1049
889
1841
4627
893
4049
3439
1076
2964
3332
1094
2990
585
3371
2751
3758
1397
100
4343
3747
3820
3043
1213
1416
2694
2631
4526
3295
2844
91
4666
3648
2250
1056
1923
425
2939
1698
4746
1641
3644
1489
2569
3467
1347
873
4232
3659
728
985
4212
181
1276
4251
3105
268
3788
3991
117
3992
757
1682
3165
3568
2751
1797
4430
4266
2714
4829
1869
3445
1571
1199
4259
3346
3730
1758
1591
536
3647
2168
4071
983
1202
1999
2955
2000
3503
4608
4430
1656
3639
4647
463
3977
3784
1451
935
1781
4355
3253
4931
66
687
1191
2510
2068
3095
4806
4543
4577
2439
2749
1982
2976
3335
224
4938
859
1752
4119
4251
1337
1441
4237
2268
4939
4182
71
4285
4780
3032
4477
3926
157
2556
1784
2308
3714
1786
4418
965
1647
3032
4435
1249
3966
4723
1004
3518
3690
4374
2195
2079
2607
3095
3543
4745
3654
4583
4081
229
944
2224
4260
3050
1579
3454
729
2667
4609
4054
1882
1809
3232
4005
96
504
726
3736
699
3734
4625
2061
3373
407
273
687
1019
4042
2882
130
3328
2345
4165
3613
1974
1325
598
2716
878
2450
4893
2627
3856
1
340
2310
2895
3384
3907
4067
3675
4187
2321
4638
3760
1736
3452
2181
4308
1312
2261
2751
4910
3329
4790
3752
3331
720
1177
4617
3901
4098
594
3676
292
492
48
1384
4836
1614
2814
2924
4902
3820
3351
3508
2052
1827
3163
315
4637
4768
3661
3391
4290
3056
2289
2563
1762
2580
4860
177
4030
1084
887
3859
2652
431
2208
3818
2525
1631
505
4738
2794
4113
4209
2856
2543
175
3264
1341
138
372
4743
2184
237
3749
911
3445
3073
185
4319
1047
2829
3585
1930
4682
4182
3393
4428
1937
1892
3500
2371
2448
20
1036
520
3138
2373
2221
1089
2838
944
2819
2559
1238
1839
1693
3915
3470
1235
540
602
2681
915
1513
1239
1997
228
3497
4420
312
3800
4834
619
1983
2637
1926
2014
1927
2091
1769
945
4033
2355
3325
2009
197
133
253
4394
1017
3545
4404
2961
731
2149
1062
2467
1290
4098
2395
2749
1072
2054
138
3013
131
402
3146
1179
3692
4210
4361
3671
2732
3562
574
1048
825
3328
1050
1700
2828
2793
1705
4379
4183
3155
4935
4511
3101
1784
2901
2798
4131
576
2344
926
2202
4150
3964
72
897
251
1862
2630
3653
4543
514
3279
3524
3494
539
1522
3627
222
3910
466
1273
1669
300
3494
1870
4298
4327
1365
1508
4087
1219
2802
4256
1985
1013
1160
322
140
3023
99
4827
917
2351
1107
4578
1916
1545
2435
3845
3139
617
1050
4179
2205
2599
2552
315
2608
4443
2737
970
322
1803
528
2596
4715
1786
3505
4872
301
4564
3965
1330
1879
3215
860
2890
2872
3557
1616
4397
3268
1107
4065
1066
1166
4104
4077
2832
2349
3905
4316
1671
1407
256
3795
4761
4468
1959
1375
4831
217
1364
701
3290
780
4539
3723
3620
284
799
1226
446
738
3404
2718
385
230
1717
204
2707
85
4861
19
4059
4636
3717
758
3183
1986
4273
911
2267
4363
1137
2732
4346
2356
4434
4662
293
1862
3355
981
3153
2842
2164
530
1132
4578
28
20
3657
2503
934
3316
1320
152
1152
4237
2023
1402
1704
4646
2655
4106
4922
2779
3777
2886
4731
2911
2080
1615
2045
1446
1392
2236
248
1659
3757
4255
1938
3259
3754
3361
4426
1043
2294
3688
3800
2013
4443
3466
2011
1888
1567
3999
21
205
4311
4028
663
1137
2650
4198
646
3242
1598
4816
1814
4154
2658
4180
3057
83
4191
1023
1542
3284
2679
2661
1183
4320
3598
2539
3472
399
4145
1587
4962
3015
2819
1707
3573
2421
1876
759
3951
2509
198
338
2098
3658
2784
4201
4670
1585
978
1377
3888
2964
2274
122
662
1557
3142
4001
1934
4569
4230
437
4675
2331
1031
1357
4693
444
3839
2012
592
4433
2798
4190
2097
605
3044
4609
2688
307
1866
4983
1823
1903
2785
4615
2963
2299
4934
4678
3159
570
498
3964
3662
134
4543
3563
1925
4590
1732
972
220
2517
1383
2001
2413
3262
3292
2379
3692
4683
952
415
4190
2039
3174
1190
1344
3182
2560
1970
1952
3593
4240
869
3470
3634
3188
3035
2993
915
580
1021
801
1243
435
1731
1414
1722
3681
2496
4211
4560
2775
1786
3287
4553
1667
4942
2740
3212
2956
1814
2174
3535
13
4098
2364
1745
4816
3704
737
2774
2618
420
1635
1294
3436
1494
4574
3883
3555
1063
4399
131
34
57
2007
4613
1850
4607
833
715
407
4541
2729
1813
1994
1787
4443
496
3118
2465
3409
2704
653
4856
2664
3338
3045
4007
1418
1839
4377
4729
4571
1988
1837
1347
3804
814
2209
2837
2698
3754
4905
1584
2303
3890
1832
434
3786
201
1821
1564
980
4247
3029
4864
2338
3480
2010
1267
1690
4137
2659
907
2244
1373
2117
4602
603
2907
2728
1489
3873
4805
2216
3104
1021
2831
4033
1498
21
3332
3249
4285
1777
2366
127
163
2303
4380
2887
1551
2297
1536
2244
4577
4297
3310
735
3072
2531
4374
4285
2286
1199
4634
638
2212
2854
784
3531
4383
3854
183
1747
3998
2020
3376
3696
4382
3822
844
4932
2918
3055
2574
3054
4814
4329
3325
4380
2263
266
4651
1125
318
327
16
1864
3436
174
812
3692
3292
4579
168
1033
4788
3444
1540
1964
2483
4287
1696
3114
2949
2783
2219
2087
2544
3410
2306
3857
2843
928
630
649
4481
2321
2855
4015
444
2306
1389
2831
875
4502
3058
2068
2550
1073
1301
3185
3841
2889
1076
1537
497
3422
684
2287
4747
3115
3526
1045
4165
4257
4812
4835
591
2635
4179
4766
4596
4680
2199
22
1367
4690
4901
4481
2237
417
4154
2711
4790
4965
2552
4759
2657
4752
1444
181
4891
2978
1145
2383
841
2501
1607
3758
1309
4299
484
4463
4851
1254
1161
1370
4983
3904
3827
1650
4056
330
4919
3661
73
4596
3061
2598
1125
1409
543
2322
229
1014
2437
859
188
2116
248
2550
896
4057
4784
4932
553
3668
1541
2456
3408
1538
3137
4219
532
4525
396
1157
608
384
892
455
3287
744
2419
1972
482
608
1225
1405
1344
920
1356
295
3932
1443
4912
1046
1801
2262
735
4202
1147
2687
4591
185
4503
497
3874
2436
4284
2504
1585
3667
3618
363
585
2224
1744
4496
512
482
2773
1403
1910
1239
2790
572
3038
4523
3526
2219
849
1585
1387
819
723
3232
519
627
3680
2689
3994
1054
2560
741
185
3042
4451
1095
3683
3056
3250
1836
2025
831
1429
4367
1118
927
3765
4552
191
3351
741
4925
4588
3568
1094
1392
1505
4926
2533
4122
3098
507
2276
3495
1221
4364
1019
1979
4752
215
1509
2258
2915
2112
4371
241
4286
1220
4309
1252
1178
1886
505
1607
2493
4207
3651
1376
4380
566
1026
3607
4079
4245
4386
1410
801
2013
1493
205
2891
1020
995
700
3973
1503
4353
1029
447
2636
3021
4615
4290
1857
2357
2124
2056
4526
3314
598
438
2319
1171
3894
4618
2411
1298
1595
3726
2833
1813
3420
4210
3320
1759
772
260
796
2598
853
4786
2169
4938
391
4319
3634
102
1609
1516
1551
3981
3812
3275
3681
4977
1842
3594
1468
1825
4772
1572
1805
556
4662
3748
2016
3822
3285
4996
3577
109
3396
295
2280
1165
318
1237
4744
1193
892
2418
1011
2221
3842
4191
73
1716
136
1806
654
1027
3602
4908
4506
2122
4082
1982
4748
1506
2722
3649
1886
620
4556
924
4458
654
2334
2469
2079
3201
3158
2992
3606
4972
4633
977
3625
2628
2281
78
4182
1752
709
2475
1408
1434
29
3896
3697
3564
3228
2834
2049
1792
3642
2294
3200
3018
671
2225
3351
4007
4003
868
29
2696
2943
36
3095
657
3674
1407
979
2883
963
3086
2801
1821
48
1121
3277
2540
799
3334
3791
2158
940
346
1271
3272
2896
3435
2904
3380
3118
4627
1338
2145
2392
2524
3978
651
1264
543
570
4713
3365
2685
3404
3974
2776
4976
1532
3734
3882
2912
3793
195
2276
2240
1883
3256
2908
4595
1924
1829
3827
2146
434
3362
3733
3092
2536
4090
688
3765
297
3327
4445
1096
2278
1531
267
2904
2140
474
979
1259
2110
4178
1215
4126
3971
889
3360
599
928
2291
4876
914
3137
660
2430
3365
1397
4684
3664
1005
3225
1216
3319
1697
1301
3143
1848
1456
2109
1003
4272
2930
2398
263
301
1574
1092
4013
3917
4152
4684
3397
2997
1219
4897
4449
11
4860
3937
3397
3361
3387
3875
1860
3306
1371
2253
3370
4893
4660
2144
4625
1799
4142
4859
4209
2874
1422
779
1621
782
2568
2523
3736
3363
2181
2745
1960
2990
819
3351
2744
1749
1469
1416
1985
1673
4107
3942
207
2720
4210
178
3547
721
4754
3939
1702
13
2322
3524
1340
3462
4414
1763
4971
569
876
3602
2608
2822
4598
3287
638
1367
1220
3951
648
327
198
2039
660
4562
1500
1684
2754
4774
2866
4024
406
3143
1182
2725
3795
3753
2384
3003
744
4065
1415
923
1388
3467
2297
2075
1809
1473
2712
1447
528
2253
2468
4727
1026
1165
1394
2485
113
428
4241
2681
2755
4899
2618
3357
2230
2889
1024
864
2081
1169
952
2354
3221
2459
4980
4444
1156
4761
1065
2683
4401
3961
2445
4458
2065
4799
1805
2430
1313
588
832
3819
4865
4611
3339
3586
1435
3534
1958
4352
6
2022
357
2074
647
1787
2541
4537
2831
3746
2638
2190
1094
4719
3247
2636
4318
2106
4974
1513
4349
2466
2844
4669
3824
4401
3984
1685
2636
1047
279
4781
2685
4518
1822
551
1357
1481
2658
1232
814
3781
2014
3342
486
80
4563
641
1893
2175
2124
2690
2016
4442
1774
2130
2177
4843
452
2967
4805
93
2459
2580
1060
1469
1978
2866
1451
1225
2474
1490
3941
2848
3509
2668
151
270
4355
3510
2037
2660
3393
1563
3925
4606
4387
3940
4489
1526
2860
1656
4747
2873
2621
115
3278
848
4258
1517
2226
2371
2230
839
3259
1000
51
100
2300
726
3629
4481
4783
3305
2667
4030
1789
1474
4084
3781
3207
1120
3825
587
1048
461
1502
4471
2421
1678
1296
1484
2067
434
2725
4694
647
3855
568
2671
4768
2711
1720
635
1556
3881
3487
1428
3590
3796
4214
4205
320
330
4257
3630
3967
3449
4735
2743
1565
1410
3061
2461
1208
3426
2389
1769
43
2978
4592
4755
3161
1778
110
372
1552
735
2018
4786
2479
3875
3203
3614
4679
4178
2873
4235
4475
3956
4100
1767
4674
3160
4412
263
3070
3876
305
1538
3294
1868
4620
2813
3122
3234
181
518
1622
2912
4980
4886
3382
3053
427
3996
28
4459
337
3851
3083
3269
1500
4544
4116
4749
995
1604
4404
680
856
3621
4844
799
3051
682
373
434
4231
314
1523
4024
522
1349
4867
970
4230
2864
3364
2316
2057
3978
801
277
1117
3131
2418
2665
3685
2943
3255
3915
4460
4831
3614
754
4193
157
4234
1950
1857
3730
4596
1484
4620
286
4388
3822
2465
3145
545
1780
3454
3011
1410
3519
4493
1256
606
1228
770
2130
2292
4556
4671
2210
3305
4856
2974
2004
3542
2233
319
2810
4011
3771
3650
4140
2625
46
2303
3930
3813
2843
2465
3214
3902
1158
2479
4920
1577
2379
3158
1477
4793
1997
2333
1211
938
1821
363
4914
924
4172
4404
4355
338
1407
533
3442
677
14
1910
1042
2197
1388
4137
78
1260
2567
1165
1531
3311
4122
3497
3417
1147
2767
3920
2827
1206
1932
4734
3445
322
3388
1485
4950
2434
2161
697
558
2354
442
848
562
4147
2236
2158
2618
4303
539
2720
2739
2590
1230
349
1261
3985
955
1738
1995
996
3561
493
4829
3899
922
1101
2017
4845
954
1659
3161
1475
2196
3104
348
1588
1544
2131
2775
4232
3075
4310
3410
1425
1252
1451
548
1065
2302
4319
2225
1706
4881
343
409
2091
3807
2508
636
3016
1888
1336
2328
992
3093
1216
4767
237
3891
1238
796
2790
1233
1485
1303
3805
2130
522
2368
716
568
4816
1075
2103
4027
4319
2499
291
4074
601
4061
1680
1559
3532
1309
750
4958
1404
4557
3042
4486
1920
4510
3664
3715
1127
3749
42
4471
3332
1851
1328
2510
4474
2014
166
3537
4583
3371
1973
4647
2416
3976
2920
2525
66
3245
776
2908
3911
1911
3394
2769
3386
919
892
2101
1261
2611
3386
1358
4690
1542
218
745
2964
2063
4004
2996
4095
3227
1516
2853
2601
3135
4094
4495
546
1838
1926
193
379
993
600
3352
909
4141
2148
2997
1388
4207
4644
254
1219
2017
928
2681
768
80
3615
2984
3116
1783
4317
863
4864
2438
1354
3043
96
3581
1747
2149
4934
1499
3398
1115
4823
4482
4382
3815
74
902
2234
783
2628
2461
2815
85
3596
325
1219
890
2268
841
1416
1481
4160
2862
3123
2654
626
1422
4570
3359
665
2871
975
3162
1122
1811
4252
4349
3449
730
301
387
4722
4090
2844
1083
697
2719
3350
3366
3571
4263
3308
3847
3754
4609
2664
941
408
4798
919
65
2790
3243
594
1016
3715
4174
1437
67
4791
3075
3979
399
3595
4194
3686
4243
1260
3176
4294
2352
655
3382
2480
2711
2713
3647
1509
847
156
4851
4847
1228
1069
4954
3477
2086
2635
3146
2836
1470
1192
2340
333
2222
2631
2110
4887
2553
2117
1509
2428
1401
1118
2749
4640
2329
4011
322
820
194
1012
928
602
2862
4331
3519
3320
884
926
1546
4454
4266
4756
2811
2168
611
4575
580
3479
3255
31
1706
2016
1755
2734
1162
3642
1340
1236
3674
2765
3328
457
50
3529
3935
2902
4744
2021
1032
4551
3279
4555
4702
3128
552
4671
475
3584
2125
1946
3923
617
67
3840
2691
1109
103
912
3945
1347
3171
1930
1851
3588
3414
2810
2762
3763
4918
72
3873
3115
4061
2572
1365
2489
197
2309
1621
1518
1002
1816
1514
1184
3561
694
1605
4981
3959
1132
948
1706
3464
1023
1932
2650
1568
1285
274
3815
2335
1739
767
4234
2682
3714
3197
3724
1511
2585
391
649
853
362
103
1147
2498
2998
4818
4998
4346
3819
3061
2967
3923
1488
1599
2141
4379
2634
3926
1586
903
1010
2022
331
1710
4631
3212
4547
4752
369
346
1284
1363
2643
4771
4655
23
2747
1912
3241
2640
2717
206
3635
565
2344
3400
1291
582
3536
2592
574
2987
459
3989
1285
3766
212
1545
3279
4034
4923
29
4635
3590
4283
3222
4177
2834
2696
273
4117
1250
2917
1940
675
1717
757
1986
159
4202
3944
3115
1007
4140
3337
2588
3843
3949
1597
3837
898
2295
4673
3919
1603
4409
527
3249
634
4472
4627
858
3675
141
526
4857
1029
3108
2064
3561
3258
4684
607
3302
3775
2011
2677
3466
1739
1520
2934
2991
8
3665
1193
3786
4450
1032
58
2175
4803
4507
2087
1618
3570
2578
3713
1892
4615
4856
4188
1344
4452
476
170
3826
4478
2851
443
3899
856
2077
646
3303
3011
4593
1364
402
3385
4929
2648
446
2075
2913
4463
2791
323
629
2602
3485
317
1708
1854
3235
3828
1917
904
4063
885
235
4575
4438
2262
2743
2854
1821
4029
3750
2393
4694
4335
172
2370
4377
4035
4721
985
2348
2820
1365
2735
4888
4754
2405
3115
2848
3257
4505
4899
3664
4984
2678
3580
1530
2967
653
926
1486
3080
4500
3798
4189
3090
4186
193
1798
2739
4872
4703
17
585
4183
3564
1923
1952
4900
380
3648
4489
3210
4293
3156
208
2540
2957
3002
990
748
4529
1938
4727
2575
3859
778
3809
1683
248
464
351
3158
3388
2427
3040
476
4301
4491
403
885
631
288
2463
538
3640
4354
1073
4737
4892
2654
1116
2176
1665
975
2439
68
4638
3054
2481
409
500
4295
3729
742
1345
2127
2330
390
691
3453
538
3125
2876
2717
370
3131
1785
500
3993
1172
4756
300
353
4310
2200
1014
4923
1222
4681
215
733
3254
1745
4656
1684
430
3478
2313
387
3557
43
1819
1980
68
1481
229
2334
3551
4555
821
2262
4903
2739
2581
87
3898
3767
4832
3910
1579
2090
4059
2070
1373
2303
2964
1209
528
2124
3255
3235
3312
2629
1730
730
3781
1474
131
1764
595
3584
2251
798
0
4011
4564
22
1762
1604
2491
1135
1468
4010
2681
1473
4083
4165
4705
732
4197
1881
1734
2746
3197
148
3239
3336
3428
2253
4122
4644
839
3947
4844
4934
2836
2177
1297
3307
2223
396
157
3865
1807
1484
415
279
2297
935
1645
4660
3093
2790
3124
1860
4401
3821
2983
1438
175
2645
427
3140
632
1193
4325
3418
1030
3506
1579
1846
3621
4324
2240
4992
666
2251
3986
827
154
4307
1321
930
3722
2396
2969
3057
2901
956
3877
1152
1395
4692
3597
4154
3896
3060
2705
1135
1588
627
75
3639
607
3462
584
3075
4180
4584
4898
1472
1994
2422
818
4562
1051
1172
2282
1699
2145
793
3366
4978
3704
1512
66
1606
1431
2942
481
42
522
2657
3404
574
2900
2950
3253
852
1655
4640
839
4457
2677
2334
3309
3981
4303
539
2423
3007
880
2944
1639
4376
1796
3316
1663
1433
1695
3750
4397
2309
4142
2603
4534
3747
2055
831
1896
857
1389
3566
3179
3609
3357
2102
2178
3038
700
2529
1446
2973
2247
1222
1655
1605
1437
731
3441
2899
2565
3107
651
4873
4527
2459
2558
458
4063
3253
3913
746
3319
3434
3987
3236
2700
4540
747
4303
842
4342
84
1954
3255
2947
2520
187
484
2422
2607
4276
4943
2023
2447
2092
604
1928
1718
881
4306
1704
1749
162
4921
4255
4516
3970
3678
226
4458
3578
2477
44
206
4226
4100
4368
1093
3006
1418
1141
3521
1220
2169
753
411
122
4306
2571
985
3458
4659
2655
4850
271
3926
3495
1839
1232
3939
3014
2778
3049
3482
936
2968
3069
777
3177
4770
2115
4486
3683
3767
2987
1534
158
3927
2992
2205
4717
0
989
1999
802
173
2421
2514
4118
16
1028
3278
4007
2270
3342
4071
4379
3785
4517
1048
44
4199
1665
900
1743
1721
4934
1096
864
4176
2365
3403
4112
2514
2329
2258
2863
1288
3372
2896
3676
2256
1578
3542
989
2362
386
2273
3407
787
3836
4492
1446
2659
2245
77
1273
4064
948
4471
4114
4015
3213
2443
2461
1191
4523
967
887
3025
3913
3834
3216
2576
4387
192
4458
1721
1084
750
1851
1110
1385
4060
2706
1946
2303
3958
2629
1453
2030
2803
1874
4120
4670
81
3919
3926
3692
454
354
3905
523
1833
1079
2579
3121
3189
4390
1553
4701
2798
1154
4533
584
3131
4638
3141
2388
3271
2467
4474
2746
123
2416
3205
1037
2527
2070
4224
4249
4181
4367
1336
3712
2140
3215
3785
167
2695
1036
4717
4739
3479
1080
3257
750
4576
1758
1239
2862
4778
2208
325
846
3926
4819
1372
4954
888
2521
3359
3248
3386
617
3263
4481
3638
1546
3795
2226
2715
4534
4117
1581
4514
1290
4695
3591
298
2720
4899
1413
3817
1343
1230
3500
4452
4437
3642
3406
3837
4531
1903
128
4101
4747
2088
3164
2874
1300
2598
511
1820
1205
4129
4874
1711
3840
1812
4698
4720
61
912
2654
235
819
619
3678
3022
1365
675
2004
4787
3862
2975
3533
1794
3564
2154
2478
2985
1177
1960
4391
1767
1277
1717
1623
2894
4914
651
72
2913
1810
2696
2088
2258
4508
4272
112
4875
4553
3563
4123
3519
2236
3277
1582
1845
1810
3600
1949
2051
2306
4595
288
4032
4730
313
3961
1356
2032
3363
2825
4355
4799
853
1671
818
4989
3150
2896
1068
1756
1583
169
4850
2598
959
2991
490
374
143
2494
3880
669
3452
342
3506
4022
318
821
3538
2429
2256
2150
262
4436
3772
4816
569
2620
2838
2936
1447
1016
3604
24
1450
2150
3412
1957
1425
1884
3078
4979
4463
2466
1099
2456
4385
2938
4792
3293
1424
1719
4688
3214
3895
1983
2737
1603
4824
2045
1268
3932
872
1803
3720
4296
2368
1066
723
3090
4284
2562
3267
4176
4095
305
889
1188
3059
1171
2260
3645
3261
626
3856
1312
155
1945
3919
2757
4807
2794
3664
2703
4799
1463
1120
4015
1476
2335
2137
3373
4816
145
937
2897
4440
394
3003
3125
2671
3640
4545
4069
3519
4077
665
2026
2814
1577
3733
1445
4395
2818
2046
1640
4729
3484
2498
3265
1121
4716
2517
4176
1685
778
4301
4855
3140
3539
425
4778
1103
3307
1955
3559
524
2804
3926
3528
323
4215
3629
4528
3177
1919
3553
3227
3858
4465
4108
3831
873
1100
2620
2933
3682
1790
1885
4822
2791
3285
352
3957
446
2494
4706
1060
4427
1897
4446
158
2504
2668
3568
894
2610
625
520
2517
3667
2159
3210
1716
431
2570
3915
3207
3816
3697
2668
4998
133
2452
4202
1135
2902
1128
4664
4421
2776
1973
4715
106
912
1391
2605
2870
1187
226
2354
1641
1790
1062
2887
2210
483
2108
2527
2978
3191
2515
1438
3752
4593
3847
710
889
1343
793
384
2254
3531
900
1850
1234
2657
3260
4119
1077
1461
84
1497
3922
4627
1908
774
4982
2814
1890
3855
2855
3073
2815
2424
956
706
3986
3782
2880
3012
4838
3141
2056
4091
1857
4434
1662
4757
1626
4457
3436
1044
1400
4600
3032
398
953
709
896
2030
2453
1814
300
1871
697
2972
802
1488
878
2289
133
217
3401
1501
365
2504
2657
565
4778
60
2933
2284
1116
912
3722
3475
4007
2142
4680
2904
510
3929
3727
1268
3565
4359
942
3736
1192
524
977
354
1089
4785
1871
2567
3897
2401
1476
2857
88
1735
4778
2912
4036
2411
875
4744
2059
2098
4981
4365
3546
3086
269
2667
1260
1781
3172
1132
652
1434
3868
1072
2497
154
1198
979
2388
821
2837
1603
4976
2482
362
1989
39
774
614
3816
2218
2830
1296
2128
2662
2301
4829
1217
2593
2738
1024
3556
955
2178
393
1158
4354
3528
1768
3380
3836
785
2848
815
1476
4465
3600
4737
1317
1217
1126
4918
2275
1600
509
3039
1557
3036
4157
1837
4046
3451
4051
3677
514
4760
1670
159
3674
3142
3731
1568
4534
4289
3458
2493
4330
2864
405
2273
2624
1077
4632
1272
4543
2447
570
3471
57
3189
911
4358
2533
806
1713
2396
3091
2089
1148
3212
2623
3147
3297
1030
1792
4013
2663
4464
3621
4840
2878
2163
1033
4466
3180
3596
58
3549
799
4414
798
2293
1991
2586
2208
2029
4209
4898
4975
2326
1507
4757
2997
2977
2119
4767
376
2564
1963
2282
1573
3051
2046
2008
1463
2891
1141
3654
2606
726
3224
4407
3910
857
3128
4553
4534
3179
1639
875
4456
597
433
3976
122
1613
2566
2686
1562
1500
1471
1149
3493
4508
1994
1953
2929
2757
1015
4879
1514
1046
2609
4635
3001
4641
2513
3908
2955
2145
3762
1411
4137
5000
2970
2735
273
4701
4864
4932
1442
262
4525
3704
4038
4131
4717
2417
4193
3193
1036
2743
3899
4644
1856
4847
3607
1509
1213
1587
234
1159
2599
3094
4858
4916
3346
3949
1245
3078
4616
766
3540
1910
3117
178
209
2535
3970
4180
1856
1811
282
2117
4260
2054
2256
528
2277
3418
167
4796
4132
512
2306
4521
4896
2586
4576
4413
3373
3616
3868
1684
4211
2228
4944
4299
1782
1832
4778
305
4058
3685
4478
778
30
3421
2155
944
1525
3789
3908
2555
2089
3548
1612
3811
4801
2747
2323
3849
3090
974
238
2056
834
4326
494
3776
4339
2877
1012
1328
2338
2342
2415
3427
4882
4706
4215
4974
2448
1230
550
1276
3660
946
521
1337
4155
2612
2239
4915
1809
2024
2453
3699
403
4465
1179
3941
2843
3350
3053
2762
4884
1917
1049
1043
2468
544
4981
3398
4695
136
2451
1199
4018
29
2354
3985
2148
4580
4205
4010
3711
245
4985
626
345
882
4558
1625
1584
2009
2791
1027
1665
3444
810
2898
3292
4539
401
3655
639
3635
3398
2294
3549
3275
3229
2453
2667
101
1721
2612
1050
2745
1618
3993
213
4556
4059
3245
4987
3872
3633
3363
3539
261
4352
1832
4658
2796
2169
4632
1092
1958
3402
2218
4539
3952
145
3119
664
3159
1855
1920
4825
3275
2653
2374
3768
2920
3905
4648
2980
3197
3702
2995
3981
1833
1357
4137
703
3346
1390
1702
2789
3250
3281
1701
2184
4262
3874
3893
3834
1484
791
2365
2424
2621
2150
4496
4511
2181
2773
1715
2095
2329
3505
356
3082
3986
3538
326
162
480
1170
1771
4419
2865
3247
3108
1814
2044
841
4778
459
4750
896
1210
4436
147
3800
514
1559
2335
1502
539
4747
2585
3989
3573
176
2679
4931
1426
3130
2432
3228
138
1424
4097
363
2423
2828
4924
1622
2865
3127
3051
1148
4381
488
565
1287
1182
4430
722
2374
202
1129
1695
3345
4643
3292
1889
1571
2412
1669
1656
1472
1801
2130
3057
1578
3266
2722
2914
1373
4373
2141
4101
2531
4011
1618
1749
279
3808
2882
4131
2329
3584
783
4880
4529
2885
2604
4676
2751
1208
2400
522
4503
2801
1031
4865
1967
131
1854
3642
4802
152
4696
1159
3591
4586
4
3606
388
4376
1992
2357
820
2412
1011
4861
3867
3803
768
971
3689
1754
26
2198
2779
3648
2270
4621
759
1178
1263
4507
4493
781
1588
4718
2024
3690
4827
3811
2615
2195
3801
3552
3731
4235
4599
382
3972
3286
1250
1253
1787
1281
1600
1051
4442
3927
2001
454
2392
3292
3787
3719
577
4696
2282
1593
4798
2592
4582
3003
69
4911
3616
329
4947
781
3815
563
4862
1037
1602
3076
382
1610
2344
911
1661
223
1894
238
4227
261
2749
3488
4492
2866
1221
3206
727
1015
1444
4431
4220
4020
3254
2393
4325
190
3445
4127
313
263
1794
3586
14
2607
3151
4683
2683
3088
1321
4121
4714
852
246
474
2851
1333
1058
2958
158
554
4656
1168
2434
1716
2187
96
1662
3886
2289
4362
3333
4416
2183
102
594
2735
4265
4754
2857
4883
2532
4436
4300
1782
4580
308
479
1641
4921
2344
4551
4786
1644
1373
125
4852
4339
2866
1278
2718
2026
1447
1256
2154
3104
1790
3315
696
4395
1796
2703
4539
3944
2504
771
4056
2567
3269
2688
2597
1432
4891
568
1647
4093
712
3314
1075
4287
2176
4806
3170
4619
2298
3368
4192
3464
1115
3188
1025
4721
1842
1425
3428
1717
1473
1738
4039
3218
1556
1868
434
1484
2430
2128
4934
3519
3631
2536
231
2227
264
4816
4502
3771
3711
3537
4608
245
2698
549
4271
99
3315
1231
2381
4408
1162
703
2497
3777
784
2848
2618
2902
2655
3696
1000
122
328
4389
1329
673
3286
1808
3305
4702
3983
1129
4538
3371
3019
673
3895
3314
2004
710
1799
2198
3630
3868
3099
1050
2904
941
761
4925
375
4037
1358
618
3887
3818
2300
98
601
3432
2593
2865
3920
172
17
3447
4584
3911
4059
520
4823
3138
2969
1173
3744
689
2905
5000
1522
1547
1072
3733
4040
4127
1875
2032
2383
4765
4763
4557
3540
438
4913
2479
4527
2086
2045
1413
4931
1218
4179
113
239
1086
3832
358
1939
2506
2257
2633
1565
1295
1302
132
1280
1748
1227
4043
4988
4884
3884
3329
1226
2906
357
789
4624
2382
2195
2147
4204
4858
2852
3037
2733
4925
3767
2543
4272
261
1347
686
4703
4661
1824
2740
2327
2643
3696
3947
4039
3105
2290
1700
3737
1105
1525
508
3422
3735
475
1557
2263
582
4814
3372
4610
4031
2794
1798
2486
950
4445
2840
2834
3873
3321
4566
2735
2104
1434
4786
3090
1487
938
1909
3147
1264
1815
1273
1205
2717
3125
2635
223
4452
649
2237
1728
3230
3521
62
751
3804
1668
2039
1812
3569
4961
1390
4654
2820
348
526
1356
1635
386
1152
4244
2008
2666
3726
3390
4683
2796
766
2688
864
1383
2959
2861
1817
3988
438
657
892
1548
338
4383
2162
1751
768
3049
2646
419
2964
4068
4559
3097
2682
2819
588
974
1532
4244
2549
1116
4664
2093
3892
2353
1523
3099
3208
4351
3931
1744
2539
551
4509
2111
197
4944
4310
4802
824
4252
1768
339
2562
3188
126
1875
4678
4574
1172
4899
15
806
31
3568
1259
3773
615
2684
2745
4096
4080
673
3156
2052
2135
2955
4702
988
1202
1560
3371
3195
1188
3085
2335
3847
1434
3853
1536
2004
4683
3027
536
1649
81
4883
1933
1986
1240
1050
680
3145
107
814
3505
231
4551
3384
4384
56
1083
4044
4993
2905
3138
1095
400
1527
3785
2746
4144
4950
234
1536
2703
2060
116
2894
901
235
4625
1970
4990
4303
1111
3951
3807
2916
874
2080
1251
4972
4516
93
969
4048
2695
4127
1543
2144
2687
4832
1932
659
3692
3611
477
3066
4339
3768
1164
1834
1129
3011
984
1400
2268
1530
1033
4874
812
1396
716
3591
4924
2689
1795
2917
4428
1271
398
3543
3689
4782
4594
4103
3749
3913
4931
311
1659
1999
3395
2808
4242
388
3413
3261
1894
2763
3000
4185
2135
412
2080
4826
1784
883
666
2681
1547
2914
1197
3997
4428
3601
1732
2761
2384
1593
52
4683
358
3200
518
3525
3314
4985
3154
1321
1046
3453
4099
776
3219
2831
1052
1358
1501
1172
545
2012
2624
190
904
2666
1217
898
4153
2088
1125
866
966
3696
2144
919
2155
1746
334
1981
4650
388
2916
2029
534
237
4250
894
3713
3052
1362
692
2390
3297
765
2338
3061
4891
4481
4574
169
3980
828
393
4406
606
3129
1019
4471
3409
4951
538
4797
3800
1713
3982
2434
2219
2305
3425
757
912
2982
1260
644
4804
1889
4418
1936
1142
4646
63
3890
1371
3518
3228
2381
3051
456
922
340
963
3905
3797
1570
1513
3154
1692
2067
3966
1911
3625
192
2401
3782
3412
3039
507
2676
2191
3669
4330
549
3958
1874
150
1775
3153
3080
2551
3225
647
4729
1393
545
1052
2400
1062
3776
1121
3919
2499
3956
887
3735
3100
3435
1959
696
2482
4293
3075
2129
1090
203
3222
606
1897
2302
4703
3211
1011
4212
2304
589
3628
1372
2373
1896
875
4259
2644
2747
4386
1877
3215
3105
2990
2114
2311
4701
546
916
2116
4888
4288
2398
1404
1980
2828
1442
4746
1347
2038
1386
1936
1128
2352
4512
3459
128
863
1636
4458
4309
3683
4217
920
4228
2165
2909
401
812
2949
226
1868
2219
88
3723
1104
2035
813
4034
1454
2238
2236
2896
509
4441
127
219
4859
34
3075
3629
4370
1779
486
1973
1777
2080
1786
2062
1694
4932
4027
4805
4662
3605
135
3432
1708
3840
1257
2256
3082
2894
3948
2907
362
1702
2276
3285
1159
4844
4804
3512
1183
2050
80
18
1200
3838
1760
3851
4408
3363
1456
4646
3629
4295
4467
3333
1981
3874
692
4347
1672
1644
1681
1892
3266
2422
3871
1217
3335
1053
4960
622
3620
3986
3329
3960
1740
3076
1344
1562
3368
4632
731
1306
2532
1591
2953
4122
3556
4142
772
3758
1243
1135
4710
4481
1485
621
315
4131
886
2643
2995
165
975
966
1690
3996
48
1612
3801
4511
4068
1569
825
2131
2345
4991
1258
2240
401
3369
3437
606
147
146
629
1514
553
872
127
2944
3006
2025
1211
918
1041
3994
3216
2253
1310
531
4630
2945
2136
2616
161
4955
3887
2451
283
3532
3301
2396
2826
2082
4723
3673
1840
4293
2325
644
2298
1971
4603
677
2710
3737
2965
4650
3837
3462
924
4503
2435
320
3115
1645
4792
3940
4835
4191
4909
4337
2780
3503
965
2122
1392
2414
631
1501
146
1274
4349
660
3849
3548
543
3768
4743
3069
2999
381
1831
4404
389
4916
1931
2803
2671
3356
4391
538
1342
3692
1170
1458
4339
4673
1876
733
4166
130
3502
3837
4567
1841
2648
3091
4666
1416
3390
3067
1507
2743
106
3830
1967
15
658
1054
4301
751
4476
4536
2276
35
4378
3199
530
266
2052
643
2501
1894
907
978
47
4200
4135
2730
2430
1358
1246
2421
2134
3730
4274
4038
2010
4485
4978
932
2401
4875
2076
2750
846
4599
1704
2284
4746
4773
4655
3909
3162
4251
4033
3523
4398
3837
2303
4942
3798
3833
3265
4740
1083
3567
4085
2586
4212
973
1393
517
1075
1577
2182
2514
1350
4711
152
4245
974
867
654
376
3684
379
1186
4742
3413
2574
388
666
4746
972
1351
3286
45
1505
4546
2673
3702
1398
910
4514
3023
2535
2249
1633
3138
2139
845
3469
3353
4672
3685
448
3236
4967
443
15
3864
1706
243
1571
107
20
645
4923
3645
809
1998
2319
3610
3022
4761
4513
3912
3627
577
2258
211
96
1848
829
3136
360
1397
2801
736
3026
51
2839
2553
3697
4437
4934
161
568
3486
4405
4964
3279
3724
4114
2609
4005
1449
2494
4315
2357
3593
4180
2794
845
1372
4611
1836
1122
4375
3906
2222
2998
4774
4242
4316
2621
1890
119
3031
1101
3433
2370
795
4730
4376
4834
3786
4490
4905
3068
1276
1451
1723
1462
3370
3885
4477
2723
4470
3467
4098
4428
2755
1588
2868
765
656
685
3471
723
1570
4578
4356
4948
176
878
2545
1256
4347
4956
109
1669
4142
1834
4210
4603
3054
2003
2594
1223
2209
2365
1442
773
4380
736
4296
1377
47
1732
4980
3003
3303
3768
4383
3098
3854
2456
3837
1605
3593
3198
1264
2206
982
2739
1144
1413
2778
319
264
2226
442
4050
3802
4607
4058
1117
398
1326
2362
3273
297
9
3050
2179
2642
3819
807
313
1007
3271
596
1153
2756
2331
3931
190
3265
3250
1408
4383
2435
141
4209
4173
857
3374
418
3112
3050
3292
2974
3218
2766
1740
4887
1140
1152
2214
4507
1132
648
149
3414
4408
2723
3474
2400
2467
2423
3204
4755
3541
369
2525
1864
2888
3020
4925
23
2087
4338
166
1507
2996
2155
1612
2974
660
361
835
3679
231
510
2472
2526
889
3825
2846
1863
1528
947
4061
4532
533
4948
2879
4198
1454
2053
1907
446
3635
2830
2939
3612
4788
2067
4893
836
3589
2411
1618
300
2965
4820
1680
49
2510
3639
2023
2526
4367
4851
4876
3301
3794
4649
1869
3451
2200
466
4626
1088
14
2126
796
3089
2223
3569
3899
1437
3553
776
3154
3061
1157
1047
3806
468
3497
656
2328
3028
727
3259
4406
922
2798
1109
2977
2539
976
2272
562
3616
987
53
2288
2891
1546
427
1212
1153
2527
90
1926
1649
2997
901
3059
2217
2185
4513
3054
3383
2376
1514
4831
2525
4816
3435
4931
1129
3282
2919
1279
301
1470
3862
853
2600
4030
3046
1539
1743
1724
4296
2181
3633
969
3082
3270
1822
2141
155
4856
4721
2942
1311
1980
2357
3538
4763
1891
1407
238
3185
4885
1192
1623
3320
1944
3998
380
4411
4702
3121
2975
2839
2839
1223
1063
1288
993
1110
1177
4506
146
4338
1572
911
4291
1290
4413
4258
4296
2979
3144
487
1343
3204
3855
891
2799
885
2672
3801
2040
1873
2993
900
2273
1233
4029
3684
925
1442
2251
1719
2210
4210
4343
1996
2707
340
1511
4908
4297
432
4804
2937
2945
1536
1001
3106
343
1618
3030
2229
2890
4585
3719
2927
95
3753
2917
2545
143
2889
803
79
3342
1248
3433
3482
3083
4162
1900
3388
2284
2434
1389
2863
1631
2430
2884
4932
2711
3866
4106
3296
2117
1427
1694
2651
910
1810
4343
3747
2633
507
1167
4779
958
1258
1245
4515
3747
4052
3685
2013
2214
344
1980
1677
1553
1791
2788
1306
2453
2298
119
3538
3090
522
3965
3264
2860
2843
4487
407
2583
737
1958
2674
2013
1628
4619
3910
2062
4791
361
2081
4310
2687
2707
1674
1334
1340
4214
3415
4866
947
1804
4894
863
1476
2302
2184
3722
1473
3973
3553
2806
1617
3714
3428
1435
3975
2380
4343
2925
2204
4104
2058
578
251
4549
2366
2765
593
1997
1782
316
2679
526
3857
4233
1633
492
3829
228
2314
1184
3328
1859
285
3378
1693
1913
4270
1684
4096
2391
4651
1078
4903
4888
925
2162
3101
286
1221
1356
1235
2240
1223
3459
1424
796
2225
4111
4207
3118
3492
2659
2596
4908
1782
4888
3178
2302
4736
91
3090
329
2573
393
4283
2515
284
3442
2530
4583
1337
4430
3328
3169
4825
3265
806
2630
1305
665
4969
4152
122
4043
2694
4952
3486
2363
2186
3295
2186
1859
4881
2207
1985
2713
3974
4169
4015
3177
3921
1675
2610
44
3089
3983
4883
4668
2071
368
3609
4862
4667
1242
325
3816
3853
3733
495
518
661
3545
594
814
3968
3994
1592
4545
4203
2745
2869
3716
1232
611
1206
2994
1991
2117
2892
406
173
4682
3849
3447
3426
3655
4649
1732
4131
1678
1849
2733
3492
4344
4443
1653
3215
2023
318
222
2657
1201
624
4714
4006
4935
3349
3358
1903
3821
1337
1224
3237
1328
3703
459
4641
3811
4151
908
4676
1108
1172
493
1510
2553
1098
1540
4534
1071
1756
4623
1140
222
1324
3203
2913
1179
1376
3137
2630
1973
2838
1998
3180
902
1948
4428
1651
1304
4184
1151
203
2359
4623
1887
4671
2175
489
2042
2265
561
3349
2187
2800
2793
1087
4859
817
141
1964
2476
884
1044
92
3858
128
3881
4011
1381
4886
2534
4521
4383
2817
1959
4015
612
3865
965
4452
1051
953
2053
3752
3913
4163
3361
4425
4586
1494
1364
1046
182
4985
4406
894
2235
3684
890
728
2089
2510
2416
4345
4831
3888
1099
1756
2363
2258
2001
2234
742
4854
898
4470
1564
1665
2976
3918
2387
3040
3428
3296
493
3174
2828
849
3777
1285
796
4626
4299
3009
4748
1599
4555
760
2595
2152
3318
1139
222
3788
4057
409
1889
844
620
3466
2300
28
3269
4293
1740
2528
3238
1489
2916
4485
4579
4980
4554
2047
1375
4407
2831
1130
915
1392
735
1795
4701
2701
1624
4168
1338
335
349
3379
532
641
4824
2400
4006
2112
3733
650
772
196
3791
4447
3462
1397
3257
3052
4488
4105
2928
3885
4020
1256
4923
2891
1959
3611
2435
2934
3444
877
4196
1812
520
3541
2153
2300
2717
2173
509
3871
1028
1668
1363
1462
4066
328
1714
4418
4793
956
741
3261
4723
249
4520
2947
1613
3099
3552
1642
3475
2643
2786
1302
1216
294
2202
385
1496
2507
4394
3611
2004
665
4483
2603
556
1301
2903
3409
2641
4970
2735
3244
3769
1470
1159
4342
4800
1553
4013
288
4939
655
4250
599
1107
282
4710
679
2918
1498
3028
2086
200
214
3757
4906
465
534
1879
2285
1982
814
4266
3954
2586
1002
3245
1327
317
4887
54
4873
2581
4917
3876
4987
4937
538
1912
4775
1995
4360
1960
4633
4516
2756
808
195
536
1475
2363
3550
694
1570
721
1785
2145
78
26
3882
2034
4499
3233
1143
3205
4084
955
3634
3902
4159
1791
868
1455
1057
2950
4535
1777
1232
3229
4196
3112
1124
4420
2867
1255
4315
976
3530
3978
2209
1567
4784
1942
630
3317
4009
2078
1068
1457
121
2783
1370
4181
856
1872
4412
2078
133
2377
3201
4055
3052
3211
184
4602
4301
1448
1621
1210
2514
4864
3708
3190
4136
2517
4993
2012
2302
993
491
1099
1496
4795
196
4237
2197
1957
4871
2911
4841
775
3516
4341
4648
4434
4675
510
135
1837
1540
1843
1418
625
3100
2400
273
4051
4464
3531
197
3114
170
4812
521
2978
2072
2343
2450
857
2502
1584
2623
3864
911
2772
2361
681
546
1101
1065
342
1980
4784
262
3408
804
1892
3866
4510
3471
565
68
2576
2920
250
1659
4920
2752
2922
2604
3276
2920
1975
2377
2379
1022
3704
1307
2289
4704
2135
713
259
260
2890
935
2423
108
2139
1809
3668
4266
1588
3459
3590
1357
2431
462
2868
4219
1828
3743
96
1730
285
1941
1320
3
4278
3642
1169
2021
1219
228
2802
4273
861
883
66
1135
4448
4772
3683
402
3207
2294
1444
1166
2121
4134
3424
3936
1866
1378
1090
4066
2472
4029
4295
4543
4830
1342
3236
878
647
3079
3627
4725
4210
2621
26
288
3686
3851
468
3910
2505
3492
2627
1604
2340
3320
4168
1279
4379
507
1816
4105
2915
516
1207
580
4420
1014
3160
2
2337
1863
3273
2815
3518
2790
2055
2942
1578
3952
4443
2027
812
3691
1136
2057
343
2636
4335
566
2165
1673
3279
3226
123
426
3870
3810
3438
2702
2808
978
3749
427
1921
2590
493
4693
4881
1657
3123
4591
135
4975
3379
2460
3016
414
4137
3449
290
2652
4421
3256
168
2120
4555
4133
3294
3189
383
3440
4304
1512
4900
2452
4230
2106
3610
4319
2062
2145
1170
2195
4729
4662
1386
103
4502
3756
525
1286
3395
1569
3964
3544
892
942
1959
1562
3880
196
1428
2830
3268
3917
3823
1340
3703
3900
3122
2463
2901
1970
4788
279
558
3315
3371
1537
4031
4041
2072
945
1768
2018
432
4728
4196
4267
3132
1856
3951
2735
2863
3304
1439
2931
3000
746
35
3392
4800
1674
2244
3765
909
2536
3861
3064
4845
2284
1550
147
2847
2541
1615
2036
1864
448
2677
424
3481
1990
1195
1881
1535
1042
4198
1452
1894
472
1250
2742
4106
2319
1587
2123
1378
4060
4727
3089
410
2273
2714
3275
1309
4767
435
4198
3606
4362
54
1504
4881
1675
1130
3150
865
4502
4920
1913
1142
1411
141
894
4304
2158
3040
1397
3781
651
4758
3427
2544
3300
800
3709
4283
3868
187
1689
2787
3164
178
4381
3221
2792
4793
3960
4117
2868
4226
360
1165
3722
2481
3898
3860
1580
671
4319
4945
390
4930
1126
1270
3766
1444
1034
3231
2154
3890
2029
3260
1220
4053
881
1228
1663
4579
499
2339
1655
4953
1253
4384
4769
2076
1923
2256
2839
3763
1947
2172
2191
1700
3760
4682
1843
3676
1787
2027
1886
1354
1625
1960
1526
1586
3334
4963
3905
4447
272
1743
4784
2455
1267
4256
3487
2095
510
568
506
4272
1760
4074
2128
2318
586
4062
2091
1955
678
660
4431
2286
628
764
2258
2754
3397
4267
2343
4183
3504
3939
4917
1666
4089
423
391
2331
439
3611
1079
2882
4599
2221
2745
4068
2174
1980
4211
3627
976
588
1645
4405
2938
3978
4547
4981
2038
4584
2262
4507
2084
2101
2310
3207
4057
4424
2515
1415
2420
1722
2175
4152
3315
3204
4723
4329
3168
4993
4719
3057
615
816
1340
3024
1151
3073
4948
4285
3949
1643
3306
900
290
3853
3837
3307
2449
405
1782
264
839
4075
1831
2972
4602
1075
513
90
3884
3050
4422
1730
3173
2295
3883
4494
182
1211
3931
3133
3964
1058
3460
135
1981
2258
3104
1407
3118
3336
4353
1930
1313
2942
4322
4142
3515
4708
4618
65
2600
1385
4163
1047
1700
3768
3143
2701
2518
4365
2512
4954
1035
357
115
3354
1084
2842
4591
1167
23
2525
4512
2111
2594
2207
3324
2995
3630
1483
880
3852
1051
1672
3815
2761
1930
1229
3557
803
2329
1344
2669
2775
2868
1630
2862
671
3383
4656
2776
2094
2876
1215
693
1731
3196
1273
1699
4640
2612
2776
154
2174
1716
2668
4588
2711
1571
856
953
243
4047
4687
3305
2161
143
1840
455
4998
327
4361
4351
706
2984
4465
1600
1963
695
2447
649
4830
95
347
526
3769
4582
3402
4990
2635
2389
1573
1272
3438
3582
2114
3944
2462
2702
1636
4107
3609
3027
2827
3899
79
1078
2312
194
4157
316
2419
3899
4081
4201
3074
441
313
4087
1689
3207
4266
923
4590
3328
1297
2239
1704
2606
3096
4078
1250
1433
339
525
3103
3086
2425
627
3865
1609
1301
2366
4190
41
2064
357
3616
3786
3350
3822
1808
1301
3530
1782
3765
1595
2209
2655
3809
2264
222
1566
1356
4571
2545
4990
1898
1244
4412
399
3439
554
3801
3757
4170
2102
2143
2537
4041
941
3361
3708
1791
2188
4993
3646
3981
1576
3679
3718
2295
4561
3918
4012
2259
3023
1886
3215
2866
2279
1855
1747
4160
1676
1643
1765
3955
2360
3933
2854
3564
3430
449
3346
3239
2747
3291
2442
2275
2586
3588
3408
3971
4332
3960
532
2341
501
349
1805
3974
1226
2931
3398
4318
2742
1258
4184
1114
2584
570
4513
3163
1937
919
887
4375
4492
3330
199
2786
4330
2821
1346
3420
4012
3583
782
1977
1267
1381
1508
2698
3584
3843
1851
4828
4208
2837
4353
2512
1289
1856
2912
4978
4236
363
2866
3072
3211
3138
1461
4162
1410
2976
993
2277
1217
1476
3448
3787
2390
1791
4810
2504
4035
3535
1439
2975
4810
4962
2892
1991
3178
832
25
140
1009
2920
113
4347
2044
4442
3735
4898
2636
29
3920
4587
3005
2998
1605
2149
1849
939
1227
41
1858
2949
3524
2960
2865
1004
4907
2656
2142
3636
4738
425
505
4198
578
269
531
750
4405
3485
3845
2597
569
3959
3716
2441
680
2495
2076
3976
2843
2343
924
1235
535
4654
4338
2374
2038
1107
1522
4864
4046
4865
4449
4269
1081
1729
4599
1279
2744
2167
1101
3310
3011
1397
4695
3525
1006
1472
3731
2780
4576
3321
2345
1328
2293
2954
1974
2661
705
1292
775
1041
1644
1922
815
1334
2672
1106
4675
997
3098
3486
3781
4326
35
1160
3973
4417
491
4436
4533
1696
921
138
2390
2803
4861
2005
1920
3682
3493
3237
3439
4253
2805
4134
645
3675
3789
1228
640
1885
1817
1564
1954
1834
809
3042
2516
1853
4021
541
3632
221
3046
2774
105
4200
4850
3439
447
2391
767
2401
3818
392
4177
3131
3105
4854
1938
352
2825
4871
1842
3005
1437
868
287
3897
4821
2911
59
748
978
353
2654
2332
3002
4982
1295
3766
4132
524
1018
2175
385
4623
3146
2053
1161
1279
4338
2742
1100
4339
3180
2075
3305
1379
2439
4676
1001
1001
1577
4272
4161
3979
4571
680
3176
1463
4276
4631
1512
1429
4487
4677
923
600
2996
4888
497
3756
1246
1392
437
1149
2531
3103
4248
1617
2461
1569
903
2289
896
670
4895
2871
4109
1470
15
4061
123
2084
2289
869
4903
3700
4130
1119
1814
2419
4314
1073
4715
1775
1009
3488
4066
1339
2854
3243
1413
2039
333
4098
3396
2128
3501
4535
524
3144
3550
4916
1956
2290
734
2680
3126
375
1304
501
2907
170
742
3251
3654
3537
2493
238
262
3407
3255
170
4890
1489
893
1864
4545
3933
2920
379
4260
1119
1548
323
1044
1970
4494
2817
3785
4176
1998
2165
351
3906
947
4353
667
1589
8
4104
1935
2159
1794
3071
4884
1410
754
3911
114
4804
4035
3189
1545
4261
4895
3691
4850
3058
1747
1167
2264
2517
2508
4508
2767
2717
1293
654
3677
4868
3367
2015
2295
3427
2355
3712
1644
282
3887
1637
3305
3576
3193
2829
369
3707
629
3532
3778
4689
1100
1401
355
3434
4772
1947
4358
3857
277
2887
3575
2725
3529
4021
3475
3502
4206
4464
2964
3299
279
3573
2262
1267
254
1357
683
178
599
4966
1664
855
3735
824
1365
1541
179
4251
788
3743
4255
715
245
3545
2391
1795
3349
3139
2839
4405
1315
2476
2406
1538
2479
2392
4187
1583
3098
4714
2335
2006
652
2275
4163
2443
3004
4128
4895
3314
3170
843
331
3689
103
2082
4522
1951
761
1723
2791
1221
4966
3333
3509
3842
3183
4385
3492
2338
4746
4175
339
1940
4222
706
877
4170
4912
4532
3300
4878
4424
4262
1641
4037
4656
3409
1490
3685
1260
1118
1744
512
3519
1205
3104
2721
1386
4272
4448
2164
2061
321
4353
4047
2265
3156
4131
4506
1314
3215
3323
3292
2795
1274
751
2050
4238
4404
893
2871
1685
4346
2671
1920
4083
1250
1939
2908
4715
4045
2132
1221
586
728
2606
2999
542
4081
2410
1765
1616
3090
2820
2288
3612
4859
2862
1307
3507
3733
1695
3013
1381
1225
4153
1309
1687
830
4650
4309
356
562
235
956
1822
3122
2691
1459
3743
2621
1215
4447
3644
368
1207
1665
990
2629
973
3190
2376
3301
3749
280
2833
3295
3028
1792
3215
566
4762
3745
1876
1290
1267
4047
3075
683
4018
345
3396
2031
2510
968
3111
2269
2383
4343
2067
2229
2275
2323
3742
4390
4542
1891
3991
3507
3868
1751
761
2559
62
559
3989
2911
3335
2825
4685
3991
2513
4158
1605
4133
2872
986
4409
3444
3968
4833
1467
2892
3504
1892
895
520
1233
2823
2370
3057
2486
96
4919
974
834
1338
686
4740
4013
334
3142
3386
3165
4606
895
2494
3847
4027
398
3052
4842
2500
3362
2342
3052
4722
4743
135
4302
2660
3958
3412
1699
4700
2065
2654
4054
139
687
4547
1971
3425
1105
1902
4653
2513
2758
2642
552
2408
4263
3053
2540
4439
3495
3122
2336
2936
1655
196
2150
3256
1988
1426
2500
4569
3309
1662
2696
2543
3192
3341
3916
2151
1072
2355
104
4285
2414
2480
2734
709
3144
3575
2300
4301
3377
2958
2309
1997
2495
2905
1295
2122
1480
2098
3497
2904
344
1306
3656
3614
4558
1814
4405
1457
3484
1890
3844
3709
709
3943
159
2114
1972
4000
2492
1175
4894
4709
4833
2400
1478
3018
4896
1990
4977
570
4004
3403
4887
3213
3334
945
2232
4865
2541
2507
391
4342
4843
4249
4137
3895
3207
2085
4921
945
4960
2395
3051
2475
3365
1023
4416
2317
4398
375
4673
1229
1757
4229
3316
4168
2294
1712
2646
2957
2607
3231
6
2922
4486
1138
3881
3620
302
3815
4539
662
1716
4373
2150
1185
4378
248
4220
2626
1580
3597
157
3359
4209
1275
1888
2133
675
4693
4905
773
432
510
919
127
1141
2355
1581
2784
4248
85
2425
4346
71
2654
3467
293
4167
4250
3824
4514
1244
1929
3871
1898
2086
4873
1290
1046
2055
4598
1891
2959
2408
2290
3807
2295
1057
3829
705
2051
1946
3594
3638
2849
14
4997
4487
1982
2469
2393
2853
223
1719
4738
456
269
3073
4128
1264
2361
3040
2942
1720
1168
4413
4639
1883
1160
1184
492
207
4489
2186
2534
513
4376
13
4865
4536
1747
934
1363
4808
3775
1163
2959
3237
4712
432
3537
3372
4047
2092
2485
799
2479
2013
1658
1962
2944
4224
2297
3921
637
4394
872
3307
1981
2349
58
3185
4876
4170
2415
1590
2708
3806
3352
487
4837
3990
3847
4604
3671
4835
4799
1750
766
1083
2386
1930
3010
4445
1267
4851
1611
4491
736
191
1305
535
616
2831
2318
2339
369
2016
2731
466
401
3990
2750
1011
490
2393
3838
3454
3499
777
107
1546
4020
426
2149
1626
1528
2004
885
1785
3818
992
1737
2888
2885
4481
1006
1006
1975
1385
1012
1028
156
2610
2631
4105
1912
4693
1081
2118
612
1233
3773
522
3983
4400
2141
3491
2750
1046
3217
3667
2812
3625
2510
4804
4099
209
3803
2700
2067
788
3681
3604
2962
1821
2904
4413
811
4339
2838
2282
4791
53
3634
2189
4221
4543
1105
4371
2084
551
3513
629
3843
4174
2891
4358
992
3487
1885
70
4961
2056
4084
1115
2165
371
895
657
121
1036
3450
3836
3442
2461
4447
3665
2376
2948
4170
3038
4049
675
316
627
2535
2999
4393
320
3735
2112
96
371
1235
4979
3361
4631
3904
1421
4924
824
4798
3122
1092
727
910
3830
3773
2181
209
1166
303
839
3624
2620
4534
1876
3202
214
4866
2367
8
3761
3090
2337
2736
4908
2730
4534
3958
674
4044
4192
3722
915
2574
607
1279
3946
508
3929
750
2620
2882
2350
3313
4027
1516
2446
2122
4625
3269
1245
772
1509
1249
2295
573
2893
1102
4984
4773
4330
3424
2008
3013
1658
622
655
2969
181
3306
2903
4460
1575
4428
1013
4117
76
4767
4916
1192
2608
3440
1478
2530
4889
3991
1794
2371
305
4828
4837
3396
1166
3444
3724
3042
3286
2237
2308
1695
4151
2104
2025
3436
4058
791
144
3420
1745
4559
4961
3245
2674
2106
4849
1442
2161
3520
1234
1122
3293
2179
4065
3268
4416
1074
1686
718
3351
1782
3124
2018
4074
3743
3959
2322
3639
1582
4575
3526
2159
2302
658
525
4948
4822
3895
497
1922
306
253
3428
3198
832
2748
1898
519
4606
3909
2381
3770
3441
2336
1516
1472
2271
1700
3636
856
3765
1033
2690
4751
4972
2823
1175
4153
1909
4613
4703
2415
574
1084
1144
389
1697
1058
3117
4777
1612
1752
946
1345
2104
4002
2856
1608
3952
4694
299
129
2716
402
2424
2835
3032
2425
1987
3069
3929
4841
2943
1355
3016
3469
3996
1857
4952
1696
3372
67
2686
4557
3799
891
4939
293
4131
606
1257
669
3622
2426
2344
2498
4053
2762
2197
1834
3577
2637
1410
1542
3369
2940
4038
904
2071
3584
3168
1397
1903
934
249
1754
3704
3470
485
1749
99
136
3695
1979
2155
477
3785
4614
2530
1510
1015
3081
3904
4300
1602
2840
1864
4317
1765
3647
894
4986
4946
924
4006
2898
4503
3993
3362
447
1609
44
4653
4709
375
2121
2854
4848
4527
3552
4792
159
3161
1042
132
3433
1826
3471
2473
2464
2684
2341
2490
435
4394
3881
1200
1496
691
1700
1192
3679
2398
2477
3114
2889
4016
4556
1040
3049
4248
2575
2101
4581
2573
3403
25
729
856
490
4539
1080
2929
4373
87
2221
2330
1809
32
3551
44
1667
4392
2502
96
2689
2505
1300
2445
4764
90
1552
2014
535
1085
4827
4358
3314
3222
2452
454
3964
2027
97
3183
458
647
3244
2269
1845
2020
2261
4728
1219
981
2135
3618
4222
4959
3954
1912
4099
3986
3696
791
1305
4071
769
2086
1108
2586
2394
2763
4938
3133
4378
1490
114
4487
4380
301
4378
4872
3672
2232
185
3210
2824
2446
2491
2126
507
1659
1084
3579
1411
3697
3457
2531
1505
493
3024
4468
249
1011
427
2204
1082
4055
3441
832
194
231
11
3757
1067
1069
2283
4054
3646
576
3869
2515
2704
4292
3274
4405
3509
1429
4646
4787
341
1388
3729
2619
158
4422
1742
4026
1333
3268
2711
3370
1790
3176
4412
3098
3052
3123
2536
338
4406
3700
3043
103
1307
571
3679
3717
3764
2457
2361
728
2983
1978
44
1884
2440
1838
98
2073
2150
618
3758
3801
3622
1201
4604
206
339
4258
1786
4188
3741
2202
4567
1305
2000
4923
3857
4948
4764
1118
2348
2246
9
479
2209
699
2012
4400
314
2110
1303
1330
4088
4528
4883
2501
3851
4317
3479
4363
4463
1584
902
3651
4438
1599
145
4672
4088
2132
4128
1310
2800
2538
1935
1609
3403
2646
185
481
4504
3687
3655
186
1199
35
4025
198
4956
3311
3130
4986
3452
3142
782
64
4248
1425
4260
4886
1558
2587
981
287
3185
3141
4810
376
716
2467
831
603
3438
2861
4623
422
4826
4606
165
847
3430
3343
3536
3369
3778
626
2810
4021
3423
4415
1227
369
3159
311
1549
661
2448
2953
4315
1127
2150
1707
2851
646
3107
1099
3731
3582
3450
2675
1530
4275
1623
2601
268
1861
4185
114
29
3258
4150
128
3828
4019
4549
4561
3195
2782
4743
3880
2913
476
4165
4904
4091
2607
472
1638
2533
282
2891
4706
4153
4085
405
4273
453
302
2639
3153
270
3249
2019
3917
1686
1325
1521
3093
3937
4715
533
1564
766
2248
3954
4582
125
3073
2261
1844
4053
404
2997
2854
3760
2715
4572
375
3767
4676
255
330
3636
3639
260
506
960
3021
1180
569
1587
3366
1878
4396
269
2442
4758
4647
1138
4589
698
4195
279
8
2029
2888
2137
4661
1458
2600
3573
269
4733
3498
3513
4088
375
1377
1787
3212
648
1442
3837
1903
1862
55
268
3329
1611
702
2757
4427
2371
2789
282
3721
4307
1991
3453
475
1998
3569
1124
746
4714
3554
4133
1235
3847
882
2424
4034
1479
4723
3739
3871
1098
2076
3417
139
3151
493
955
1144
2303
1455
1390
503
2368
4071
1709
4612
991
4083
46
1039
1636
3410
4860
4185
484
4377
2458
3763
3892
4526
2165
2713
375
4465
3635
3936
3868
4341
2136
1365
3774
1062
2788
1543
6
4578
4673
2890
774
913
3751
264
4341
674
4449
1128
2422
4454
2455
4314
607
3348
241
328
3315
1238
217
3791
4397
1053
940
1995
2334
2327
770
1799
2688
224
2067
1785
4090
3571
4654
1259
2130
270
4488
3873
417
1870
3752
4986
223
4630
360
4991
2553
2779
2213
4386
2263
4700
4091
4624
4500
3962
4026
150
4877
349
3135
2220
4487
2345
1065
180
3782
3973
1314
4333
4297
1450
4587
1864
2086
2301
917
4543
534
4405
3552
4310
4473
4093
1976
1896
1781
571
1149
2508
3920
3650
3918
1806
4046
1469
2392
387
2055
3404
3737
3390
2781
821
3011
4112
2375
4266
3519
3584
563
2758
1788
4516
820
524
3053
2618
3287
186
1940
3917
2588
1784
3878
4912
4985
919
401
373
3857
2604
1856
3905
4526
3633
1548
4946
4566
1100
2435
4908
2598
1488
1484
2465
3710
1567
2412
4299
4230
2189
2485
4389
4009
23
622
1250
3111
3066
4342
2489
2533
2078
3875
2046
17
4136
374
184
1333
361
3212
3048
887
1096
2410
3832
4853
3729
3573
299
1838
4634
418
252
1576
2236
4060
4461
3379
483
484
4618
4839
4820
1384
4138
4318
3984
4289
2695
618
4503
865
3305
2831
3916
1411
2654
2143
2876
2431
361
1157
260
2297
4072
337
1706
616
4404
3851
2008
2081
2191
2294
2769
1737
48
948
2284
3707
4549
1665
3820
2530
1640
4328
2640
2141
3557
364
2157
3661
97
1200
2307
1338
3862
1916
1596
4680
2783
2112
2289
1589
4715
3294
4035
3863
1993
2940
2564
1512
3197
3797
612
4185
2168
3953
570
1117
3871
1647
4082
1958
1328
3669
1143
4324
4042
3623
2430
62
704
3995
401
3656
3074
1156
1234
1596
1802
1688
832
3684
4566
2421
260
4833
173
1523
4146
62
3590
3620
2949
137
3717
4353
1851
2690
47
3751
4805
4921
2157
753
676
3973
2482
551
2398
4247
1357
2087
174
2375
1331
2090
4150
2711
501
1757
534
2406
1446
1149
2056
2563
4234
1722
2028
1095
4643
3560
4472
2926
61
3208
3685
1550
1183
1809
1582
2483
195
4577
4223
245
3727
4658
128
3554
3153
881
4103
4469
2153
1650
3052
51
4479
4047
2436
261
2852
1772
1235
2582
3199
3298
1237
511
1961
4918
3617
2608
2065
639
325
3204
2107
3629
443
3949
3244
4972
223
4448
4417
3645
3059
2391
938
3559
4965
4100
1391
1340
198
3169
3117
2945
4520
3034
2344
22
4607
3839
3510
1191
2852
4075
1445
1451
4868
3565
777
637
1790
3080
1265
454
2812
644
2487
15
1258
4955
4178
4592
134
4584
2121
4374
1022
1581
1668
595
3491
1013
1243
413
4345
41
4367
3633
2450
2981
2717
3195
4248
3200
17
1141
3467
2166
4733
1162
3434
1835
2746
2404
3842
3678
1295
3088
748
2859
1176
2029
2723
2904
943
2835
2295
3484
3013
402
3261
4897
628
2856
738
2171
2345
36
611
3266
511
3368
304
601
1557
2490
2457
785
3452
3673
1077
754
950
1844
140
2889
652
3504
1883
3441
1154
630
2540
1053
178
1105
1186
4165
3224
2025
3225
178
4920
4062
2207
878
843
401
4520
3222
2560
1189
2696
2319
4725
2029
1308
2066
3229
883
3226
2099
4245
2705
1080
3150
597
3903
942
2413
618
1307
2497
878
4634
2323
685
3622
4845
3215
38
2826
1077
865
650
4865
3736
4074
4780
3586
684
1562
3364
1155
2539
3490
1188
4597
3487
4604
3554
2010
1446
1120
2113
1441
2647
3699
953
1745
2523
3841
2671
2139
208
554
99
2065
2215
1045
946
77
4165
4362
1238
3321
2490
136
2619
2283
731
4545
4826
1689
1362
1234
1477
2851
4114
4502
1062
2287
1965
851
3707
3048
3265
2476
2388
3691
2437
4084
555
553
4392
60
593
4694
3232
3057
3439
629
625
3814
3018
2234
4903
3631
3979
1732
4693
3022
739
813
4397
966
2425
729
225
990
2610
3221
504
4634
4252
42
4406
4536
295
4292
1830
4120
2933
3618
3116
4814
2352
456
3768
3908
3379
294
2760
2299
4397
4852
4805
2116
2732
2299
947
4964
2385
2878
3189
4973
2305
3401
3962
3625
1545
2638
1056
3014
3210
2383
2331
2150
3908
4607
4075
719
2820
1049
1558
4526
4517
4256
3613
3268
1640
4491
1971
3703
3975
3589
2862
4536
3715
2663
556
3701
4391
1913
411
872
507
4941
3414
4433
4401
1257
3650
3173
3846
1848
2646
3844
1503
3155
2493
2568
3342
4365
3178
3249
4606
759
652
4790
4061
500
3513
3075
114
4369
111
3212
3496
1038
731
269
435
1569
2973
1700
3707
4210
1010
3086
4200
2746
4660
582
4327
1824
4995
1926
1441
4722
882
2492
2599
540
681
1896
1854
4686
1547
3524
684
4783
1924
4281
2732
3816
1357
4648
2664
3137
1931
285
2480
2038
636
2427
3340
2562
4327
4200
2112
2003
3722
4893
4259
3809
1119
3864
379
202
3298
1806
478
1454
3332
2390
908
3271
4176
4741
684
4475
2978
934
735
703
1455
2626
1491
4561
1294
4329
3374
2203
407
2944
1229
2638
2886
3728
3500
2267
1029
746
1812
316
468
2927
3988
563
4805
2375
744
1050
3825
343
2961
1225
2648
3
2917
41
1804
2731
1607
3812
3947
4761
2806
1460
2526
348
3735
2708
4739
2503
3403
4633
3681
1964
532
1171
642
4432
1938
2206
1449
10
2375
2633
4292
115
2939
3937
3788
2682
1712
2576
1677
1202
4413
2839
3308
151
1295
926
4401
3102
47
3052
2088
1977
2096
449
3229
3926
65
3626
2868
1162
3765
513
2054
858
3471
4252
2780
3693
4975
1827
1359
2949
4518
1992
2082
3841
3614
4219
4709
2062
2351
1998
2358
721
1486
4330
2357
1559
591
4214
431
2243
1455
3523
4788
3963
4369
4819
3662
1083
4636
2776
2403
3967
4211
1064
2619
874
461
742
3124
1299
1921
1984
1654
2349
78
464
3939
2910
913
4157
1324
1152
1913
3088
3176
1528
3118
437
66
3648
4041
1473
3487
4455
4006
2809
4825
696
1228
3582
3840
3080
828
3922
4551
155
3147
4077
4985
4070
2794
4418
2168
4056
341
2033
4292
1199
570
2360
1077
4021
4903
105
2385
3331
3777
4514
769
3004
2632
2529
3882
720
1329
935
4837
1852
1083
3251
364
699
4165
553
3039
368
3617
3640
1630
3736
1321
4876
2116
615
2504
4481
1631
3502
1913
3187
3329
1705
3702
1356
249
4410
1486
468
164
3406
3352
2626
899
2440
4203
2250
4593
2161
3562
1487
88
1042
4657
3695
3591
641
2102
3815
3062
1125
1769
3541
322
2240
1028
4736
700
1823
84
3476
4484
2631
3523
1491
1708
2555
607
440
4636
4988
597
567
797
4729
1006
2181
1431
570
4025
2507
4279
4033
2084
592
1587
4984
4926
3605
2370
1394
4259
2866
4939
671
4066
3902
2523
2806
3410
3702
3967
888
4979
2878
3345
4980
2653
2188
4813
2270
2607
3532
437
328
3222
4496
1541
513
940
3994
4874
1736
754
2623
2420
1503
4165
1505
1746
3191
2436
4823
497
1475
204
3239
2330
2175
3756
4426
4825
3473
3129
3380
791
3375
3387
2801
3641
4275
2453
1356
1202
4461
2920
1460
3122
4579
2304
2919
3735
1498
1412
1259
2590
2514
2072
4711
2682
1947
4681
337
2856
2443
261
3427
2102
49
1441
1497
4852
323
324
4306
4328
4385
4099
381
2655
4571
1361
2530
4847
4027
402
519
2704
4090
3328
4242
3994
774
1303
3188
3004
4414
2678
1489
4670
2585
4453
4954
4351
4609
2005
3235
3642
2860
1193
4813
3836
4586
1534
564
3669
4144
1495
3417
3805
2512
3275
3082
3691
3381
909
4451
3849
3194
4505
3240
2234
484
876
3852
1373
586
486
1708
245
4928
1889
2745
3337
61
949
2275
4945
3741
3585
3236
553
1521
925
4129
1048
1599
2161
1
133
1199
2580
2587
4388
3448
3353
4989
268
4402
4573
3911
2925
3970
1784
4005
2710
3567
3311
506
4886
654
1605
2076
3795
3698
2518
4137
3801
2686
670
1123
3399
1092
4404
860
4315
2351
3386
3258
1224
1902
1518
4413
1834
4442
2386
2441
4436
2082
4945
283
1000
3587
3879
3746
1016
1901
2662
3762
1468
4025
2573
3804
1445
1526
1939
728
747
4916
4743
3310
3052
3594
12
1432
1772
3584
1142
899
1285
1507
1549
2009
3857
1741
3603
4799
692
3889
4588
2628
3029
4371
1127
1577
4244
3727
3291
817
1977
4436
336
4526
2630
4286
2263
2098
1549
2168
3231
1901
4023
757
4398
4322
3970
2148
2112
1622
287
504
3351
4751
4417
559
2482
4471
959
4687
787
3001
69
2808
2000
2237
111
2850
2265
158
1570
4498
939
4667
1548
3005
3335
2332
2269
1607
1445
4597
2597
1829
2567
288
2704
2910
1641
2283
2326
677
2501
2246
4378
1244
1017
4
2221
1300
1611
2954
1728
1277
1557
4529
2960
2478
2230
856
4231
2416
3454
1425
1186
3578
3819
1373
2156
863
4748
3326
4000
1588
2313
2062
1134
3370
1813
4967
253
4022
3232
1839
4213
2090
1097
3589
921
1324
2928
3801
445
887
654
3464
3892
4392
3934
3705
4290
1874
2717
1202
1425
2602
3392
4618
4722
4879
1645
401
1212
2771
1115
4915
3101
4722
2689
2021
386
2027
2243
821
4919
4103
851
2798
1418
717
4563
669
2866
312
4118
1393
4440
1216
1270
55
3936
2945
1962
1332
2975
2979
691
3840
1901
4359
1544
1208
4339
439
1793
4778
220
2404
271
3926
3493
4651
3506
4731
3818
11
251
4308
3315
4259
2979
3241
1707
4597
709
4146
1618
2895
4531
4106
3567
2301
1503
4976
2933
720
71
280
2748
1979
4680
3631
1813
2902
402
2874
1808
4411
2803
1373
4979
1034
644
302
3769
35
2113
724
2578
3960
1564
1162
2993
2734
1878
4685
2572
1233
2613
4788
2080
2510
976
772
3231
2813
4268
3187
3599
2837
2010
3530
271
507
4093
4664
299
3372
3061
4060
4386
1092
509
1228
2503
4274
90
2614
3269
1034
2303
1365
1614
2966
1686
2215
936
839
4707
1902
1850
3584
1465
3771
4992
723
2559
2114
3439
2152
536
3904
4069
3161
3996
3533
1169
4876
1653
3448
3599
3318
1837
382
1334
1448
4110
1500
3906
4399
4149
2892
1654
3625
4698
2222
2318
2124
3266
1326
4715
1054
1028
923
1261
191
2524
1658
531
790
4207
4881
342
2277
180
630
96
2605
2640
3432
757
4921
2654
2464
4731
3226
34
3293
4228
3659
1186
675
1024
4490
2089
4210
929
747
2426
362
30
1013
4440
4411
4714
481
3242
2388
1047
1494
4246
4011
4548
4825
4603
682
1045
552
4187
989
2034
2200
1954
2563
92
2143
2406
3165
1566
771
4332
4950
2044
4336
1462
4704
2395
1652
4382
3161
253
1693
3879
2657
3329
4893
2063
4985
2949
2052
1309
2689
1148
292
70
1307
4262
230
364
1836
190
4222
3670
2875
4179
1662
770
568
216
4797
4398
4352
4285
3538
1863
161
2582
1317
3585
858
4947
728
1557
962
1336
4992
1538
4251
3943
4584
3203
4601
4265
2263
2589
2357
2126
434
1042
1701
4058
2764
4957
2137
1055
4763
2449
1710
2449
3688
1067
1293
1449
3777
2424
584
4947
2332
2635
422
1260
4257
4966
270
504
511
2563
2330
4292
2757
1298
565
3295
4032
3347
401
1730
2778
526
4911
1256
3199
237
1839
4433
2435
3706
3034
409
382
1974
1610
2536
1618
4923
1843
3396
4939
1465
4563
4078
2108
236
946
3176
209
2300
442
2311
702
1273
1738
1360
4466
1630
1052
3047
794
4546
3104
1145
5000
4325
2282
4059
4627
1889
4154
2593
3985
2128
2606
14
2455
1923
3959
1804
3919
4978
4461
1501
2685
2509
382
701
607
3844
535
106
1396
1839
1745
1464
2114
3270
4565
1314
4993
152
3242
4425
4961
3725
2231
3603
874
2152
390
2023
2226
4654
1050
3465
1078
547
938
3203
1200
2422
4839
4205
4316
4906
3543
1103
60
4725
3144
2733
1352
4853
4188
219
2300
1833
1473
4166
3820
3182
2018
4425
4094
1599
950
2098
4521
1670
2308
2652
2702
2160
3833
1562
142
2999
3476
2178
697
2500
3251
3557
3102
470
3188
4261
3168
1396
3863
4957
4033
4995
3160
2567
2414
1165
1583
971
1049
3905
2411
4654
636
1735
4022
1425
4875
3580
4840
4641
447
335
4359
1647
3319
185
41
1612
3159
1847
4243
1566
545
2076
3185
3670
1143
183
4394
742
4025
2771
220
4668
3804
1000
2473
3591
1892
1039
2165
4665
1641
885
1770
832
1889
4545
619
2590
1711
4710
3779
3459
2107
1221
3363
2542
4966
1675
51
2049
2198
745
2981
1398
406
1719
479
4014
4498
281
416
1938
1566
3838
3173
2156
4604
4148
3391
1338
4205
7
4402
2872
943
4320
1144
4645
1911
4808
1221
1459
2909
3348
824
3157
3588
2757
4841
1248
1382
3877
2515
4123
2641
2067
2642
2984
2851
1411
4550
4905
888
920
3650
4477
3376
2069
4642
929
3829
746
4919
28
4668
2119
2545
4590
3360
1511
500
3591
1849
1610
769
4452
4469
4078
2025
960
2194
1670
2342
4967
4550
2837
3283
2782
2848
2540
4526
376
1649
3718
1295
4405
2446
4712
682
5000
4036
1624
2148
3760
4181
4670
2069
2536
4275
1814
1951
4386
1257
561
4863
4635
179
1655
459
4627
2919
2372
2454
1622
1374
2348
610
4520
3085
2392
3046
1179
2218
2218
909
2093
1200
4704
3411
1910
4110
2451
2338
3905
2318
4590
2448
34
1547
1769
464
2027
2477
740
474
330
189
2112
3155
1870
3635
514
3486
4807
1211
708
1540
2325
3301
926
2239
1499
1083
3574
478
3774
363
986
4264
3955
3665
1634
1409
4405
3772
4303
4467
2098
222
3207
2527
913
2404
3231
3352
542
656
1115
3610
456
2098
4711
2418
2565
4574
2273
2350
2513
780
3672
2514
2511
3326
3227
3196
3429
654
4783
4035
2280
1583
3630
1760
3089
1308
1179
1442
558
2756
313
271
2118
1813
3048
1562
1773
1637
1857
2440
4054
2731
4179
2953
3139
3882
2468
3837
3261
58
3879
3629
2725
3778
1408
4251
908
4978
2769
2636
2614
4805
4714
2567
2805
3996
593
4341
2402
2847
1071
4327
556
2674
413
3420
3336
803
4395
2814
3368
3603
4456
4826
2033
3637
1379
1952
3081
1236
2880
4974
1048
2496
4472
2361
451
336
4074
2091
1120
4107
154
4238
2630
2598
3894
4575
1879
1827
3573
4189
3808
247
1128
2166
2025
1698
3588
4891
4998
267
2149
4761
1151
882
3588
2067
325
3128
1550
2281
2551
2918
3464
1575
3419
4838
1849
4901
4658
3483
3307
617
2444
1538
3233
4928
582
1351
2208
2807
2225
2863
4066
1766
846
3039
4807
2766
2250
606
4088
2993
4882
2612
2580
1745
3131
61
2149
4539
3513
2994
3470
2454
4333
632
4203
334
290
2962
4794
2360
4607
973
4193
2035
3437
385
235
1496
567
1246
2285
1428
1541
1749
4916
4583
3925
344
1120
1285
4488
686
3979
1169
667
4372
3951
3473
2793
1613
4218
3533
578
245
4509
2551
2116
3045
3589
3387
3129
3881
202
1507
3108
4636
5
3119
4666
721
1522
4605
3929
771
2715
1848
3348
1048
3173
2859
4878
2127
2780
1627
4264
2549
1152
2502
1606
1314
3011
3415
421
1983
654
2585
2780
2924
4759
603
3110
4879
1308
3552
4962
3343
2608
2299
4924
4859
2344
135
2617
1622
482
2365
1381
835
3199
2441
4608
4159
178
2171
1051
2633
1930
1460
1803
4327
3184
2902
1275
1733
271
4167
638
4096
4955
1209
4853
3223
3771
2992
771
3837
4800
1520
4212
315
1881
2142
2545
170
1316
295
1071
4418
4304
208
2734
3718
3430
3400
484
1543
1877
232
1711
3544
4505
689
3568
1259
3028
1991
699
4336
2474
4132
390
235
2608
3479
455
899
2972
4287
2930
3139
4576
3215
1276
4365
2657
3376
278
2062
2792
301
4324
120
1177
3284
4502
4086
3449
4240
875
1308
2215
4914
1739
2717
32
1431
177
992
251
3051
1736
1740
726
436
2177
3138
2140
2442
1451
3689
2142
2537
1501
3127
3519
4806
4020
2824
2440
3141
4827
4091
4631
3161
1057
1223
1861
3881
2849
2616
614
1221
3559
1615
3137
4538
3532
4606
1334
2451
994
157
3485
2125
4673
2658
1633
674
15
4447
2176
3557
1297
877
3510
4637
2834
4891
4322
2975
4155
4520
213
151
2303
1994
3059
298
458
4979
3160
514
4799
2300
1063
3035
3951
3283
3843
2855
2664
2995
2191
1539
2998
307
670
2548
955
2417
1801
158
3409
1358
2541
919
465
3290
2671
2932
1058
995
3839
2150
1966
2212
1865
2216
3576
3782
357
1826
780
2609
2979
1799
810
809
4468
812
1337
319
499
3114
721
1385
2263
3513
3239
3306
4859
868
4991
73
2628
2203
4800
3488
738
813
595
4251
1432
1280
471
168
1844
568
1721
1906
4762
3234
4280
1723
3300
1572
2820
2969
2988
4493
2938
4645
1763
364
3327
3991
985
3072
515
1461
3686
3122
4640
4385
62
160
269
1371
2841
12
2331
1654
4406
874
1821
3776
3851
4693
2682
3679
559
3838
2999
4176
3111
2398
135
3607
3921
2108
3781
2438
3883
2922
1356
3721
2425
2572
3889
2093
1101
1168
4988
2765
449
1995
92
3730
4529
4676
1036
3305
4931
3407
1895
2279
2740
521
3074
2732
1999
1258
3991
615
4813
2658
673
3653
973
2422
1389
2215
3819
3692
3849
3582
2017
4290
352
930
1566
1591
120
1197
2567
2040
1751
936
305
4658
1608
1321
5
4406
3631
3844
1076
4312
1148
536
1248
4681
1052
1693
367
2905
2163
1010
3351
1120
591
2301
2857
657
1341
3532
468
4884
2891
1075
3812
3880
163
1757
1050
1637
2885
244
2258
4307
2524
4249
2705
3088
1071
3417
3448
3159
4024
357
4032
1220
1010
1108
4936
4808
3289
3493
1048
950
2024
866
3357
3036
1518
1195
3998
670
2609
1272
1164
3325
261
981
1913
1428
4565
1046
2405
3451
3013
304
669
2999
2770
3832
3524
822
330
3830
1635
2672
1642
1767
2433
2893
861
405
3651
4529
2149
913
3753
33
4318
1091
3596
1625
2330
2020
149
1460
3571
4464
419
2521
464
2665
3536
954
602
1524
1077
2046
733
688
4066
983
2753
4828
3316
246
2280
4423
2207
1022
2396
4994
1648
4979
774
872
2367
4770
3353
2917
1540
1466
1931
3018
3924
4606
2608
3110
2969
4795
2786
467
3080
1947
4526
984
2143
4000
1968
2970
2913
3618
4598
518
3663
4582
1303
1725
1600
855
1004
1925
632
871
4416
860
2544
315
902
189
4373
3496
363
1586
2473
3260
1412
4265
459
4280
3498
128
4323
707
3797
231
1762
3718
2747
2196
2512
3547
4697
1314
2498
1629
2104
4505
4291
2230
4176
2535
1747
725
172
4911
3356
859
1988
582
3372
286
2569
2598
4480
2156
231
4988
1085
1828
3442
4256
736
2822
4609
3281
3899
2975
3545
973
4222
2705
4497
3185
2824
4222
2243
2586
1611
496
1140
3705
4450
3165
3438
727
2363
2372
2789
3530
301
1643
3033
496
3610
1418
468
1457
2329
1128
4103
1995
1744
4776
3927
100
565
3710
422
2249
3718
3277
2795
866
4367
4461
2179
4930
2626
2188
4075
3583
3751
4030
1941
1309
4064
1790
979
1569
4684
4149
4467
3219
3551
2802
4691
2012
3804
186
4660
3733
4713
671
4572
3450
4752
4716
2640
3722
148
416
3250
823
3604
2639
3920
359
1932
814
1471
745
2391
2612
1467
2112
4682
170
4097
3011
3492
82
3474
4153
2964
974
4981
785
1888
2160
1633
3505
926
192
3183
3259
4381
1695
4258
2817
3610
177
1772
1086
932
2483
2750
1573
359
738
1657
361
3983
3996
3513
4091
2559
4820
2412
1360
2354
416
3325
1719
4093
2891
2626
106
207
1528
3639
1779
1214
401
3041
2995
1712
250
4118
772
4986
2663
466
3570
2508
574
891
827
3939
591
42
2590
949
2647
1000
339
1458
1485
813
3292
580
4965
3603
2061
282
91
4417
2935
3666
2926
924
1729
1076
4241
970
3512
3030
4801
4593
399
2254
2790
3752
4553
324
2796
57
1815
4326
1789
2102
4864
295
2012
2494
2986
2045
1113
1772
2377
1112
4447
1445
4549
1699
1688
3545
3892
1013
3573
3694
4947
4167
920
562
299
739
245
86
4702
1978
1824
2012
2555
463
2969
285
3494
891
4976
896
2887
3822
1099
2676
1075
4520
932
333
697
4000
161
3226
2494
3116
468
64
1591
3246
1830
4512
3921
65
4066
2142
1994
4120
1176
586
1451
3912
584
925
3892
4627
3998
4962
4259
2530
1254
2183
3982
1555
3970
3561
3532
4758
2250
2598
3788
3606
1032
736
253
563
1930
2742
2456
4264
955
4111
1909
1226
3602
2196
3359
4140
4002
2622
4224
1770
212
753
203
1061
2696
3872
4471
4421
2213
1401
3739
4536
2145
4119
2937
1966
101
3869
4559
1128
2100
3926
2700
2960
4918
158
1473
1279
2547
2736
585
45
2807
1184
2772
1973
3834
2008
487
2002
1114
1708
1513
1049
4729
961
1518
2671
1450
2526
2227
4176
4321
3339
917
3905
84
2515
3603
4888
3342
2500
1776
4132
3006
399
863
3846
4032
4367
1621
2520
2903
4078
3514
1877
4567
2771
2485
1255
25
978
4665
883
65
4330
1985
3563
3778
3272
2630
1776
1978
2846
2491
2457
1340
1360
4240
1265
4916
3859
2778
344
3477
4920
1925
1697
510
3502
3093
3716
4478
1715
522
3710
4971
3785
942
1315
937
1525
4826
4096
4159
3029
4836
1756
4135
310
2765
4879
610
4789
1128
2582
1512
3301
1605
2113
2399
520
1137
1731
418
2011
1692
3025
4246
4679
3966
1527
338
553
3414
4570
3813
584
3178
2151
4265
928
1578
4333
3283
4022
983
1271
1560
4034
3163
2138
2389
1190
142
1079
2056
987
1774
2522
761
2588
1655
3773
3778
1894
2197
3488
4585
3630
3616
1407
4450
2371
4919
4922
711
1037
1100
1770
4253
1558
4152
1887
3120
3251
4213
3357
3821
4857
1539
1577
2896
3680
4737
3606
2163
582
4333
2942
303
3844
4839
1943
4617
1391
4946
3392
117
1989
2094
430
4809
2982
2845
2434
254
4757
751
1049
3382
389
2313
1375
3756
2435
3542
451
3368
4577
3476
2248
4529
1287
4816
4150
3818
2601
2423
4028
231
1408
345
101
3103
329
3542
172
994
61
4027
490
2740
1311
725
3384
108
183
4950
4218
2286
35
4019
2312
3071
374
3940
4913
243
2315
1456
3623
1608
3285
3313
245
3110
3208
2754
314
3118
1783
3558
1595
936
4330
3736
4501
379
485
176
172
4328
3302
4679
2530
2665
1034
13
3079
604
3513
3104
1951
1357
199
3190
2431
3183
1548
5
837
3019
2455
1663
1941
1418
2320
4355
4859
2704
4838
246
2142
400
2497
2816
1201
351
686
73
580
3703
136
245
1732
925
1173
2843
1784
1097
60
892
1404
2858
4882
484
914
4770
249
1939
2427
1783
546
3048
2204
1099
130
3091
802
405
1984
4493
257
4482
2965
4002
1344
3525
2534
668
100
4540
2936
884
842
4474
2646
946
4457
1180
4808
3304
4264
1225
1616
2436
4619
382
559
1446
2672
1085
3697
492
1927
3334
1298
4174
45
1812
2398
1739
3506
1286
1394
2379
1877
4813
914
4453
3999
1443
923
571
3825
824
4288
892
3570
3768
1531
2314
4297
4894
725
4872
4702
917
2731
4907
4869
323
3374
1875
2208
2169
189
1139
3541
2591
3452
397
3068
2713
1267
3713
358
2978
2876
3113
387
4134
2097
1705
704
3816
4251
451
2347
1348
4576
4316
3031
4394
4770
3219
1708
4442
1101
3932
3593
3749
52
1480
4987
3672
921
140
3261
4212
2592
328
4564
910
4464
1547
4505
1231
3972
4182
1480
4169
1977
3276
625
2977
2721
877
1408
2633
83
4904
813
2521
701
3997
2885
4671
4322
1379
627
2608
4272
3659
4892
3693
2958
4803
30
1033
3621
3022
4349
1482
3764
174
2440
4323
1942
280
4717
4130
2628
428
1939
4635
2930
4756
4326
214
3947
4804
4720
212
4949
2929
3521
2187
1144
2211
383
1922
1493
3247
2212
2004
4308
2059
78
1041
2699
1796
3977
3904
1067
4911
768
4263
4792
790
2535
3638
2137
3058
4014
3075
773
4121
3398
599
3820
1187
2263
4765
4917
2635
2276
1234
597
2643
217
3389
3647
2770
2536
1097
2779
845
2314
4316
3271
3601
4138
2544
2534
38
3583
1282
3354
3588
106
3749
208
2732
4241
1129
1683
2117
4393
1871
49
2151
2389
665
734
886
1960
982
4741
4926
2424
3095
1206
4134
4578
955
2
569
73
3478
3827
3145
864
2970
552
2798
1650
4733
893
925
946
3683
4847
4563
1978
408
3717
3245
2738
4394
676
2347
2136
2810
3503
2683
2205
1801
1648
3948
4047
2619
3513
3512
3467
4992
4463
4707
3603
2800
1190
873
4285
4115
951
1975
1263
4325
416
2491
3306
1019
4561
2899
1806
1141
4784
3833
3163
4922
1285
3356
4604
1242
327
3499
2248
1106
4822
2597
1845
3125
3614
394
964
1816
2554
1288
373
4222
1548
76
1639
1929
1058
765
3623
1452
3185
778
136
2453
4036
2267
1374
4823
1614
401
3612
3997
586
1821
1727
4989
2672
2935
4752
951
4282
890
4664
2031
2196
942
2697
3156
537
3880
2820
540
3507
601
1449
1955
2317
1502
2651
2514
1146
3340
3316
976
2783
2988
5000
1196
1649
3681
263
2882
603
1052
3385
785
1983
1438
4417
1111
684
1884
2486
2824
3827
444
4200
3931
555
4035
1831
3554
1360
2559
2930
59
3097
855
1347
2635
1409
3206
127
828
3900
1611
167
410
1538
1411
1356
4776
3182
2478
4726
3488
4735
2840
534
3196
4542
1679
946
45
1356
1467
3261
1900
1555
1371
250
1856
4054
4667
976
4342
1473
2042
1919
495
4838
2130
365
4711
3219
3312
3206
4251
2495
4760
1817
2836
3721
1217
3558
4086
2017
2677
4383
4275
1914
1947
296
1873
485
1406
133
2059
2467
2958
3741
3209
1740
3281
3770
1566
433
3243
357
3408
4871
2489
4362
1608
2735
3654
597
4776
2430
683
2870
3961
1014
1961
1735
527
4295
1212
4397
986
4009
2028
3014
3401
4387
2418
720
3447
1142
2962
1476
3961
4333
4318
3299
194
4827
4546
1677
2216
4759
4903
3959
3074
287
682
1573
1343
4526
1029
1079
2220
3734
3360
777
4760
3492
4475
2235
4689
1680
692
978
2549
2766
4958
2372
3454
3319
2063
2282
1645
4517
543
3002
837
388
595
2186
3035
2246
2024
1703
1664
448
3689
1306
46
679
348
1895
396
4635
3476
3420
2447
63
3679
2304
3366
4992
2717
4215
2786
1864
3186
3738
1666
935
900
1536
423
4489
4816
4592
2093
1921
5000
4500
1704
403
4764
2601
4804
3559
606
1417
3607
784
2617
2873
442
2102
2675
3899
2322
3045
1840
4409
155
4713
3894
1844
3670
2003
367
1301
4046
1952
1187
4940
3363
2840
3086
1418
4819
732
4573
1662
4094
3840
2096
4519
4097
4352
4205
4338
4784
2918
3417
2684
996
361
4483
4215
399
905
4803
3004
2207
2814
2020
2222
3103
599
4604
1501
3752
2741
4129
4171
4199
4126
2397
2492
4671
4375
1451
3459
3825
327
4331
1393
2236
2620
3395
1864
1082
4274
3065
1985
4923
4921
4078
1236
166
2793
1357
3144
4462
777
4740
4743
4576
1538
8
2286
4982
4070
3416
1345
2853
3197
4947
1433
1094
849
1742
3416
3093
4531
4835
2416
3591
2459
4564
4250
169
3548
268
2054
3945
343
3339
206
1825
1222
4588
2067
2943
573
351
4789
2616
46
4722
200
4897
3070
3340
653
2459
953
4917
1206
1410
4178
2259
4415
4029
3268
1250
592
298
3308
3798
3626
4096
4144
1971
3220
4465
184
2415
4342
2347
2074
2613
4268
2083
2093
794
4032
3825
3736
4559
4355
1395
4804
2774
584
2834
4864
1801
2285
2251
723
3275
3481
1537
2547
270
1398
3767
4809
1469
3071
4638
1058
4523
3517
1144
584
2869
2358
2046
2607
1903
4307
907
4795
3222
2536
3799
104
1431
360
4173
3321
215
4993
1352
4257
3476
2653
1685
975
3904
2120
265
2084
3170
2712
3184
1896
3183
3783
2874
4777
1823
2866
3648
757
4764
4188
2635
4259
3308
2700
2052
3467
3633
2562
4572
3538
2191
4120
2160
3025
618
1231
3910
4213
4195
1507
2692
4215
4206
731
2141
3124
2559
250
1046
1591
1726
3342
3779
1715
1388
1773
32
2
2611
3757
4415
4576
4846
2487
3610
4694
4354
4009
1051
3545
2341
4326
1096
3071
4123
2187
2652
2885
178
2393
2642
1643
3112
2983
4910
235
713
2196
2736
1703
4968
2669
3641
2236
3008
1162
2402
2432
13
1769
972
4104
2271
987
1398
1837
3722
1067
2627
4070
1615
1126
649
4761
334
4538
1660
2465
560
3159
2127
2344
4530
1121
2551
4466
4524
4084
1516
2615
2511
2877
1947
4179
3513
1606
4260
454
3985
4771
3054
4835
4743
1659
1190
959
4510
3232
3681
779
3255
1436
11
3702
3077
1150
4438
4001
2944
2015
2284
2786
3220
81
3318
4791
1603
3308
2022
1309
1433
2799
1640
255
2463
4681
2460
3163
996
2382
2724
2058
4996
2445
39
805
2715
3476
4251
2665
192
1149
3789
3681
2006
1665
3619
4650
1658
100
3311
2108
4382
618
740
4318
1633
2937
1909
4090
2837
671
1158
1139
1690
210
745
2286
265
1406
1369
544
4470
2937
2101
1229
3404
974
4946
3217
375
1514
3712
1411
796
1856
3124
2922
2827
989
3676
534
1162
3550
4637
3011
2789
3270
2254
2393
1677
42
1554
4524
1259
4951
4803
556
4955
747
3015
3481
1624
2839
3726
920
4185
2317
3695
1422
1409
4864
1434
4424
419
877
104
1821
2173
2057
42
4616
1759
553
4636
1631
827
627
3586
428
4562
2191
2399
4323
634
2927
3076
3832
891
697
4121
2946
4773
3966
2836
598
2778
4304
3766
648
4210
4974
1217
1316
880
3668
4942
4675
2312
4204
2236
2184
2687
2608
2916
4773
3785
940
4182
89
375
1378
4737
1722
388
3660
1736
179
2292
659
1103
2250
4120
1790
1995
108
2900
4957
128
4541
2857
2506
3250
2200
987
4533
4715
1844
4192
1668
1183
3936
2353
1243
4754
3762
4704
3205
2255
498
238
3856
2844
2846
3188
2310
825
560
465
1894
1256
4909
1552
489
4235
684
1994
505
2289
3430
623
2475
1219
2725
2780
4052
1825
2439
873
920
1032
3593
4399
1275
2311
2851
4777
4917
3248
733
2323
2618
1630
160
1599
3271
2218
4290
2255
3751
4707
614
4694
4603
3818
775
2319
1184
155
3897
2932
1494
4071
1718
381
1542
4228
3470
1698
515
1264
565
2156
975
1921
4497
2324
4807
2373
3352
4109
3471
3282
1571
2104
3934
684
1547
4977
2918
4397
677
4057
4565
1667
2463
1866
366
692
4033
56
1851
1318
328
4397
2602
2976
860
339
1064
2866
1455
1675
3564
1366
2771
4315
4116
1898
3669
2780
3868
2257
1291
2062
959
3137
4769
385
3406
4622
4761
4483
2504
4008
4657
1478
4499
1194
4971
719
2693
4461
1707
887
3998
3222
382
2211
3024
4892
3329
3250
4057
2974
460
2656
2940
2627
1007
832
1445
2487
4524
4464
1811
3868
2767
4607
2853
3055
3586
4883
1129
4499
2554
2223
3919
3419
2664
426
4176
593
1961
2466
3011
2241
2967
2518
4880
93
2393
2509
3006
4775
4401
572
22
3919
1827
746
1763
3179
4836
1535
1755
3677
3169
1937
2432
4913
3143
371
197
764
1411
497
4120
2381
1885
3677
1080
2130
2118
3459
484
2044
4937
3211
1258
223
592
3743
1576
990
3244
70
4542
2452
1100
4674
609
3689
653
4446
48
3842
4186
3538
2529
3263
223
3810
1549
60
4054
2697
897
3072
4563
3265
1987
366
3179
728
2946
2294
1412
4160
2106
208
4958
4794
2759
3111
941
4106
1535
1096
713
1573
4957
3690
4103
834
495
4200
3226
4238
119
4566
1664
917
3929
4406
1955
720
4465
2913
3775
3946
630
1643
4256
1802
653
2648
322
963
4085
4302
4163
3095
4580
1767
2270
1276
3283
268
3137
3297
2339
3105
613
949
4309
3734
1242
2697
994
1941
3100
537
911
2899
4017
3135
3348
4432
2088
599
28
4800
2705
2254
1815
3306
4338
178
673
4587
930
2805
509
431
2264
576
3012
2773
551
2949
4464
3146
3896
4610
1065
1731
3401
3820
2433
2598
1121
1058
3931
3784
2936
1403
3671
4448
1747
4087
3184
1433
1097
3227
3110
1631
2578
4963
2779
747
3512
507
4897
3192
419
4130
4350
914
4173
1219
104
676
1326
2350
2872
286
4743
3016
1416
1861
2141
1421
3961
962
3227
647
4556
3034
2641
446
1571
3722
1022
1397
2875
4518
1688
447
1411
820
4252
386
3982
2430
3375
1588
2346
1337
2870
2845
2677
1627
2283
210
4022
4132
1898
3296
3355
4811
136
2707
4932
3013
1494
1227
2134
75
3991
2645
4333
665
4983
791
4094
1284
1552
3235
1916
3889
4956
3084
1890
160
3392
2681
976
3631
3973
3734
99
3426
2450
78
1752
4900
2866
2734
635
1055
4149
3711
4748
771
4147
3712
1030
2712
2798
3768
3246
1639
4782
1398
2545
1928
242
657
451
1000
2424
1671
2715
27
772
420
1029
4089
3543
956
4598
2704
3910
851
3929
2143
1355
660
241
4590
31
4641
1560
4931
4141
1968
2260
348
2508
4552
3482
2953
3878
2077
2685
1581
1990
147
1000
2063
166
4004
3457
4963
4097
1228
559
4384
1716
1257
2426
3296
1357
3183
4733
2445
956
204
3950
1508
3036
492
606
2206
2394
4253
428
3903
4355
4418
4255
813
2064
4495
4493
3498
4115
4568
265
2293
716
1553
139
712
4988
1461
3194
820
3418
446
2070
1198
4628
1845
3753
101
1511
1431
2142
183
3784
3584
2525
1748
1221
254
3314
4230
3094
4027
1505
4837
3752
1945
3761
4676
325
1703
4751
4471
3151
3311
3425
940
4401
4220
1414
2129
2097
4254
3090
1923
4441
3739
1383
2984
862
4247
1866
4733
3905
1811
4562
138
2371
2009
3139
1023
4132
3705
473
676
4289
3145
4564
3915
4427
4870
2566
3560
3704
3913
1549
3722
258
1977
1402
1728
906
3033
1037
1017
830
4264
1593
361
4140
69
2103
549
1065
1953
4919
4038
3939
1379
1156
3803
3208
1791
1700
1691
2295
4693
4468
1773
4388
4993
3229
4307
1497
4705
383
4201
4183
3290
2013
1559
4267
4805
2780
3894
3056
2156
1119
3116
4612
1028
1264
2393
92
4021
380
1537
107
1419
3191
2719
209
1359
2459
157
1630
4824
3722
4508
2850
1028
126
999
2727
2877
3576
3132
1689
1216
948
724
1298
1559
2156
1157
102
4674
2263
4654
3637
2564
4173
2740
2563
3875
1361
886
85
4536
46
4543
523
2679
3881
2766
606
1177
2394
3608
2514
3619
4266
409
294
3161
4193
2273
3180
2634
631
4160
4690
747
1514
249
1281
4821
882
4880
1249
1822
1172
4590
4155
1778
3005
4718
733
2289
1454
3557
3420
4713
3893
1855
2707
2224
3711
130
659
2386
2818
2888
4090
3675
18
4453
866
882
4726
967
4000
3992
1057
580
4436
2101
1595
4713
3772
808
1505
2490
2138
761
2943
4009
1439
1777
708
1731
526
4095
2027
1304
2614
1826
2861
4101
3653
425
3395
3113
4203
315
395
3824
2095
831
1425
3856
773
1694
3590
4855
2205
1664
278
4621
3733
2149
4643
309
2191
2734
4234
3382
847
4720
381
615
370
4535
4536
238
3092
66
2148
2270
1198
2821
4972
394
2752
818
1525
4990
1850
331
2666
1511
4136
3304
977
1524
3586
792
1547
3947
429
34
699
733
4074
4
3539
3311
753
3295
3056
117
1598
4270
2315
2202
4801
1211
2981
4795
1611
240
584
4933
4173
4062
4178
4395
4467
3247
2366
1446
2090
40
4514
2113
4612
3764
1568
2054
1180
3827
3097
2990
1249
4602
3697
2169
748
2349
2592
646
1761
2438
1878
2568
1412
5
4230
607
1486
1274
4015
252
102
513
322
973
3743
421
1048
2383
2006
644
2067
1592
4172
2449
3244
4482
396
2735
1885
953
1656
1907
4834
666
3200
4540
2276
728
4704
3785
444
1777
3884
591
2126
988
3120
2721
1152
1563
3896
476
2722
589
1996
3180
4449
1896
2627
4159
3746
1064
129
533
3585
1613
3928
3557
2009
230
3478
2693
3754
2247
675
4171
1648
3486
1383
4157
1434
825
3362
436
2130
2932
2509
2860
2013
851
491
434
420
2649
4163
4237
3711
581
2730
4808
2855
455
1325
722
326
4367
4201
3877
1639
2546
3291
119
2610
261
1289
798
1069
4834
3524
4476
3747
4162
4072
2614
4661
2724
4728
1821
193
4711
4494
2593
1005
531
2423
902
4657
171
1880
3601
2222
4432
107
447
4694
393
560
2308
2736
1835
2595
3142
254
167
851
2352
3315
1944
428
1322
3747
1857
1377
3222
1428
2787
422
3066
2429
3950
305
2077
1310
4976
2907
2004
636
2472
2068
1944
1333
1474
3013
3434
1194
897
1815
4617
320
4526
2361
263
1784
354
2793
2415
49
1853
2174
2021
3609
395
1163
4869
2792
868
544
3772
2632
1129
2605
2113
3803
4195
40
2948
3305
3384
1303
4704
3275
4469
4854
599
4552
507
4257
3968
2800
3734
4913
2032
4167
2927
3201
2354
2715
3033
2935
1831
1327
3812
3297
4649
3020
4585
3072
3615
1469
390
3731
4120
1832
724
1917
503
2261
4178
2782
4889
510
2799
1530
202
1265
1904
3516
3856
488
3541
1537
46
2582
4614
3374
1466
2719
876
3702
973
4456
2128
862
4295
1048
387
2740
590
950
784
4459
2299
4882
616
1966
285
3227
3821
3838
3346
3464
2125
2211
4725
486
3117
2265
961
4397
1080
3853
4741
4513
4804
4760
1544
92
2336
1246
3274
4559
4161
2583
1944
4789
4880
481
4180
1905
1462
4823
519
1245
2033
372
3817
3816
2261
354
1529
4615
407
1662
2150
4731
3228
1349
3121
3280
4054
1833
1226
4761
3983
1168
2002
4872
4350
4909
1042
276
1395
2062
4852
3839
1428
4420
1032
2299
4843
3565
4428
3100
2459
3493
2588
4739
71
4337
1906
531
2663
1879
4179
2991
3876
625
1218
2040
534
1722
4043
4875
2888
4371
2518
231
552
1242
460
2480
915
2995
3340
2353
2719
1661
1412
419
3931
1267
1018
2334
887
1639
457
274
4347
2954
1361
4882
947
784
3468
1758
4894
1663
4133
2325
3910
4407
2817
597
778
4841
641
3353
3730
3562
1208
964
2537
4806
4087
1907
2417
975
4670
1934
2832
3096
2113
198
342
4560
2549
2500
3541
1418
1012
3704
2639
2200
4458
4197
2950
3227
355
1740
3904
675
2870
3330
599
2969
2079
361
782
4131
157
3793
3279
1699
2079
1133
70
1725
3671
3245
2559
2653
4103
4403
606
2759
3281
2602
3483
1285
2283
4014
3714
819
4930
1573
387
4100
693
4621
1979
4936
2043
1171
4283
77
2618
4707
3692
790
4925
2317
1667
1101
4477
924
2729
3291
2525
4977
4631
954
3780
2767
1167
3595
97
395
2242
1274
1509
2955
1945
1826
3185
3231
4417
1362
4245
3776
630
1004
1512
1286
4269
2300
3066
734
3393
4869
2793
2694
1481
516
4378
2110
453
4523
1861
1966
3276
3597
4978
1435
930
625
2511
1471
2400
4846
1966
2161
1377
2857
1305
2857
4053
32
3337
4773
3069
87
1767
2292
1989
2338
721
517
2809
2669
948
2439
4963
4534
3867
1412
1977
3479
2996
2714
3401
4592
3457
987
2004
451
961
1747
4346
719
1818
2911
1953
1004
3957
4318
4256
459
2625
1896
2286
380
1509
984
875
2750
2561
438
411
3887
393
557
1205
1887
2739
3614
1675
1478
2274
96
1444
1963
2526
2051
243
4499
961
4498
2777
3857
1354
2945
1044
466
887
4082
2346
3013
2824
1376
368
834
1338
3800
1410
3966
4513
4857
2666
245
3764
444
3020
2747
4170
3287
2824
518
1506
3919
4143
1870
42
175
4675
4489
3442
4753
3008
3209
2239
4210
373
2717
786
953
4202
2789
1369
3414
3818
2700
1478
113
4200
4002
944
2823
1356
3542
1443
2249
3171
4579
3618
148
2277
4347
516
4962
2915
3115
1070
4198
714
1903
1476
2439
4010
4584
1551
1523
1443
2214
1408
3057
1971
2824
531
2691
4656
4738
1258
1070
3467
664
2808
4209
1142
2458
1526
301
664
2462
2132
3275
446
2411
87
3191
840
1866
3322
4835
1744
988
3692
4836
3024
713
3295
3425
91
4220
3016
4635
4202
3128
1698
3122
1278
986
4266
1760
1403
2300
3763
2524
4823
2738
3357
4296
2617
487
4854
4730
3042
4539
751
3383
101
1790
1486
3947
3720
1343
3423
2508
3513
3321
2981
4856
1646
1807
359
3327
2307
1989
268
1289
4647
3105
3360
3902
650
1151
2384
2359
3011
4851
4221
1652
453
103
4236
3343
1841
4450
977
3071
2049
3872
2535
1146
2137
1146
1800
653
4836
728
2001
934
1851
4558
4518
163
2726
2215
998
2779
3157
2491
1874
4611
1911
4615
3368
2687
290
4802
4102
4094
3085
1603
2984
256
4485
3940
2042
3416
1623
3540
2161
4841
3532
2498
4290
3727
3176
3188
3256
3322
971
1300
2926
510
3126
3217
1003
417
4277
4659
2770
425
1430
906
4636
1152
2984
2824
847
1018
2199
4578
1150
1744
3203
4587
2774
3670
4116
3335
4252
1103
545
145
4636
163
2733
53
4062
3071
72
1442
2422
4899
3530
3857
4316
2334
1854
3261
4997
2314
234
3646
486
3753
2101
283
1104
133
1191
2966
208
1327
4518
997
69
4037
810
2978
2001
135
1033
4943
3619
2026
497
585
2391
2002
3879
453
3210
791
4640
308
2439
4947
4806
696
3861
1239
4978
1597
3090
494
3225
2552
1748
4004
4594
613
1098
1540
969
728
2395
989
4906
4501
2819
2444
1608
4543
3471
1241
2189
2423
152
197
2515
2081
567
3929
325
2789
4959
4264
4556
2468
3377
1874
2482
2786
681
2783
302
3735
4698
4045
1180
1891
3080
3764
4066
363
4710
796
1589
820
2307
2449
4303
938
2809
3305
4677
4273
1096
3997
1981
2131
2358
1696
1260
3611
3712
4434
2365
2475
1951
1796
600
3661
645
876
2225
4281
329
2299
65
770
3409
315
1351
1876
4856
2789
775
917
957
1609
515
4593
2414
1406
3583
1994
1970
2259
3491
3130
4918
3613
205
2267
1323
2368
2488
2850
3342
2949
250
2830
122
1384
3443
3702
378
3357
1288
3272
2149
1798
3744
1972
1012
1733
509
2192
3788
664
2875
1524
1461
2524
887
4528
3561
3446
2718
2388
3495
203
959
4544
2756
2156
3774
4606
1216
1591
3846
18
3880
4292
1999
784
3102
4200
4752
4251
896
2194
269
2053
3749
2490
289
813
896
3669
4427
1842
523
1935
1118
1749
1678
4422
2197
4249
888
4600
2159
44
68
3625
90
4309
1795
3178
1411
4347
1377
2610
2150
2350
3921
4718
1396
4409
3468
1526
253
195
3642
2039
1585
1827
1983
4958
2250
1483
544
1202
1153
275
3558
4603
4765
2956
2808
4508
3952
911
4907
3167
1718
2892
1522
493
4959
3061
2776
1123
590
4694
4842
2433
2494
1685
1670
3491
4282
3213
4426
2086
1450
4894
701
1560
3464
979
1360
4473
4753
1435
2002
2028
2132
4039
4112
2333
4194
2853
3666
2932
3949
4084
2967
394
2093
55
4216
2841
4466
567
2413
201
2616
3258
979
3011
3881
1965
1904
4871
2731
1641
720
1070
1416
4745
2713
4372
1394
4119
4673
1471
4195
2621
4998
1259
4597
876
1830
1912
4689
335
0
327
4912
1803
4182
3966
1404
1593
3284
3237
1071
755
875
591
3267
1245
2552
3123
425
3970
962
3545
4167
1425
2367
3026
1029
3775
702
2233
4188
2220
245
3151
3718
2398
4668
3307
2334
1713
172
637
3920
1867
4517
1112
3358
1428
1617
899
4983
4765
833
864
2166
4194
4419
3460
3993
1866
1099
4803
2293
4498
4939
2372
4993
2057
3127
3060
4496
455
2028
410
1055
1837
4376
3843
4088
490
3851
473
3087
19
1698
231
3564
1120
305
2351
2202
3014
4348
4782
273
4610
2030
4264
401
2131
4205
1970
4537
3588
4104
4584
2107
4531
2560
4301
4851
2413
625
1638
2428
2694
1229
1701
3359
3270
2321
3733
4199
475
1554
745
3503
1823
3621
1145
1461
41
3204
3141
4167
1385
4997
2538
4854
2067
1680
3694
1848
2078
1307
140
4979
4975
2014
837
3342
1797
3308
3733
3815
2327
3064
1489
247
1440
1719
4833
630
3807
135
2508
90
262
2457
359
2699
2581
2116
4309
747
4034
2175
1016
3617
2414
2529
4393
3427
4806
409
2175
83
1963
865
1241
1192
3391
3893
1462
83
1332
4411
3657
4777
1112
4366
4707
1562
2725
1313
1831
2867
4499
3258
2476
334
2481
4596
4736
3663
491
4965
905
3466
776
4282
363
3774
819
4349
3603
969
3462
3997
4074
2406
2971
2926
1050
41
586
4389
480
733
1713
3350
2985
2980
4167
2520
3632
1280
913
4365
1335
364
841
3813
2208
1298
880
4631
3015
2002
3570
50
739
827
2117
2917
1490
2911
2594
1437
2324
777
3435
4189
443
2443
4145
124
4811
2106
2938
24
4807
1941
2212
645
928
708
4978
1026
182
1335
3718
4072
3279
3736
1052
1891
3194
2707
1280
2304
418
2902
450
2754
3332
4555
527
2652
1311
19
2509
3021
3817
2167
1122
554
3470
1628
3845
1536
2010
4178
3019
4030
2396
4426
2675
3461
1559
1810
4341
3670
847
1532
3230
876
3959
4344
3836
2212
3518
4821
2099
1147
3840
1895
4517
2207
3997
3425
672
17
4655
4255
449
2320
2082
3989
19
3674
4031
1284
2916
1134
615
2423
4203
2273
721
385
3748
4654
278
4931
3670
3184
3583
2304
1359
3809
276
1812
1290
4123
2974
496
894
1132
996
4650
3058
4883
3254
1949
957
1369
3597
2793
4800
3043
3939
928
525
1047
779
4747
2994
946
1163
4654
1811
2692
4378
4890
3476
3981
896
1639
3197
2433
133
3599
4249
2418
3005
3383
3025
4172
534
4343
3987
1879
1580
3378
948
341
3249
357
1683
2470
2354
1103
3886
4663
1648
397
2268
1132
1979
1797
923
1232
4258
3094
3702
1096
3071
362
1752
4927
2131
338
3332
555
3102
1219
3772
3710
1707
2879
3282
1106
3836
3878
2614
448
452
2679
1545
1147
3004
2071
1023
2524
3952
3897
1606
1
2865
4277
993
2713
1969
3895
1279
1873
726
3293
2411
2127
3703
4347
1323
3412
1028
1808
1251
4432
1091
1834
3547
2316
1720
1711
4744
4609
1726
625
2378
3309
3177
2836
4140
2087
3810
648
2651
3464
4180
3207
609
3262
178
4511
4026
465
2968
4494
989
2591
4168
242
3182
820
310
2343
1418
4453
4995
3343
4697
1289
1610
2000
2656
4835
2904
517
2301
2261
2626
4384
4182
3506
3442
1730
1545
3023
3864
3497
2847
1321
3720
3367
3582
4990
4227
642
4354
4382
3849
3014
2486
1153
3098
3878
4071
4475
660
2260
79
4405
3992
2404
534
252
3011
35
4751
1592
2316
625
2791
691
1265
122
4053
2414
3429
4866
231
2815
590
3825
2057
3118
725
963
2253
1969
815
3400
568
1618
3608
4804
1649
4666
4129
1741
4352
577
3887
3660
1161
1608
1285
4074
3662
1685
1480
3794
1672
2689
2510
1095
547
1300
2269
837
101
2893
1061
358
1020
1212
3559
738
4949
1406
2880
3973
640
3421
4334
98
2902
85
4722
2987
811
513
4440
1506
3896
414
4106
3536
2520
1185
1225
4839
1506
3640
4192
1334
3078
659
1539
526
1321
1272
374
4198
3342
3929
4887
428
2440
4243
3716
4233
1338
3838
2480
3327
1444
1500
3452
3525
1918
4901
1330
679
2736
1493
4001
3939
2167
4126
4009
4420
3440
1465
2578
2997
911
1702
3888
591
1906
1204
2111
891
809
141
979
985
1009
4370
1689
2211
758
1728
311
4596
858
2879
4983
2304
1900
1692
2056
2998
1678
2152
4981
3459
3237
1388
100
1070
1440
249
1977
3827
1386
3938
716
4205
281
3180
4370
1853
4573
1154
2262
4146
1331
419
3371
3568
2739
1292
1891
4278
3553
2877
281
1791
3390
1351
2267
298
3293
719
582
597
3926
2535
3969
3871
4654
958
3795
4023
3667
936
2123
3486
4815
970
1617
3809
834
4551
3844
1878
2677
3827
2809
4264
2086
784
1697
2135
4454
2722
4407
3322
2126
4481
1996
4590
2879
2724
4191
919
2234
4146
527
2347
871
3934
2970
4578
1708
584
3835
420
2195
714
3496
4825
1827
2879
2020
3590
1117
1926
4073
2912
996
1828
954
2559
1366
4778
2846
4399
3838
2967
3108
4465
3317
199
3319
2198
2949
3891
4335
4898
2176
338
3471
1655
4351
1785
2474
702
4819
571
2950
2669
3158
3307
4461
442
2281
1927
3325
842
2691
235
393
2302
1800
752
735
4582
4603
1835
539
610
3123
47
4476
1325
2432
1496
3897
945
2496
939
2910
3666
4094
4716
2737
779
3492
1479
2067
371
4985
4561
1821
4789
3891
4778
174
140
641
1746
3305
4666
3261
509
2163
4963
1799
4047
805
2924
639
3460
1785
1484
4175
4331
2199
2548
3617
3420
4326
3514
2853
1736
2892
3809
4777
1764
89
1164
1294
3328
4692
3642
3703
2066
368
4774
1626
1871
220
2617
3156
436
4824
3046
1971
2366
4021
2284
1956
723
1832
3348
1303
2890
2132
3511
1509
2143
3199
1657
3569
2439
3807
176
3348
265
1078
1946
4187
2408
3432
2579
1383
797
46
2648
1238
68
285
4964
3219
99
2344
194
2306
3429
1506
158
1143
3931
20
62
4994
2325
3697
4751
2643
2521
475
1454
2756
1237
1995
951
2577
4881
908
1776
1548
1525
4132
2481
2444
4717
4947
1207
2964
4928
2622
3668
2657
3148
2545
3152
1240
2848
1105
490
1865
982
3877
968
4742
355
4499
3549
2638
21
3833
3305
1626
4279
430
2192
4865
1719
642
2175
468
1065
2319
612
3387
297
536
3779
4032
4066
3800
3215
165
501
728
3717
3160
3994
173
2265
3834
810
2865
3899
2188
1694
4662
2148
384
3375
4887
3589
2531
105
4860
1046
527
2875
3826
4606
3009
3546
3740
2419
4562
2349
3535
655
1369
4711
4393
4640
4918
3705
2342
2231
1647
234
4033
3944
1020
4552
3283
1153
2335
1321
2186
1146
719
2931
1302
1623
234
2371
3352
2661
522
2233
4694
3260
3308
2907
1497
974
523
3254
1457
4451
3803
4576
2744
344
4755
2869
354
3675
1038
2594
1764
4923
2450
3076
1313
1760
889
3583
3425
179
3092
1841
1670
2476
2875
4639
1398
2221
4074
2077
428
2771
3382
2721
1618
3108
1763
1708
3986
4985
2418
1440
2970
597
4092
3891
4273
3160
4466
2437
1218
792
4179
1799
102
2442
1322
1772
3346
2268
3923
3321
2232
1156
4111
3482
4471
3687
601
2985
1667
506
1525
4633
1949
2358
364
2716
916
168
2672
1689
4534
3990
4731
3068
473
872
4432
3195
4579
4079
964
762
1373
4521
1812
555
301
2833
711
4227
691
4760
4216
735
4425
4699
1510
597
785
3415
4841
1392
3931
4372
1586
2659
303
4813
953
4801
3809
1969
905
1465
1448
574
3818
3545
641
4025
3766
117
2168
4414
1111
3026
3911
491
4497
2396
3341
4083
1304
2037
2779
2187
1884
2471
2109
4686
3031
2927
1553
354
2860
3141
1549
3260
1911
1369
4731
4969
3978
1206
4675
1182
2414
1590
3284
1993
3663
1569
3366
3791
264
3093
2417
4165
2162
2017
3695
3057
2233
1679
4322
879
4017
4447
1947
1334
1446
376
3103
3386
1509
3983
2225
100
4470
118
845
3117
1851
4104
3906
3162
2367
2292
772
2475
1031
3225
3672
4881
3114
4598
4975
1742
762
2642
4126
4780
624
2687
4496
2298
3754
4766
672
1701
3296
1412
3049
1254
3974
506
4456
4567
3497
2523
4715
186
2601
3655
2309
84
2077
1515
4225
2063
4870
1417
1535
3166
1012
1199
1332
4417
1653
2117
3139
1273
869
791
883
1134
4477
3385
2521
3504
2672
4304
869
695
1672
470
1982
1551
84
3923
3172
3242
636
3140
808
4147
3602
3169
1995
4052
1666
2354
218
4920
4017
2110
1554
4983
3707
3098
626
1619
2040
3063
1603
1261
1345
2483
1183
3666
4443
332
2017
2182
4373
388
2979
2331
3514
3676
4486
3266
4829
3401
1277
1677
1731
3309
1991
3741
1009
655
2059
3326
3215
2964
4874
186
998
2622
4356
689
3168
2610
2932
1608
677
3821
4400
1991
4131
4839
1607
3166
3341
3013
494
3866
345
467
3246
4268
2652
4978
2444
689
3696
1524
2008
2615
3412
4858
3837
4390
92
447
1600
3598
1638
1335
3225
3523
3911
2486
381
154
2456
3576
2150
1872
1908
4114
4211
3260
4381
4555
779
484
1034
1066
4652
110
68
3130
1446
4936
2062
3208
4579
1433
3213
2040
2057
1127
3924
870
3874
758
2069
2301
4720
3269
2222
3573
756
3839
4410
1062
811
1637
3332
2128
3959
2264
4154
2360
1253
597
2583
448
3853
2532
2511
2467
4202
4099
1398
1205
3356
2576
4337
4075
666
4786
1477
1657
894
3824
223
2617
299
2224
4428
649
752
3423
1358
2511
4460
81
1013
2342
2798
125
1622
1700
3430
1440
824
1856
4735
4303
4197
2644
2084
3304
1608
3442
841
4771
4400
4502
1299
3931
2887
687
3918
845
4424
2958
4767
284
1743
2265
1363
4647
1534
1778
1814
1955
599
3460
4274
1552
506
1301
3384
2876
2153
6
3050
1553
2195
3999
4191
721
4115
4896
1535
4713
545
2064
3016
3639
4397
483
4884
3032
787
2294
312
2179
2620
905
853
1779
2070
1807
2396
3362
3336
947
25
4833
3656
3734
249
4902
3764
2418
4820
4945
3766
3965
2634
998
2329
3413
3881
1770
990
3887
4792
616
2842
1471
2624
3308
2590
3221
1830
85
4335
219
4207
2977
1549
1223
761
345
3391
4280
3375
4927
2742
4246
1801
1396
2459
1391
1003
1841
63
1682
4595
3336
2553
3281
1212
2851
102
254
3514
2149
2094
4498
4099
488
3155
4996
2481
4592
3675
3966
799
4818
1677
685
3325
4823
3717
3628
4105
3250
45
3288
4134
965
3239
4695
1354
4805
980
3479
4771
4332
2430
2462
3564
3482
571
2238
665
3615
1064
158
1541
1735
3418
2416
2134
954
1357
2452
4874
673
3309
2374
1898
4223
387
2144
2470
4040
3196
823
3249
3710
2482
3164
4435
2195
4684
4873
521
4288
4012
4248
42
959
2308
2297
2732
799
2018
2594
2919
4865
4143
46
4236
2152
3159
1880
3808
621
3231
4570
65
777
588
3702
1786
4979
1943
401
4319
4272
1404
637
662
3973
160
2577
2831
4128
1673
3978
1775
4485
793
2748
442
4840
3867
4217
331
1890
1463
1390
4526
2673
2325
2309
2727
2680
1256
4608
1053
1415
4518
2623
3670
4781
3658
1523
2127
4869
3580
1102
4423
164
525
3785
4891
2331
2338
2088
4225
1855
2150
4759
3656
1388
3958
1203
1243
323
2074
3800
3919
1141
2932
2685
2488
1215
2356
4067
3494
1803
3186
2158
3010
1842
261
3971
1432
2181
4963
4517
47
46
4523
2290
4609
3412
4917
1493
147
2186
1844
730
4585
3721
806
997
1455
508
1198
4189
4521
766
4379
2450
4571
2667
3622
1787
4108
4823
4713
250
2093
3551
1395
413
4608
2370
2164
1397
889
2221
3242
2255
2944
4287
4189
2857
3985
245
583
4307
1343
3772
2633
1855
2129
4959
3677
4905
1904
4519
4035
4367
144
933
2877
967
2936
1353
3174
3849
534
3078
3447
1681
4058
521
793
4366
2584
1285
4402
4901
60
1495
1984
76
1854
1477
2926
3242
2111
2933
664
3563
520
4343
820
3449
1159
2933
41
4657
1122
3345
840
2044
3569
3067
1340
3286
671
925
4033
3775
3797
3429
1096
427
302
3034
3087
1914
2239
4141
4280
1478
3712
2894
4270
3770
1110
4261
207
4250
3673
584
3200
4225
4059
1974
3202
2907
2925
354
1017
1433
1041
4599
3373
870
3627
2175
4384
2479
3760
3296
1584
178
2642
3514
572
2308
905
1755
1075
2679
3590
2688
2132
2901
215
1010
3593
2433
2153
3539
1444
4743
3783
334
115
4681
2719
3277
2583
2891
4796
991
419
659
1982
4512
3358
41
724
131
4560
872
3551
327
2378
1132
216
4464
1333
2967
1217
351
620
4654
2693
3150
3535
220
1762
4129
2510
2301
4689
3684
4767
155
1770
1849
1545
3792
3805
897
3675
1849
4905
2891
3718
1795
4114
333
4965
3720
4746
229
4012
3173
2513
2835
4613
3184
4745
3259
140
375
694
4821
4742
612
72
3102
970
4656
926
3619
2543
2288
2989
4157
1426
3060
2575
215
4854
3532
2472
4544
132
786
4292
3182
2390
2017
4844
4656
1576
2188
4200
4682
1300
1599
4184
1415
3545
4481
3395
1291
2418
2216
464
2280
872
4964
22
2853
4929
4638
714
1389
4335
3555
2948
4961
1808
2479
3523
4824
964
1497
4775
780
1686
856
2554
1336
278
3540
3803
4473
3372
2428
266
168
796
1315
1303
3411
4419
3301
1626
2410
111
3994
502
1507
3157
1139
280
2567
3948
2396
3091
4111
864
3241
1206
3766
630
3566
123
3282
4997
2816
2498
1454
3980
2636
3107
2970
3407
1559
3328
4961
2636
4726
3943
4647
870
3645
4567
4578
1999
1347
4463
3185
2048
90
356
3601
2696
230
1337
2562
3541
3247
493
2224
3707
4661
2314
1835
1929
2708
4348
517
4585
2146
3819
4283
292
2351
3664
1906
425
3774
406
4008
3698
2018
2377
2088
1648
4609
620
2456
839
2979
2411
2847
150
455
1432
3254
2072
4814
725
2641
522
391
4936
638
3798
4845
4603
2271
1274
4780
903
964
602
4147
2472
193
3731
2647
2321
1246
2784
1912
1697
3874
4618
3328
1974
2056
734
721
1640
63
1658
722
4741
1894
960
1927
3817
2246
2614
3615
2482
4559
1336
2467
1591
4383
516
3469
956
490
2454
836
1953
2918
3857
2639
2098
3025
1505
2853
2171
2929
3210
1383
1876
3061
953
482
3541
1855
4547
987
2051
3021
1265
4868
1269
3208
2615
2558
1580
2339
21
4764
1239
3206
2548
412
1953
2717
4989
3052
4897
4389
1160
4377
1336
924
636
2399
1780
1922
3213
23
2631
4138
4556
4614
765
4935
3840
3887
2388
4169
4186
2752
930
1343
1384
2034
4517
1339
2717
1404
2538
3594
1177
1191
2763
338
1609
4532
773
25
3092
1447
3471
1696
560
3142
4310
2798
3641
2088
3348
239
1748
4542
2982
2276
2079
3414
1932
2902
3622
3607
2564
4170
3275
2494
3171
2226
3108
3775
2093
886
373
3174
4166
3531
731
3550
2296
2951
3593
1706
3306
291
3104
1448
3319
2640
4914
214
217
741
523
3239
4454
1509
3312
2631
1161
4138
4681
2677
2687
1445
2775
2885
1387
3215
2559
3413
604
540
3803
2360
3101
618
287
1436
1649
282
1168
1287
3724
47
721
90
2918
484
579
4160
3763
1499
1015
2852
4448
4223
1576
1910
4935
4814
828
4457
1666
4701
1775
3061
4359
1746
2536
4329
3217
2328
604
4918
709
2933
1150
4675
1120
3780
1160
14
4614
277
3801
4479
4759
2179
1136
203
2872
2062
2052
2276
837
3199
3942
2635
3678
3186
2426
1827
443
373
3917
2943
2117
2992
1317
3323
4765
3063
386
1834
557
2920
735
3497
2326
2421
1075
1139
2679
2717
3577
309
1795
3830
1331
1589
2080
3703
2500
1556
4706
1639
3139
548
2089
771
1638
2413
2814
3059
3282
3715
3515
3966
1846
2475
1994
1036
2159
446
1682
2015
2840
1307
4824
4257
2020
664
4593
4102
1529
338
1124
2782
3403
3663
210
1711
4464
1008
2731
3547
4837
3859
3873
1983
2479
813
2205
2264
3229
469
256
2640
3071
95
3720
4101
1664
3306
1268
2126
2117
3060
192
2411
699
218
4145
1087
2332
2177
755
1503
90
4311
1021
1096
4158
2806
1564
419
286
1313
3596
1879
411
2432
3863
3850
3487
4239
3779
3149
3270
4066
4546
3112
807
2038
540
3196
1471
548
1485
4870
2847
1948
2114
4038
250
2544
1294
3234
3401
3850
4826
2254
3209
22
542
943
3292
2281
2049
1559
3823
4334
953
3159
4937
43
1777
3846
4494
503
3922
1986
2940
3035
2087
1669
4386
4684
3664
4305
4529
1625
4595
4781
272
4388
1420
3886
1384
1851
1978
4870
4778
3469
3905
4538
4824
2878
1510
1414
3899
1626
1375
3705
984
3687
2952
1188
3697
2724
4408
4214
779
3129
2317
1976
2059
2606
4933
1528
882
2705
1464
1193
2087
3887
71
4781
3915
317
629
615
807
2110
416
869
3673
3983
1311
4259
3080
2063
697
4229
4076
9
1956
4404
4529
4367
253
2938
1906
395
1637
2118
1485
1881
1143
196
1915
194
3469
3560
1934
3326
3304
264
1521
387
1902
1464
4455
3264
600
1394
3410
3729
2589
2450
3356
910
207
312
165
1357
3232
3894
577
4346
2191
3942
488
1045
275
2749
1917
1854
3020
815
3087
2942
4017
2917
3746
1495
2286
4339
1495
1179
3861
2561
2393
660
937
739
171
257
1393
2417
4816
1917
3819
4016
3499
2162
3802
3889
2690
166
3291
2619
2217
654
4754
490
879
995
1129
2285
2402
4656
2677
102
4543
1622
3825
1033
4291
1511
3243
3856
3554
3174
2820
3135
3680
769
603
14
1142
1128
2689
2881
3957
3713
3726
4075
1100
3296
2278
955
3933
2830
603
4409
881
1574
2268
774
1049
3552
4869
3283
391
3279
4714
2616
171
989
4461
3525
1567
1085
2098
1182
578
3921
1029
1225
804
2744
3406
3307
4008
179
2415
1303
3671
2437
4459
3863
1540
2065
3677
3604
4822
2539
4826
4649
4242
4133
1106
2924
4948
4709
4995
32
1887
414
3003
2538
2524
543
1369
3423
1493
4444
3318
4969
921
4111
3244
999
2029
325
561
3513
2920
1975
3633
1595
1468
1936
4902
3902
2855
1484
741
2232
1517
4383
3763
2760
4048
2114
2146
4256
3392
1764
2020
3728
3734
6
3621
2702
4828
3171
904
3331
2904
4993
750
3086
3087
3228
527
518
1114
203
2832
3037
1479
2019
1645
1326
3652
4248
3522
4093
1139
461
2521
2333
2347
1859
1578
4463
4849
4030
127
3939
451
3603
3191
4785
4368
3334
4913
583
1259
818
954
1720
3788
2433
4275
1647
130
3411
29
1415
2307
8
767
3908
88
78
3539
2307
3185
4034
3084
3446
4979
484
3805
139
4898
4017
3141
2256
1848
1370
833
2625
3595
1345
4308
131
3663
524
436
4953
1953
3530
3902
4300
738
516
4753
720
4217
1602
4700
4030
3404
57
117
3425
2856
1228
2672
4201
122
37
2838
595
2546
3854
3403
3766
2385
971
185
2513
3610
163
1889
4134
1708
1280
2385
1834
4716
4548
1716
1456
4484
2123
4175
3300
1421
2712
494
1776
1175
4254
3621
4893
833
2867
2030
4453
1126
2203
154
1547
2202
4094
4322
3776
822
3835
4215
1569
691
3065
640
4765
1866
1080
3987
253
600
359
215
1607
1393
2575
1383
545
3260
1583
4740
2530
1390
4852
1540
4103
3454
2778
562
1517
2354
172
735
4392
4388
1260
611
4333
2233
2338
3828
3245
1356
1679
2255
1379
3224
2010
258
1245
2446
1890
1967
687
2723
4161
3895
4284
4479
3408
4118
480
2173
4868
551
165
527
4319
4844
1885
3918
4406
3298
2803
1882
3661
3412
3362
2374
3158
2694
1981
2624
3176
1095
1016
3501
1702
1471
4227
3961
2730
2042
378
1564
1834
3109
2656
52
3457
2298
4537
1395
1516
4305
4986
4330
3446
2121
2030
3511
2271
2862
1711
277
206
3131
3799
819
3554
821
615
2633
4400
1542
4170
4279
467
3141
1308
4376
4272
3703
1543
4271
96
3788
298
1757
2015
3108
392
2876
1907
4513
2254
1190
2735
3287
4565
442
3206
1886
1986
2043
1858
2436
751
502
3519
4805
4204
4130
1982
4494
157
1444
2911
4829
3041
3037
1995
959
1721
3786
4661
3411
4070
3910
2591
1686
4427
788
2301
4316
346
4744
2031
2133
2623
1578
1460
1379
3760
1772
234
3693
3708
2549
4165
3682
2561
2844
1290
537
523
4914
2984
3656
4725
918
3097
2999
1165
4458
4278
775
4542
4735
2280
1753
2454
4710
4917
2059
3061
3550
1170
4072
1700
3960
1375
4759
1929
3182
2945
2638
874
2325
639
3058
4714
4681
1416
1378
4076
3366
425
1169
3635
4560
2212
1739
3460
1410
918
2749
874
3296
2126
1189
271
1336
2463
3167
2896
4866
4012
290
1107
131
3604
3562
829
4609
3784
855
774
4366
1352
4720
3017
3803
4481
1816
937
2936
1794
4734
218
1014
4589
304
4328
2036
4460
3665
1176
800
976
4525
3952
822
172
3568
264
4216
3682
2113
1447
146
1776
1477
2059
2266
1205
3382
4051
3260
837
3453
3418
78
3512
3972
4909
868
1365
3598
3916
4430
3444
1401
1599
4012
1436
4170
1225
1668
4389
3021
309
1554
3514
1415
501
3895
3605
621
3912
3785
4479
2333
2740
1359
4075
324
4744
1727
2483
1550
4164
1535
1050
1016
4673
3483
844
3349
1023
4113
2277
823
545
2961
1473
3308
623
1380
3829
3938
3242
4719
535
4575
3020
3728
4495
4841
4143
2916
182
4417
3830
4432
3692
1572
4836
2716
1677
1231
3279
1980
1643
648
2560
2289
1222
64
4480
227
1278
2308
4435
4243
4943
3696
968
1379
3063
808
4451
3739
2793
386
4587
1297
4767
1444
2029
4534
3789
3643
1775
2249
3489
2283
1292
4619
2801
1875
3716
3974
1931
3831
862
2356
4429
1586
821
2026
3984
4573
3604
1830
1989
2497
433
3692
4485
382
377
651
4337
4639
2372
3988
3015
3767
294
1008
1421
4600
810
1221
1092
4715
2174
2165
377
1849
1608
76
4064
2767
2001
2877
4902
1399
1173
3349
2623
707
3119
1065
4565
939
1302
1151
189
522
1142
1792
2127
442
1360
4566
4886
1461
4746
4974
39
629
1614
158
2749
1254
1779
906
2153
1588
2575
4872
7
475
141
216
1263
706
92
4014
2243
1473
2428
1358
114
3164
3631
342
3121
2115
299
714
1192
2863
384
361
4198
1096
4194
3569
2568
1696
1295
1041
1059
4838
4307
1085
1433
753
4102
2163
819
101
1092
4753
4643
602
292
3297
890
1382
2330
2415
2971
2205
2446
955
2108
3909
1711
4454
3270
1952
4327
1793
4705
4277
3507
3144
2664
1403
2749
1783
4771
4033
4231
1499
3330
237
1763
4623
4436
256
2624
2194
580
2810
3685
2925
1368
1832
1820
1551
3280
57
2014
4067
439
4359
161
1843
433
1813
84
3552
4494
2748
56
4687
4063
3871
3569
4852
3472
3050
1503
3085
4044
3279
4402
1146
3620
421
3043
2104
3762
1406
3444
852
4354
4189
4609
4296
4273
4168
300
4357
956
12
3157
3662
1767
3275
747
3934
2215
3397
4776
280
4889
1424
1532
2712
4470
44
888
4656
2155
29
1979
3683
4491
1436
3348
3116
2671
2944
1508
2069
2393
921
1160
2200
1737
475
2042
1472
686
4725
1098
4544
3635
770
4472
819
520
102
1199
1160
1273
1431
97
3343
3388
1369
179
915
4153
1498
631
3858
2387
586
1248
4308
1922
4978
2181
2816
2693
3386
3653
1478
247
277
4960
4268
3567
3585
1595
3432
4796
620
1534
967
840
1784
3975
1354
269
4931
1277
1708
4850
459
3918
617
3536
2719
1228
1392
1332
3410
4626
2504
712
2625
1773
265
2548
947
40
1322
2492
3301
2244
4575
3438
2593
2402
137
1566
325
3403
4619
555
2768
2184
454
1043
931
4160
4394
2065
2603
1213
2190
779
1183
4939
3993
657
220
4656
4047
4066
3836
4667
633
1461
4624
1013
4822
828
1722
4492
3430
1628
2482
1565
4989
4461
1270
3032
1249
2458
3609
145
1161
1554
4002
4538
981
3925
1865
2036
4565
1887
4926
1485
2768
3963
2636
748
1529
1557
441
3281
2546
4505
2419
3700
4334
4342
1378
2643
3122
2498
3148
4137
2094
64
1166
664
4583
164
674
1038
4829
3436
3290
4392
4166
2543
2568
2932
1940
2118
2068
3800
2421
2981
715
2312
4689
476
3581
712
1241
1165
2173
2637
2138
1990
4122
695
1116
1254
646
1136
2899
3540
2920
4212
4144
3286
2661
3104
3395
1198
2699
1286
2384
3218
3265
4264
4140
796
3581
2304
471
2760
3271
4781
4533
3961
4724
2053
807
1512
2720
1369
3493
1059
4669
2071
2078
1612
4840
1900
2608
3180
1531
1798
1914
4644
2964
3198
2564
1051
2374
2481
1737
2993
4386
4349
4832
1282
641
2657
2836
129
4978
4327
4977
2519
3104
1633
4470
3148
521
4170
728
3363
2272
3733
4327
2765
4130
3329
3734
2661
3788
1229
1852
1367
2424
4654
674
1391
3968
1447
3905
1063
4264
2574
665
1810
3009
3011
3420
4948
4640
3407
4580
3563
1066
1148
2989
780
2594
4932
3160
1130
4658
848
522
4793
475
2804
4136
1498
4214
2270
1013
456
4538
212
1787
4812
1508
2028
535
1565
3456
4005
57
3055
3180
487
2576
4127
4357
2531
2723
1349
1446
3224
264
226
2761
4399
435
880
4888
3559
2362
3356
3149
833
3796
4855
2788
2504
1375
740
2056
318
1586
353
3372
2792
4125
1626
1686
4528
493
175
1838
354
2981
4829
3897
4574
3527
3274
325
4094
3214
2789
1207
172
3440
4642
1879
4294
2904
249
2219
4349
1581
2858
851
1257
1930
3376
3245
1131
1519
2972
2054
3695
2598
2701
2340
3867
4511
4531
1895
3279
3476
3128
4403
4738
1203
3367
4644
544
3520
4919
1085
4227
2037
4371
2551
2106
4049
1591
4867
1294
3200
280
1668
4204
411
3019
4467
3318
1130
3657
2781
1215
3551
4487
2609
3042
3342
884
3878
3300
3700
1314
3474
3741
3560
504
563
2237
4310
4862
1110
4745
3191
4838
3437
1593
203
3690
3708
1607
3537
356
4641
1797
441
4602
1068
1540
2089
1651
466
97
1472
2324
30
1705
729
3924
1402
2560
867
99
873
76
866
2677
3536
724
1750
3763
4563
1447
636
1093
3874
2150
4228
1203
3780
747
1397
2918
2360
1726
762
1401
812
4379
954
3338
576
1413
1307
2597
3781
4684
1144
572
148
2349
984
2608
4046
4518
3149
4298
3973
324
1169
4520
1052
4385
748
2138
2349
492
2388
1076
247
522
440
4293
3423
1395
476
1973
3894
4782
1691
3512
2713
1493
875
4144
3385
1365
2539
3581
3043
2847
1921
3697
4788
1217
1054
2786
1502
3553
4185
2989
1293
184
2461
133
3852
4995
725
1164
3323
4217
1266
3360
4944
4925
2077
1982
2745
3195
2982
1824
1921
2300
758
887
1319
332
1378
3756
3101
1457
1972
2716
2889
2990
790
1816
895
4484
561
2578
1080
3293
4676
4449
4404
243
4389
4035
597
981
3070
1410
3308
2237
4360
672
2924
2940
2397
3262
2723
4498
289
1135
4247
2860
2738
1097
4680
212
1403
3867
3964
778
4127
2366
2974
3587
1479
4305
550
2926
3416
4824
3608
4843
1302
1282
2659
616
1865
1120
1626
2892
1994
1541
1930
1589
4885
2512
4939
3796
48
3373
853
1878
3608
4677
3481
170
1523
3153
3562
567
3894
3551
3061
567
4581
3588
1731
762
2613
591
4605
3998
2839
3901
4972
1803
4723
2946
4433
2200
1232
4257
3404
18
3496
2827
4062
4366
3129
4097
2651
1673
4896
173
1778
1676
2668
4821
1450
1244
4963
2544
4752
317
4629
2709
811
3765
771
3873
3104
647
3244
2803
4049
4744
4001
2237
1692
1892
3501
4621
291
369
3394
154
3740
921
2542
1715
1729
3418
3466
2024
1237
3316
51
1598
1294
1447
3623
1035
2593
4897
1084
4824
4174
567
1436
4703
4172
3297
4834
626
3910
2793
3028
4249
2837
2789
4084
3872
66
3762
454
3600
2000
1985
3065
3699
2153
3715
2864
3689
2056
931
4954
3255
4240
368
485
1539
3287
136
2312
2764
271
2640
1322
2945
3730
4601
486
2048
1312
1250
4891
3133
831
2508
251
1752
4091
3677
3950
1423
3232
2936
3821
3714
1533
4315
2029
2318
2689
2677
3738
533
3133
1997
2795
3443
3179
4546
1071
2369
3213
4482
4560
2433
2644
23
1599
2380
320
2169
2586
1844
2026
4136
1137
3705
3542
1762
208
1495
1620
312
3675
2027
3855
4271
1313
2706
219
3390
2515
4005
271
4993
3811
2645
1523
3689
2848
2595
2563
633
2929
3093
1946
2636
590
550
2217
0
606
4518
2651
4263
1122
2817
2662
1058
3031
818
1557
2775
393
2557
2181
1804
3273
4157
4776
1194
2890
4190
3444
1478
4116
2214
335
2227
1426
4109
2112
1956
4858
1079
4761
4881
4254
589
4698
2808
321
2545
4131
2522
773
4637
3735
4339
236
2516
4360
4620
4582
1121
3050
236
256
4826
946
2598
232
642
2580
1414
3769
3244
4521
475
4422
361
2646
1339
4562
841
1259
485
794
4070
2061
3286
2084
4518
3345
2376
4445
4734
3791
1425
3649
3990
3003
4307
3971
2854
2900
722
3785
979
1665
4642
3642
3499
1708
4584
1947
3878
917
1124
497
896
1954
4574
936
1376
4089
4102
1456
2434
2926
3735
3192
1803
3713
46
1940
2502
2096
1446
4671
1794
1318
4296
4262
4622
1387
4472
3297
1162
3005
3897
1942
2797
3303
396
3482
1458
231
1599
2527
1103
4579
2451
3107
1288
3779
4411
2
3648
1377
204
4433
4048
3659
1377
825
779
1248
2698
1678
4533
4904
1530
3909
2697
4997
1267
1052
3893
4273
2765
843
2305
2083
3231
4597
3812
1476
469
3658
3239
139
3805
3969
55
836
762
185
3078
3360
1091
4920
472
3678
2815
876
1444
1412
4415
1543
25
2864
3118
346
1764
4793
2029
590
1267
823
1852
779
2034
864
3554
4147
4782
4533
1224
2940
2156
1371
2503
3689
3658
2771
1779
3876
4903
905
263
1439
2818
2861
4262
2826
2210
241
3331
4446
1006
4757
4798
1716
4541
1974
2700
4819
1256
2058
3705
3600
614
4862
582
2880
3447
543
2636
418
1491
1392
2557
3934
1738
1235
1875
2591
4625
1218
3776
3616
140
924
2260
4764
3722
4756
302
219
4147
1391
3078
1076
2853
2749
3052
3262
1784
1043
2738
3348
3683
2737
336
2547
1731
3015
4371
2446
2538
4820
1457
2652
852
484
2038
3799
1148
711
4161
4326
1992
2265
1855
859
858
1440
3466
4907
4011
3982
4419
2831
4220
4733
928
2901
2054
497
3024
4527
1484
3487
1899
51
4377
2952
2849
2642
3589
4335
1480
568
2544
1925
2114
4617
1358
1735
2884
1711
2742
679
1848
3895
3856
905
4521
4604
4912
308
1179
2002
578
390
1738
2716
2618
263
3472
4662
4106
2625
4635
2408
1612
4193
1904
472
279
379
3413
1476
2672
3787
4137
1099
2668
954
404
1994
617
4732
3425
1767
4762
2502
74
2773
500
468
2837
3720
2317
3303
1577
3453
245
84
1190
2134
4683
98
1961
4772
3174
2171
2065
4292
3536
1795
11
3967
2568
4514
4587
2460
3534
1770
1497
3044
2181
1472
383
320
1142
1430
4738
1419
465
119
2919
1751
3228
4558
4774
3864
4813
4531
1957
2243
4448
4863
2976
2309
57
3173
544
2774
1384
3344
1259
4379
4413
448
4959
2285
3645
2461
4630
4642
4343
1150
1786
3047
1552
4847
3015
4517
2621
4368
2168
2579
4755
4715
525
1656
1851
3774
2504
1452
3749
4090
4616
2972
2748
58
4561
1844
3982
4825
939
1190
1403
2062
1751
3802
3955
1882
3148
3877
4075
937
4329
108
1479
2001
3728
1160
1151
2458
2712
4121
1389
338
3790
4525
2459
4252
267
3400
3785
1425
403
2915
1056
2318
3928
2003
2598
627
2576
2174
1373
3387
341
1280
1129
4550
4202
4505
1475
411
1583
1327
4308
4159
457
3271
205
2401
2314
2153
2282
810
4940
2061
3908
3776
4030
4416
814
3305
2094
3900
11
3690
4898
2512
4220
2854
873
490
4596
4505
4423
3730
2441
4208
1277
2696
2594
1513
3667
4533
3791
954
3997
1746
3002
4629
2681
3278
2481
4791
717
1907
1050
4217
4138
3311
225
4863
2623
4509
2244
4799
4030
1771
3246
1655
3542
450
781
4576
4692
4535
3308
2759
589
3647
34
57
1102
4109
3480
748
2268
1100
1268
2059
3960
650
3697
2137
1982
3854
3912
780
2199
4441
417
1649
195
3566
251
2218
4132
1506
2848
2356
37
3392
4655
3354
1491
1796
4064
1833
211
4324
3915
2669
3542
2861
4104
1618
4100
10
2202
3408
833
562
628
910
4752
2517
4388
3553
892
4941
296
3798
2967
2443
3209
1325
2998
2955
1973
1961
305
4524
1635
2761
291
2094
2108
1460
2022
3348
646
1674
172
183
3132
4404
3781
299
405
766
3255
4298
848
1860
920
112
2556
3294
1703
4536
4643
4952
1029
4001
4810
4330
687
94
2222
3262
1999
1844
2531
300
529
2824
2543
203
1100
1480
4897
2263
1691
183
3406
2058
3903
1977
4806
3518
4148
4992
2563
1071
4139
2641
1802
4966
2944
1895
444
2878
469
4981
136
689
2915
2984
4345
1950
80
1712
1943
1900
2320
85
3143
1142
2955
22
2779
506
2350
4561
4148
2321
4913
2851
582
597
3491
4556
4127
1683
2481
2756
827
4563
4392
4361
1514
3722
4050
1852
3879
3762
2605
2024
2075
4315
1549
4604
4122
2301
2905
1116
2245
4734
1383
4331
119
4811
663
1914
1116
1249
2391
556
344
2167
2858
3249
512
3310
4576
875
1870
1147
290
4081
188
2638
4120
1470
4620
4761
2987
2763
4829
791
3013
2824
2535
4137
2187
431
2096
3958
1491
2904
666
4144
672
629
826
4722
3866
2266
58
3866
3269
900
3063
1957
93
1142
4638
1241
4927
1785
1810
4893
649
2801
3349
4234
4344
538
349
4171
511
2011
92
1039
2122
2950
1973
3468
1793
2529
2447
3359
2537
1223
2654
3056
3954
546
3764
3485
4974
1638
2286
4628
2313
437
4889
388
2988
4768
2661
1954
2992
1641
4589
1301
4638
90
215
2611
808
347
3369
4882
1186
4414
1090
1065
3403
1028
3837
778
2209
4743
2212
3768
1679
1244
558
1041
2955
4198
771
2421
996
2562
1290
2013
1383
1571
257
782
3380
925
2693
4564
2483
2669
281
3561
2726
634
3266
4766
3807
2797
4071
840
2589
1144
3244
287
2571
2376
4304
4695
3578
1647
2929
3493
1073
3334
1572
418
4620
4799
4506
1688
367
551
3391
115
489
3463
3510
3211
3267
1496
2408
316
4612
3225
2456
1189
4530
3203
3040
1924
4400
1280
1202
463
4664
454
4973
1059
4654
745
4226
4882
2712
4234
3517
54
4209
2230
4990
4478
4650
3195
4356
4156
2481
2627
4
2213
3603
2271
583
4201
2815
2048
4402
1985
2562
4886
1621
1862
418
504
4610
2254
4379
1553
512
1823
4623
3537
2222
4215
3463
889
2917
2521
2893
4668
921
4499
4423
1016
1129
3290
2825
1345
3951
112
930
1971
3114
922
657
4731
212
3988
4259
4184
4638
48
4473
11
4812
4834
3471
3642
289
1937
871
2080
288
2143
3883
1568
4939
268
4682
2766
2217
2547
609
4500
980
3635
2900
3473
1059
3505
2280
3017
1605
3962
991
451
187
2224
2318
1483
2124
2124
612
294
3328
131
4027
632
1347
3374
4594
3302
4624
1242
95
3677
468
3528
3804
1137
4265
3886
2252
2681
5000
574
4749
16
3160
4498
658
3581
2565
2531
4472
1584
2884
3067
4952
3604
3025
4862
3388
2728
4439
2779
4522
1451
3445
52
1903
193
1481
3587
1258
4364
4125
213
965
1887
964
335
4091
2826
1095
2553
977
1286
4941
652
2168
1894
4970
4923
4039
2070
2017
1885
3791
4465
350
4339
2847
1124
894
2100
4321
1341
3832
1095
3571
4053
1333
4837
4188
1406
2105
3054
2751
3927
3267
131
4278
3297
2987
4064
2727
2433
3014
1453
2869
1443
4674
3145
307
4964
3593
3819
3963
1227
1861
4384
505
528
404
1050
1377
4500
2062
1658
192
374
2555
4689
4292
2384
523
2719
2729
2557
1518
1533
546
762
974
646
530
2871
3080
3882
3075
3285
272
925
1148
4577
1878
2945
1083
3
4176
3010
1038
3842
228
751
1693
2125
1072
4573
4280
2442
2355
3364
292
314
3497
3392
4179
2690
2410
853
1406
745
169
3860
275
3325
157
4795
57
3747
828
3329
2821
2547
4310
2323
865
3424
2653
1714
4501
594
1955
3525
2574
4452
4450
139
1931
1267
254
11
2525
2854
1173
1237
70
1576
2365
2976
3416
3245
1195
4832
2106
2205
3752
4319
621
3279
253
1539
290
2185
1145
375
751
156
166
4127
1017
2523
4182
2190
2099
3230
1065
666
3458
1522
346
3044
2748
608
56
4760
1318
2948
1519
4560
893
4450
911
2973
2729
1919
4395
2229
4383
3326
1034
3112
1118
4419
2139
3398
3362
2347
634
2136
117
902
3319
1920
1347
1940
3104
4663
1269
1448
921
4483
2353
690
2544
320
4020
401
48
2804
4513
848
4454
2535
2280
1826
2577
4117
154
3809
4284
1837
2753
4123
1972
866
3852
3807
2423
1979
4530
69
4513
2917
4233
1361
1997
4569
3646
3747
3905
3443
3710
2667
4993
3035
4955
1264
602
3134
259
2901
4981
876
4848
2556
23
3978
3088
1553
48
2736
944
327
4455
4911
674
3931
3237
1389
1106
2289
1522
214
1251
3625
2889
3712
2641
1296
1747
1920
328
4964
3364
2471
2598
167
1450
2945
4405
3455
694
3317
2511
3573
1306
1441
1939
329
3892
3637
4943
3123
1907
825
1787
4306
3993
1448
3165
2807
3391
4343
3765
2102
2698
360
131
447
3075
3730
1558
852
465
1019
1264
1938
3608
3679
2606
4971
3458
782
3358
1349
1095
4125
3860
2685
4925
1141
1384
699
2748
4538
2780
3433
1453
4674
88
1652
2244
1059
386
4075
542
545
2810
3895
142
4266
29
1854
3869
1761
126
4317
657
4697
4531
3603
2473
1288
3678
848
3154
1615
4652
610
3274
4795
3270
1076
2352
3146
1621
4991
924
1478
3902
580
2708
1063
4106
4449
178
2258
4570
2350
550
2052
3432
4434
1493
3656
4171
3840
4836
1915
4741
1688
3897
95
3661
1597
358
4436
557
2223
1574
1799
1818
4864
4578
2890
3728
2529
1205
1598
3834
2371
897
2513
1676
3186
4466
4870
4716
4811
1458
4170
4485
3097
3125
4608
2641
3101
1108
3567
1181
3875
956
3137
4894
3326
4844
4856
1072
2304
3812
2797
4280
3366
1834
1205
996
4351
2800
4112
1262
656
471
888
1820
4351
4963
4861
3150
2221
242
4688
3946
4937
3427
1143
3028
1365
2021
2899
314
3670
4042
2005
171
487
1328
169
5000
802
3284
1425
4992
4106
826
4345
186
2501
4144
4312
3320
2402
3540
2608
817
2639
3701
3519
4934
1711
2534
106
3164
1534
1123
4265
129
2965
1753
532
635
3691
2804
3345
873
1002
1282
1983
3890
4676
206
2483
2640
4520
3597
2829
3983
2814
3199
2294
2630
1340
998
3053
1268
3318
4453
3670
3540
3685
3025
2424
1957
3715
4033
1544
1729
4733
4378
1426
4934
112
3796
3547
1918
3983
1621
1090
761
328
2036
1905
218
2703
4927
967
2533
2416
4510
4261
4699
1441
1366
4724
3106
520
2240
2914
4298
2971
2276
1125
3131
377
3287
2286
540
1281
769
3972
1062
3073
2744
868
2440
4287
1818
3521
4815
2632
4590
3722
1639
4482
4605
4802
554
4759
3624
3398
1551
3689
2744
1614
3167
1248
4848
616
2507
1171
4111
4258
4437
61
3835
4749
1356
2523
4458
359
4076
4314
2059
1656
96
1500
2648
860
3487
674
291
4772
1358
991
1629
3184
3381
2285
1625
1511
4696
4456
2223
1836
1423
2722
1217
4337
850
4808
4519
1665
1585
4208
2682
1139
3777
2347
1846
437
610
4170
2327
4845
2178
1175
4928
3401
158
3579
2959
4742
1916
1777
4094
4695
413
120
1421
4724
316
2804
3841
2782
308
720
3068
3860
4703
840
3425
3200
2537
4206
2331
4905
1227
3772
492
4118
4775
4209
895
3953
3105
4510
4714
3766
3726
4485
3927
3794
2299
4905
3309
1420
3770
4409
1241
2166
1838
3460
555
1291
4820
878
1920
1071
2400
4870
1636
3920
2391
2613
2488
3254
4072
1792
4270
3792
1732
3738
3326
3389
1816
4962
672
5
1190
1801
3247
231
3763
4395
4479
2508
4091
1770
345
1924
724
582
3576
2518
2055
2026
3736
2470
682
1210
722
2922
4850
3711
2479
2777
929
2820
1598
2951
2228
742
176
3225
990
4717
362
4581
319
1516
1201
2465
3044
1555
1623
3520
2674
2656
3900
2454
1863
1372
3557
3927
4164
1624
1096
2639
2334
4956
1431
2198
3227
3679
2799
2608
3188
2078
1129
2388
4389
4093
1524
181
1964
2134
679
4091
487
4768
146
3196
2913
780
4455
1629
2160
3627
989
3199
1184
438
1115
2691
4551
3911
4882
4430
4106
4463
1564
3601
933
411
2239
3361
1919
1346
1775
3783
3748
498
3416
782
991
834
2036
3398
4300
4895
4689
3879
1211
2542
4696
1181
4848
4571
2164
2231
1836
1458
1241
2189
4162
647
1639
3979
3972
518
358
1287
376
3674
2519
3183
203
680
4998
2451
683
3305
4768
3542
455
2995
40
3658
4983
2104
2416
4055
2609
327
493
3136
2577
3117
892
1415
2120
2785
3739
46
2795
3411
4518
2620
505
4315
1272
4989
4819
873
5000
4232
3959
3872
3656
3464
3559
3407
1032
2578
4371
3308
86
3944
4230
378
1430
4036
2834
1601
3309
1710
1201
382
4480
1724
4669
810
466
3607
2220
2972
3623
4362
4248
1148
4261
2965
1552
2360
4031
4403
4116
2804
1298
724
133
1977
44
212
3175
3166
133
3671
2120
3404
4193
1847
2833
4866
324
4690
2070
3869
125
3308
3192
1999
4520
517
313
3757
2912
594
1294
3501
781
1571
3260
4903
3791
1731
305
880
714
811
2837
2591
4385
3531
2266
1226
2964
2427
3779
1744
4873
166
1964
4061
2352
3675
2282
4372
1380
3694
564
3241
191
2424
2753
1647
2125
1246
1499
2335
2485
2195
2639
2962
1186
4852
748
2650
453
3293
752
4662
1829
1660
2414
4008
4634
732
1704
4864
4854
1345
4870
1882
4419
4079
4629
4725
1962
1778
3953
1946
659
3920
2180
1854
3362
2205
3190
4659
205
123
3328
4530
469
2389
2368
4217
1740
2591
3961
3865
876
3190
1063
1786
362
3494
4618
3658
2677
3761
3601
4702
2408
4047
103
3019
3700
1759
2997
1432
2575
1859
19
1123
4175
2044
3893
1430
1925
1289
398
3093
1789
604
2071
1603
3656
3101
650
3468
1065
4693
1803
4107
3343
3889
423
4144
4312
838
2563
1126
3875
1712
2635
431
1335
823
4781
4036
994
1858
3763
4313
1417
2879
2179
4073
1956
3326
948
3173
3436
4849
594
284
356
2707
1217
1952
2361
2145
3215
1895
1744
2845
2895
2340
2948
4477
2028
1240
2791
997
4762
3072
3101
1562
4066
4609
1009
3377
4322
2133
2835
2095
1911
1487
3742
4962
3094
528
3930
2586
4511
4957
2082
3523
922
589
3425
3860
1828
3847
4317
3462
3910
4913
3977
4687
303
808
4426
4389
2184
2498
3893
3046
2823
2285
3151
4893
3057
652
4240
3430
4014
648
862
1300
2081
980
2555
1860
3264
4007
1671
504
3588
1216
569
4587
1531
4086
709
3449
108
554
2527
1509
4661
3527
1073
3689
1035
2363
2478
2621
1081
2486
1390
4157
836
3616
2344
478
343
2890
3725
1755
2824
2252
4457
4457
1994
4958
2372
2358
3970
2422
368
1376
3196
1153
4159
523
3914
3888
2981
925
914
2733
2655
745
519
3240
1058
1081
967
789
1483
4440
3974
67
1319
1922
2592
4597
680
3801
888
4405
2583
2587
4800
623
3591
3877
2306
2806
177
1373
2145
1840
2142
1972
4803
3428
8
3635
2180
1455
1947
2054
4860
3687
4942
811
3674
1126
3227
2094
2548
1617
3968
3873
3649
3967
1550
1856
406
2698
4718
1949
1509
1470
856
944
4036
763
1274
1499
3236
4367
4708
4380
3823
4244
4950
4474
256
1142
2506
1531
4362
3299
4561
4795
1066
4001
669
2985
424
1162
1034
2604
4955
859
4496
3787
4139
462
4838
2194
3537
1098
4033
1811
403
2873
272
552
1113
413
798
4293
1643
177
1557
2338
4967
877
4630
3644
3107
1562
3702
1807
4723
823
135
634
3671
4462
483
1894
2296
2372
2283
2248
3818
1175
3187
2650
3763
2614
428
4249
4766
4800
3192
675
1480
2089
583
4531
2022
4881
4149
285
2139
4891
3595
2884
3168
1600
1663
4754
677
271
2810
2377
1118
2248
2154
790
4937
515
171
2284
841
2699
4185
4153
4828
754
2640
2787
1374
2594
4587
2113
4909
3711
2228
974
3952
3272
1090
2304
377
1892
2029
3450
433
2456
3498
4980
2181
4503
3090
2707
4537
1759
2263
1087
4098
4649
4529
2482
1691
3412
1337
4974
846
1366
1947
3829
1521
3236
2939
849
2788
3086
3230
3799
2799
2178
3513
1990
65
3430
4719
1799
2219
549
1747
513
3366
1094
2304
4493
4349
2938
1983
3491
4166
3345
3943
3642
602
4303
702
3374
3886
4361
3418
3494
3869
1765
1700
2205
4
4546
2122
3772
1932
1626
41
4653
4629
4535
2543
2884
3424
1051
4918
314
4769
1764
576
3854
672
4723
2504
4030
1479
3227
1219
4991
2493
1462
1490
2575
1196
2013
3764
1836
1188
3611
3374
2559
2064
3856
3048
3055
1217
2661
3397
464
4760
4550
3211
3039
63
2206
133
2331
2921
356
20
582
1938
1795
2703
4897
280
4778
346
2508
2399
1930
3375
3733
2024
552
4953
3745
3037
825
2103
2021
816
2650
1523
833
390
4426
1239
1004
4556
1355
1136
322
1136
1575
4929
2940
2418
2019
1304
803
3329
4055
2873
1893
3009
2797
4784
4593
1710
4290
3626
1966
1877
3390
1104
2989
3392
4705
1502
3563
3984
4198
3449
2109
3356
847
1736
926
2616
1509
3087
1483
4127
3940
2785
3067
4963
2570
103
3311
820
2742
2731
1132
2033
1271
2690
4169
2780
269
529
1
3559
3163
4209
2662
2998
33
2274
3314
4098
967
4607
3480
2686
3505
537
3926
974
2971
33
2941
2654
4183
2672
330
3649
918
3017
1575
4564
3150
1622
1675
4186
4287
2237
3560
4465
2339
346
4878
1052
1435
3060
1826
3344
3892
562
3278
1164
1955
4089
1168
4981
2535
2310
482
2851
3937
305
561
4332
425
3972
68
1559
3117
2229
208
1175
3611
590
775
815
1961
1305
3442
345
2624
361
2858
3083
4795
4193
4920
2183
4244
888
1823
1278
1632
4703
2309
3870
368
3890
3560
4538
2494
1563
1556
2828
2303
1450
2352
2811
3107
2243
3487
3202
3498
2119
1514
502
3477
1674
2785
1219
2984
4186
4532
762
2503
3131
2918
1716
3946
3504
3476
201
4472
2257
1775
2283
3086
3680
1739
4668
828
894
1508
1302
201
3343
3205
4972
2802
1710
4753
204
965
1570
4959
2516
773
170
2632
4685
3628
4874
1350
4575
3727
2625
1648
202
2267
4217
2976
470
1409
1851
4649
3759
2442
3792
4892
1811
2463
3613
4810
516
212
317
4100
1299
2733
4683
317
1774
1582
3471
3462
2737
4592
658
3660
3708
1384
91
3224
3474
2968
2317
3467
1161
2888
696
1106
4702
3001
2428
1257
873
2064
2421
189
518
1762
1321
128
3525
4503
1196
2008
4861
468
4211
1381
8
1203
2058
1025
1064
3309
1518
4160
54
2789
1411
3120
819
4895
1233
895
3503
164
1860
2200
4376
4421
4683
3640
342
3621
3437
2521
4773
4011
2704
3550
107
3250
1624
4197
785
3707
4582
2041
1150
1989
202
868
1937
3826
4193
274
2991
2942
2876
507
1969
3885
922
1839
4240
1094
1209
416
3255
4291
210
3230
1359
894
240
332
2160
3392
4627
2573
3254
4500
2493
3199
4622
4398
4158
3260
3325
1119
4937
4642
1670
2218
2113
4922
3396
2946
556
344
3433
3337
760
2978
240
1416
3481
2707
4512
1327
1062
2045
4599
2063
3528
3605
3514
4347
951
2029
2072
3948
4763
1321
1484
4783
1106
1991
1244
520
4305
468
1160
3674
870
451
4616
2052
3930
1909
4663
2307
1437
3675
2712
1234
1756
3421
4909
2164
4103
2618
910
2496
1002
3470
4099
2449
2801
1978
4554
2917
3047
2881
2713
3833
2818
2594
3727
2893
1330
1168
1872
4191
3659
4041
2700
3696
171
3467
1397
3811
1622
1662
43
493
3688
1431
1587
4699
1916
765
1925
4903
2364
102
562
4393
3325
4362
4863
217
624
4011
956
321
2340
2693
3405
3717
2512
3968
1314
3482
4230
4989
2989
2106
93
4426
595
1722
272
3325
2570
504
4808
9
3464
2384
4567
170
4450
489
4490
1799
997
1238
2318
3533
249
2498
152
2131
3333
393
2003
2961
1916
3597
2393
1930
2270
4366
4417
3092
695
1404
4222
3532
433
2970
1271
4349
2100
769
3388
1493
2564
1498
1951
3298
4364
4304
2697
377
3932
501
1836
3464
4662
673
2881
2721
1531
1426
638
4907
246
2036
2296
2716
1112
891
4424
829
3821
129
1439
42
4136
3907
1161
1407
304
1371
3609
3646
4192
3543
4952
2381
4920
1680
3297
4432
46
3599
2062
1775
759
698
594
1192
237
3141
649
1063
1801
4360
1554
2993
2894
2365
4772
4612
2331
4871
1870
2979
3393
2233
3992
2408
2931
270
673
704
1684
663
3371
2024
4059
4783
1221
4723
4394
4112
1379
1137
2352
3993
2064
316
858
1537
4800
2251
831
2715
59
4481
821
3110
3731
297
4127
4144
502
1283
1756
1785
941
4936
2375
961
4644
579
2857
1304
4119
3828
2025
3786
4773
2091
3880
1613
3349
1275
3243
1363
2137
2048
1352
4522
2796
4514
139
2080
3443
2389
4530
3504
4089
4057
965
1109
3230
2556
978
4867
3819
3227
289
1235
602
2404
3897
1124
1617
1388
2803
4104
3964
1972
1101
4502
3972
4138
2012
475
3352
871
3387
2397
4958
4206
875
3601
149
2146
623
1424
1814
3733
3408
1869
3452
2749
1670
4798
596
4075
1250
4425
75
64
3630
2476
2568
4388
2700
674
840
1596
3187
1658
1039
123
1880
3469
3442
4961
3259
651
305
3417
4803
4062
909
41
3340
4166
2940
1226
929
2288
3201
517
4431
4333
3612
3392
1230
533
2344
2198
4869
4065
790
4469
2070
2020
1377
3223
1998
3661
1093
163
466
335
1142
4031
4732
1305
1533
1752
1590
3170
390
849
4870
3728
700
1617
4692
1889
2803
2699
4995
2446
4991
386
2495
4141
77
4154
2031
1051
2941
1852
3118
1922
3627
2141
3217
1572
3956
1493
4131
4151
3243
4885
2880
1164
436
529
4418
231
3055
1245
1621
2072
1093
88
4385
3404
1179
4991
4240
1832
362
635
4835
364
2041
2858
3728
1082
3078
2665
2195
1793
3860
4230
3300
1204
4997
3171
1519
3822
4380
1496
1616
4730
4951
538
3597
1539
3298
1966
1571
1556
1319
2258
2700
2919
274
4695
3254
4368
3612
1765
1094
42
4517
597
2970
1220
2333
4447
706
1646
1022
567
3097
2210
996
4730
405
282
1602
367
1222
1585
4069
922
871
4158
430
4715
2624
1235
1227
1573
1423
1510
4801
4539
4145
4216
2295
2329
920
4187
905
2702
2936
4507
1950
4027
1133
4443
2425
4636
2655
2309
3595
405
141
2593
4516
1491
3884
1885
811
2739
4341
4007
2642
1897
2422
2471
428
3666
4732
1571
337
1987
4821
1212
4674
973
1261
2173
83
2173
4413
1285
1320
4646
2254
1152
4722
3061
2857
3801
4399
292
1927
4216
453
1153
3277
3411
1824
3056
1246
3767
4493
948
4344
788
1557
753
3556
4692
1297
4823
4403
4790
4914
4600
4017
1439
4824
1613
1630
61
3303
3370
274
3812
1381
4908
3081
1742
3101
3083
257
1140
2294
2326
1998
2464
1427
175
756
1844
1275
1015
2077
1292
3319
383
1949
1089
1663
1552
4150
2138
2989
3408
1806
75
3578
2073
2714
2936
2238
2722
1980
2753
1686
1464
3239
560
3892
4938
2235
1921
4998
457
57
1391
3626
354
2838
3137
141
3932
2383
187
2008
731
4379
1721
4494
1842
4958
3201
2835
4477
2938
4692
2403
1258
3568
4584
1455
2115
2930
1720
4600
1352
3637
320
582
767
4459
1772
2187
1827
1502
2311
473
2280
259
4135
1256
3895
2723
4969
3289
1922
4685
3478
2254
2593
1296
871
771
1334
2161
4809
1366
691
4498
1963
4014
699
1597
1185
3159
1162
3770
4578
692
3144
1415
2787
1560
2862
4918
2661
2142
2682
4087
4741
1948
2839
640
3104
3203
1187
2970
263
2345
3504
2997
4193
4470
2095
1465
3173
4331
4178
3943
307
3586
1612
242
278
3722
834
138
1533
1191
1235
4260
547
4369
1439
743
1997
2310
4857
3449
3301
1905
3581
537
1197
3054
3929
2531
2243
1669
4285
578
4187
2875
2425
824
4732
1496
4285
690
3453
4683
3619
3674
1961
1687
2733
3698
897
4733
3469
3090
3738
2955
2213
4201
3511
2136
2940
3129
396
4475
4327
2553
2656
4152
3398
4582
447
40
2169
2107
3576
4594
2362
2861
1935
55
1667
3876
243
4096
1992
3242
4602
3394
912
3170
1407
1952
1963
4114
620
4660
269
1322
3601
4209
1871
2372
3733
2327
4202
3259
2955
4643
1551
803
1880
3187
562
2556
2964
1760
3451
2136
4711
766
67
1930
1274
2414
3690
3210
2640
4199
1876
2982
4024
3146
2314
597
2864
2053
4726
4966
1975
2485
130
4766
404
3500
5000
3157
2754
4255
1936
4283
152
4214
1249
4623
3469
1001
3458
4866
4884
4193
3948
4209
63
3629
641
3367
1646
34
438
658
4866
1018
4296
2548
583
1662
2509
3455
17
644
253
372
3156
3550
592
143
3820
4633
2476
3209
1190
2341
3486
759
3749
2034
1804
4053
1281
646
1044
4663
1280
860
3177
1915
4635
906
2677
2848
4778
2718
3556
3943
4463
3945
404
3198
4435
2167
186
4320
1987
3201
3508
4493
2296
3617
385
3262
75
1834
3980
3611
4577
2309
3440
2215
2148
1961
3165
4139
2458
3627
1135
1992
3103
416
876
2709
3897
2260
2877
2309
4860
1608
4300
3091
1978
206
670
3856
4847
368
4484
4882
4891
507
1806
3501
2272
772
927
4831
3292
42
1624
4327
1477
4562
560
2741
1629
3902
3012
1341
4212
1321
1999
4210
3439
2093
2475
218
2040
1645
2154
2251
2584
2517
1539
1901
1991
1966
1382
4105
4562
3102
3959
2065
4560
3124
3036
1451
3522
435
1315
438
2839
3163
4534
326
706
1861
4648
1684
4204
2084
317
4580
1602
1111
240
1603
2314
2298
4289
1131
691
2524
3602
3608
4443
3197
286
243
2792
1139
3555
4757
2581
1263
238
3009
1353
3475
3077
4956
4154
4922
835
4394
4444
4809
1617
2061
3590
3428
2588
2833
519
3820
2788
27
1244
3075
2719
1285
4584
4658
2619
1545
40
2821
3838
569
862
2890
465
635
3908
3988
3203
3670
2619
1838
4862
2801
282
93
1106
1647
2191
743
614
4879
1462
2048
2357
4178
279
2391
130
4290
68
1409
3017
818
4480
2912
1944
1604
4865
4129
3216
2835
3805
4495
297
3984
547
1507
377
4501
3772
2875
450
219
53
2868
2320
1651
3631
1334
3145
2764
3252
3745
4346
2549
2867
2892
3634
4596
963
4787
4297
4188
4595
3453
2657
4013
2753
1133
1105
147
906
4866
2267
3188
4053
2083
2071
4729
727
4370
3689
3662
2312
4154
4687
1561
2058
4948
4299
323
4603
4978
1193
2467
4039
217
1497
2214
2338
4792
4430
1211
2695
3279
2707
4953
3022
4780
2022
1464
1548
443
3266
962
2981
613
3763
4871
312
3036
4165
75
546
2891
3821
4425
2350
3860
3112
28
4642
2744
54
1288
3285
381
2348
2120
2346
117
109
1853
18
2632
2107
2858
759
254
3217
2399
3253
1092
1848
3467
3372
626
4211
3894
26
1341
2895
2662
2979
1759
3335
4401
784
2013
608
4497
3565
590
3048
4247
4225
2500
2733
3066
4330
4936
2364
2930
4765
4601
2619
1553
4099
612
428
2115
3823
2142
4794
2670
472
3496
3404
4509
310
2375
4470
3899
4662
4304
3958
3272
1034
1743
826
1963
2849
239
2004
1935
3008
2867
4405
2208
3593
4860
3106
3416
2960
1060
4831
2913
3990
881
2602
468
1574
1304
3249
2106
3111
1195
1330
708
3462
2963
622
2933
810
4272
3194
3077
4702
1736
2609
1772
1040
4091
2050
3791
3216
1960
1427
2533
3260
3507
3870
3876
2276
3376
4055
3085
2678
3836
3036
4015
1638
3737
3311
511
476
4439
4287
852
1378
1110
4752
1421
575
857
1454
2424
2647
1323
4877
4413
3996
2838
4778
3970
4759
3059
2306
2330
3203
1135
4052
2389
1519
843
2256
4360
2503
4707
1882
4424
2232
2033
3315
3683
300
658
1140
4642
3888
3509
1649
1955
1483
2105
1012
3134
1120
255
331
2036
3548
1566
869
3274
4745
4423
4816
1600
2759
566
2440
1722
4934
4150
1491
2720
3559
243
2944
595
4892
3195
3719
1811
2227
1528
2709
4431
561
3148
250
3764
2872
2132
4470
3223
989
617
4671
1993
1202
3254
4513
1062
4439
4051
4001
143
3045
3310
3685
899
2785
170
1137
3161
1531
2954
296
3972
1793
4776
647
3506
2644
16
4031
2319
3516
2311
605
1145
4878
1612
3517
1208
1127
2246
3341
2675
757
4119
3156
3100
3027
3275
1906
786
2341
4270
2411
534
4221
3133
308
1055
3968
3443
971
3876
45
2981
103
2881
1003
1446
3265
267
4062
3824
1166
4240
2351
2222
4622
3781
2906
2408
2850
3803
172
946
727
3805
427
606
534
4476
1881
2765
155
805
4093
2541
2475
4834
1399
1036
596
2827
687
2593
217
2546
2031
4798
3550
1881
3238
4232
2790
4463
3657
3788
903
2904
1931
3571
542
1826
3031
660
3787
4812
4635
1928
304
2317
1143
4742
3929
2486
3258
3395
308
816
324
1427
161
2277
2277
4518
981
520
3087
787
4210
136
4421
4411
1891
3109
4699
3902
1510
4982
2501
3536
2993
836
4254
4309
4588
3861
594
3759
2592
1124
4585
3201
1918
3323
1259
4933
1520
2890
3352
2031
2506
1252
2246
22
1946
3738
3450
1331
1643
3213
1340
3580
3369
3827
1935
1771
2858
1159
2636
4087
4285
4193
2572
2964
3775
4914
4515
2501
810
71
806
4644
3646
1501
4733
4719
4556
4566
2891
2800
4319
1452
1719
4560
4717
652
1740
87
2003
1724
920
3245
54
282
2788
4740
4457
2887
3053
2589
2627
4164
530
2619
1878
2927
3041
2339
1118
2003
2566
836
3187
1889
2081
3057
169
2716
6
1019
2694
2412
2115
3354
479
4306
2133
3071
1554
2568
4863
4311
1119
470
4432
1490
2187
4144
1706
1114
4985
2524
1311
2889
4989
3371
2660
2615
2404
4549
2704
1024
845
3266
4902
2555
2975
4611
1377
3376
3529
2960
3242
1556
1781
748
2936
771
751
572
2911
698
3298
2356
189
548
2848
2507
4806
1898
3726
2656
2694
1766
92
4548
2501
2096
3727
2444
2170
942
2917
3492
2343
403
4047
1268
1923
2358
1204
4116
3754
953
2244
3797
3287
4392
67
2194
1648
34
4600
4211
3714
2887
3013
1050
275
1563
2078
2300
1478
3121
666
3771
3367
2200
2602
390
4665
648
2926
4904
2371
1635
2651
2714
1131
1350
36
2936
849
513
2516
4901
490
3698
116
1635
3682
1892
3809
3851
4112
2331
1116
3145
1197
884
763
71
4189
1025
4320
4624
4716
4186
3971
1617
4303
270
2359
312
711
3143
2916
2770
3080
2441
84
4215
4332
4492
3969
4429
2680
518
3033
2736
4216
3928
2393
559
1763
1699
914
4014
1278
4615
2837
2110
2683
3916
4645
48
3625
21
4687
3941
3216
2222
357
36
0
3514
1463
4443
2033
271
3496
482
1582
2374
905
4458
1313
3322
914
1994
4215
1192
2953
2960
2191
2640
3940
588
4492
406
378
2141
4937
4586
1434
2145
1906
443
543
48
2611
1402
2836
225
4035
3726
3035
3853
1564
3164
412
4155
3396
1927
1026
250
3900
408
954
137
753
521
4368
163
2326
1050
4920
1329
638
2032
3742
2929
1001
3072
1337
230
4872
4615
1102
779
656
2274
760
4176
2864
2610
2046
4107
2419
1626
4766
685
610
3026
2353
16
4389
4588
3948
4019
2791
2242
4546
97
4632
3054
2873
2040
886
4259
4442
3923
1588
3870
3694
4893
1630
97
3395
73
2418
4232
900
4187
1488
2798
4206
2693
118
1114
1710
2829
4071
4822
548
2188
3394
462
910
2115
3653
4513
1576
971
3602
4453
4451
2380
824
840
881
236
378
3604
2051
1112
4367
4039
1967
790
3182
2829
320
918
4155
3482
1952
2907
3391
2595
1200
1725
1780
1075
4082
2018
1843
2071
1131
2474
2847
2059
4970
90
3857
3993
4461
1888
4299
979
3899
360
883
3380
415
2292
2302
1710
3954
4500
3533
4948
4238
44
1568
1706
609
185
4940
2040
2220
1472
1069
322
268
3292
70
2607
3104
1008
2399
4336
4239
2931
1716
469
4832
3888
2642
1622
4752
1144
3029
640
4140
3284
1918
3212
3070
3886
1095
1010
4830
120
485
3337
4400
3903
3824
4786
2293
3774
2058
1487
3494
2309
1571
318
1808
3034
698
921
3951
501
859
3905
1037
2827
536
3529
1819
1560
462
3156
3185
959
2077
4841
2698
812
1129
1860
3072
2001
3792
602
3011
3802
1368
1086
3774
4995
4802
1416
3049
4486
1678
2556
3925
1937
2055
3841
3717
87
3356
4734
3856
392
1582
1190
2588
1847
2721
2239
4159
845
1893
4725
3811
3005
37
3006
3611
4894
1599
2011
1864
4318
1961
1221
218
2821
1120
3145
2564
3833
3892
2593
4588
4776
4908
1896
379
1173
4020
3407
4486
2451
953
1847
3787
4503
3917
1512
3867
2251
4920
525
562
4455
2327
2637
4376
3307
4591
337
2794
1316
1775
3283
414
4916
3740
1847
4059
2869
1416
3902
3537
3185
3560
4325
975
2001
827
1996
3469
2819
3711
3873
2213
220
3378
1062
3376
4103
1580
4930
158
4764
1891
3138
806
493
339
3066
4290
333
4236
2790
2019
3603
2309
3780
1092
1070
981
2239
217
3485
1372
4709
718
2616
3613
3779
3220
3145
2788
2788
3471
279
1287
425
3881
3382
2794
1970
1443
1857
4749
2807
4620
214
2383
2223
1224
265
3931
333
3948
1733
1762
996
1667
1817
4370
3345
3976
2852
2185
407
757
2670
4022
96
1907
2905
3839
1633
4172
3312
2866
2587
1468
1438
3639
2719
3840
4443
4794
577
1509
2382
31
2190
1284
4998
2833
4880
4444
4687
3371
1504
4799
1211
3584
2347
1387
3375
939
283
4724
4723
950
648
1472
1714
355
403
2652
602
223
2995
4750
3639
4562
2096
4782
971
1237
1980
808
775
565
4858
2937
2047
755
4205
2026
4485
1826
2775
1256
2957
962
4164
2843
128
290
3828
1643
4373
2459
3669
4000
3331
257
4943
1567
4945
3761
3703
3229
1484
3015
3513
1099
3895
3545
3006
1354
3914
892
2669
3496
687
861
38
285
1760
2067
4041
1947
3161
2359
3134
2016
4205
4733
4570
1533
1520
2234
3135
4398
3003
991
12
4271
2275
3299
2838
1290
1558
758
385
3175
3191
4335
723
1457
4688
2860
2379
1299
1444
4568
3288
29
3733
3604
4491
154
116
4688
2065
4993
2634
1835
1308
973
2862
1842
220
3707
2000
3895
1409
3782
2354
1269
182
2386
4104
2611
1105
3023
4366
4152
483
1793
4005
1920
4499
3299
2978
2081
3332
2019
2169
4206
3454
237
3693
3477
4205
1900
4503
1498
4056
4199
1467
1353
2495
2871
2807
4190
2457
3592
4940
1486
2518
3124
1721
2841
3457
4736
1099
3629
4767
1442
2696
4725
3354
421
4224
2684
1448
1286
1457
2514
438
982
3503
1098
1864
2652
4404
3884
2471
221
1659
4415
3324
2651
1921
4106
3857
2803
1162
3682
3612
223
1769
1600
4469
4707
3630
251
4660
1925
3552
3117
2993
3871
1970
663
2038
1634
1919
1739
3979
3993
3770
2340
1651
1898
1846
4306
4938
946
2573
3790
2653
1196
3076
246
4729
4311
3757
1581
2778
4979
3652
2378
2518
3366
3324
2715
3126
337
3908
3031
2705
702
3627
3739
3611
2987
3971
4725
4566
2660
1446
440
1147
392
4132
1778
3841
4933
2016
3129
1124
2717
1579
219
2807
188
3307
2541
4755
2271
3281
1070
2534
3753
4828
584
2179
3237
2527
874
3100
1386
1212
4863
3317
4326
4522
2539
299
4379
2843
2024
1253
4955
1736
2199
954
2444
2625
454
4771
2805
1727
1523
4036
3865
752
4769
782
2140
1849
2828
39
4352
4087
2628
937
126
1551
4423
3337
1536
979
3899
4171
4129
4167
39
138
4052
1313
1835
1647
1894
4444
1109
4587
3427
1934
745
536
18
750
997
1628
437
4869
4548
4218
2766
2812
1847
2463
625
2043
1140
3612
1400
2955
2131
1578
4761
279
3665
3785
1099
1948
3083
3503
673
3925
55
627
1520
2588
2060
407
727
2702
918
4313
4751
2138
29
4045
443
3591
138
1662
415
506
452
4212
1416
1035
878
1201
249
1912
1111
4715
2288
475
4037
1917
1453
2765
4569
2076
2202
2451
1719
2106
507
358
798
2436
1547
4751
583
4738
2811
129
4192
1083
943
4410
2170
1297
1201
3430
1252
2533
37
2399
3918
2370
26
1245
3706
4490
365
3675
1379
1997
487
4552
3606
1957
2294
3525
2531
3072
2314
3044
2938
3070
1906
2700
2629
4031
4770
4200
2042
1997
1599
1157
433
499
3647
4967
4124
2766
327
2765
4080
432
3375
2545
4379
1017
3071
4224
4371
2622
4259
1749
3780
382
1093
3874
2526
1901
486
1430
526
4884
4183
3707
1978
4841
4012
1093
4470
4996
1472
4947
3020
4437
3840
3563
3850
107
3925
4327
533
2248
2148
1727
834
2343
1999
3978
4111
4212
4832
3167
977
189
4176
4947
4198
4058
4608
4445
4937
4579
3734
3883
1699
4902
67
4217
145
4244
2479
2276
390
1362
112
3066
231
3243
4397
2704
2185
4284
1334
129
1437
1482
2030
1669
4794
2687
1896
3320
2240
4926
4199
4480
3299
978
1386
4020
2122
1386
1512
3808
4575
3099
4934
4161
4809
4869
3735
3900
533
3020
3066
2385
4048
4592
3933
2074
2275
1792
802
2574
1454
4345
2449
4601
3089
3929
4567
4514
4111
99
1154
2095
2632
847
3310
462
243
532
4475
1333
4363
2841
1396
4357
1510
505
148
3247
3671
3330
53
1532
3660
3428
1996
3148
1418
2100
599
4995
2942
3634
3249
2389
357
68
3917
2402
4111
2850
478
3542
171
768
833
2988
167
2987
750
4430
3410
1654
1016
3705
1770
3346
1712
4446
2261
1644
2023
204
389
1079
1515
520
658
3970
2661
2713
1250
1409
2241
439
1500
2660
2962
2897
130
239
2926
2529
3202
2185
1143
906
4821
3999
3431
1431
3304
1617
4144
2827
2179
3954
557
1758
2818
2645
748
995
1047
652
4846
2382
2827
2875
4608
885
4990
1485
4173
195
4432
4485
3828
3311
3834
1075
3286
1471
315
372
3180
643
132
3004
2409
4319
857
4838
4543
222
3634
573
2302
2996
2308
4871
71
2519
2053
2001
3306
4109
4748
2080
3834
2764
4989
2436
1690
655
3148
141
91
4532
2307
416
4924
3826
847
736
3544
4925
2473
366
4433
4792
4737
2067
658
4959
2686
3507
4417
1344
4670
502
3258
1816
2304
3902
1479
2637
3548
78
1240
4845
4845
868
1320
1909
1024
163
4205
3056
644
4541
1480
692
2687
1039
4272
3418
3275
1008
2649
1888
4971
377
2845
2264
3361
4942
686
1725
2082
3821
3891
3817
4145
3605
4100
1092
1196
2573
2464
3768
3027
1689
1301
3867
1622
3175
4794
4882
4761
327
24
3162
4347
3846
241
393
2116
1401
2460
4535
1784
583
1949
3053
2661
2643
1300
2259
3888
3199
396
1971
1350
1206
4762
4125
1038
1569
2783
3149
4778
3550
916
4995
2228
1
4242
4498
916
984
1264
1876
335
3463
2448
2513
510
2431
896
3433
4116
3095
660
32
4248
4296
3533
720
3181
1003
970
2650
4254
1622
4025
726
1915
4598
331
4268
4007
372
3502
4184
4958
473
2610
1634
4225
1552
1387
1664
2069
1118
2629
2599
4521
218
3963
1789
2944
537
1043
1696
4399
1603
913
952
4168
2251
2647
4130
3237
2072
4776
3948
3579
1479
674
4073
2203
3083
254
1357
1818
3992
1256
94
2376
1047
4419
3125
2740
4126
4320
2221
3767
1383
245
2647
133
2220
4950
3679
4211
1775
1970
4421
2293
24
4749
2084
1517
3
2048
615
663
1771
3871
312
4352
3757
2066
4935
1021
4702
2665
4993
2086
606
807
39
3740
570
1853
664
2863
3308
4902
4338
4491
2934
2490
2618
2334
3384
802
214
1186
4283
28
1518
3464
801
1237
452
1402
4218
3602
594
4151
2772
1328
4018
2929
2595
809
4411
1840
4221
598
4722
235
4204
246
636
2109
4733
884
1318
3586
1070
619
1628
2813
4611
4832
4247
634
3029
3946
3350
1996
1831
2741
944
845
3277
2872
4686
4950
59
4441
3863
2886
4752
347
2933
2931
4422
4568
3696
822
3207
2172
50
4819
4020
3633
2371
4749
1841
3972
4672
3760
657
2909
1285
1543
2887
1343
833
182
3709
1254
1841
171
2667
1078
1988
4718
1452
874
2917
2069
3158
316
1519
3618
3238
4310
4935
4115
3673
2516
4976
3160
3796
3018
1434
1331
4735
1823
391
1885
4933
1618
1728
494
713
2762
1725
2729
741
2190
454
805
2318
2905
4595
3980
4419
4524
2620
2188
2312
4513
2204
1671
1799
2336
1711
3011
1878
3814
1732
3473
4685
4205
4001
2606
2140
11
2086
874
2523
1543
2976
1597
37
4093
564
1481
241
3734
4980
462
3215
3817
3080
847
711
309
1044
1105
2564
998
922
211
2086
538
2253
2221
3312
3044
4936
1933
4081
3971
1699
1274
3096
4548
494
4025
2492
1401
2515
2681
1758
1197
3354
1963
1973
183
1515
3865
2505
2175
396
4620
1965
3447
4509
2364
3400
4539
2583
3769
3752
4245
955
2480
369
3314
520
2703
4494
4114
898
1045
4858
40
4353
3358
4251
3716
2714
2985
1770
304
4257
4981
2943
1446
3053
438
199
163
979
4494
1161
2516
3998
499
1557
3223
3235
903
3922
2396
273
3862
1837
1322
1726
2491
4040
2729
3065
1163
4845
4777
949
4815
4382
3168
582
1597
4968
3218
2607
214
1898
1977
948
1253
2858
1054
1606
505
4192
4638
3547
3040
1853
419
2756
1466
3478
2843
3727
1263
3211
2126
2634
269
3797
716
4110
507
4205
3689
422
1742
282
590
691
3682
4125
2319
2603
2869
1755
4704
652
4802
3661
2401
3233
220
3502
4256
4143
22
1168
1684
1979
3297
3131
833
2818
2508
4312
4443
3379
713
371
1820
4987
3232
3796
3929
91
4109
4549
3583
1439
823
2851
4359
2194
3352
1519
4002
3190
1226
2018
4477
27
4728
1413
1116
3643
3005
4032
1092
2598
1646
2828
2607
3640
1523
2667
1622
4208
2286
4191
1795
4506
503
3041
3099
4285
1606
295
2288
2569
1969
1791
73
3024
956
3710
568
4015
4296
572
2600
4611
4021
1289
4213
542
1056
411
338
30
4615
350
125
4052
2295
3351
4758
1431
114
463
3934
2352
443
1107
6
4388
1000
4865
4142
4577
2534
1672
933
2123
42
3310
3349
2878
2345
1849
4738
2137
2158
512
1994
4205
1521
378
2204
2577
2941
2990
2329
64
402
4936
2469
3798
3839
755
99
3394
4148
2057
401
2893
3848
4029
1062
806
4944
2125
752
3411
4831
1358
2871
1083
65
429
3767
4928
3164
70
2561
3198
106
2226
335
2481
2734
3974
165
104
4939
2853
2085
2939
2508
4314
3483
2444
3510
1665
2638
4305
4080
2257
129
3295
1641
806
2934
2723
80
1540
2262
273
4194
1057
4389
3032
509
4262
3683
14
597
860
2779
4250
3021
1015
2079
4416
2424
3942
1250
2830
3103
4879
1455
1520
495
69
4763
3665
2346
1004
3571
895
3721
3272
2418
4639
1301
2360
1693
1358
4651
4856
1330
3676
2831
2578
778
4884
1819
4980
1330
3645
1240
2886
714
2727
385
1868
2557
4491
3655
114
233
2266
891
416
1129
4040
3713
961
1115
2555
94
2553
4595
4855
2242
2435
3953
3766
3795
3847
2614
192
408
2243
4202
386
3451
158
3365
4326
1530
1609
61
1425
3037
3717
4212
1347
2351
3093
1774
417
4199
1568
2361
2027
1234
2508
1398
1032
553
3853
2115
4322
368
3974
96
1065
4792
3000
4320
4876
1766
1061
841
325
1190
3262
2276
341
21
744
1132
1204
4062
4005
1788
1449
4550
3177
2068
4645
972
1969
4647
1219
4397
4929
477
408
1489
3236
679
3749
1705
1140
1205
4149
1289
2224
990
1047
1600
4277
4944
3808
104
4087
2160
3966
1756
535
931
897
3728
1198
4145
1573
2692
3312
4584
697
4423
2727
4116
3248
481
524
4988
4258
3789
1521
1028
4733
2667
3887
4182
2896
2485
356
4515
2946
509
2998
44
3009
3816
4448
4775
4190
3616
330
3787
2435
1720
4178
4021
4400
1819
2210
1913
2118
3044
1979
554
2647
1670
1607
3544
3728
1963
422
68
1580
656
4953
1212
3488
2049
841
3817
4848
18
2333
2975
2170
1357
1009
2367
4695
2050
798
2596
3270
928
3158
1205
3371
3471
4367
119
4630
1806
3096
4720
600
1550
3962
2493
2526
4250
4149
227
3859
1577
774
3156
3695
2219
1908
937
4395
285
3660
4616
2504
637
2174
950
2351
3539
4484
1999
2507
1438
2772
3718
1525
1732
4704
4784
1098
21
1756
3809
2327
2923
1503
2443
1915
1967
696
3359
478
4190
4411
4321
1571
1473
2101
1990
1751
2284
4598
4359
1884
1570
926
4148
4934
4206
747
368
4643
1608
436
2463
1882
3925
553
2161
3615
4890
1580
4382
4402
1276
2804
4438
4272
600
3501
4625
3607
1163
105
4223
272
3350
1610
1792
455
3620
3403
1918
312
2870
2209
3993
2378
4470
4103
2817
2158
1684
2285
1049
128
3993
1864
219
2292
2955
1567
1805
1613
2368
27
3435
4107
254
1497
2381
3642
400
3460
46
3803
4441
3461
630
541
3115
1411
4212
4545
3209
1802
3362
699
1279
2824
4787
2540
2737
1032
173
1702
1638
4077
3637
618
2134
3337
3455
934
2738
4035
1373
2866
2690
1595
1647
464
3223
609
3596
1748
2285
865
1120
35
1701
2200
1771
337
1679
3403
3511
2644
3734
1681
1781
430
2345
3697
2839
3405
3986
2280
2236
4287
127
3626
4425
4793
4818
4456
180
3579
4257
2646
2551
2909
1834
723
4882
3754
3720
2662
2396
3914
2716
3780
517
3745
3439
309
1181
2493
4421
58
78
182
3686
1382
4000
617
195
1897
70
1237
2791
4083
2628
1865
4559
2022
815
2977
2176
1213
3158
1980
4568
4229
1761
3173
4910
3443
1395
3243
3878
2071
4585
2398
2083
1498
630
171
532
1577
1942
4666
292
1569
1383
4521
3109
4666
4538
2091
4179
2208
1487
2091
2853
1393
2344
3173
515
3675
2333
3826
1794
2323
4364
3641
1853
493
4981
3736
960
3159
4749
2531
1096
4804
2506
1653
1656
3402
3684
2650
4729
2031
3540
1382
4682
4025
2473
1355
1190
2483
3734
3815
4590
1390
2426
4860
790
3388
883
4890
3286
1438
2327
772
3561
1718
2068
2405
1687
3085
2469
2732
3921
4541
3230
518
1426
3994
4690
3164
4719
4007
4350
2613
4134
3981
2889
4423
3088
4177
3892
826
4596
3432
3430
2222
2913
2642
1301
2247
3526
3389
2513
4000
1197
3053
74
3947
739
215
3596
3483
2328
2181
62
363
947
2365
1035
1554
4742
395
3826
1299
4887
2358
588
3919
3774
2817
3657
1326
2438
4080
4752
2496
2844
328
1030
1026
1632
893
2914
973
728
4722
154
1515
1925
2344
4453
4841
1814
51
4573
1206
3886
1733
4452
163
709
250
3492
4588
4707
2359
1924
1383
3700
1393
4572
811
976
968
4478
1231
2139
1360
774
1733
1026
87
3382
4227
1023
272
3844
3340
3194
909
1326
1164
3472
126
1469
4788
4022
2587
3367
985
1548
3721
4046
3631
3913
1956
4678
2199
1035
2377
4342
4950
157
2267
4362
130
3228
2007
58
4204
875
2985
2539
3660
2167
2388
262
2281
4457
4974
292
2982
2736
3685
3354
3121
2185
26
2776
1313
4324
1135
2681
1432
3575
2616
336
2719
334
3267
3020
2899
1117
1856
4938
535
4938
791
2937
4249
301
2630
3420
3280
1088
2212
12
4757
4257
4819
3443
3017
549
3668
4980
4258
1649
4888
2827
89
744
4053
1870
3333
1197
43
4463
2869
4299
3134
3310
816
340
159
1618
822
1134
3711
327
3857
3715
4118
539
4444
1702
1556
1142
1414
3406
4951
3655
4835
4756
739
152
4625
2716
4140
4733
3300
2900
4199
3499
625
3656
2130
733
4061
3417
2616
4759
2048
2453
2494
4557
4684
178
2762
11
784
3120
2877
1731
2761
1258
4838
2157
577
130
1874
1774
328
4760
745
3779
2440
4601
2610
4997
2336
1724
538
3421
1588
179
4160
1520
2413
684
347
1346
428
4701
937
2084
2890
1120
659
479
2893
2226
4941
960
4911
207
3612
3212
2415
1750
2567
1248
360
2332
200
4270
4495
618
4591
4167
4786
3041
2712
4760
2179
1651
3067
4731
2906
99
3345
3877
4134
2706
3028
2474
208
631
2169
4053
3076
955
3723
3581
2124
2991
4743
1089
4164
787
3254
3292
780
4147
261
1280
3339
1057
2157
4488
120
2317
4574
2846
2398
3899
4719
3031
2652
4060
4977
3320
1762
1507
1425
673
2313
462
4115
1468
2724
1164
2069
1240
4293
1151
3672
1539
3131
2751
1478
4338
1937
2697
2993
1932
3332
3909
1801
2445
3074
784
4177
1411
3955
926
2179
3203
1719
2706
241
3347
4123
212
4506
1286
4758
4239
3598
4919
1903
2945
2287
3916
458
3590
4207
1548
3068
3485
4405
3939
4918
3375
138
2073
2495
3961
4320
49
2249
3523
3266
3011
1922
3834
3063
3623
1531
4342
3549
2264
1714
1615
798
3625
2142
1460
1823
3959
3189
4891
18
3682
484
1668
3667
2308
192
4107
4160
4945
1785
2258
4029
1468
3128
4315
1341
1114
2945
3987
3209
262
2100
3924
1389
1350
493
4211
10
129
4091
4481
971
3177
4770
2846
1941
4882
196
2473
2386
1249
1623
4677
3795
1579
4221
3460
535
2984
1020
4739
1899
2906
4172
2975
2214
931
391
4505
2933
304
4620
788
2733
1063
2319
1872
749
3550
2173
4348
4068
2855
2662
2094
4114
1811
4530
802
1571
1347
2573
2920
2353
4068
4899
3745
166
4130
2165
3793
994
2898
845
2505
3635
340
1085
4751
1086
488
3215
4479
2113
1976
2303
2471
2481
3282
59
2053
4306
3762
2489
2930
3777
543
1498
2878
4589
3476
4428
2676
1941
991
1849
4320
4004
2971
4688
1895
3115
2196
2586
4995
27
1343
857
1950
4673
2652
1320
338
2149
4419
2376
1709
598
2998
2226
2908
4452
2632
1238
2221
291
3911
1731
1678
3042
4336
2334
604
3105
1076
365
4839
245
1301
2724
4514
2548
4768
307
3535
187
2078
1134
3772
3157
3643
1314
4601
3222
1003
448
1062
4003
2819
1364
4315
908
2299
1204
1840
2487
4360
174
713
1027
1310
4095
2399
4597
3700
1811
4325
4626
2094
2615
932
4403
4619
4269
1066
2642
1171
720
1769
2212
1154
529
328
2535
227
2882
968
3492
4675
4915
3390
2229
2196
857
1086
354
3923
2129
731
2018
3413
3460
3382
2437
918
2948
2821
2523
484
3658
4485
2956
3580
3393
4154
1676
3593
1162
3071
1460
3305
2516
1241
628
3719
2240
1970
3898
1600
3592
2649
3183
129
1338
3012
461
376
4842
2167
4565
3258
1632
4425
1458
4120
2404
533
3843
2044
165
3404
2631
2452
3481
2483
183
1124
4202
1105
1819
413
4565
3100
3396
1494
1415
4747
4310
1904
3138
754
1352
1787
853
3214
3910
215
64
769
3265
4728
2046
3893
1174
1179
4932
609
2026
1660
2808
1861
4116
2635
841
2682
341
131
2459
4022
2572
2784
4975
2975
4913
1974
450
3715
242
2593
4966
4397
816
204
2142
1192
1382
1484
1847
1164
2501
4572
1248
3183
659
1438
2946
488
122
1676
2239
2521
3015
986
3940
4497
4293
4235
4566
2412
3809
3748
1203
2664
962
3233
2414
2615
4971
2358
365
4360
654
2467
2659
2853
625
2743
2590
4023
1920
1695
724
4859
2253
2891
1323
1070
865
275
1768
5000
910
4668
980
1092
3730
3691
796
577
3550
3143
291
1775
721
1292
969
2912
2398
3242
1289
740
4889
2550
1066
4914
521
1231
4871
2946
3379
2381
1297
3146
3561
1991
3567
2345
2475
4818
990
2474
1007
2929
830
1735
286
675
3527
1180
1411
3390
1915
4068
1598
1067
4638
1890
299
4886
2079
2538
4591
687
4702
1920
1500
4236
3333
1232
4105
3792
3411
4087
1702
1205
3504
1798
1228
1187
4782
1488
285
1577
410
1331
3039
814
2388
4697
1696
4161
1892
3406
1724
1390
3574
4581
327
3161
4148
3405
1833
1177
1399
3091
4594
796
2628
1584
792
2355
868
4981
2758
2568
1783
2807
1549
1216
4919
3199
844
2599
3814
1473
4593
4677
224
82
3029
519
2534
895
1037
1014
2735
1033
2659
2259
4257
1422
2989
4864
2479
2062
4124
3380
4794
1763
3265
1090
3533
1142
2974
4824
4075
4836
3351
1261
381
2849
4437
1170
1813
690
2390
3673
1130
490
3015
687
4724
4283
2916
98
286
3928
4195
1356
4873
1131
2811
2131
3751
4354
1129
1977
2514
520
2674
616
4337
2024
1655
1664
1217
4370
729
2813
4484
2464
886
3869
837
4105
796
4213
3357
680
2201
970
586
4944
1471
1584
3877
880
394
4667
2386
1388
2453
4034
2715
17
4537
2608
108
4732
819
903
2060
397
4845
1128
3713
3085
2433
1669
68
2236
3763
1001
4339
2137
4936
4212
1639
3382
2762
4958
4861
4014
299
4244
1760
972
53
3462
2221
3511
2391
4460
638
4407
1205
1392
4501
2559
763
4026
879
2588
1961
220
4019
1142
4789
4055
421
2416
2023
4797
3201
545
3872
3022
2032
1848
3308
2059
2904
3743
423
1882
3867
1883
2351
843
3917
4631
2226
4682
2506
3865
1351
3982
3669
2655
1472
872
3310
4112
3635
1890
4902
2882
1424
1983
4425
4800
435
889
1689
474
1744
4025
4123
3511
2404
2762
4258
4592
2965
614
2581
1097
1514
1428
2900
272
243
2196
2618
4608
4161
615
3502
94
1141
2745
2550
426
4187
164
2457
3993
1981
557
4524
2768
1485
780
2743
4885
2637
1087
152
4885
762
4698
4002
2792
3964
1767
4805
4556
4565
4791
4480
3278
2193
55
3320
3459
470
1620
634
2648
1905
1742
2998
4116
1044
3120
1270
4153
1071
3617
3940
1366
121
2733
3549
4119
2955
1535
1016
3251
4093
2259
3341
4001
335
4050
459
1795
470
2358
4114
2590
3894
931
659
1585
3780
1125
3005
4395
227
1588
4512
801
3059
650
3198
4834
3494
2394
1613
3445
3641
2728
2912
4310
4706
3175
2868
2127
379
352
4174
3563
117
4266
3301
3806
4583
4204
608
25
4186
4560
631
2607
885
2360
1919
556
1524
3293
2083
3849
1530
3937
4044
4430
2787
3838
1190
2020
4379
39
1361
3743
4249
164
345
4596
708
2949
330
3746
2387
4722
3163
773
2296
113
3863
3083
386
821
2038
1559
3555
2409
4358
4078
4606
4616
2743
693
677
1412
1470
3498
605
3044
4216
4866
2778
2401
2693
3359
2310
3636
1541
3171
2441
4557
1401
3677
4303
4543
1390
4931
2744
4542
2094
3900
4714
1647
2807
2511
4517
812
4843
73
3164
1227
340
1177
4096
2949
1668
3138
3442
3167
3749
4034
4635
1281
3283
533
3184
3538
933
3389
1774
4462
4546
2301
2403
3791
3451
2304
1546
4106
2256
1272
2021
1725
179
1254
3587
3923
1967
4128
1641
4642
4029
1260
3477
643
3695
1076
3162
327
4681
2049
4481
4865
4932
4538
1881
3734
4888
3525
1132
1009
2406
1704
2233
1109
1154
1082
2028
3777
2804
312
249
4622
897
2441
3579
2871
2333
1708
2315
3388
539
4699
4300
2856
4670
4601
3800
3828
1548
4129
4390
550
1894
4539
4874
2782
4851
1212
3038
3629
281
50
3856
1749
3594
4451
4575
2567
1805
425
402
2190
4315
1880
382
1064
3889
4692
3037
488
206
1102
2836
1256
2408
2353
347
2775
4878
47
2331
3564
2625
1846
1390
3148
4707
1175
2806
3124
3859
178
3564
429
3509
1022
236
3132
855
92
2446
575
1914
2125
3890
4114
3502
4905
4585
935
2142
2030
2175
4106
873
623
4686
2965
75
6
94
1453
929
4644
1707
1202
4307
2021
1499
2054
2994
108
2344
2528
4641
682
2410
638
3599
496
618
858
4350
123
622
2276
4292
1119
1028
3369
4714
2071
2522
1036
4689
253
3765
1329
1084
2298
2749
4714
583
4352
2349
1156
435
693
2440
469
3274
2563
4505
4680
422
4038
3901
2520
4271
3838
337
1253
3783
3536
1337
1489
4855
3829
1342
4798
1951
2718
2385
1783
50
4034
3908
428
4444
3442
3657
4931
4335
2555
3307
388
618
2456
570
1841
4036
1803
3132
4780
4270
2624
869
694
1024
121
2777
2795
3697
2536
171
1976
4327
1085
2967
3756
2175
1867
1727
1503
2394
3238
2477
402
4012
204
4972
3500
2604
322
3239
454
1633
1830
1327
4374
835
3217
1857
4857
4360
596
2624
2791
3640
2860
4386
4734
960
3245
939
3159
2597
4733
2829
1051
4491
3638
980
4842
3342
2811
1442
196
2948
1145
452
582
3021
2145
4585
3613
2036
1619
4623
2999
3783
3613
4588
3485
3144
1412
4508
941
4917
3055
3097
2366
912
2626
931
4159
1829
3864
449
4221
2521
3712
3115
1205
4130
4584
4522
1729
4754
4536
4430
2292
2648
3558
3854
3612
2829
2538
2100
2797
185
483
2902
4069
3527
1365
757
1619
898
1141
1490
3930
1972
3470
602
1971
4624
1674
2657
2496
1556
3861
4016
4999
256
949
1218
2619
3354
1226
1184
3723
2685
2576
1522
3037
2789
2542
1633
3911
3119
1537
1835
3001
1248
3627
3639
3071
1011
812
2480
4445
4287
2479
3363
4590
4447
4412
4828
305
2116
3883
4826
779
3859
4288
806
3580
2177
4500
52
2522
4010
2684
1879
3137
2464
540
3325
3542
3294
2926
1985
1601
3101
2133
519
1050
3534
229
1262
1236
3267
903
1717
3607
1215
2335
4649
3452
4725
2786
4941
3850
1745
1940
4822
592
4781
1119
3724
1891
3279
1181
2724
311
2616
197
4294
819
3206
870
4207
2638
567
2076
4719
1563
416
990
1982
1767
3084
4833
4916
259
2638
1776
4483
365
295
4948
3910
3436
3961
4656
3321
2393
4482
1846
3739
3089
1953
3967
2961
13
4803
2157
2824
577
4665
2406
1294
1433
2229
2933
338
622
2184
4163
4429
723
4268
916
103
4433
11
1942
4967
1595
3313
643
161
1765
2263
3777
14
2231
4814
3075
279
782
4517
3809
3987
4933
3622
2622
4047
3232
647
1743
185
75
1564
3047
3995
3215
4829
4023
1071
4572
3917
542
4814
4304
914
3316
1790
1162
863
166
3530
4066
2965
2439
193
3880
3181
481
2621
2161
4667
4030
2973
3488
3014
1933
2466
296
1942
4174
3460
1184
1160
1916
1463
3879
3643
4037
1707
3025
88
4084
1127
938
3277
4640
373
1482
675
2961
2891
4482
3886
385
516
513
2231
2859
671
3453
2155
2012
288
3479
3050
3718
1205
2712
2513
2590
1788
702
2023
399
1544
1987
2911
1446
193
2415
2033
669
1861
707
3925
1376
4360
2949
2288
4488
1283
4254
2233
2082
1984
1347
4037
568
1701
2679
2276
1687
1848
442
1305
2104
2684
859
2146
571
2827
4566
4323
4499
4727
3429
2732
4250
2409
4849
2132
3757
24
1372
4318
3544
644
952
719
4945
1323
3280
578
2869
1797
3145
2707
2638
4054
3078
281
1293
3889
2178
2800
4442
4214
881
1742
1634
1050
4359
3304
1712
998
2189
4025
397
3063
4616
259
3488
2838
1693
1933
3015
1061
1632
1536
2168
3939
949
609
3909
2080
1302
2752
3730
40
3781
403
4188
3004
4406
3851
181
2186
3009
3453
2256
1394
2753
1936
4383
4730
3123
4132
3100
4417
4669
1937
3192
924
4596
2904
3759
4283
3319
1454
1517
1188
1551
2297
4683
1265
4786
4694
3928
2331
3772
689
3550
4820
4865
2829
4386
1414
858
1845
3471
797
4481
4270
807
3389
11
2638
4538
3857
975
1304
1958
1358
2803
1543
1208
575
4182
1535
314
4465
2239
3666
2931
4415
3971
1006
3294
2409
1513
1360
998
2042
302
4361
1368
4722
1658
3303
374
4564
2103
1495
4107
1490
1230
931
556
1374
1153
159
1981
1295
138
3187
2188
1734
826
4007
2214
4225
2830
2948
2149
391
267
4870
3813
2150
631
1453
2211
1715
3052
97
304
4425
3935
3996
3696
2376
4011
61
4418
3517
4564
891
1952
796
832
1040
3696
3415
2056
4913
1251
758
2729
4650
1711
2380
2510
3817
1440
2910
1912
1076
3314
1063
1346
3996
145
701
3103
4286
4375
549
4144
2726
3000
1969
764
3800
1697
4568
696
1043
2255
1011
717
4106
3055
4834
1408
729
3062
3148
2710
3042
17
3589
2456
2548
4324
4599
4584
2658
1901
2258
141
2576
3477
1192
2643
319
2613
521
2113
4702
4293
4282
2362
696
3696
790
4207
877
219
3983
2228
4904
257
2945
89
2629
4811
193
912
3961
612
3591
2558
2376
68
3669
4213
1534
2363
4331
3434
2720
3358
4145
1124
4517
315
712
1005
2016
1810
3912
386
4092
1153
1095
442
3066
3625
3559
4745
3749
185
2431
4817
1048
719
3299
1530
2250
4346
948
1250
2721
3007
2725
8
3126
1590
4986
1682
337
4594
4702
1128
881
1708
3582
3589
3767
1761
1812
466
3996
1957
793
4707
3352
1067
1663
2998
4670
4871
750
2762
1116
1187
1925
199
448
3159
2780
88
1419
3258
2775
4479
1790
583
4474
102
3984
877
4799
2968
4154
637
3637
3508
2124
1478
1437
463
1578
656
4771
4983
4408
4344
280
1378
1373
1593
3529
4655
1487
1112
3317
4123
816
645
587
1623
1967
2860
1466
2056
2437
4263
4887
4900
1669
4440
2534
397
3293
3242
4957
1941
3727
1838
117
603
1528
371
844
2667
2578
263
4743
1702
4867
1348
2341
554
3881
2838
4396
1635
1989
873
2169
1051
184
3107
2179
1434
2482
3415
4947
1137
3287
1622
3169
1152
2012
4065
527
1656
2258
3080
3708
2949
958
1995
736
3696
2654
4890
3481
4335
4762
492
2823
769
2918
4483
4590
2813
1207
2341
1842
2779
623
3005
3702
4540
896
2346
2868
4601
4889
3211
4399
71
3715
1503
442
240
991
1981
2294
2590
1246
1562
0
3397
2081
3460
2923
1656
272
2881
343
2886
3824
311
4142
1157
1553
4883
4106
3795
3711
582
1853
4273
1390
2388
4426
2303
895
3608
3570
3689
3904
4072
22
1707
3688
1406
3122
4046
3929
1122
1354
4079
1964
3083
4528
4954
4780
384
2058
3071
146
1296
783
3197
2913
3877
490
1515
3631
2053
2274
672
3917
4181
1985
3638
1483
1047
21
2911
977
819
4537
3536
3689
3105
2291
1985
2235
2144
1984
4664
4916
4401
3385
1413
4880
594
3538
2704
2699
2618
1694
1297
402
2486
4674
3861
4294
4620
3788
4613
4982
2861
1291
1700
496
4611
2771
1802
2166
3696
4581
2941
1150
3543
2174
3108
4473
2483
3427
3240
2563
3872
3797
1911
3845
2279
3223
1903
2991
191
3635
845
1989
4536
1551
3406
918
1915
2758
4467
2790
2959
2765
1876
3099
3429
666
37
4360
2257
3573
3059
3227
2023
3783
1224
2166
1875
4343
4035
4864
1035
3905
2359
2102
50
3858
4711
2771
3319
3352
397
3980
3620
1771
4348
4017
1639
4035
3170
4486
1907
1786
4648
2531
1612
1395
86
4160
1977
1267
138
3686
638
4898
1791
2830
304
4605
651
302
2563
4791
4509
4539
2107
2320
1376
172
487
475
3202
2596
3110
2347
1092
4936
24
4298
1179
2276
4651
4781
2165
495
4678
187
119
4039
1878
2195
2902
2514
1837
4972
1775
1817
2461
3423
903
3256
1041
2288
1235
2255
2417
2199
963
179
1527
2091
4264
2286
3197
1417
4561
4672
1728
194
4584
2110
4477
3390
562
4697
2884
1432
1707
3936
3382
3273
2334
614
1772
2723
4642
624
392
2579
4832
2480
2264
4199
1517
3260
3430
2288
2772
3141
4919
13
1837
496
4081
2490
2131
3524
2303
490
2150
4813
4196
2276
2863
2159
2229
1790
820
481
4960
539
202
4877
855
4320
772
915
2292
3247
755
4411
3339
3575
1386
2823
1269
3711
4970
273
1098
1175
1193
4048
1620
1324
3642
498
368
3309
3773
178
4442
1775
905
4914
2582
4121
993
858
4621
3562
3860
3526
51
1903
197
148
1857
3134
3901
815
3413
741
1039
1195
2186
3515
1134
4810
2064
2652
1248
2207
2459
3492
3742
2985
2277
2173
4031
2689
102
4982
1642
1293
4994
984
4928
3512
1278
4496
1423
553
1670
4437
3138
766
2489
3564
4553
3650
1058
3973
4533
3601
1649
2661
2132
4646
2775
3310
2068
2009
4880
2550
774
2692
300
3730
715
2668
954
1282
4241
3067
3465
1870
2900
3701
4885
2718
3125
2301
1809
775
394
400
1996
2399
2051
6
4885
1747
859
4310
3721
2137
1222
3698
915
949
621
2915
4612
4675
4751
4206
1379
1706
4682
3005
3215
335
2197
3951
3665
103
670
3843
1341
1438
2603
3214
2169
1412
3474
325
4841
402
2749
862
2592
3208
3044
4004
4089
677
4357
3453
4572
3485
2839
1306
4501
4328
3239
3724
238
3029
2231
1235
1710
3598
4759
2307
2293
2151
1995
1101
4628
3059
2008
3010
48
1577
2793
180
3437
3587
4662
1721
2578
4676
3322
3792
3669
1532
2306
4533
4311
954
3000
1816
1378
872
4080
2260
1087
3846
3840
194
4404
4010
4152
3617
3212
2873
2485
506
2097
1729
3653
2223
1204
1240
4205
4600
3653
2205
4215
3415
3848
925
3071
2001
4624
912
2361
1499
3754
2479
2494
4836
4432
4224
240
2870
1064
1867
785
2758
3536
4626
1854
2266
2990
3036
2351
2551
737
3608
349
2576
2402
2212
1091
2809
1294
4579
2928
1166
3477
2705
1694
2043
3707
4103
1049
2176
3853
2435
1978
145
3741
3534
4278
1870
1069
3845
2936
2098
3875
3371
4162
1038
3429
4526
4422
469
3144
2760
3015
3274
2161
1602
1643
4535
2773
3502
829
2662
4937
478
3258
1912
544
3818
4664
919
890
4865
2886
3966
4055
1658
2075
4183
4168
1363
4719
4340
2116
1370
2490
309
4614
2891
2264
3056
492
4431
4378
2141
4307
1301
1428
4500
2320
712
1031
1169
3448
1224
4943
4876
3140
4643
999
1106
4466
2036
4789
972
3405
1828
4735
2062
4721
4549
610
1175
537
3153
1388
475
3359
1668
2473
3917
3185
2860
3179
3956
2645
1802
1038
740
941
3893
4370
4439
57
2755
2247
4339
74
1986
998
2121
842
1691
927
3337
3760
2695
4391
637
1299
737
2566
2637
4291
4179
472
1989
563
1572
252
1515
777
769
1482
2914
3447
3977
2783
3484
2529
611
4787
3420
2567
4403
1799
758
3429
2459
781
729
4795
938
1890
4162
4656
915
662
4588
3754
3592
67
4023
3427
4392
4059
888
3817
2935
366
3448
3315
3854
4000
4899
4258
2412
384
1598
1903
4428
1525
4342
4273
2435
1153
868
520
519
4028
4697
3634
829
1165
1053
447
2657
1013
143
4931
3765
1618
2899
824
3356
2893
2377
1373
4095
4775
3096
4551
4504
3586
17
3405
1470
4910
3127
2738
4352
275
584
4065
736
910
796
3808
445
2302
0
3232
2758
697
4724
4978
2975
808
1795
2400
3462
122
181
1047
2539
3589
1950
1005
1356
1762
1914
4708
567
542
3729
4659
4413
1478
4088
4768
4900
3090
1373
243
1874
1619
3208
3884
1890
4690
2263
4139
4330
1412
2369
3220
559
126
1195
3364
1231
673
4029
1277
2308
4315
2078
3038
2191
441
44
1597
1620
1654
3527
79
4452
1253
3144
4748
1764
74
4349
89
316
660
4904
3757
3636
3457
2184
3213
4167
4258
3125
1803
2332
3729
1115
2823
1101
1645
87
4751
3678
2978
4086
1522
127
2579
4230
1962
1434
790
583
3581
4260
41
625
1463
1776
3265
3558
542
1529
3632
4081
1354
1926
124
335
4881
1073
3541
3781
3765
3047
3471
4722
1547
1363
456
2261
3841
2370
2242
3390
3946
1742
2906
2504
468
4643
1462
188
227
3913
3757
1381
1686
2206
3624
112
4513
4945
572
165
3067
4057
3714
1840
3609
553
2270
427
3750
3512
615
4924
3997
1965
35
340
3878
2677
3154
4905
3100
510
4666
3769
117
151
327
891
872
3343
1007
3527
3810
274
2707
425
2933
1007
2968
2361
2043
4708
569
691
3419
4886
440
4884
2575
4206
1657
2524
4852
4622
2159
4559
4296
4635
959
2403
4207
2087
2769
2834
48
3747
3144
4198
1562
242
4597
135
4196
3071
469
3068
287
2644
151
651
2194
3075
1057
2712
1061
207
99
1649
422
706
831
101
2273
1077
941
547
261
2487
4322
1959
3938
4771
1755
4910
1531
4064
398
1729
1419
1394
879
1999
33
4982
1811
4197
2554
3606
2146
2918
1830
3388
3139
3897
1652
3594
4614
2993
3154
704
3774
2886
2804
2678
1950
4671
2750
774
529
96
3537
269
2123
4492
3104
2059
1155
265
317
4558
965
911
1639
1679
158
4149
1903
436
1936
2730
2377
3451
1046
4550
2858
3030
2566
3169
727
3745
1952
1784
3659
3417
3630
2764
1730
3482
4805
4555
438
1049
1721
4380
3916
4212
4136
3935
4186
3414
4169
2942
4501
1096
3071
3890
267
3811
4364
4140
4497
2049
3098
3079
4651
1834
1942
380
3085
334
3703
261
794
4478
2492
1526
1797
3879
2031
2827
4024
2065
1773
2401
4952
1922
1352
910
184
3983
4139
2026
2726
4574
862
4603
3429
429
4478
341
1268
3101
3659
4991
4268
3914
4241
3474
736
2541
72
2671
1365
2257
101
4993
2882
3790
1876
4848
4086
3153
1689
1590
210
3181
3231
3127
1445
901
3478
1504
1349
3171
3738
2070
872
2125
2869
3562
3163
4697
2596
1968
4231
246
2505
1875
3531
2956
2616
1463
4194
3749
1799
1641
4478
2533
2443
3481
3005
2226
3556
4402
4408
4684
3150
404
3268
1385
3858
500
3909
863
1364
2956
1289
2991
1029
2365
1137
4924
4113
3445
4133
2785
4526
860
3704
1617
1416
4880
2480
2236
2590
748
4788
4605
4150
3857
3264
1326
1538
4983
1657
575
3382
3123
1178
149
3313
392
2352
2180
129
1856
4604
1684
4000
1550
3482
31
330
919
4370
4241
846
3516
4564
4865
2696
4228
4081
2061
1437
449
1144
3324
4320
2357
2882
1146
906
2067
4429
2022
4356
2941
2429
3896
1074
1999
1195
1379
1025
4947
1056
4281
2060
4341
2862
3388
403
4187
2614
205
4237
1797
4354
3424
4370
3012
4610
212
1971
416
1158
3456
2718
1588
2257
3228
3402
1415
4160
2312
1452
583
2749
4924
1441
4202
4220
2413
467
1579
2332
4238
1078
3189
3337
112
2686
2039
4213
1432
1078
4934
615
4591
2520
4402
2919
2511
2954
4451
3846
3323
1303
2002
124
1233
4559
4550
1153
1794
4691
560
4179
1945
67
2372
406
1023
3196
2077
2953
3801
3201
1818
1630
2745
1925
3721
2866
3526
855
1638
365
2838
3310
158
1347
1052
811
3110
4518
838
3000
4005
3499
4290
2743
4262
4072
1237
4952
1800
2825
1416
3271
1723
4266
2491
4651
425
470
3670
4778
3377
49
4084
436
695
1704
4088
761
2246
3200
1604
2624
3899
614
114
4815
83
1390
4782
3453
1260
4241
2404
83
1637
3780
4895
892
4520
4556
1448
1522
1668
1271
3666
3986
1819
269
4781
3085
903
2730
647
335
2263
1935
4312
843
2842
3663
3163
2226
3443
3286
4738
2670
1737
3187
3091
939
1730
2128
3323
1929
1476
3318
2104
2617
2904
32
3327
2028
1741
4391
1356
4335
3164
2092
446
4186
3884
3414
2514
3707
4977
4003
1639
2233
2800
3239
3907
2593
1221
295
632
584
4528
1146
3642
944
4665
1041
826
548
4535
4325
848
2309
3760
3416
3489
2695
2001
4904
3199
1737
4570
1405
2795
3695
4306
2130
759
245
1334
618
1183
3218
4040
1719
4548
2943
2476
2860
2315
4799
4259
2073
329
3710
3890
4090
749
3928
1621
4279
2459
170
2890
4691
1860
3430
1131
2334
3214
4576
4534
732
2729
4386
2273
3123
1396
3973
3586
3874
4750
3181
3725
3008
1334
153
4030
2562
4537
4373
4598
4745
3053
4166
1284
1019
4222
4802
4271
4619
1716
828
2608
10
1253
2673
376
2359
804
3849
4629
1047
3425
2516
3512
2979
3686
4401
1320
626
4871
4319
3529
2714
279
1904
1857
3114
530
3758
310
3436
2761
657
996
390
3668
4233
4777
4506
4958
4689
3507
1307
1689
197
4489
1592
1911
258
3712
4985
705
4270
73
714
4479
824
2661
3824
2515
588
1045
3480
2157
4617
4776
1553
504
2284
4263
4547
4314
4634
2903
2846
2528
2108
898
2443
1380
1720
64
768
1615
392
3624
2666
4677
2361
986
1721
1975
2748
1541
3564
1697
148
1455
1958
777
2043
4199
1704
661
1242
3751
4990
1996
3447
4877
1370
1384
1083
117
3273
4813
1905
1295
2733
968
4502
1921
2216
813
1970
624
4138
4328
2983
3660
563
3722
231
1785
4775
1290
1444
404
1518
42
2517
2156
563
727
3844
2318
1519
753
1007
2826
671
2374
3302
3038
4926
64
4428
1423
90
687
4804
2605
458
2366
3712
4851
4578
3544
2516
1837
2757
2534
362
4949
4409
41
4129
1956
3962
4778
2768
1519
911
4670
1438
4275
2934
1411
2499
692
3332
4836
733
3916
3563
1205
1238
1512
4240
978
2714
4053
1794
2069
4108
4678
2298
4862
177
2550
2883
2390
1089
2326
983
3509
2119
4898
994
3695
4558
2176
4414
200
4243
3160
4157
4814
2130
1763
3910
4923
3849
611
1851
4499
2217
3914
435
184
4207
2785
2710
1605
1870
4390
1465
651
4876
1270
3336
1548
3897
4556
4192
779
4931
4140
4454
1663
3030
844
2801
742
1932
3203
3551
4182
3989
1301
3834
575
4607
2032
2197
2953
4000
4993
4361
1636
4539
739
2657
367
2000
1324
624
238
1488
2647
854
531
185
135
4171
3317
4709
4272
265
2090
893
4129
133
74
3504
4134
1835
2006
1124
3712
4419
3596
4037
3030
184
4495
4772
2807
1726
2533
2756
4217
2210
2887
4706
775
1606
3021
3049
658
2192
1592
557
62
893
4064
3785
2196
1166
1881
464
3694
2713
4423
4409
3683
4088
2683
1914
1271
1886
576
2385
2258
3495
1084
1970
3499
3270
489
3811
4231
1059
490
676
3617
4892
607
97
4625
4642
2938
2381
1939
2369
1846
4950
1948
218
311
2804
2908
750
1110
428
2749
981
426
332
4552
4948
2403
3267
2966
2116
1998
2475
3351
1373
1027
530
4641
3025
4769
3170
4075
4523
2985
1130
4795
1629
2099
3862
4476
4601
2331
3666
291
3787
788
526
3678
1122
290
2439
416
848
3293
1882
2555
2982
2523
2444
3361
2520
3812
3259
1846
1670
2989
2276
1865
4993
1254
754
733
3996
3998
4416
4109
4537
2170
3766
3219
2225
792
1631
4287
4455
4544
4492
827
3738
3113
4775
265
3036
3681
3241
4211
1620
1302
1186
4966
4531
238
3993
2739
1832
3180
3723
1416
4639
944
3735
4438
2469
2401
4205
2873
590
3837
3939
4346
3048
4244
872
3215
2279
1386
1633
197
4287
4630
3274
3002
2816
2802
690
1387
3418
2710
3113
955
466
3727
3366
4652
4188
2910
3589
3994
2291
2814
4697
1662
4156
1801
4872
1906
4259
2165
2960
127
1980
3309
2487
4748
4504
579
1024
4092
3121
2961
3932
225
3389
3013
3769
3178
3958
86
1549
3767
2300
4532
72
69
3476
3242
793
4792
3438
699
3605
2463
3880
4691
4698
668
1868
529
2769
2748
35
3289
43
2911
4644
3018
3895
4684
3162
3477
1849
3764
3209
1332
4133
2656
3097
1152
3431
3552
3217
1599
4926
2062
4958
943
1616
3984
3671
3907
741
4674
2964
1162
4999
1384
2182
2676
2332
283
810
3609
2531
1248
1926
3912
1702
1019
2619
3002
2038
3668
3899
3415
634
3021
4134
178
4642
4402
289
4029
86
3390
2125
3451
3166
806
849
531
162
4489
2667
808
3608
1912
3823
893
1266
4520
1894
1190
3749
3981
4389
1828
3957
260
3289
1278
2681
4749
3973
1496
2550
4792
2496
1422
3115
3700
3231
2675
3538
2947
531
2990
4561
1088
3939
3078
3111
1304
1872
3835
715
1113
1951
1428
888
39
2313
1762
4504
1535
3753
4552
4939
1418
2962
2861
862
4799
679
2260
3895
1741
3635
2669
3481
1839
1215
940
2589
3
1410
2534
4102
3425
4295
3236
2815
2709
403
4712
3423
2707
2061
3997
4885
3011
1820
4667
190
2837
2650
1833
1704
2577
1495
4735
3704
3388
4000
2273
2431
4253
3730
3340
947
1641
1856
2184
1869
349
490
2434
4766
4846
1597
4924
1542
4136
488
3176
3207
502
4360
21
2302
4603
3299
2878
1655
4841
2096
3352
397
1369
4242
2030
4675
4605
2444
1594
2769
2592
4246
4608
565
2196
2261
3452
3372
2101
4248
3215
528
3169
2838
1667
2399
534
2032
2039
2806
2749
290
415
3830
4709
1198
4630
921
271
2229
4200
1760
4642
892
786
4554
1110
271
2287
3109
232
659
3741
1689
2880
4710
2626
3416
4153
2886
4891
3748
2604
162
1578
1380
3148
2329
4387
4397
4993
4530
4850
3178
1781
3644
3645
1250
4913
58
3732
3146
1329
1216
4359
1395
3587
4666
1719
3494
4191
1493
4852
959
3597
2099
2773
4106
3168
2672
4141
3324
1372
2451
1042
2344
2489
4450
780
1175
2414
2279
3399
4818
304
4752
2933
2137
1133
3680
3673
2779
272
4000
1427
3154
2577
797
4120
3234
2331
2753
4459
286
250
4712
47
4383
3538
3486
1444
4597
3862
1692
3820
2884
4163
3482
4329
2355
3197
1090
1390
4697
817
1798
2104
855
360
3774
966
385
2994
3684
3395
4459
6
4101
1481
2216
739
2474
1855
1077
923
1478
3598
3508
1990
1992
274
104
181
4265
4090
2733
3462
2180
3359
162
93
2186
901
2169
2392
4334
4028
4414
4748
3807
313
4440
4192
239
2557
273
2404
953
1134
4815
2879
2809
1584
43
2041
1372
2900
2555
3093
2519
4410
1623
2228
221
1624
1802
1086
112
2415
3305
4663
143
1782
1458
3439
4540
4540
1730
1868
1081
3826
835
1686
4058
4167
2176
3216
4212
1930
3829
375
1425
1661
4815
4193
622
2320
1228
758
4184
904
2253
1614
1768
1967
4677
2327
2840
2842
1900
701
3673
3605
898
3901
3519
2555
539
3303
3407
585
3932
4839
1418
97
2500
370
2066
4907
2009
75
540
1017
3924
4591
1584
2651
2975
4672
4736
4616
4857
1587
1759
741
2404
2927
970
3650
1370
3685
2841
4350
4777
4352
1997
2546
427
3840
265
3785
533
1029
815
2679
3681
2980
2901
844
3369
1732
1844
2872
4525
4923
3604
567
1660
128
3468
2600
1985
3395
2662
31
4687
3483
2195
633
763
2664
3868
24
412
2697
453
1552
417
2603
996
4786
2392
1548
2405
2949
4358
2069
1716
1249
771
1467
1716
4714
4200
4294
4750
3905
2569
2547
1964
214
773
1973
4665
667
2886
3657
4818
1407
2744
1926
4959
3789
3818
4494
4115
2771
1001
90
523
3026
1625
135
4686
2709
4308
3934
1749
2896
1144
4868
1764
3636
3723
1318
536
2777
2547
903
2002
4583
3993
1030
3291
4145
800
2754
2472
2954
2216
1304
4009
2806
3324
1330
3202
656
1035
859
2774
4846
908
2654
3426
3976
3843
187
554
4543
3469
4119
4867
3262
391
4242
4726
107
2394
3400
3243
2797
420
902
2627
129
3561
2474
4140
92
4521
4502
92
1541
547
721
2911
2355
1366
2616
2898
1146
64
1833
1988
2372
4998
2529
2989
334
1290
2132
900
703
2703
4462
3269
3086
3380
637
2180
1884
4244
1806
1373
1267
3107
4469
236
2572
1338
2045
133
3857
2703
4961
4127
3360
3659
85
3204
3438
3952
1442
4762
1154
1528
2893
1908
305
1830
2994
4176
2467
904
1912
4816
4217
3694
3806
4831
1206
1072
4229
1173
1811
746
1608
3864
4286
3382
1270
1889
1806
3459
433
3625
3624
3964
3409
1901
553
1279
374
3702
3324
83
275
1691
546
103
2045
2030
2592
3550
1632
4353
3348
3581
2107
3776
2
1323
4700
2801
3416
3967
3765
3102
1569
3512
3658
1825
2628
1984
2776
1835
304
3093
4192
2901
3232
1444
3293
3150
1604
1249
3263
318
973
2557
1655
1637
2191
4935
4805
248
604
1064
1408
3230
70
1191
20
1523
270
1802
3268
2507
789
4355
2432
1137
1647
871
3917
295
1599
1340
100
82
3601
3091
4296
1988
193
3750
2463
2024
1026
4882
2956
2383
4219
3126
846
3991
3191
517
4721
1100
1645
1992
3433
412
1305
2838
282
1371
319
598
3518
4957
4296
4230
4091
2868
54
2214
1436
1256
2260
33
3463
3311
3304
3657
3280
2337
4199
3767
1561
1580
560
2544
1896
2276
2436
1679
411
461
4274
391
1677
845
4710
2080
1237
159
2193
2543
910
2997
590
3234
3710
4738
2358
3661
3375
3740
1743
3177
1787
682
4511
4251
1141
4040
2497
1377
3508
561
111
400
2130
4291
205
2927
4344
4950
1712
2478
3189
346
321
4634
1586
4880
2355
2024
4972
4385
3640
668
2380
3249
3072
4428
4293
4621
402
4887
2103
1111
4414
3759
3097
3432
1574
2963
951
2581
1886
1585
155
3743
2948
2558
4738
2374
2804
4049
351
2958
2777
3048
176
3317
4492
4778
2266
217
292
2717
72
3157
2545
4208
1004
3849
975
3820
2110
1010
1796
4672
3690
1625
3087
1909
2391
3757
4155
4121
856
1698
3129
4695
1145
1470
3641
684
2863
4257
1829
3458
831
4375
2005
1623
641
813
3678
3191
4086
2120
3429
4305
2264
1455
3643
212
3789
2298
4968
99
3943
99
305
2947
1919
4358
2911
4731
1282
4527
3297
580
4082
4504
493
892
4933
1778
773
2432
129
3405
4590
526
2978
479
2126
288
3480
2259
3683
4053
689
1934
2080
341
4798
796
2222
132
899
2848
49
987
3523
943
3300
4405
887
1784
2381
2488
2051
422
4623
165
4551
3066
3987
3402
1620
4371
857
1230
4186
4700
2570
4265
4508
515
3432
666
4792
3801
1201
366
1604
214
379
2276
4383
3328
2969
1839
2126
4344
4573
4378
1430
3599
160
2180
3491
1558
2266
878
546
1528
3929
3819
4883
204
2346
2681
211
4577
840
2614
3620
560
1250
2628
2683
1346
58
4317
1690
4834
3986
4454
3273
470
4193
3391
2507
2728
1131
4580
2540
3624
1855
4598
3814
749
1075
1598
3023
3808
2847
2047
3259
4735
3400
3505
3133
4977
966
1495
499
4261
2232
3676
4211
4943
811
2160
2787
3376
2869
4958
3151
2460
2639
4900
254
3807
3840
2306
2916
1447
601
1032
2320
4384
3998
885
99
2353
1507
169
851
889
1635
1015
2252
2520
3499
3231
4152
209
645
2373
1354
3765
676
3780
2835
1391
4385
4788
4571
106
399
1073
3852
4105
621
2951
3704
2844
4398
740
3786
3213
1798
2748
4019
4389
2805
1762
4428
225
4386
2624
2132
2276
3518
4645
2855
3353
549
3899
541
4572
913
3713
2355
4661
3379
4862
1318
2812
3861
2656
574
3040
2034
2469
4845
4873
4401
1513
3963
1638
2173
2099
744
903
4343
2998
858
2666
2049
1692
1601
3677
4006
2482
629
2805
3134
4416
2984
1194
4256
644
368
4972
2000
1668
1781
3504
3783
977
846
4279
3032
4526
358
4761
1901
2487
4913
2823
1897
3542
4241
4984
2416
108
4147
2179
4590
4302
4895
3205
4819
4601
4295
2154
156
2409
2189
2267
2685
3504
2138
991
1360
241
2557
1301
1384
2231
4701
1891
4685
610
1026
470
3415
201
1130
1787
3883
4535
213
4570
113
1803
3845
1525
3847
3535
3239
2958
74
1457
4682
266
4936
3732
4291
1229
2509
3686
1598
3006
2311
2228
821
3919
4279
358
3943
1473
2471
3206
1333
3537
516
4025
4226
2256
3708
2916
3570
3899
3031
4831
4688
1568
3776
4191
579
4919
2400
3009
2826
247
1453
3766
1776
3548
4493
299
3864
3975
4077
3355
1586
4617
3986
4817
139
239
172
596
3068
1316
4506
4126
833
4165
3945
4525
3541
265
3138
3759
1522
4829
272
3206
1766
1830
4085
1629
4434
79
3474
1067
4302
3645
1043
1859
479
1595
3976
1045
2423
2352
1637
1685
1117
3863
1751
4293
4691
700
1090
2086
1824
969
289
599
1601
1549
4924
2404
4455
3234
238
3385
426
1125
1874
3552
4205
2219
4173
3228
1554
4021
3848
3256
3018
2303
1967
1612
1172
1736
4743
2302
2261
2903
1219
3447
1808
190
1062
280
3665
212
146
4504
3596
4675
4578
363
4949
3072
2452
198
890
2714
3429
4966
4759
1140
2913
4431
913
625
4756
4110
4458
1359
4837
3207
3851
1767
1961
1608
3657
3502
682
2035
4558
765
1727
2564
1989
4963
4978
417
2311
2366
2357
2380
1237
2009
199
846
4804
881
1148
127
2191
3589
1217
1676
45
3178
2794
2680
2641
2811
4100
2474
4212
3835
625
4060
4409
1522
3669
1951
765
613
3018
909
278
3351
4139
4026
1113
249
1254
59
3498
3865
1124
791
2211
1096
767
3680
2420
2122
4260
3928
942
2168
3740
1860
4572
3024
70
3452
3426
637
1262
3289
3654
1779
309
1249
2928
3013
2388
1041
3595
53
2438
4340
4256
1048
1923
4355
1331
1420
1683
221
981
4169
4633
3815
4201
133
2748
1265
974
5
3903
1905
3911
1379
714
4472
3710
3346
4574
2753
154
4520
4937
485
2411
4854
1508
3494
1921
651
1053
2772
4586
1545
2378
1368
4040
1452
140
2817
3874
3392
2748
1233
2350
220
420
483
2078
3489
3850
4289
3005
3302
2193
3508
1623
2602
17
2606
1366
4794
1755
3370
4030
1520
3962
3916
1303
3983
3942
2894
1188
441
1464
2401
4922
2365
70
3158
1858
1600
3990
1801
2177
1898
4337
3128
3332
3734
1067
1958
1194
1620
2779
2352
4893
2213
954
4081
4787
1937
1558
386
965
1497
1018
2223
1606
4331
1265
4927
2343
4786
507
2199
241
3836
2500
1859
3281
2764
280
2415
3661
4670
3867
2088
1084
1742
4491
3628
2327
4437
1321
451
891
4496
3178
1897
2621
3736
2820
3467
4877
438
2187
3969
1822
2294
2910
2588
211
3608
459
54
2397
560
4964
4716
4841
413
3826
1057
2387
4192
3036
4305
2032
2877
1685
2351
1606
3882
1703
1460
711
2211
2968
300
992
4745
2820
2532
2669
2372
4301
1913
3782
3397
1509
3861
92
4354
2376
4882
3527
4818
2008
2
4186
169
4336
4216
2
3770
3097
2450
1606
4052
4486
4651
220
4053
3888
751
4627
3687
3988
2780
3091
1643
247
58
1906
3027
3020
2672
2945
3945
1251
2611
4366
87
1014
407
3775
399
1636
1700
547
620
975
3474
1110
239
3347
2544
708
3147
778
4384
2586
3478
3806
4648
4534
1446
1668
902
2443
1992
1162
4680
718
2979
4104
2445
4682
2579
1874
2613
4903
3404
4608
1128
2916
1866
3221
2234
2846
4847
1489
525
1524
4555
4543
4433
451
4991
2603
2152
491
2431
2326
1391
4446
2381
873
2658
1312
870
413
4566
3086
3006
4380
252
2259
4226
1484
1908
1449
301
924
3369
4573
413
1018
2545
1199
3291
3617
436
4962
4939
1156
1758
4670
1570
3819
2128
2360
2546
1662
461
2503
2014
1825
2549
4173
1928
3633
1736
1935
354
1023
3313
4695
1184
1717
1704
1346
4004
3219
4847
1259
4786
1638
1090
2131
1230
4345
4907
4381
2699
612
2724
313
3048
560
3702
3313
3959
907
909
2818
1700
2056
1862
3291
4796
876
3532
3337
1427
3365
4300
2986
1183
4133
2410
1590
705
3011
2845
407
3334
432
3274
3727
4956
3291
1504
1853
1133
4236
1257
877
4535
104
4781
1408
2498
3209
1388
1176
3791
2917
1404
4100
1463
339
2098
2674
1637
442
142
1516
3448
2898
379
2191
1106
768
2088
4071
2122
1014
2910
1917
2583
4644
3617
1197
1771
4587
4492
857
4030
1883
665
4741
672
2732
569
7
3406
4907
4495
2808
852
3475
2371
331
2576
54
4489
4651
4608
4229
4798
2269
4530
4986
1229
1599
2556
696
4429
2651
1986
1672
1908
2791
4526
2620
2187
1919
143
4700
250
4363
1091
3228
726
3484
1568
782
2341
3077
399
2124
2056
3679
4840
303
4325
2644
1657
2220
4657
247
1136
359
3857
2583
4558
377
336
2060
1406
4579
1624
1509
4847
1718
3768
3930
3985
4765
2231
1528
2013
1424
2746
4049
4795
867
1814
3470
3364
2339
1757
825
3352
676
1844
1454
4238
51
4374
5000
4183
3504
4832
3537
3821
270
36
1283
3016
1122
2975
2748
3807
4781
1825
4026
2015
2058
724
4641
3089
2800
3447
2826
857
3420
1118
3428
4154
1911
2368
1510
4324
1955
1745
234
4314
2651
1387
377
4524
243
1929
3417
628
1126
4881
3932
485
2360
2643
2731
74
3695
4247
2280
710
1612
1616
4520
1218
2833
1654
1033
4861
3364
3177
4836
2533
4572
1609
898
125
2508
3603
1835
1992
1731
347
187
2855
4014
426
4962
4883
3935
2125
1610
1772
922
4267
1985
4203
191
1512
3753
1002
2591
2611
4725
4287
4967
2030
2876
2863
3395
289
4288
281
2463
4969
2069
1379
671
903
188
1580
1929
3690
3130
2994
1849
2801
1306
3393
108
3686
3574
3067
4335
313
1077
4147
4279
2303
3362
3455
4455
494
2236
2940
4393
1860
363
3390
151
754
582
2115
3934
4105
1148
603
3589
2696
4331
334
257
242
462
1525
566
3256
1319
743
883
4559
3492
1347
1873
4224
4084
2997
2333
2373
3815
956
2674
3685
2279
3764
174
958
4730
587
1906
879
3080
4301
3316
533
273
1299
4396
2853
4137
972
3276
189
2320
4637
0
4768
133
2849
4040
1803
3232
1157
4716
3589
3557
3468
1926
794
4746
601
4673
34
2151
1891
4097
3180
3706
3996
3225
4770
897
3136
3505
2348
2698
609
416
1613
903
1964
3853
1418
4036
351
591
391
351
2954
79
4318
715
221
590
3676
2404
717
4602
3797
3150
3348
1664
2872
517
1845
915
3167
2671
71
410
3342
1170
656
2187
4098
3763
1435
3979
1169
4696
4515
1991
2748
650
3299
2287
284
679
1461
4112
2275
1257
789
3162
3814
4580
2968
2389
3584
4064
2071
4791
902
1961
831
615
3319
1640
1154
3308
3614
1468
4223
4679
1111
3067
1304
1440
4537
1226
2057
2836
3870
4738
4914
4748
1229
2871
4689
4496
4682
969
228
2426
909
4715
555
3791
3252
3893
425
2238
4125
3582
1004
1653
2399
715
771
18
3289
3937
3574
1197
1837
733
4613
3708
4180
4719
3727
2416
695
2811
650
2495
560
2794
3763
932
4211
50
2076
2695
4345
2847
4995
294
2344
1081
4526
4250
3951
1001
4130
3427
3846
2240
3110
3797
4055
1900
2576
2230
2611
3806
1103
4032
1778
1066
1457
1492
3984
2975
3788
2440
2252
4646
1633
1355
2696
3810
4882
3622
3680
1326
1331
3714
4896
2967
4230
1224
4311
3089
2678
2069
3182
3042
1942
3104
1163
3489
23
3930
3392
1817
1407
2524
1593
190
1839
4655
2948
1512
4409
520
1643
316
830
1696
3768
1895
1835
2430
4675
1434
4079
3593
351
4930
4305
884
1284
2064
3375
2369
4915
659
3199
501
2675
3572
1126
2150
1115
137
2877
720
2994
1852
1652
4220
2098
4539
1665
2284
3098
1465
3491
2839
2793
351
1002
2320
2898
581
1538
993
3193
1188
4703
1343
4585
1188
3258
1757
4819
4898
86
4706
3954
3527
1506
4908
4978
4897
3651
2194
4845
272
2057
511
4214
3395
2620
3864
4083
1842
1958
2913
1629
1589
2553
1177
4085
3419
4615
2555
2124
4832
3999
1877
1740
4885
3453
3776
1060
3260
1792
1415
1490
3957
4719
331
1055
1896
938
3744
2697
2898
729
1776
4497
2231
2707
3616
3528
4033
2428
4087
4156
2338
4952
4272
2342
1475
21
3875
1703
3193
1408
659
2042
4471
2204
2091
4079
739
2846
4621
2534
950
390
2117
1210
4290
3781
3647
4971
3636
4101
1670
2928
2160
465
2988
4528
2884
1505
1919
376
1227
4469
3244
3932
955
4302
1216
1972
2148
908
1465
3730
4116
4671
3613
3640
4717
3598
2651
3014
4428
2147
2030
3042
1660
3189
4010
2135
3351
1818
4421
1775
500
643
3629
564
2224
2765
1241
1597
1261
3012
2454
4323
9
441
3304
2640
2432
723
4212
311
3003
3287
2119
2537
245
1676
200
3405
2110
4166
592
1753
1137
2900
919
1389
4904
2623
3196
742
3223
4988
4502
2303
3902
4811
1163
4995
2278
3591
920
628
2128
2753
4295
3886
2064
4423
234
116
3289
3404
205
1823
2913
814
2928
1791
2670
763
4715
4505
2453
4641
4794
4892
356
410
3227
3910
3265
2846
1239
3892
2045
4761
4625
2470
1581
2497
499
1479
3161
3839
1867
1437
2398
4631
1981
4131
3512
1584
2753
3555
1452
4749
1895
660
1239
1591
2431
365
4553
4644
4274
769
1436
4260
4396
4238
4238
1431
3011
1747
3454
2073
3350
61
3438
1501
4388
2522
1391
1157
1752
4890
2317
1134
2719
4428
950
1030
1423
1542
2255
753
766
4563
2614
3142
4306
2401
2976
2364
4199
4249
4634
4531
4246
3959
2074
3090
2710
1283
879
4183
2534
1098
3359
3396
2216
3888
67
1406
3524
884
1425
1830
4786
1984
2959
771
3136
1419
3007
3380
811
3793
4768
2346
2266
4098
2646
2724
3024
196
645
2534
2021
3794
4795
3455
1166
3528
770
2380
4386
3661
1165
4118
4355
1486
1949
2439
257
3297
2522
4622
3428
3814
4777
2599
100
3409
1331
987
1481
858
2327
4460
697
4706
2026
330
4587
4850
477
2617
1812
4114
1123
1302
1392
1220
4376
363
1684
2192
3015
4336
326
2000
585
4718
1674
1083
2007
4400
4770
2545
569
286
466
3265
4568
2646
1035
4639
962
3146
1668
4917
2171
3226
1966
773
1179
1213
1163
984
4761
2505
1377
1010
222
3704
1621
325
3099
4841
49
164
424
3927
717
610
3114
2728
2559
2107
3613
3518
3721
2466
3508
4498
1352
2928
109
1428
1967
932
691
1359
2378
3467
683
2932
2052
4
1018
2373
3063
4312
4021
4758
3584
4689
4021
1735
1787
4737
2203
1058
4367
1777
3129
1557
3736
394
1470
2829
1738
4551
4709
3213
1393
2148
4310
2919
4339
639
4255
1958
4936
3123
4611
1950
1100
3290
4542
1841
1103
2202
2887
1987
3026
765
3090
2246
1034
3091
4818
3732
2423
1335
1955
2710
1529
3871
1149
3642
4381
1332
612
4239
2673
837
2866
373
913
293
1516
1611
2109
117
3186
4710
726
3102
2901
545
382
4178
4053
3071
3543
2139
2364
502
276
1511
4159
1675
4511
2482
3849
2258
4133
3979
2315
3974
3280
4376
4608
4596
2801
3410
2096
1193
4001
2391
4498
2837
4074
3078
981
3734
1399
788
4282
3110
2887
4548
4491
1520
4546
3740
4613
3811
2733
1523
1483
3948
674
2489
3251
950
1591
74
1603
117
102
399
3677
108
364
3465
785
15
1439
861
4595
1137
950
4077
4545
4630
2764
3833
361
2973
2117
1884
129
1117
2083
1792
1032
2322
2722
2798
2190
313
4714
173
914
4581
3909
1760
1677
858
652
2531
940
3281
2961
1114
3158
513
2677
4411
3444
2988
3997
3687
973
4591
4660
3129
4246
500
4107
4573
976
4569
190
4627
4323
1993
2548
2988
3515
4346
4343
2941
1031
478
1048
920
4472
2757
2402
4986
2267
4412
3370
212
3501
3614
185
3446
3201
4322
3972
3983
3796
1068
370
864
1820
4223
4144
421
2720
4587
3174
2233
457
2545
70
1751
704
1509
3796
2132
4883
3394
2688
558
3410
78
4166
624
3151
4386
923
270
3630
248
2620
2605
2727
4936
904
2024
3936
4134
2077
4560
4133
2690
3650
1566
2794
2059
1300
3576
1865
3785
3922
4918
4665
3156
907
1881
1859
4975
1164
2348
1252
787
4905
1194
4498
190
4055
2449
1745
1420
2520
2966
1593
4776
3277
1890
69
2322
2989
1109
2227
3787
1975
1657
4157
2967
4603
1128
280
2252
3331
1636
2734
2240
4000
78
53
3741
2581
4404
2809
2890
3846
4575
4095
2323
308
1651
1501
2400
4595
22
2307
1465
4768
4271
4252
1364
2076
39
3573
4847
127
3097
2996
340
2811
1549
4287
4923
1743
3183
3348
1906
3576
226
3929
3090
1761
3318
3358
4509
3073
4438
217
1002
2137
1580
1030
2891
2902
2459
309
1457
1063
1167
409
2843
1049
2657
331
4427
246
4693
2638
3011
958
3456
2408
190
750
2467
1754
3717
3706
1208
3488
2437
2454
2564
4528
503
2530
1512
4254
4661
3422
2064
2850
1909
3178
4400
3997
1658
3078
1769
2531
3119
2480
1992
632
3642
2893
1435
4007
1540
154
4994
3341
1671
2471
2908
2095
1166
2096
1442
144
4883
1279
2643
4975
1112
4171
959
384
3593
3874
3492
2717
4731
602
2635
2407
3969
581
4175
4555
2778
1354
866
3585
4589
1817
3358
2962
2208
3914
1858
4248
4358
3842
3542
1525
3384
4590
4941
3703
767
4305
4842
780
387
508
3787
4530
4724
921
2545
2956
745
4031
2240
2387
2331
129
3193
3299
47
2069
2442
990
1984
4441
1056
3472
4532
1382
2931
479
3362
2605
4260
390
1065
2265
1938
617
2001
1292
2285
2129
1853
140
708
4052
1624
3335
2241
1260
2616
125
720
153
3222
792
4363
3510
3258
1756
3467
610
1276
3331
2730
1901
4473
469
2359
1054
3679
4582
3424
4805
1785
3417
1775
4198
233
613
3713
2223
2694
283
3369
3598
459
3085
2331
572
2901
4057
12
1533
3945
310
1275
4581
2923
3513
1226
1068
2201
3259
690
4678
17
1104
527
4862
1392
3794
2457
4584
2584
4749
3546
602
2167
3463
4555
2202
2827
3594
2731
1806
653
4086
1364
1766
453
1744
2036
4239
1003
235
408
3023
2002
1682
4351
3573
1941
1929
10
1308
2594
476
4874
691
3248
4251
1824
4301
3699
769
843
1683
80
3789
3657
4942
329
4774
4667
2764
1555
1300
2990
1674
2092
2163
61
1908
132
2886
4484
4313
52
4361
3537
274
909
1816
3483
2823
2847
3722
4300
2580
4689
1435
3687
355
1524
4890
3442
3299
472
710
2695
571
1464
3086
2967
703
3304
714
517
180
3071
1924
4303
4087
833
254
2026
1585
2204
874
1939
1579
2528
1301
3251
3299
2246
4143
3521
4359
1991
1184
3736
900
2835
4764
4493
1779
4370
4806
4608
4513
3767
3055
4747
2658
2221
2345
3080
2442
2531
3993
2131
2385
4777
899
2445
4857
1567
2995
2626
2781
2808
4993
4981
3526
1001
2293
3976
1689
127
1579
813
2063
4315
754
991
495
1411
3468
4769
2489
3991
1099
4099
1015
1534
1458
3184
1101
481
1961
1003
3096
1080
3508
1074
2706
3445
4051
259
42
2970
3871
223
4357
529
4583
4572
79
123
3538
1390
721
1317
2894
2822
4991
4372
1842
2895
3917
995
4668
255
710
3472
3120
4008
1514
1871
1420
2234
1243
4320
2175
457
3785
1213
191
3917
4682
2472
4715
1559
905
3427
926
3666
1227
3226
4273
1086
1564
4933
3098
2042
180
2632
2516
1785
1637
236
956
239
4834
1098
4601
4660
2726
272
506
1706
327
4417
3584
3057
4574
1938
11
1248
620
2872
3166
1361
1385
3339
4547
3957
3075
2207
397
4755
1455
2596
751
2183
4137
4717
2492
3090
1418
2705
2170
1522
477
609
4998
3307
1685
4994
4976
3429
454
831
477
2889
1768
2745
4062
4539
3240
3554
2998
104
4391
4909
4747
4901
733
4175
1320
1810
1474
517
1383
2926
3834
435
987
2398
2950
786
2924
968
3597
322
3704
1097
2575
516
4973
3499
1462
4354
3176
882
3316
3832
3697
3377
4087
3391
2182
5
2676
4698
2088
4057
2091
1867
2408
4719
2405
3639
144
2884
983
1940
3420
3786
4131
4423
2439
1628
3007
4071
4824
407
4369
1308
1741
2884
2685
1429
4615
3341
2009
2087
2404
4332
310
624
2567
3101
736
2403
3105
4603
3056
126
439
3612
337
924
2688
133
3661
947
1151
1788
3368
3779
4365
3506
2075
2194
268
4857
2355
442
3693
2240
1472
133
4343
3968
4614
782
3108
2723
2955
2931
296
4221
1464
2870
3221
681
1405
837
2678
1729
471
741
3335
921
1057
924
3182
513
3006
3694
2353
474
1726
2665
1295
3454
3798
3519
1471
2565
844
4693
336
4496
3121
73
2497
1941
4745
1458
2125
3522
3702
838
3543
2452
1793
4369
3918
965
1284
463
3352
3753
2747
553
1185
4479
2618
1464
1846
3330
2100
3267
1199
2581
1489
4005
457
3334
3905
936
69
3532
3565
820
1008
4384
1851
647
1338
3288
4663
3344
2460
4772
1943
278
3439
2838
2308
3630
2816
1589
3708
229
1616
328
2513
2144
319
4815
2661
1965
1082
290
3945
3455
768
1635
1769
2705
4289
4817
3327
3414
4070
3176
98
3666
3312
3306
4851
3585
3475
1177
567
6
2641
2386
1606
4603
3818
4570
4512
138
3296
2373
2028
3589
612
331
1189
3409
1670
4179
2020
1323
4357
3998
321
1961
3212
1001
641
1049
3370
4515
807
3927
4706
1661
400
4664
534
1503
73
258
4714
4196
568
3835
4763
1823
1796
3711
4798
3768
1713
2613
4039
394
1046
364
2610
1014
4857
473
4928
4192
1365
1057
4713
1606
1057
4400
2867
118
2826
4142
4429
698
2728
1761
3110
3088
2149
2246
1300
4141
2070
878
3720
1451
2530
4179
699
225
4391
3468
1673
2504
2766
774
2051
170
3756
568
829
1560
2749
1660
1967
3134
2691
184
235
2741
3569
4356
1869
4641
2779
3673
1002
4829
2780
4699
3832
1990
3681
2525
3340
1996
2096
4251
1783
1932
2487
3124
1492
2220
1858
3895
199
3632
4201
4034
4966
4019
3312
120
1537
877
14
4574
328
2694
4636
185
364
4928
3647
2927
3058
1481
4616
3965
2779
469
611
3979
235
3807
423
2335
4977
4030
4379
1938
369
4098
4537
2282
4705
4848
2215
2342
1238
1044
3437
4340
2055
2615
3674
2547
4779
1826
2550
1093
3346
2063
4436
4853
4931
4447
2651
296
381
1340
3907
80
838
2686
4243
3210
3601
233
3370
1245
4305
1057
1182
3635
3126
4523
1439
1181
2754
1471
551
408
1783
4480
3104
4164
3328
413
3392
2596
2716
824
3575
4273
2038
436
100
4395
4728
2548
2594
1546
882
3949
2193
2370
2552
4858
945
617
2701
1814
2789
1267
980
2811
4798
3512
1772
1986
134
4444
986
116
2442
4118
4079
103
3744
2910
3783
3246
3308
889
1522
3297
961
4625
45
705
317
940
2944
1217
3507
4605
1886
3074
3696
4128
3168
1844
387
948
3341
4851
1580
904
3544
2353
4982
4406
4883
1481
1334
2118
1328
4027
2956
2025
2133
1300
2618
4181
1018
458
1978
2026
2952
919
468
2807
218
3511
285
3243
3079
476
1735
971
4286
4620
3844
850
173
4268
4174
406
4998
1685
550
1787
3253
1082
4100
1286
3060
987
2235
154
4177
529
211
485
3257
3164
3020
4396
1448
3240
4803
1894
3858
773
4075
367
2525
4475
641
1277
252
4384
3
1951
671
2121
4196
1303
285
3977
651
2692
3366
4895
339
1052
3414
79
3908
1790
3732
3930
1554
2950
3783
1154
3372
3539
3631
4148
4355
3588
3843
990
1763
2329
4995
3131
1774
2391
4771
101
1958
989
1585
4568
4770
2187
1592
682
2482
3383
4107
2875
854
227
4403
2784
732
575
4090
1969
3635
3837
3554
2918
1666
928
736
351
2551
2393
4965
4570
1771
4251
1666
3665
3602
2341
1206
3963
2865
970
1341
4210
2114
3665
720
3027
4668
2257
3860
1968
1663
3475
4036
2120
3121
2514
472
3980
115
767
2292
3663
2141
2602
191
2001
1530
239
1749
1532
3087
3899
4939
955
2317
1734
1041
4015
3110
629
1290
4354
4931
1322
2668
2481
1940
1591
889
4262
4864
3908
2467
319
3590
3946
1669
2529
3130
1340
4746
3467
4735
162
4498
56
3362
4080
4509
4407
733
4702
3802
4394
3816
3280
2253
4493
4532
1420
402
1811
1193
4801
3928
642
2091
1532
3058
4208
3091
4807
3528
558
893
3295
2966
1542
71
1607
2854
875
4237
4422
4150
2218
3363
2835
4975
3052
2765
2151
4388
250
3348
2353
1118
2963
1562
1278
3163
367
3836
1591
1055
1660
4933
2959
248
3427
4397
2073
3945
383
1112
3835
4880
2265
1428
105
3987
3222
884
3124
1337
1100
2715
2195
1861
161
2650
3252
2906
4410
1896
1581
758
1392
3849
2138
2988
3977
3556
2127
1450
961
4479
2192
1878
2154
1850
164
3894
3489
3246
1627
2393
4465
444
301
1314
3926
3777
1256
1719
1465
1912
1645
2382
3150
3768
4392
3184
4473
840
2916
1799
4086
874
643
2848
3091
2685
4345
156
4438
3821
749
2758
2327
1350
2525
4457
2098
3913
3093
2804
4747
4226
421
1719
1881
2906
3130
1487
3437
4687
3751
3490
4343
4892
2351
3912
3063
3983
3499
2888
4355
4693
584
3
2468
4009
4325
2603
4118
2734
3229
3839
1663
4816
394
3440
4330
4169
961
235
2292
3930
320
2713
2437
4521
705
4074
4045
1535
109
2147
387
2453
2136
3432
1643
3499
3989
3525
2039
3223
4304
3166
4869
492
2598
4806
3461
2945
609
1986
2681
1246
4610
4864
4895
1942
383
1089
1190
2283
3495
2781
3463
3377
567
2942
4909
449
1526
1692
2191
1077
2567
3046
209
3724
3120
2255
4039
1516
1693
2604
3490
2995
4457
1158
3552
4508
2893
3381
508
775
1982
4985
952
156
4713
1097
3458
2181
3232
1136
3803
4364
743
4040
4018
945
2171
2664
3491
3334
2013
939
3771
303
4574
3044
1833
1258
3203
4013
4581
216
2058
774
3248
4831
4712
361
4323
4935
3068
2543
2192
297
87
763
3810
2535
1092
2922
271
4864
623
4007
432
3745
3513
3393
732
2595
2699
3532
1439
1164
3476
3576
4841
3649
715
3924
4235
3748
3281
2407
745
715
2125
4070
2347
4655
502
2864
1278
1207
3754
306
3285
4413
630
3324
1733
3703
2174
2788
1858
1962
1065
3225
4960
2073
272
1153
3722
3742
4713
727
552
1824
138
3912
1387
964
2699
4537
1130
1708
724
3136
4416
1489
4781
4944
64
2863
3022
201
1782
2516
2244
1181
4166
4509
2595
4998
4729
3640
4626
546
234
1404
979
4081
4821
2452
4653
3299
1368
1223
1243
3364
4497
2523
1642
787
4469
1374
855
1837
2903
587
1751
4808
2830
142
4593
3553
1446
1430
597
4947
806
2145
2558
1134
386
1196
2305
2487
4960
838
2237
113
3206
684
3002
1454
3076
3178
4546
2050
3340
2785
2420
2345
4957
2137
4058
481
4197
2768
2164
2696
1509
1790
578
4965
3424
1232
4580
1284
3335
1509
257
4227
2286
3541
99
3008
3534
3058
4454
3828
71
2854
476
4608
1745
1642
2436
2589
2241
3978
1998
1344
4938
4376
1925
689
3046
512
2461
1491
2973
4944
4500
780
2275
2316
3062
694
3861
290
4178
2601
2446
2512
636
397
4827
3365
3130
3058
400
4863
1412
1915
4927
2451
2771
734
2892
1540
1689
3812
2031
925
3412
4532
2098
4984
1377
2711
2237
4801
1114
2590
2945
2729
1398
1934
998
2296
4315
1093
4712
4829
3796
1204
1432
1608
239
4254
2199
4105
1379
3315
3250
3462
4542
3314
4798
2111
2272
1096
693
3258
2767
771
2229
4508
575
192
718
2390
3574
3307
4733
4544
2219
1960
987
583
2053
4374
2181
1454
2023
1714
4936
3271
3485
2286
2448
2712
192
1576
530
650
3819
3924
2961
1550
950
2596
2544
1837
4039
555
850
4701
4485
53
3923
1500
2386
1404
606
1928
332
2861
3480
54
3228
2296
2946
2196
886
1930
4807
2745
3605
2104
4645
1193
918
4379
4165
696
2063
236
4467
3022
3854
4104
351
454
408
472
4140
3256
3878
3128
2711
1507
1071
3893
4855
2153
1486
4922
4863
3086
1573
951
3536
1901
89
3335
493
2979
1350
4307
553
4630
3155
2403
483
3242
2601
1296
3175
654
3121
1507
2335
2657
4638
2555
4047
1354
4395
4952
3106
3562
1634
2914
1182
2284
4622
3277
798
2976
1816
883
1954
1197
1776
2774
4291
3597
716
1850
1742
4860
4793
1131
3239
1624
4714
671
3359
1919
4637
1182
779
4396
914
883
4046
320
4602
4663
3415
4604
147
2211
2801
4589
1303
1077
3744
349
821
3769
500
3015
2681
2663
3159
134
2616
3782
2210
3352
55
3440
1875
374
40
3989
303
3262
2356
2849
4683
4150
62
3932
700
1242
1581
4931
3383
633
4786
2274
4875
492
682
2079
454
1818
3146
1627
1803
1063
4714
2445
3350
4957
2792
3671
4179
3364
2422
1268
91
4327
3178
1067
4508
4049
4623
2498
1217
2544
1544
4688
1307
2538
3442
554
1662
4646
3944
1581
1638
2947
2676
2835
4758
3788
1808
1121
1898
281
1429
4152
3697
2148
3367
2912
3782
4639
1440
3477
2562
4812
285
3511
31
3531
1861
4912
4912
3216
3371
4276
1929
40
666
2291
8
3487
3703
2654
3772
3982
3413
1341
3860
2639
1387
4310
55
1021
2754
542
1987
53
1448
3416
3477
2171
4711
1302
3953
1561
4157
4364
1543
3548
1014
1297
3515
481
3058
2669
341
1773
1683
2615
4311
3973
85
308
2042
2174
229
1889
3095
1971
2845
4378
152
633
4615
2464
1332
1766
2051
1255
3448
3992
4019
2679
918
2029
3248
4935
4153
4137
1866
3092
4451
1556
4850
3385
368
1967
2114
3468
3034
4374
4943
3651
3582
3437
4700
4724
2189
4639
3569
4232
3576
947
1267
694
575
3610
3060
2019
744
1248
3323
3615
3102
40
69
839
4650
755
422
1434
657
400
276
448
575
4449
4037
2193
1886
2886
1858
3451
2184
3509
1572
1515
1117
1322
4405
4600
2817
2900
722
1296
4279
3896
307
4808
320
3373
3909
3892
3489
2244
1180
4738
4899
3689
280
2003
3287
3196
2487
1845
1688
1785
4012
3436
2148
2421
1966
2869
4523
2371
2577
737
1147
749
4375
984
1559
3874
3163
21
4253
2383
614
3041
4453
1
1717
3929
4302
1463
841
2109
2983
222
2203
1088
4463
1939
568
3993
2430
2571
3326
1192
519
4710
2566
4786
2407
3086
4544
3686
3597
3047
3478
2658
455
4016
3149
1849
2905
179
1267
4998
3737
4743
176
4864
538
4641
3861
874
4443
4061
2324
3819
1483
1933
608
2273
1049
3261
3689
2309
2883
1748
2113
4961
4216
4645
395
3700
4917
2385
1516
2044
4706
3974
625
4127
2538
3147
38
2263
1734
1998
4249
86
3827
2935
4184
1177
3393
4590
1943
3972
3202
3408
833
667
857
1546
566
4170
4977
935
802
141
2231
848
289
3580
1609
944
4393
336
4660
330
4998
1356
2010
4284
4354
3661
2771
3532
2760
131
1195
2613
3384
3984
4843
335
299
3161
934
10
3153
4866
2526
2050
4613
236
2872
3847
4544
2410
3737
855
3319
4717
4257
4808
3583
246
1749
4783
224
2958
2973
1376
1680
4844
2890
1747
1693
4402
4667
1797
764
2914
941
4539
4232
2835
964
2945
2438
799
2333
1472
1586
2619
2117
3632
1096
4472
768
3375
2425
3482
1332
197
4874
2737
2097
825
4735
3124
2891
2396
4112
1361
4843
3496
2564
4367
4850
4349
2173
1854
3497
685
1104
1286
2678
4305
4490
2134
1326
4450
2221
2414
4514
325
4898
4581
4120
4733
1837
2398
163
1048
3786
2337
1030
899
4735
4855
4994
1300
1711
267
4363
2401
4669
62
1088
1095
3852
2198
2220
1343
1411
3251
2141
4749
47
1375
3348
1703
1729
529
1725
1229
2053
2956
4641
4432
628
577
4585
4496
1881
1951
4991
2709
1548
3069
2904
4379
4402
2402
3874
2898
1667
3274
1121
341
2596
3550
3460
3678
3714
4696
1872
4757
3042
2825
3000
677
592
3286
387
942
1392
4942
1155
2004
3610
68
4193
1978
4437
2445
1552
4666
4949
4150
1474
715
3142
3727
3549
425
1337
2077
1310
3606
4590
523
2295
2260
2696
3276
2711
3715
2160
2810
3409
1863
2795
4694
3407
4141
4845
3260
1379
1891
1537
2139
4074
1864
3052
3213
1788
1200
3540
3810
1677
225
2328
2851
225
231
3080
2167
3245
4291
130
3116
535
3839
642
1352
2743
290
3373
1933
1726
4675
4252
2356
1018
2569
2634
749
1913
2899
1047
267
1349
4919
4930
3199
3423
1430
2957
1335
1946
3771
1482
2864
3643
4269
3223
2864
3249
2604
1301
4798
4812
711
2669
1806
704
4542
439
3219
628
4494
4724
3424
2520
1635
2140
4337
4194
4085
875
3029
1021
801
1160
3278
940
4177
4836
1338
2392
4548
2599
2347
1262
2947
2772
1600
3252
1692
3260
4888
2232
1661
4125
2654
2009
407
4447
375
2304
4066
2746
2327
1764
2597
4572
4284
4842
2180
4098
4283
1582
2669
769
1337
4978
2800
3765
3732
665
399
625
4186
3762
1341
2809
1250
4708
1480
1984
299
3800
606
4482
925
1581
3487
1026
3748
2143
152
440
2765
1952
1325
2268
78
3654
1722
4238
4259
3690
3123
3727
3946
3438
2294
1461
380
3730
3361
3818
2439
172
4343
2194
1075
677
3875
4083
2634
4759
4871
823
685
408
680
2218
4180
1153
3506
840
3602
4754
843
4288
4858
2257
4649
1255
4304
3113
3994
4607
1024
1834
2182
3287
1074
1409
95
158
3437
3659
2432
2977
2850
752
3230
32
2769
4192
3290
1026
3546
1212
658
297
3628
4632
2507
2289
4651
4129
1173
1279
2138
4571
2583
3606
647
2133
277
1807
3904
3350
4036
2816
1009
4119
4303
3205
4328
3080
2627
1159
4738
4242
405
3054
58
2616
1081
3018
1142
1194
2715
2802
1120
3387
757
3329
4830
773
1040
1647
668
2493
1943
1043
544
4025
2443
2841
4994
1083
3644
2043
3425
522
3524
4537
1255
3790
4640
4423
3297
3034
1997
2807
1982
4991
4444
631
1381
2007
1924
476
500
2287
3359
4494
314
2570
95
3945
1170
1695
4775
1204
217
3471
4210
1528
1914
3218
3224
3750
1361
939
1288
3699
4460
4269
1400
4077
4053
1269
80
550
1670
1917
3746
2952
4256
3693
1602
4472
1999
1740
496
118
2246
1750
61
2237
681
1614
2026
2565
780
1903
3188
2029
4009
775
215
1601
2179
4056
1962
1843
3110
2890
4869
421
1941
3589
4892
151
3593
4747
767
1975
4191
2754
1400
4690
260
4142
3370
4193
1048
1366
1496
2593
1821
794
2402
1289
409
474
2153
452
3633
855
3297
4536
688
2284
1199
1742
1472
4902
3917
2663
4968
201
3486
2563
1515
2528
1602
1107
456
3029
2771
4752
3498
4325
2956
4469
2989
1964
123
2646
3948
4819
235
1806
1747
2977
4608
534
4412
2951
4647
4329
134
4478
4961
1198
1788
4855
3619
2120
4585
3639
3795
3882
4035
3886
3362
3202
2802
3893
867
1969
3817
4457
537
4301
1352
1235
3232
3453
3932
4572
58
3162
4279
498
1305
3583
2609
1289
4283
4439
3698
3674
3540
639
3178
2578
1951
190
3766
2406
48
3933
1536
1955
2099
3472
89
3466
1993
4203
4596
2070
2124
2801
3953
2314
3029
4734
1092
1414
4108
1908
3600
2603
1510
576
1191
1907
441
1071
1293
2976
3502
1865
2147
2596
4744
3662
439
1844
953
3054
170
692
4336
605
4427
3786
3991
892
1870
3006
1437
3588
1112
1523
444
1070
4378
4340
162
4585
1847
3853
2183
4960
583
4172
1389
2590
3002
885
1811
4846
3690
3286
3437
1572
2002
1255
3406
3853
1960
4669
3382
3438
1101
4451
1728
4308
1223
4157
1419
3297
1014
3017
4826
2399
3225
4838
1136
4418
1074
1880
2075
4900
3411
3651
2072
1016
3702
4461
822
2550
1382
2610
4143
1109
2250
4722
3990
3595
2141
3023
2979
1512
93
4288
709
4248
4419
3034
2635
4261
2072
4944
4318
2960
1144
1278
477
2646
2492
2436
4456
4258
1708
1411
4936
3570
4647
4253
1690
3334
3488
373
1372
4777
1539
3345
1094
1248
2003
327
1811
1611
3071
2763
3205
3498
4666
5
3537
1606
3770
3138
4774
2959
187
653
4715
4852
2510
3518
3320
3777
1353
4667
3957
2644
2787
2026
3002
3776
3900
3410
3625
1771
171
1445
3384
3061
4707
4038
3974
4679
653
1074
4419
1085
4503
926
2931
2368
4715
2039
1641
3862
563
1979
1938
4581
1386
237
3534
4622
2799
4333
3780
3699
1512
4261
754
283
1690
2613
182
1902
46
1414
4223
2512
4049
1229
209
4906
4258
397
4170
1242
4161
4379
233
4140
2831
1869
3713
4328
4572
2954
913
3772
3005
4778
773
568
1589
3664
1675
3107
1749
1757
2578
367
4858
3250
4193
4026
42
878
4086
1202
616
1488
4240
296
1287
393
1925
2226
4608
3639
255
3943
2675
4279
514
2001
3346
4242
4125
1014
318
1448
4587
513
4319
1267
2001
4409
575
291
1154
153
2187
3915
3691
4964
4760
941
1320
2368
4321
2987
3598
1418
3584
1240
1634
3059
4439
2946
1671
3322
2991
208
586
248
2139
1533
3329
2975
1412
709
4782
49
2608
4494
2267
3020
1549
2462
2179
550
3848
3173
227
2656
1973
1372
4941
4879
970
2465
203
3734
714
3132
3418
3518
2918
551
4
2273
4796
4462
959
2507
4675
4069
1399
2369
2079
3232
1644
4805
251
3029
2721
4457
4267
88
2626
4755
3152
4387
2684
948
2022
2986
2401
3069
2590
3263
4679
260
1732
3222
2749
3193
1623
2292
228
74
3254
111
1663
3120
1939
4966
2694
3585
1594
947
111
166
3943
1236
1115
3147
1008
3016
336
2974
3791
1309
2248
864
3304
1472
3339
3169
2419
2774
4584
1900
3639
2638
1958
3814
2586
2647
4148
2652
1151
3396
3440
2228
4550
48
694
3519
3810
3176
2100
3524
4291
4084
452
1072
4084
2791
4068
1714
4705
4341
331
4541
4506
1815
2953
3038
2090
2863
1676
3306
3495
775
4474
2464
3316
4901
3454
1459
3941
4295
1027
43
3538
3005
181
3017
3982
1535
338
4132
1460
4915
4213
517
2929
3483
3893
3627
362
1123
418
1357
4783
3740
4357
4300
4398
1977
3114
1761
2470
2834
4421
3925
4701
4684
4753
1972
1405
2122
632
4700
4273
1550
1148
2486
3507
2381
4525
3398
1924
2333
2912
1491
2082
2588
3825
413
696
1760
2902
2771
1808
4076
3679
4742
2523
3342
2891
3569
1750
421
4582
562
134
2182
1194
1033
2039
2955
3045
478
2970
2719
272
3558
3032
1738
846
2341
3892
1486
949
4243
421
4235
3258
942
4190
2572
2103
197
1994
1645
2049
4728
2656
3286
3685
4798
184
4064
3643
3954
4917
3163
2998
4830
1731
3262
127
2854
641
3009
1749
377
3796
2463
4176
3881
2007
1734
4845
1440
3292
2886
3330
4395
4279
3555
743
457
3817
1406
2396
1395
881
2210
3201
2884
2948
4019
2900
692
4290
1059
1362
254
2118
1727
1278
184
557
3778
3062
3886
3293
3065
4316
3116
2055
1572
863
3615
196
4240
4874
876
4610
673
3922
2398
1246
3347
1051
3850
2160
889
340
3398
2919
4310
983
3476
1211
983
4721
4869
2246
2414
4167
4428
399
4976
847
4232
3705
4563
4738
4467
3057
2775
2954
2060
4266
4538
2542
4479
4060
1646
1250
881
4256
167
1420
1352
1488
2617
3570
3274
419
3239
2460
358
3433
2488
1432
546
4053
1435
4499
1133
4730
1964
2659
4938
2283
3068
4759
91
801
926
4598
1806
696
1988
70
4325
4104
4156
3325
822
1867
564
4193
1421
3851
998
650
3517
1328
2677
1050
3869
3255
1045
1992
4823
3591
2989
358
1426
3631
4561
3328
2133
4022
1520
2163
4826
1751
2220
1778
4167
4427
1310
2202
313
347
3803
4681
4997
4039
731
3344
2120
3330
1307
3638
1664
2008
4082
4354
4710
144
4824
3179
2240
4398
2093
112
879
3388
2538
1773
3352
4174
3681
1571
4297
3830
4599
3918
1332
1303
438
2650
4193
1781
1684
902
4066
2971
2333
4497
2537
1996
624
1451
1316
1614
679
4496
3283
4160
4019
2945
671
3863
4421
3847
1109
2481
2365
1419
2924
3332
4648
1519
970
2485
768
2268
1579
2075
2228
4103
2664
775
3147
2822
1282
3395
19
1077
1915
137
622
4724
868
3175
4272
4571
1587
3187
3993
2305
312
2694
1051
990
1857
2577
536
871
3590
4566
2317
44
3588
1524
3984
2385
2994
2026
4584
1911
2511
3399
4355
4062
2337
3297
2370
3803
2484
4534
4265
994
3056
676
1908
23
884
934
923
4685
2343
1882
2785
2485
1380
1297
843
649
3975
2110
1101
4162
2220
1348
878
3842
857
2364
152
4721
4314
2840
2035
867
294
2356
1055
4484
2196
4653
193
3621
3191
4135
1832
3250
4872
4547
2746
688
3299
489
1168
435
4142
413
4653
2410
272
4265
387
4407
3437
3973
4515
3275
1847
2368
288
4085
3000
2028
1470
4716
2554
4755
3399
816
4954
2529
4741
3808
3002
4219
1161
3507
1748
3595
1300
3820
2784
196
2062
4087
82
445
786
1876
2081
1671
99
2144
3156
4980
3672
1701
3727
4776
1323
718
899
3466
4114
1022
4332
4704
1149
1295
62
1476
1114
2021
3190
4499
2892
39
1795
3789
2388
3501
1934
2141
3828
2963
3582
2225
3570
4998
4272
2595
2157
4702
3655
3265
2473
1340
2972
2094
1149
1299
3581
895
2478
1738
2946
110
3397
4644
1262
241
3592
2021
2947
1553
2096
496
360
2094
34
1523
1837
3942
3335
483
487
4869
3596
1815
4308
3464
3440
2263
1617
717
3555
3122
864
3715
2215
1825
435
176
1940
2219
3675
4162
852
688
2521
3385
275
3013
1795
2268
394
2776
1091
2035
3999
1655
3822
1346
2934
2945
4435
1903
3750
4449
2479
1797
4792
4070
1995
1682
4184
1611
1917
3883
2766
4816
1990
241
4919
1988
3362
1670
294
609
3031
4174
1922
3421
3397
2965
2846
112
2959
767
1087
4687
3707
2133
4338
4354
2563
3245
1642
200
49
2893
4785
3303
4119
3370
2289
2518
1551
1177
690
3200
2270
3908
4448
161
4930
1224
1294
1522
121
1304
3443
3504
756
1810
761
4845
1911
3520
4482
1220
3575
55
2680
4840
154
848
3371
3024
943
2903
1484
3883
1393
4488
4332
733
4511
4209
4833
3848
1955
1818
3431
1677
2206
3322
617
4590
655
2531
973
570
3507
4078
3763
3078
799
4087
4488
4232
3557
2986
1284
3932
1878
3006
1480
1888
1060
998
984
756
3203
2586
1749
4408
1758
3331
496
2156
4722
4901
3484
2634
4988
3258
3923
2797
2162
4222
972
3273
2722
2877
1180
2866
4412
2523
4784
4349
3188
3532
3424
4372
825
1211
3512
3463
1272
1532
1206
1240
326
3457
226
4174
4896
3945
442
714
236
1528
1803
1562
4053
3041
264
1291
785
4381
4692
3048
181
3747
4974
1847
1575
3025
2273
165
1207
2643
1676
3912
2168
3732
1131
4343
4233
3408
4540
4980
565
682
324
140
123
3358
2891
3175
1492
951
2719
1733
2431
4074
2916
903
1932
2305
4285
4625
1427
301
3715
1823
3389
3240
383
4332
2402
1733
2049
3879
2280
1887
1523
2960
1438
1333
3119
3862
1148
878
2071
2499
2883
1190
2884
2903
2648
197
454
3441
1461
1759
4773
523
1149
2272
1668
290
1531
4859
1182
2759
1388
1284
4811
1496
1174
2295
860
259
52
3438
1543
2723
3077
3137
1046
331
3207
2784
2215
1970
4922
366
752
4216
3908
4947
1817
2516
4551
4065
1183
2062
1724
2711
3608
1433
1812
1812
4313
204
4237
1930
2591
4650
2285
1032
2895
982
2249
547
2213
881
2703
2436
2392
1892
3876
2291
4718
4634
1302
2240
2810
952
1169
1093
3617
4775
2075
958
3387
2111
4128
4098
26
2608
4915
284
2651
3259
2155
3680
4520
3281
2680
2088
3469
1402
1823
175
3815
1204
1129
3993
99
3659
494
252
4990
2936
1636
3890
1880
3029
2495
4583
4291
2659
2370
2366
1078
2004
1710
1049
833
278
82
3372
4583
1103
785
1787
1505
2077
14
3209
4311
344
3889
758
2613
2831
4827
1296
68
4477
4009
1108
1696
3066
1479
2848
2365
3833
3468
892
3297
2915
3604
3410
4874
3395
252
2103
1693
3659
2799
2004
1027
2328
230
666
402
4607
2312
3495
3860
809
2533
3585
716
416
2668
475
4090
4517
3786
4993
4393
784
2027
3586
3799
3072
3612
3343
2156
143
3245
4796
466
2108
1782
976
349
3578
4065
4625
2204
3316
2235
393
1228
2926
2614
1590
4427
2185
1472
4035
1440
992
3473
1124
4897
2032
360
2945
4054
1396
2866
4342
3994
3433
1103
651
4845
775
4235
3220
3511
4670
2549
2813
1346
1319
3828
4880
4761
1435
2571
510
615
872
321
4456
497
4949
3362
4819
4423
4015
3382
4263
4599
4398
1340
1191
2588
1692
4414
1767
2410
1780
4009
4989
2831
239
4622
1432
703
1660
3561
4068
4360
1397
1538
826
4195
1584
1177
4369
4784
4030
4864
1603
1191
673
2314
134
3288
2937
4374
4942
3877
4798
3934
4185
3032
1967
3315
3354
4795
850
3656
34
134
3011
2257
2853
3142
717
2460
3993
718
4666
111
4679
1113
4501
1070
288
4977
1523
2617
875
2509
3878
4041
4110
3229
1704
2842
1262
1809
1422
991
4533
1746
4286
1650
4343
1538
1555
1123
1279
3366
1176
3725
1274
4944
4590
30
3074
412
2528
1822
1123
3400
3078
3476
2096
3489
2361
4603
2350
3745
4758
759
1963
962
4268
3332
4020
587
2973
3631
3193
1095
4191
3677
3592
2517
3627
1801
3587
2334
583
4263
234
1001
4556
3576
1709
2218
3935
801
3663
4744
3816
3593
1079
2910
534
3080
1035
4745
1006
3090
2237
1258
788
4938
3957
1995
545
2542
1718
3665
2617
618
93
4558
807
558
1516
283
3964
761
1734
2613
401
4180
2728
3311
20
2709
867
1920
1190
2915
4428
1420
25
4298
1043
1139
2839
1741
1655
2350
4425
1694
703
4310
4471
309
3562
1897
4630
3984
4421
1383
1526
1612
1159
2827
4188
2166
878
4738
2643
771
812
3378
4440
2247
2198
2610
4277
926
1156
4589
4655
1604
335
3960
1927
576
3661
2534
3465
1755
544
2853
463
1730
644
4445
294
3518
3967
1277
1540
1990
4058
472
3751
692
998
1786
2548
3901
570
4972
1202
4204
3780
1191
325
783
4252
4871
3405
2984
2321
1707
3567
2285
3714
574
2683
4427
3402
3472
368
1419
3115
3526
4533
2733
3494
3452
4284
3405
564
4938
1165
2899
4201
3605
97
1474
2385
183
88
1734
963
3158
2059
752
3398
4906
2677
572
258
4427
4075
938
640
2466
1218
3258
1221
796
2785
543
2106
3386
4574
1707
2541
4249
1213
2614
2036
2530
2906
1490
3232
4734
1324
1846
3641
180
642
4193
4352
3170
366
1769
970
4896
1922
3210
1667
2352
3213
758
3123
425
2380
271
128
3717
4371
2628
3457
2742
330
671
868
3726
559
3848
3432
2310
116
3278
3477
642
73
4152
3398
2226
4519
2608
2038
4541
2111
305
953
322
3047
4323
32
986
1204
3207
2219
519
2234
718
1377
2768
2449
3366
1010
442
2603
2146
3934
3890
2847
2236
3487
4037
1805
4963
1246
836
3201
937
344
2934
4762
266
3351
341
898
1320
4553
4247
2044
3112
4618
534
4699
1683
2210
3267
2670
2096
115
4609
682
3034
2425
1315
3153
4394
3900
1541
2874
2015
4797
4010
2099
3224
3637
3996
3675
3832
2197
1264
4849
2975
434
1115
2868
680
3762
106
1630
4865
4409
1546
463
1520
4262
4563
4661
121
2080
3296
1711
4472
1307
3367
3231
1462
3374
4619
3357
580
3445
2306
3073
3986
3175
2341
2890
3308
401
4906
3057
4341
2553
1745
222
3062
4530
1013
299
167
1719
2927
4228
1700
3191
3059
1899
4583
2158
4360
2787
3732
974
3152
4907
696
4144
1535
633
4437
1062
3038
2100
1553
436
3243
3282
940
454
3539
1652
4639
1793
1230
3139
470
2417
2844
4078
1700
2134
3252
1797
1332
4347
3125
2319
1669
2761
2165
4421
4997
3891
4896
3305
3206
630
407
1702
4268
4799
2513
3756
2246
2754
2587
1982
4965
2052
2887
1455
2170
4517
4557
2165
4697
3500
776
1365
3909
1195
608
705
1398
2135
973
4950
1066
1361
2948
2634
3517
408
3999
1255
3003
2135
1743
4121
2062
2925
3814
2735
3393
4216
1561
706
2236
1304
2646
3552
862
3728
874
1584
2508
3375
937
2032
507
2899
799
3706
2603
4785
3614
4915
1770
497
3977
4309
2164
2919
3758
841
1989
2476
1232
535
857
4609
3810
37
168
2417
2280
1872
2229
928
4386
669
284
3283
1331
3335
2747
884
3200
2874
4089
8
4976
3351
3981
2556
4112
917
4808
2003
1939
4190
2398
2039
233
3790
1441
2954
4620
3205
4672
3560
2194
3690
27
2362
2099
2817
4251
3187
4294
4611
2691
2708
2995
4769
551
1013
18
2453
1299
1812
2478
4938
3706
2020
1941
3034
4345
2172
1359
4248
3055
75
1399
4059
1915
2778
1264
2035
2314
1366
2393
3033
862
4759
3807
4769
848
2858
2694
494
314
46
1687
4695
3635
3048
2073
2017
2887
4806
3073
4545
447
826
4570
1959
1678
1411
182
1822
4254
4007
1602
3674
4244
1743
4505
2450
3435
1329
1542
2259
3621
3899
2334
1234
2396
2876
618
590
4616
3270
3186
2529
668
4428
1695
578
1589
1627
3473
4710
2215
1166
2806
4044
4257
2248
1304
2694
4440
1900
17
4574
3062
309
3433
1155
1865
2609
548
865
4156
1891
1271
4588
4316
2616
3512
577
3353
2256
4849
1539
894
4431
610
3186
2227
1427
2464
4868
78
4987
310
2613
3110
922
312
3324
3260
2119
590
3098
2179
3744
2843
2355
1997
1073
2170
243
2431
3179
831
3661
3936
3667
3327
4759
3359
3654
919
3686
4054
248
1176
1601
594
4774
4059
2400
270
4853
3452
56
4632
2274
479
4677
932
1239
2556
799
2179
2523
3454
2132
4863
4658
566
4968
1713
1839
216
208
1369
1018
336
3333
911
2603
2483
1307
2892
3039
2038
3366
3087
1741
2545
4914
602
3896
838
2559
275
254
2592
4863
4417
259
1771
1043
4038
2645
1220
4308
3093
1678
4337
1587
2461
4176
1937
1676
2232
592
3659
4649
1850
1167
400
4549
358
1502
3183
4068
3494
311
341
372
811
1332
530
3561
2362
2447
1200
4999
3777
4078
45
3559
523
3253
4376
2327
1613
2299
401
2179
393
1255
4806
2824
3374
766
2140
1872
3053
2559
2032
4571
2915
4170
2541
4174
4029
4268
350
2174
1563
2941
162
2341
845
2134
36
3750
1889
3364
3219
2400
183
4387
224
3848
561
4769
615
3054
3767
197
2245
332
1669
1534
4254
1158
4488
4176
4686
2033
31
25
1991
3429
1211
3740
625
4382
674
4195
1086
1365
467
1687
1263
2659
1766
75
1270
25
2033
1547
167
4492
2889
2155
2329
1158
4880
240
429
4121
3309
2745
3195
4937
2054
1878
893
3848
4718
3663
2961
2864
2951
506
35
935
377
3722
2646
3252
1118
1559
3811
4648
4978
3185
983
3096
4125
4450
4911
368
1809
497
2122
4477
2406
4449
2307
1067
2616
3763
3487
757
4067
2792
1470
143
1327
1009
4568
2398
4076
1718
1563
2046
2695
2283
3650
2311
3009
3630
3126
2227
4152
2480
2788
690
4640
659
3499
1688
1173
2610
753
2962
2110
4560
4083
2660
3676
3391
4397
1996
4529
4100
1705
1696
271
1173
3808
3536
960
57
1548
4530
3536
4194
721
2771
2672
2346
1456
926
2534
2712
524
2226
1939
415
131
157
4665
1037
58
3416
239
2507
3264
320
4795
2265
3268
2076
831
829
738
3799
4618
753
2992
880
2869
3116
3908
249
4609
2737
338
1813
780
3977
3288
4309
3520
84
4089
4789
1194
1915
3
365
2547
4528
4197
3439
1894
3981
2495
3475
4
3334
3246
4277
4918
1132
1380
4243
2116
4018
243
1472
2756
1963
1843
794
1111
4522
926
951
4811
4557
1268
3201
2265
3540
4878
4677
4686
3720
160
155
152
1962
4002
2391
1367
1020
2729
2393
3810
1026
4035
1360
4386
3874
1128
388
4504
2481
4178
3369
1729
1369
4392
2592
547
3886
4909
1977
877
1613
317
449
694
536
4105
1214
2282
2425
3017
939
2931
3586
3347
91
1664
3919
2919
3112
255
3942
350
1500
2728
4409
852
1056
1450
2708
320
2132
4279
130
238
1285
491
3608
2542
3927
4256
4961
3884
3511
1957
1131
1119
2153
3280
522
4008
2205
892
3735
278
149
3854
1305
2238
3858
1844
3517
4856
3754
2987
2101
464
4900
3572
2613
4645
337
4328
2954
790
195
3797
3707
2622
3215
2441
240
345
4364
19
2093
689
3874
2318
3
4400
3979
76
277
101
3964
1882
4492
2867
2606
1267
2271
1980
2010
2046
4327
2659
2490
3103
3129
2964
1031
345
616
3244
4053
1035
4887
1379
423
1188
2879
3678
2804
4126
1066
1593
2912
3681
711
3577
2204
531
4066
923
3957
2110
3592
4151
1956
122
2803
2756
2025
1934
3534
3699
1998
2967
597
4621
3820
3254
3206
332
1553
497
1488
3068
224
347
3210
1106
1894
2576
702
2307
4500
17
421
3590
1762
1266
3873
2280
2288
2719
2414
38
3983
3017
3731
2945
1970
633
1883
4946
3020
1741
2324
875
2948
4885
4813
3559
3252
3913
4347
3209
2481
4606
1369
3980
3894
1835
1596
2192
4127
4943
3346
3497
4721
1998
1404
2637
1020
3198
534
2030
4517
3073
614
547
3062
4591
1610
3856
577
1004
4526
4331
3398
3405
4086
617
2643
3937
3941
3799
3473
4246
4194
692
3388
4726
3915
4329
4682
1289
2425
1360
4545
2334
4169
4379
2774
1517
3248
2344
688
1535
1167
1785
630
4315
3650
1229
971
4468
22
1676
4832
3741
3373
1939
301
722
3005
310
4814
3024
4786
4816
1224
2563
2870
104
4769
1485
4569
2460
4972
882
241
3652
3429
1053
1364
1970
4741
1467
1298
3314
4591
3934
1121
4233
3975
201
4019
4327
565
2096
3497
4037
4484
4547
3530
3011
1897
3597
1629
713
672
3490
2296
4534
1474
425
4851
1609
420
2920
2251
1200
4759
298
1229
3498
4850
2374
766
2464
3906
908
2163
851
3904
2933
1942
2541
1724
3050
21
300
3938
994
477
4010
113
1268
2020
3441
4667
673
1815
4558
755
2618
625
2263
228
1433
4021
1760
1346
519
4576
2407
2810
4872
4128
3928
1219
763
3616
4220
904
1937
2088
2269
2091
3267
547
1773
4820
4364
4874
4106
4354
1202
1567
563
3710
2877
2946
3262
4326
1201
2930
986
213
2245
4938
2990
471
2927
4023
2687
4929
2169
1038
3805
105
2780
1794
3212
4353
4177
2997
178
2871
1273
353
2105
4212
1850
1890
1920
12
2590
148
289
1421
3508
603
3761
263
1513
3324
1584
896
1291
1440
586
3703
3289
2259
4870
2526
3855
1403
1236
1975
3726
2447
1611
2820
3381
358
1460
818
3574
3315
618
706
2070
10
4428
1206
3671
1257
18
1720
3684
4742
3910
1498
4555
1411
875
2472
3683
1130
4965
975
707
271
4042
3330
4684
4138
3069
4631
2882
479
4465
1427
4285
2069
3282
290
1471
50
2211
311
2719
946
2000
3471
2049
4764
1682
4471
2279
791
1781
3958
4770
2404
4170
2912
4945
3693
4392
356
1812
3717
24
4885
1825
2285
2100
4475
259
3949
3617
159
4170
4231
1463
898
1414
4419
3993
1075
4114
878
114
1589
857
1422
4599
95
3914
54
917
4315
4121
2831
3491
3082
1975
4597
1262
3222
2464
4593
914
4857
2079
4627
68
287
1354
4887
4275
2549
2427
3521
3727
1451
4251
4842
3540
4809
2061
1574
652
471
3583
992
4307
1295
3096
2915
1849
1319
2507
4885
2902
4799
4906
2556
1987
4203
1346
279
4135
4304
4729
4378
4990
163
1802
3628
3807
923
4253
1886
4530
3147
1807
3189
950
3143
106
3005
746
3012
3912
4498
493
3813
3891
2661
596
2670
1064
1901
4463
367
2338
3901
4849
3452
1082
3313
2408
4223
2823
1899
2407
1532
1241
2137
3222
3232
1292
1660
2812
3042
827
1753
1680
3464
2292
1026
1388
2966
276
2628
2223
2409
4417
1447
2503
3858
2303
4094
1169
3921
2998
4544
3360
2162
1436
360
1743
1899
690
4373
2174
2305
1075
4002
965
1045
455
4206
4913
1794
3052
82
2432
3567
162
3543
2326
4863
745
3960
166
2667
2613
3570
143
2531
4484
298
3278
20
2981
770
4646
1718
2927
3029
4639
891
1667
1461
852
1306
1622
136
3131
2731
1377
2754
1716
4183
1728
1022
414
1685
2602
1744
589
3978
4141
1957
2228
769
2349
864
4374
1359
4446
606
715
744
4235
124
3253
1663
3719
2555
2739
3925
4584
3944
922
2496
4894
4487
4324
4195
111
1547
3504
4430
4440
2248
2106
1392
188
1139
3944
3638
4351
923
4759
389
2098
4494
436
2239
4896
2711
205
764
1312
2160
4147
1060
194
1554
3769
4792
933
809
2491
200
4929
3392
1732
611
967
4719
559
4087
11
4416
4620
547
2115
486
2053
522
2491
998
3384
3514
4227
4899
1990
1572
3368
218
2465
423
949
2368
4617
786
1448
2441
3750
707
1821
3281
2463
4993
3365
1946
4468
1803
4068
3085
4994
3408
121
197
4043
2051
1873
1412
3145
605
3244
73
1395
100
480
3811
3384
570
822
3102
2509
270
3212
1950
781
1569
4429
2107
1686
4627
695
846
3792
4424
3770
4227
4415
2383
984
1240
1116
407
4696
2981
90
1555
4883
4579
1581
3845
2426
1701
4787
1179
493
3204
2754
1994
4304
1709
3330
2048
1219
2174
2178
2451
551
2425
199
923
1020
891
2569
1583
2701
3872
1089
2386
3717
831
3317
644
768
2653
1013
2636
469
3044
2361
913
4126
4150
4906
1402
2638
4713
4283
632
2742
3797
4409
1449
4993
1041
4349
636
4306
4502
2054
3873
2252
107
143
3984
4398
806
37
7
2715
1465
1831
343
170
2457
4693
484
2540
118
4649
4166
2744
3390
1575
456
3744
2407
4576
1576
2376
4386
4153
73
4952
2052
4539
1599
460
322
3033
2688
2433
1253
730
1054
4214
3672
316
2000
2999
4493
2950
448
2679
4225
4004
4590
2667
1486
4547
2864
2054
2379
4099
2924
819
4536
636
2084
4936
3377
1378
4585
2311
2393
4476
3623
4337
385
4027
4420
760
840
533
3452
1287
3444
1684
2906
3655
3106
3371
3030
2362
4530
1773
1470
4960
892
4937
747
2290
296
4053
1257
781
769
4317
1130
1816
1188
913
2742
1911
1185
3620
1541
376
43
2829
332
546
1613
4122
2889
471
4638
1554
4486
3962
1438
3503
2521
1179
3686
2586
4955
4636
4921
3892
1899
3683
3291
301
4265
3375
3077
151
2694
947
2319
913
2795
4281
2530
144
1581
2927
622
3822
852
3743
4433
4370
3837
4984
1187
720
2290
4221
3430
3790
4079
3937
651
2203
3439
492
331
2734
2607
2863
2678
1912
3586
2016
1236
4934
1407
786
208
2245
3104
2839
1385
3368
3469
1254
3043
1084
3358
4950
3017
496
4552
3876
4431
2263
1487
1315
1700
728
2771
223
2864
521
948
4105
4659
2808
3814
4412
1147
331
3222
866
486
4855
4267
1638
4532
3250
4524
309
1838
1287
3784
2839
2852
4075
1187
4526
1682
4223
3843
1192
587
2011
2289
2815
2229
802
2582
2145
2929
146
3618
2470
1299
2881
1715
1069
735
4127
1685
4933
274
1810
2679
59
4003
295
519
3234
4881
3497
1006
373
1902
1207
4064
4391
1232
990
4689
1698
1215
4700
1552
2695
3730
733
3858
3954
1875
4616
2892
4901
3342
1998
397
397
2756
3596
4558
155
436
2708
1898
436
3831
1789
3489
3873
3738
3616
1249
2349
2134
4102
1653
4734
1592
4406
908
4480
3238
1339
4444
32
123
845
4817
3500
2289
4176
1482
2262
4965
626
1687
236
889
4494
993
2757
3400
3516
4351
3253
1563
2423
2406
741
2218
3507
3170
1837
2937
250
3340
477
1394
3223
1101
1313
1097
4826
4631
934
3945
2638
3472
1104
866
3594
2464
3881
1108
3930
2634
2335
912
1778
4250
36
4421
2006
3319
3789
1049
924
293
4985
4540
3591
2062
3967
2409
2285
1958
3164
2781
414
2109
1867
1930
909
4381
1792
2163
2013
3873
3252
2247
2855
3024
1501
3652
2683
1848
4929
1379
546
4127
833
3474
4660
2169
4585
1550
2314
2894
1451
2975
4109
1396
1890
969
816
4624
1944
3569
2975
552
1781
361
1826
1124
3614
1496
4460
4189
1289
1786
4209
4471
1942
1092
4084
3632
2744
3166
3316
4825
4431
2195
3358
3505
654
1773
2235
2864
3764
1636
2105
3292
1396
1882
86
2475
385
4919
604
2927
2914
2748
2447
228
4730
1810
2144
1981
2659
4612
105
1162
2392
435
1505
148
1795
2516
1600
1835
289
4047
627
2309
511
784
466
3258
4935
1056
2194
4555
1967
1702
1743
3998
271
3722
49
4858
3850
3736
4860
290
2288
1769
611
1805
2855
2728
1989
450
2475
2128
1958
2032
4498
3768
4510
2318
1988
4710
1729
3319
1528
313
764
3732
1858
2381
3184
521
410
1192
2048
248
543
3005
1862
3829
3129
1745
4162
690
791
2394
4666
1244
3978
3689
4439
136
3699
1585
3554
3299
1406
2804
1335
3752
4519
3783
795
972
3634
4734
3151
73
4367
1910
3898
2713
2423
2596
2833
1267
1285
3580
600
1507
2710
3523
1545
1025
4665
3353
1582
3096
4278
717
184
1947
3279
564
4104
2839
3942
3325
1473
3002
4579
4582
136
2445
2199
4570
4690
4111
2395
2446
2472
693
2573
4473
36
3278
1714
4303
693
3186
1650
923
2157
2526
1803
114
2480
507
3359
836
3947
2159
3805
5000
1162
3362
4724
640
1957
2002
4614
3055
4364
158
2288
714
3458
4560
4364
818
493
4339
4636
4324
1522
185
2407
3803
2510
938
4239
2580
3222
1342
49
811
3882
2494
4880
2319
3338
671
3306
2140
1598
140
3627
3876
948
4661
1236
3746
1598
894
3628
4117
4089
241
270
3777
781
2568
2815
1338
1136
1293
3830
1040
1789
3449
305
2358
4244
2791
3931
1261
4234
978
712
1985
3
2571
9
241
3090
4792
4743
1058
4311
3145
97
1122
3875
2184
3222
3289
44
2578
1658
3309
3858
3889
2690
660
883
4125
1178
4875
1103
1137
4440
4524
1399
3081
3890
643
4229
4271
2233
1262
3717
794
4803
3263
2971
4119
1709
2638
3066
1474
597
1479
2667
3142
4329
571
1279
3099
4212
3288
4306
2883
3356
4096
3356
4210
1522
1616
2594
4695
4206
1400
215
3714
3345
3957
558
798
4554
2226
2166
4453
2422
2840
1599
2659
373
3978
2063
3123
4503
3101
895
2225
3984
3793
4601
189
2921
3108
3099
2571
652
3810
157
4792
1192
1884
3552
2462
2112
4572
3840
4152
2014
4432
3053
4524
1528
3932
3003
3648
900
3531
3182
2513
323
3043
1333
2575
1958
2990
4513
419
1093
4589
1126
4835
4904
4360
2240
3293
3844
4892
3952
4256
2220
2311
4055
4348
262
1499
4595
4413
4691
761
929
2701
870
1010
3847
2145
2886
199
220
4848
1282
3039
4214
777
3768
3060
657
334
801
1730
1612
1880
4236
4863
1817
3226
2407
2255
1028
2897
3650
3676
1686
2499
4980
230
1416
914
2064
2457
1311
122
1147
2784
2202
2077
2525
923
28
3880
809
3607
3109
3390
1266
1817
4355
2808
4475
3811
1226
467
4474
266
3822
4666
4555
4991
165
353
1636
3512
4608
3587
1058
610
2372
4625
2745
4969
3666
1444
3224
1352
1973
2763
4991
4580
1130
983
4872
2123
1040
2929
1212
2071
1135
1081
1076
3261
861
3373
1080
934
1487
1597
2606
3576
2218
840
2340
1182
1572
531
2179
597
4623
367
4116
138
2720
1770
1901
2901
1009
3344
3313
4762
598
995
2073
4320
2880
227
1219
4948
3905
1579
1426
2726
3658
3894
1067
678
1439
4676
4556
3400
4307
1620
3389
1095
1580
2037
1443
713
4193
3848
3171
2978
2865
990
4467
1047
2659
617
2381
2692
3099
4887
2151
4876
2895
730
1976
3669
239
2692
4271
2434
1616
478
1913
398
4184
3092
3086
274
1198
4377
2146
707
1059
3750
133
262
2099
4101
3645
407
103
1338
784
4689
1471
2451
260
903
3051
4838
690
1453
2859
1306
3867
4351
1700
3600
3481
4450
3749
1792
4970
4865
1469
3308
2497
3783
3394
868
415
4145
585
3604
3317
4816
1803
1767
64
4538
1829
2081
829
1910
169
4516
2591
342
1450
3154
1086
1794
2667
3188
1299
1326
1945
3698
355
243
4891
3608
3823
4627
3636
1735
4812
2289
2665
1060
2492
3501
3699
516
491
2499
4109
401
4484
4498
4774
4219
4383
4970
1402
1448
4853
2238
2036
238
3092
340
4021
2015
1940
1374
3502
985
4687
503
4608
1001
2731
2332
2406
1841
2735
4170
4321
3535
4227
2036
913
3714
1348
4161
2703
4229
585
4633
1884
3082
3692
3879
828
1038
2744
1359
4669
948
170
2207
2355
1891
3455
681
1138
3647
1944
2336
4843
1787
825
3338
390
4273
1337
3679
3832
3256
686
312
4961
1434
4259
2621
3720
1734
21
1350
2042
3926
2055
779
3717
3622
4560
150
4015
1270
4331
2095
4089
2663
3271
149
259
3598
845
469
1836
2900
1205
2401
1929
3073
3947
3014
523
3900
2318
2596
3819
4613
2309
3707
3503
3132
1001
3535
4388
397
3930
38
3367
3770
2592
4146
671
394
4879
680
1477
915
2096
2388
2187
2435
3337
1065
2903
2433
4017
183
2100
1825
1764
771
3840
3705
18
3453
2093
1795
4273
368
3559
544
4025
1041
1653
2889
15
1601
3880
3853
4204
2596
1412
4604
3311
574
1479
4055
4252
4386
3861
2374
2157
4375
4803
4667
3619
3324
1147
4417
2212
3728
3680
4050
1241
1180
2528
1760
4442
3349
1451
1284
3772
2019
3303
888
3516
1308
3395
1658
3989
3777
711
4845
4194
4670
2019
732
616
828
3230
2402
751
774
257
453
2814
4955
3967
3948
4246
4541
668
3222
2324
3968
3345
1796
4000
4877
4239
270
2860
3468
4288
798
1313
3451
1219
1906
636
252
1725
4425
2750
3519
842
4919
4830
4066
312
1633
2019
201
2601
3559
17
2028
668
2446
4208
3660
2023
3149
1786
2445
4466
1322
2910
3325
2203
1295
4268
3394
4680
4031
4923
1487
3298
479
3961
2517
1157
4481
267
3494
3190
4488
2553
852
2445
1612
820
1030
4446
63
4898
806
894
3604
4890
2031
162
3083
1051
1320
247
1435
2324
200
2250
3292
3642
1083
2192
3622
3657
4520
4189
4152
2953
1986
1957
2005
1304
2261
2377
3386
4655
4986
2605
4797
4415
364
1681
2520
4470
3165
4966
2826
506
3388
1433
2700
3545
4562
4911
4059
4352
3969
4439
3787
209
2853
643
3369
1143
4674
26
2976
4299
519
3530
1847
893
4722
4158
2213
4640
4757
4449
287
3437
2626
4527
1454
611
1916
2482
3564
2136
689
3055
135
2070
2337
2240
3173
428
809
2686
1172
639
3308
732
4976
2545
4967
2013
169
547
1582
2648
1884
304
1296
3179
4784
4161
3425
1454
603
4248
4930
3965
3382
3973
2403
4927
3730
178
4233
2837
3292
1101
1881
3825
3034
3821
2105
715
272
1782
3267
1453
1876
3551
3736
1981
1844
3357
2625
3955
2187
3066
2301
4528
4317
2293
748
2297
4554
4303
2764
2633
3812
4387
1330
3292
2106
205
2508
2751
3359
1097
2154
4909
2606
4680
4309
3114
471
3776
2091
3131
2431
4788
1990
472
3303
556
4006
3313
4424
2743
3511
2830
1029
4480
4104
197
2415
1989
2503
4078
1432
2945
3831
3449
1799
3566
2070
8
2048
1451
588
2161
3026
2347
2235
3960
1023
4343
1468
891
4981
4121
1809
115
2038
4296
618
2046
1737
769
489
1887
1431
1989
1482
2402
2863
2975
431
208
1095
1260
3549
1991
3666
849
2858
4788
78
3684
3173
2949
1355
2582
4071
602
248
374
1036
3248
3982
3551
3122
442
4488
35
1445
3552
1361
4424
189
4603
843
638
4690
224
2002
3992
682
3064
2195
2043
1487
2326
3776
4586
244
3984
2345
4904
4846
904
59
4000
2356
157
335
4549
4192
3085
2085
4840
1719
2915
3197
4222
2489
636
3449
2574
3899
2442
4597
2191
2951
2604
281
4080
407
3652
2300
4381
176
2655
4224
1542
68
4945
1718
4214
2890
4545
4382
2451
1746
4908
643
3937
1158
2759
2084
4143
4009
2239
4575
168
1276
4057
4099
885
216
959
1663
784
2028
2249
484
1708
1785
4203
3935
2968
2734
1948
3047
3895
1073
3052
3590
235
118
3984
3290
1928
3574
261
2770
3927
2658
3880
3927
4552
1399
2495
899
4652
1236
1608
2400
3256
2898
738
3751
1114
446
831
307
551
2927
2655
1069
1265
394
4173
621
2128
1171
4219
259
2844
3191
2650
2126
562
4607
3727
3297
3504
1581
4337
1929
1109
102
4811
3848
3657
2676
4602
1126
1183
1276
4647
1031
4906
3675
4377
3073
806
1234
3856
2298
4311
1671
3136
1114
3223
1916
181
4609
4555
2854
2902
4795
1194
713
1823
909
1414
814
2983
901
1536
4285
78
1885
1059
4162
4808
2301
2030
4229
1084
1563
2413
4700
2289
3376
4233
1881
3003
1767
1246
2417
2316
1255
1747
366
355
3946
322
3130
1885
2859
2294
2645
468
6
468
1770
4145
4758
2962
4273
3295
518
569
4267
2553
2236
2644
3084
390
2435
4748
665
2872
1545
3675
1527
2879
4562
2284
2516
2537
2033
1817
4720
2959
3634
756
2087
3148
1442
1674
2320
1577
3214
1927
4805
4915
4009
1510
1099
2948
530
2128
281
3312
161
361
3519
3105
4909
3158
1659
1809
2551
25
1536
1317
4842
193
4793
3100
4944
4918
4121
470
1487
2203
3760
4184
1963
397
2607
2968
257
507
1579
489
4876
4567
3204
2551
1102
1531
1884
731
3732
4980
511
450
1603
1024
3335
406
1674
4021
353
3071
4164
508
2740
4200
2934
2555
40
800
1778
1054
1366
4268
3609
2973
2683
3785
4137
3979
2504
108
3562
4277
265
4987
3286
1767
1991
1659
4605
4116
3927
410
2151
3128
2358
2312
385
3151
1331
2096
2305
1368
2900
2405
1310
148
343
3383
4192
1536
4090
4776
3134
4510
3196
3677
3096
3903
4618
3612
3985
1342
2799
3781
3990
3580
417
3075
922
2906
908
1855
4792
2757
823
658
3090
3125
3670
2352
814
1973
4572
222
2233
2615
3192
2619
1263
3007
0
4111
100
3999
352
2853
4279
406
2416
2691
4457
1056
2442
338
3677
1550
4718
1427
2383
1750
2949
2952
820
44
717
4787
4441
878
521
2824
2665
3038
4944
3339
898
1415
4445
4252
4979
4370
2472
3020
2037
356
999
4675
848
2571
213
2753
3677
4438
191
4044
1829
4643
4083
1888
1795
4627
2930
3345
750
1730
3877
1362
3933
1543
2717
1077
1870
1016
4668
1870
4527
1125
2929
3211
3667
4397
495
1721
1832
91
4146
3700
3463
2968
4436
3843
3421
3162
4032
1652
4416
1215
4357
3159
3062
3642
2691
3207
1797
4379
4448
1733
4134
1415
1496
4734
309
4055
612
2220
511
4497
250
2741
3903
1760
4703
2575
4704
3850
4525
2647
2791
1474
4418
874
617
2842
2864
253
1575
2370
4906
1481
4493
2669
1772
4678
2637
3959
142
1832
2822
4565
452
432
3832
3433
635
3990
4703
4162
2549
4120
3786
2972
763
4578
4996
973
3641
4383
2677
623
3406
888
1552
1818
4468
669
575
1624
4163
2275
4163
2538
3068
4226
4743
1172
4030
4577
1453
3875
1705
2616
4650
330
323
586
4001
3061
1314
4808
570
766
719
292
4964
1835
3412
447
1355
4595
1033
1853
1774
2376
4808
3008
2832
36
1910
3677
4767
4899
2131
780
823
4927
3720
4073
3609
4854
4760
710
2521
3746
4440
2687
3221
2200
1174
237
1550
2070
919
1111
707
4670
3805
3309
157
3814
723
2605
52
4964
3008
4927
4730
1039
2753
1424
286
1094
1960
868
4000
3897
592
2125
4705
605
1739
4367
1954
440
45
3586
3941
2420
762
4239
2987
2972
3305
90
875
3480
420
2932
3023
335
854
2878
2205
4354
1866
410
914
613
3911
3696
4060
4660
2078
2930
3002
2366
1645
1369
54
3729
471
2822
4875
425
888
722
918
1596
3873
3848
520
4247
4484
1882
3677
1015
1684
1471
1648
2432
2933
4635
2541
4719
2127
2995
1490
2749
3811
1557
1852
1193
1600
4220
4569
4891
3790
2129
284
191
2219
731
1487
3361
3441
508
2943
726
1386
3216
2124
1256
4534
2741
935
3031
2971
1615
4914
612
3965
707
948
887
2215
3418
151
2820
1592
1296
3955
760
1602
1529
236
2998
3821
3169
4557
3792
2221
4795
98
1325
1303
3580
2482
4694
3948
2219
3124
2586
607
450
1937
1679
3045
2845
3533
4039
2691
1834
548
3436
4967
1490
4903
3660
808
4946
2693
1489
4655
2134
3216
2533
4286
2884
2934
960
1795
182
2450
2284
2054
4669
2326
530
159
2135
2561
1898
1996
894
898
1683
2120
1906
783
334
2245
1223
1695
62
4851
194
138
285
3261
3149
270
1688
339
2629
1587
4941
3401
1478
231
4058
1523
356
2583
1964
2892
4539
2894
3701
821
4621
4606
1587
4368
2838
4747
610
1797
3526
3596
331
3676
788
2981
3070
4219
621
1056
1469
4826
1141
43
835
3328
368
318
1641
2206
4765
3066
4634
1638
2117
3204
2572
2297
1364
3420
3915
4135
4307
3702
52
1830
1548
1330
3031
1921
2
2533
4808
4141
3470
3437
2379
3124
3254
2628
4003
3092
4
62
3671
432
3225
1841
1311
3192
2138
1668
1818
561
2133
3405
4365
1264
2512
2554
4505
2613
3965
3425
166
289
3162
2671
4502
1530
574
1362
897
4946
2903
701
883
1186
3539
4242
927
556
2148
453
2617
4397
74
1160
1634
1333
2475
4009
3433
2585
4768
112
1488
1790
351
831
964
3090
3168
2686
2913
1455
3541
2303
473
843
4585
907
2763
2855
3991
3458
2959
2344
4254
3309
4667
4148
3836
2807
608
4498
4844
3234
2387
4368
2882
742
1754
1000
1120
823
2985
1989
3975
3623
3050
2924
579
2032
2461
3470
4133
222
4769
2905
1521
191
4408
2991
812
3707
4386
595
3411
3831
1553
1209
1109
1423
1664
3460
408
2170
4254
90
3578
747
2662
518
872
4932
1464
458
837
1517
4761
642
2007
294
2982
3351
3053
293
2885
2528
3209
4101
3608
4868
875
2087
2490
4029
2734
4298
3787
4186
2174
793
2188
1983
2561
1544
1702
2357
4769
3100
2341
1835
1343
3653
4967
4870
4669
806
3468
314
384
1933
3625
541
2879
332
372
787
2284
1913
2215
3605
4678
1331
1736
3268
269
2046
182
2111
3815
272
158
3369
3970
1572
1653
1123
4412
1317
3488
337
2106
642
3558
2895
1278
1548
3506
1830
3725
1330
3275
4892
1665
2617
3489
591
3293
1339
1867
3665
2303
4887
819
4419
2829
1812
2161
1768
4344
3493
1095
4964
2343
3128
4370
1783
1545
1472
1421
4180
3559
2422
958
3020
3059
4412
1298
3349
2761
2206
2249
4422
3880
4207
3038
1109
1820
120
527
4421
1212
3936
728
2343
3892
610
4010
1703
3983
4437
2060
2125
825
1577
2104
3722
209
356
2920
396
1928
2033
1700
2262
4959
4344
1439
3085
22
3043
2392
4502
2890
1551
1492
4996
4936
3776
3810
1653
3541
3916
3851
2323
4848
4508
1736
908
1265
436
2147
592
4167
825
3412
4934
3289
3210
4530
996
4051
4904
3534
2480
1964
2963
4123
494
2242
1473
4057
4652
2050
4919
4295
2942
3536
2698
1825
2099
3078
4946
1155
3587
1249
2727
43
2619
3604
4945
1956
2965
2369
2464
3582
1576
2944
3945
373
564
3570
1287
1816
3822
2136
2485
2120
1225
2823
3832
4272
1687
2153
1539
4584
4709
3077
1601
3753
833
2142
1677
4958
842
649
4754
245
4240
2629
1551
4220
3966
2038
1291
2020
2654
1355
3045
909
1254
540
1412
3558
1864
4925
4936
1893
2645
2448
4573
988
4328
2521
3409
554
454
2348
2628
928
355
2188
4803
669
3307
1226
603
889
339
571
1078
2139
2207
833
518
3904
3682
1757
2356
2948
1512
2218
3382
3673
3902
2335
892
78
3044
1087
1024
3975
1229
1918
1931
1592
1069
38
3404
2545
1546
4080
2030
733
4189
1322
2512
3537
4236
2423
1560
4163
186
2447
4191
4044
1268
1260
3154
4324
2206
1226
3551
1454
3451
4449
1262
4895
709
4942
4485
3522
3594
269
1300
3549
4344
102
449
4446
8
3425
1721
3826
385
2914
1436
3342
773
1263
1892
3476
2726
3341
655
1097
2179
581
4916
4897
3308
912
3036
3154
3105
1394
532
362
3281
446
2196
3312
1162
2131
1301
932
3599
1256
546
1418
3856
1984
2075
2629
45
1108
2556
790
1887
4668
2458
1128
1773
3872
2526
338
494
3645
307
1930
429
3720
1234
2236
3807
1696
4375
2891
183
2544
236
1073
4377
1875
3158
2241
2786
1679
3018
4107
2813
2907
4811
1025
3506
314
2951
4936
4164
909
3637
3325
2000
1132
68
4225
2667
1208
2095
3652
3279
4156
3774
4371
1857
2559
4624
41
3792
740
4868
897
3964
107
3071
2336
3656
890
2050
523
856
169
2040
3964
4089
590
936
4105
271
1687
336
172
435
2953
3124
831
3722
3898
1769
535
1905
3889
2278
3842
1197
2063
3994
1493
720
511
2882
4522
3288
1785
851
4131
1081
2356
2122
4924
1855
2580
574
2270
1691
1656
4861
3334
2878
3032
1763
2673
3871
4569
859
2555
1416
4326
580
1561
1060
3284
4195
1934
4230
485
2067
2510
2868
4409
3871
1103
1840
4794
4530
346
3930
2166
3492
249
1892
2336
4102
3325
3554
4362
2926
325
2762
2695
1616
4645
4463
73
2620
3348
3499
2049
901
3472
4574
4275
2555
684
1746
3130
4948
4238
3010
1676
4826
2644
622
3087
1366
3792
4652
4980
1871
4394
98
1612
1088
3246
1197
979
326
3626
1668
4701
3397
2850
440
3393
826
1078
4744
3776
1210
32
1001
2656
1944
3928
2774
1235
2541
2640
1516
4074
4996
3850
2763
4579
1838
1694
4147
661
4016
1015
57
706
1638
188
2171
4312
2981
1937
216
3226
481
1382
4379
3731
1404
305
1631
405
2158
3825
890
1968
1784
1660
4147
3876
1146
3913
2216
2524
471
831
4845
3206
3636
4893
4649
2346
2915
1853
604
2209
424
3560
3840
3825
3672
73
3785
819
805
1037
3241
871
2337
2224
1433
2712
4580
2816
874
4280
2104
4947
2496
2123
4537
948
1426
51
3315
3521
3378
3847
1926
3683
4253
2859
149
3140
3761
4600
1984
4717
2719
274
3394
398
577
3871
2743
1804
211
2811
2954
2212
1375
4403
3078
2161
1173
2593
4691
1644
4955
901
3948
664
983
2696
2791
2572
4546
2001
4704
4507
1846
418
353
3956
3349
4029
3678
4951
3568
2848
512
874
3380
2011
160
4222
799
2946
2460
912
1006
4485
1215
2407
3816
568
4138
1096
2285
3626
1101
2365
2332
1549
1590
1123
2308
429
1444
3222
293
3470
3111
329
3731
164
704
385
2080
2720
803
4190
1657
1213
494
1458
3067
2438
2887
3389
4328
770
3900
250
288
4462
67
3154
2472
455
1051
917
2384
1754
1748
2010
65
2513
4190
137
1571
2155
1666
1280
4354
2506
4554
567
4811
383
3872
1198
1627
1993
3628
564
1931
4122
1314
4407
38
730
3773
250
4369
869
4737
1232
2497
1592
4268
2549
2726
1711
4866
1347
3118
2808
3904
2543
2393
324
2958
3316
3333
3321
579
2211
3133
3565
1749
4775
2272
4769
30
4058
1076
1434
1222
668
4534
3377
2974
896
4372
2460
4484
2028
3926
194
1970
777
2394
4317
4897
4230
1928
1567
1109
4921
2162
358
3119
4708
4832
2750
56
671
2186
3141
2640
3691
3042
4600
1208
3681
73
4092
3905
4095
3388
35
794
3839
3933
323
2811
3229
1864
3473
4676
4080
2505
3910
296
2489
872
4023
4134
32
2013
88
4153
947
847
4118
2680
2768
2608
551
1767
2246
4439
1413
1623
885
770
328
3798
495
941
3734
1648
143
1798
1817
113
3966
2614
4832
260
3512
1770
1645
3766
1880
3561
3099
767
327
4900
2948
870
1865
433
2523
432
1235
1815
3098
1924
130
3652
4227
4546
185
1016
3628
4644
3899
2983
1202
1686
3131
2164
2071
2036
4781
940
2035
3765
3454
2978
4803
2765
3011
3335
874
2421
1118
1106
3083
4650
644
1694
339
1166
1261
2608
395
3585
1471
830
3964
1199
4393
958
1354
3267
495
641
388
3023
910
2538
219
3619
2799
939
2129
895
933
4844
3791
2191
688
2396
3710
4332
3460
4645
1117
1827
4234
2294
68
1456
1909
3220
703
2389
904
3368
1117
4665
3875
1247
2738
3227
1774
1539
4188
1645
339
2630
4565
1180
4239
4334
3708
102
1220
3152
1785
2797
2267
3920
507
4437
4796
2115
219
4761
3626
2939
2180
4615
1816
2034
4733
4245
1900
3731
3389
4456
3193
4795
4397
3278
871
2827
1397
827
1479
68
2280
3162
770
1968
1272
1669
3688
1658
2655
4795
1709
3046
2154
2344
1330
1373
1556
1465
4392
4727
1698
4525
1193
3390
3018
4333
3818
4774
3894
3702
1976
2916
3615
2217
1260
2442
1480
3692
3029
2780
3028
281
1480
2379
4492
4954
4028
3194
409
3748
4030
2839
3828
3839
1932
3897
2714
1146
2946
3463
4038
234
2023
4731
2071
2460
838
4805
4415
2432
3784
4888
1281
3806
509
2600
2518
556
2889
1175
3090
4702
3435
4598
568
3597
2889
2006
3400
425
1683
1043
4577
2760
348
2095
2858
2615
1013
399
2845
587
439
1580
161
1141
2210
4024
573
1782
4948
2430
3458
4300
3645
1949
1351
3723
4065
1314
4141
3533
2119
4556
2544
1083
677
3789
56
4501
2861
2755
152
2517
2574
2463
1284
4828
1419
138
4026
2414
1663
1580
2869
2055
4834
705
3124
1738
4356
4842
3018
184
957
1933
4901
2498
3457
2399
483
2089
2660
2109
3262
4942
3120
1677
3523
3257
3477
3812
4643
2535
935
166
501
4467
3386
2749
4755
4076
3204
2362
28
3824
4383
93
3341
2515
1276
996
2757
1393
4223
2707
2518
2887
3904
3514
2832
3639
3717
860
176
102
4356
3242
3
514
3687
1445
3318
825
655
1187
45
289
280
1422
565
2882
1001
263
3266
1011
2743
2784
1016
4170
2473
1533
4119
358
1913
4722
1099
1619
2201
1395
404
3039
786
1377
2032
1704
4365
653
3138
4909
1276
2359
2400
3853
2756
2171
3544
2383
3822
3459
350
2208
1054
1930
4835
388
1059
2351
2761
3330
617
1627
3073
1520
1646
265
3494
4700
2826
4952
4103
491
1797
708
2014
1045
562
4687
3309
4533
887
413
3569
371
4706
1729
2728
1203
3383
756
3649
4592
2241
4930
3300
3388
2585
1307
316
2032
2867
2485
1871
3338
1808
4526
3219
4582
3606
3024
1827
396
2464
4088
4203
2278
3712
367
3622
2329
3589
1813
1456
4539
4017
716
373
4995
2315
3299
3153
2825
2124
1435
4373
4068
2802
1456
634
1830
1226
494
1212
525
1544
622
915
2821
4135
3720
4470
3087
702
744
1049
1612
4438
1994
2751
3499
240
3251
4724
4975
449
2970
95
443
646
3830
3109
2066
1964
3492
621
3367
840
3136
546
1500
4887
1771
2972
4195
2223
4186
4403
1141
4676
2337
2283
250
3788
552
3758
2208
4041
2705
1706
2735
530
4338
2149
3313
4067
1405
390
4981
843
4748
435
2143
2636
156
3519
4354
1417
2521
412
2679
2254
3572
3745
736
44
1383
1010
3690
4349
1948
3415
139
4634
1040
2676
1043
4280
2756
1740
1759
476
3298
2621
4697
2239
4311
2545
128
2310
1376
1526
1583
3244
1209
4862
508
2658
2561
653
2557
3881
1446
3269
4407
2318
3096
2238
1196
4662
2903
4555
2958
1483
241
2158
4888
2795
1557
370
1096
3919
1197
3475
200
3946
1176
2453
1873
3339
557
1487
832
1000
148
2104
1559
2406
579
2079
3842
380
4235
482
740
1943
2426
2899
4218
4169
4240
715
1351
4736
3744
760
2299
4968
12
4093
2994
3291
1396
4242
1296
1967
2512
224
1667
4375
3785
1398
4
3443
1733
3325
767
3889
4721
912
1900
1000
772
306
2305
2661
4104
2387
4371
1505
446
2285
2656
3316
3236
215
398
2006
3023
4243
4897
615
2275
4041
4442
2869
2139
4491
3100
3122
1611
276
4711
437
1794
3178
3747
1835
3536
4162
1377
3768
2435
4056
3045
3809
2615
3337
694
1536
4127
2018
2460
752
774
2583
739
3539
538
4210
2803
3999
3547
1164
2659
2535
3694
40
1269
1358
2765
2110
2637
1587
1562
722
4100
1083
4246
3762
2265
4431
1728
547
4679
2550
3998
4854
841
3790
1029
309
3351
246
2579
3534
4988
312
3808
4516
2773
1131
4304
3552
460
485
1591
1859
3514
2877
4193
4894
3445
1884
3557
4029
1005
3052
1543
4223
1742
3977
3250
3662
1488
4896
4580
816
4516
4490
1258
1655
3349
2343
290
4280
42
2443
3417
1257
3346
1333
736
4785
1740
2484
4512
3543
3666
2086
1420
624
1333
2452
4479
3158
2607
1801
2791
1650
2522
382
4039
2046
4662
3430
3211
278
944
4077
1363
4420
4644
337
1650
3515
857
1954
4532
1481
3250
2322
4929
3652
3190
2187
4365
1637
2008
2959
3193
3205
669
4483
1004
2357
793
2559
277
1149
3771
1099
2965
3909
2156
3342
993
206
4820
4396
2879
3252
3481
791
3541
550
407
1255
510
1651
2963
183
1067
3423
4383
468
2057
2697
1889
630
4959
785
1527
876
4727
294
2716
3170
2382
312
2022
4312
1631
1954
3538
1126
1694
4935
53
941
2533
3917
1404
2521
618
2873
512
4709
1582
3744
3649
3307
1391
2175
750
2240
2541
1348
3866
4918
3607
2317
1129
2596
1391
2576
4533
2942
3540
3694
1168
3814
720
3431
2937
606
328
2937
3490
2126
2080
1788
4269
527
929
602
2896
3891
3349
2155
4979
3996
2506
2983
1272
1937
2645
1404
2621
4017
2363
1293
4375
2331
966
1861
99
2085
4392
4408
3235
2917
807
2251
2460
2403
2581
397
3274
2074
1670
4781
2182
836
4602
1741
4020
807
489
4104
628
1882
4390
1874
1002
1341
2665
460
3752
4521
4073
2156
3420
4922
4338
2626
2607
4952
2367
117
725
956
1415
1835
4643
12
672
823
3368
2457
1573
2573
1015
4294
1265
2646
1470
3336
2982
2046
1874
2546
1925
4565
643
2198
3158
3989
1648
109
4739
1029
2167
1175
3164
2415
2204
991
4695
3004
1741
1690
1814
43
159
2341
1112
2553
1110
1570
3949
3227
3700
2250
2059
1544
3236
2255
3896
4577
1502
2904
166
232
3717
933
2339
4108
4987
1184
2036
4583
414
1568
3932
1169
2114
3529
2178
1766
1321
1748
2780
1266
1948
160
685
3541
1727
4304
4960
1643
2476
215
3135
452
846
285
1091
797
2181
3885
553
3702
1619
3585
1358
1036
1221
1898
578
582
2726
2501
3676
1613
1339
3351
3817
405
4885
4406
2639
2105
2553
1895
2331
1635
2530
551
3076
3680
2270
1563
3946
2692
3576
693
2617
2467
1680
414
1660
2779
75
1565
2555
242
1512
3021
716
2582
2574
3940
201
2023
1818
691
3828
1251
4035
3875
1359
2493
1657
2888
670
2963
4773
2343
4127
4859
480
3987
1886
894
4454
4674
4102
1065
2475
3588
1651
4816
1029
1348
1353
3827
2784
3225
2811
3495
588
64
4821
364
2935
4971
4469
2831
1334
1209
3218
1011
3828
2814
2281
2600
2430
1809
946
379
543
2692
173
2737
2181
1114
1064
4073
3030
3255
1489
2992
4275
2660
4393
2762
2110
1262
4103
450
1511
2741
901
4535
746
360
2740
4909
3832
3590
1659
4281
3712
4093
1514
2472
1675
727
3492
168
3430
2084
2240
4999
528
3019
1508
3432
3454
1158
2431
3573
208
1064
2685
43
561
1365
3588
4342
1875
28
1079
3709
2100
1527
2824
2560
1417
1390
3144
1213
1462
2628
1446
2941
3896
601
1662
102
1671
4752
2339
4082
2540
4451
4188
3194
4665
3778
1876
1859
1674
2917
293
2663
410
4508
1825
1187
3761
2846
257
2626
284
260
1960
3329
4754
1441
763
4175
3015
2019
3521
1580
1775
4775
2637
1908
2179
3312
4584
2457
1918
4135
3324
3376
4591
4546
3444
2829
2875
4725
1734
1024
4349
1479
1183
4671
3647
3348
2570
1318
752
3360
4478
4875
960
537
187
1374
2530
2751
807
1671
3136
1994
1893
2894
3348
471
4069
1573
4215
343
792
2526
3865
1475
392
2350
1134
1595
3363
778
3441
1035
1929
1895
4892
1682
1195
1059
3345
4457
1644
2961
1524
3606
4438
2487
1927
720
4657
498
3115
1830
3993
3586
3908
372
3249
4005
4162
4539
4933
4851
954
2352
2071
3396
796
4076
1402
1575
678
863
2034
2549
1568
3009
108
286
3713
1612
135
400
4695
4751
2101
54
3575
3820
755
2426
1200
3482
3629
2870
1763
3967
3033
3099
3921
3030
1100
4699
2285
574
3059
4412
4576
1194
570
2108
2407
768
4390
3840
1562
2614
1003
4264
686
1934
1094
4236
4591
4602
931
892
2110
4132
23
592
434
3562
36
4608
932
1258
3502
3406
304
923
931
2392
1263
1575
4438
2928
2762
955
3308
3831
1894
1050
4240
1024
4817
745
822
205
3683
1769
987
3489
384
584
4839
3439
2939
4540
3823
3300
3439
3473
2660
2287
2546
4088
364
3397
935
4599
1077
220
4323
743
1056
4867
322
464
3084
4284
3124
2713
4499
1892
1145
4024
2759
607
2921
3668
4646
579
725
3489
4010
2774
3530
370
1865
751
3858
2413
4579
1429
2270
3720
3453
2567
2549
906
4140
3486
3852
2038
3699
4285
8
2428
3805
1542
1028
1984
4346
206
1525
1097
1793
3917
3744
126
2006
36
781
1810
2430
3711
711
2562
4283
3886
3133
1497
175
1940
1526
4807
583
1108
4107
4106
2968
958
2484
2810
4852
2483
4893
3177
726
240
1727
1919
915
2220
1394
4260
756
1181
958
2820
2009
1746
1780
3119
2625
3597
1729
992
2018
551
4838
3519
2173
4218
1718
4319
1496
3725
4746
2215
512
3468
2532
2048
4099
1805
4026
1870
4560
527
2205
355
1565
3596
564
2727
684
2178
464
1856
909
721
3890
3350
1039
2902
1621
1825
824
4667
2452
3620
1324
1202
84
3699
306
1643
1948
3473
2292
2344
4471
1949
1916
1002
4831
964
3755
2190
2294
591
2821
677
4127
4449
4351
3864
1925
4083
4939
3578
3038
1593
3447
3922
1224
921
1767
2833
2156
2660
6
261
3414
216
4858
1129
4312
4767
1680
2494
3205
2513
1544
1588
4994
3888
4830
1769
2101
4262
4598
3688
2210
2570
2571
3422
4892
2931
4971
2558
4235
1892
3125
2121
260
3271
2232
2389
362
4007
3249
4646
3337
2998
2741
1884
2518
792
4885
4910
2158
374
2682
161
1532
4852
795
2191
3647
938
3096
4401
79
3390
1258
3558
94
2636
2706
3308
216
3341
2551
1142
1700
4865
330
3845
2898
4914
4896
64
4096
2013
1061
4013
740
2953
1383
3180
4546
4701
297
1812
2846
158
3713
2349
1191
4123
192
3232
2218
3960
3155
4856
2139
120
90
1606
1315
4261
1306
1106
2884
1696
68
2647
654
2876
3017
2960
858
4642
2839
2476
489
626
950
1483
302
1110
3782
1520
353
3171
4798
545
4761
1724
142
3572
3498
3790
3854
2679
341
880
1414
4991
2709
1854
2700
2327
4274
4599
4324
4078
3097
1603
3074
824
65
3924
715
2565
2818
4857
2116
307
385
3589
4305
50
1688
238
2675
1309
748
1367
1458
3575
633
1312
1703
2936
4861
4392
120
101
315
3198
4928
2677
1392
68
1927
1502
393
370
1311
3982
4004
1438
4978
3883
1876
2937
2184
4897
933
4476
1977
4372
2463
1356
3375
957
291
2997
2273
673
4991
815
953
3218
4576
3532
4098
776
4363
601
217
959
2424
1053
749
608
1372
3631
4506
2963
3222
4007
4344
210
4407
1075
442
4214
404
3907
739
2771
2273
624
3554
611
2947
1398
2258
370
4959
419
2718
4643
2684
3594
4739
3432
2351
226
4620
736
3661
1741
2831
3473
4650
4564
3753
3152
2275
4292
660
2919
580
2432
4561
88
1341
1113
118
3763
4094
4939
3920
350
3474
673
1130
3687
2627
3142
847
4274
401
2149
850
2553
4087
2024
2060
343
4222
3382
2320
2840
1778
964
1550
2953
553
3971
93
2549
1290
199
3479
313
3137
2321
4135
1309
4550
3860
4659
42
1048
1822
2107
898
746
2368
4314
4931
3053
2119
3184
3288
2400
2269
2288
940
407
372
547
2471
473
1518
464
1533
1696
1042
130
1561
1183
3253
1339
3422
2630
4498
4570
2397
2549
2464
3319
1038
2544
2899
165
4282
2867
1808
2744
2315
1280
4779
4963
3802
2927
3251
1296
3807
3370
4712
3252
2268
1355
3778
399
3234
861
524
3344
3066
2139
3968
135
26
81
506
4003
3001
954
999
1815
2434
2865
1676
3224
1140
2549
584
4796
4798
4357
2160
4381
4417
4698
3668
2020
92
3915
1554
1012
1105
4268
3015
1624
1639
4418
23
3618
1791
1961
2935
1372
510
3500
962
3022
2197
4614
1294
467
1142
2533
4751
4612
4829
2123
49
1231
189
1252
4276
340
2396
3535
1161
4365
1158
1295
3380
749
3206
20
1080
3802
2722
4589
2909
423
3073
4228
2304
2878
1956
3511
3492
1654
2584
1390
716
4521
2565
3380
2819
2361
2207
2320
2916
4873
4724
2203
2658
1907
4880
1987
1007
2080
2914
3932
2625
244
379
2803
4410
3308
1689
4737
3042
2066
3232
898
4568
704
1823
716
2653
1588
3518
4487
3268
128
1540
1125
2215
1628
1605
823
3078
1855
1422
3313
3169
521
3220
2984
2136
2122
1355
3970
3870
1888
1163
3388
1986
1901
2728
3543
2738
2874
2876
2315
1798
1639
1050
4764
2370
410
927
2582
3696
2103
50
4554
266
2418
1566
816
1111
3227
4015
4953
184
792
3796
2324
1455
3105
876
2010
2168
1165
1934
3597
2257
3317
3347
4614
3948
3894
3353
2531
1607
4569
4964
253
1266
2274
3350
2015
4462
1349
2151
657
4648
4243
3422
950
431
839
1357
1497
1967
3776
1539
1129
4815
360
1166
4492
2874
3868
916
1928
4715
1159
1132
2972
2869
100
2415
1066
4899
3305
4452
454
3825
3711
2446
2387
1751
751
97
4944
192
387
2142
2921
1919
3784
59
1556
3809
4967
596
3748
2631
2447
2087
1462
4714
3220
4958
2836
208
1969
1870
1624
3372
3721
3865
1741
654
84
3992
4850
4673
1898
3577
860
3375
1248
3509
4220
1990
2556
1844
3758
4211
4989
2094
3760
3795
3229
4999
442
3783
3420
1249
2395
345
711
3838
1263
1252
273
4839
2968
3465
2054
4920
488
3786
4950
2006
3094
991
4998
4806
2495
568
2042
2611
1925
4721
4701
4162
658
58
2897
489
4658
2845
114
4876
3181
1312
3683
2474
4587
361
4411
1298
4851
2350
3087
931
4874
657
4798
1852
3188
3173
2313
1715
1928
4097
2972
4148
3879
2956
4220
1568
2439
3136
4857
1627
1366
2513
2357
4086
1804
139
4753
715
1111
190
623
1786
2996
1065
4958
2592
3346
2439
1330
4861
3775
1935
1525
452
2374
4921
4737
1993
1787
2966
3038
3118
3196
4798
3849
3805
4399
1399
2802
3758
137
4788
2215
2156
3371
97
4569
2505
1310
2833
1822
375
3419
629
2498
3277
2786
1471
3989
809
3431
4786
3685
37
4393
2774
1251
2874
124
3715
4756
3977
2534
715
1490
4959
2285
3920
3287
3381
4853
2051
4076
2442
239
472
2527
840
3596
1889
1270
3712
1224
4515
1501
286
2111
637
553
2108
4775
3534
3379
4024
1877
3702
625
243
374
223
423
3489
2434
1988
708
2982
1212
594
4190
240
4196
1641
1360
39
463
2504
3439
2392
4199
3746
1236
4979
4907
1318
4435
4514
3000
3507
2501
1413
1907
3349
2234
4898
3135
929
2520
4609
3819
4168
4696
4624
811
3707
664
2818
4716
4140
577
3712
3646
1557
1304
3689
846
2618
4324
999
4118
2493
1917
246
2996
2523
4699
3709
4913
2502
3335
313
4259
2442
249
2168
3898
3346
1615
3933
2040
704
2858
2339
1374
187
2755
264
2279
2670
1968
628
2371
4091
4761
2273
1059
4933
3737
1989
3858
2703
4405
2312
1477
3338
2055
503
3894
2437
1210
3684
2663
1465
2002
862
3469
3978
2746
3629
869
4736
4708
1388
118
1575
3125
1233
3406
4376
2416
4364
2842
160
4518
670
3193
1465
3461
174
4167
2607
2950
2391
4295
2708
4141
237
2082
3878
3878
2616
2477
1867
4400
1187
2883
4797
2043
4206
2735
4690
568
4324
1560
3770
4221
4014
4884
3819
4979
1723
1708
971
3058
881
4775
416
317
4879
1223
3537
3075
4049
4357
270
3591
4671
2472
4539
3163
631
3276
3631
200
4734
1184
1011
1217
1086
2297
3286
1590
865
967
1608
3690
34
3999
4470
2056
782
794
4271
3559
3320
1726
1523
17
2372
3346
1273
1012
2025
1963
166
2265
2565
3410
3185
4891
2600
2238
1482
3812
2905
2272
2608
774
4723
1672
3156
4647
1655
4429
1457
2774
1587
4668
3071
3167
2946
399
1255
1994
1772
4892
96
1147
2920
2955
3912
3475
1633
4007
2740
2009
2132
2192
2214
2856
4320
2398
124
4915
3470
341
960
1725
465
396
1264
811
3346
4728
4502
849
3189
2312
66
4666
1861
3366
28
1198
2967
2977
4526
4480
2460
1917
1434
4199
2578
2231
1592
4829
4879
2879
2883
1872
1837
4210
2418
2448
4320
4759
2659
2382
725
386
784
1052
4202
4376
7
4006
62
1137
3360
1642
1360
483
4412
3066
1032
3042
1109
2632
3992
1206
1900
4450
2851
1563
3933
3736
3330
1229
4261
816
3484
2486
4577
647
3491
4364
2712
3630
859
1011
4071
3156
1809
351
2044
1126
2972
2916
1232
4979
910
1359
113
193
569
3245
599
1101
1045
2613
209
1444
546
2696
2650
3626
1572
767
2586
2353
4936
3972
3240
2866
2423
1227
514
4861
3055
2216
2996
767
1281
3678
1234
3012
2869
1389
4432
120
2168
3440
280
3507
1958
3905
2755
1146
2121
3106
3851
3867
805
2811
1306
2892
1260
829
1267
928
4765
4553
3744
3204
2231
4076
1500
890
860
807
2560
4133
3005
327
3987
2201
2745
3185
3386
591
2863
4909
1401
2264
2848
4478
993
304
3710
3847
1612
1739
4094
3845
1111
183
4250
2062
2387
178
3624
4054
2797
4152
3026
4565
3327
4098
3283
779
2368
4223
3349
229
2562
4030
622
2368
3020
2707
3965
1364
3685
4310
2527
511
1984
2933
3084
3455
779
4179
4435
4232
2649
3416
2081
2251
421
1607
4773
3396
4764
3801
3884
4500
1864
1974
3768
2937
3764
101
3483
1779
1850
2454
4691
2713
4152
906
4230
3431
1331
2320
2855
4015
4288
4759
4210
4896
97
1082
2917
3341
721
4557
1584
2576
3443
3334
4014
4028
4964
3206
4359
4402
2444
2263
3048
1955
3835
4895
1627
4684
721
510
1297
3856
1081
4895
2979
3200
1641
4032
4477
2868
4174
4655
2302
3510
4297
4267
3602
282
403
3184
83
902
2205
1176
2424
3628
4094
4242
2847
2331
1209
3500
678
4790
4061
4920
2054
541
3039
3353
3851
1109
1428
4143
3990
4128
1431
4803
4013
3459
2911
3108
2532
4791
1860
469
4537
708
3099
3573
3144
1436
2051
754
1400
4972
3772
1678
144
1575
1944
3143
3940
3795
2729
1176
2433
1406
1625
2943
3962
3099
1409
1106
283
3640
436
3538
2709
1488
4778
197
2725
4430
1658
4187
1764
1794
3421
2954
270
2661
2387
3169
1810
1204
2453
1601
2383
4404
1357
3443
4871
2032
29
4809
4513
2111
1587
1565
2360
560
584
1609
361
196
4873
1463
3943
4833
1186
1749
3232
1595
880
2069
3291
3449
969
1634
3289
672
4303
2979
1923
3831
3866
573
2864
1725
3029
3341
4008
4228
98
3125
3795
3202
4742
259
3334
3713
4705
2878
2528
2769
2325
4828
843
1450
1651
4974
2574
3467
1770
611
3380
1236
4945
389
4622
3470
4345
1624
4195
2012
3823
2244
924
3166
2492
1944
415
2259
1136
626
920
4395
2628
462
2384
359
4944
245
677
3354
589
4200
4382
98
43
963
2559
1024
1072
2940
1147
1498
3619
513
3694
4540
4020
2588
2227
4370
4204
1150
2522
4486
387
1034
1503
650
509
3500
869
877
3358
3952
1538
1593
3575
3637
1728
1980
2769
1857
1950
3524
1940
2877
3605
1358
3503
152
960
4051
3690
3506
2659
2482
1356
3335
285
309
1986
2085
4406
160
2178
1375
892
4081
2542
1202
2297
4794
2920
4163
2004
3736
2003
1942
668
4184
744
3721
3164
1494
2616
3293
507
986
4352
2517
4683
431
1497
1390
1425
2248
4038
1158
1480
209
1171
4797
370
3381
769
4687
1594
2506
3006
2338
1689
2776
4103
3997
3479
974
2529
3611
50
78
1936
1214
2445
116
4670
3343
1819
1953
862
198
3933
108
3356
2984
32
1613
4951
1191
3147
362
4545
110
3476
2079
276
2537
4509
1152
1924
1948
4321
3176
4028
5000
515
650
4886
2014
2243
1141
947
2870
4556
4211
4200
752
448
1716
246
1687
313
307
3762
4449
4226
1722
4438
3205
4336
4327
4124
1872
4109
4920
1930
1777
2906
3501
3709
1838
4648
159
1249
316
445
4048
522
2229
2262
988
3416
1994
950
1524
3513
2034
2955
2809
4791
198
1594
3248
1758
1277
4879
4210
3384
4316
4921
4498
4845
3799
2825
3294
4334
4161
566
3976
2248
4547
680
857
1173
4835
1204
3771
2783
27
1768
4709
4657
2689
716
1040
1075
4450
3790
1987
2261
2451
545
4384
4218
4028
4624
307
4125
3840
4591
682
1198
954
1946
1947
2794
4224
4790
3232
4327
4799
282
4256
4863
2035
4004
1494
3316
2297
2652
771
4162
2139
3710
4366
4770
3776
805
2389
3474
345
476
878
3191
648
1931
804
4782
3217
238
1882
774
3726
1001
1829
3751
3184
900
4993
417
2753
1022
3127
2650
1219
2738
4032
3190
1096
1432
3491
2652
1543
3815
2538
3251
396
867
4036
2492
66
1879
2713
1053
2459
2258
2664
2321
3014
3098
4783
2630
3287
2550
213
4443
4669
500
1512
3444
2750
690
2461
3028
3753
2322
2912
888
2948
1915
4212
1773
2112
154
2979
3907
1907
2167
3442
4738
1069
341
438
991
0
4188
2572
3085
1860
3501
2016
4666
1149
728
4673
99
501
875
2310
2556
4549
1019
474
1685
2847
3354
3836
2379
13
2030
3056
4765
2093
3050
3516
715
2644
749
3660
368
1507
2468
1149
1071
3528
2848
1980
3762
1481
833
1374
2262
8
3365
2912
1159
330
4375
131
896
3196
4990
2785
1282
3585
2345
2804
4583
4116
179
4925
4000
1584
4780
3543
2532
1546
2266
1830
4905
4709
3848
1921
3788
4111
462
4280
511
3281
2962
1166
2731
1302
3518
4805
618
1895
4675
318
2448
882
2680
3501
655
13
1034
591
1283
193
2746
158
2766
1553
4568
1884
201
2868
2646
2353
1389
1861
836
4264
581
2099
1575
1621
2193
2651
2832
3934
4378
3290
2959
3647
4236
432
4895
1950
4136
2626
2113
1089
1351
2837
2159
4049
3859
3959
4
1630
610
4197
4621
4243
4100
1630
1187
2988
2480
2671
3107
371
713
2384
2727
2900
628
1234
275
4576
611
1306
2641
3667
3022
4268
941
612
814
3932
1957
1748
1366
1366
821
1310
1004
273
3623
1833
730
4555
626
3054
2315
3033
365
1740
4561
2640
1796
3912
3693
488
3394
4999
2570
4019
1005
1110
4293
1328
4442
401
2828
252
1503
280
1318
2554
1561
2600
256
452
3151
1586
74
4653
4252
3392
4240
3892
4374
4714
304
383
1848
2223
704
3188
4980
529
357
1920
2511
1223
3688
3843
4706
3204
2551
1737
2431
1706
221
1439
4419
468
3967
4072
900
1585
2479
2346
4653
1479
2056
1401
1908
2033
277
3330
2161
4669
1101
727
606
1564
7
217
3753
1414
1370
1752
1769
1521
2523
3483
1994
3926
3611
3045
1925
1508
2750
2830
795
2135
260
2611
698
596
3179
1686
4737
521
1550
1852
4309
1424
3892
4862
1242
1358
4432
1058
2795
921
2823
1017
2394
2826
1939
4401
4734
4547
454
2192
4661
3696
3710
4380
4819
2815
358
4324
4274
2746
1951
4810
470
1929
1789
1282
2806
1529
3833
4670
1596
192
4523
1080
2503
3621
458
3698
4594
3412
3589
608
4733
3835
4817
4399
4663
292
4758
990
2096
4737
549
4353
1089
2171
712
781
4328
3773
3553
950
4505
2936
3470
1173
598
45
2916
2489
1123
4354
2605
517
4553
3713
1206
2276
2565
577
156
661
1425
1754
1761
2033
228
1776
3389
2891
4946
2194
270
3461
1571
4267
21
3070
2021
3428
1859
2945
3316
815
2509
1305
232
4521
2844
4171
3035
3304
617
2451
3052
2817
3058
1809
4543
4894
655
3287
4029
3931
999
831
1174
4635
3935
50
2233
3008
1699
4223
2283
4674
1963
2101
1306
3857
4780
277
4062
2114
645
1415
4804
2556
280
3611
63
2888
3459
3603
3388
1924
3761
2517
1395
1599
873
1286
114
3141
479
863
2203
3919
1477
3277
2047
4299
3951
3050
984
3041
4799
1744
4442
4824
3382
3658
591
4928
2100
879
1615
734
2432
843
3144
287
423
1972
1884
402
2297
4969
4905
4763
1637
2853
1372
260
1919
2320
4485
2931
3710
2644
4782
1131
4075
4069
25
4593
855
4578
4744
666
3884
4881
323
3293
186
4729
2414
4658
2456
2150
4676
920
4052
3651
1681
3162
1803
50
862
598
4191
181
4001
3130
1848
4624
2739
2561
2881
1630
3418
1863
1971
4024
896
2581
1699
3114
3262
5000
49
1660
2793
746
747
3578
4595
1442
4761
3640
494
1440
1554
2256
717
4375
2720
2823
1577
3344
1943
331
1153
3881
892
1001
3505
2771
2629
2610
2279
1156
3510
3512
2175
3979
859
1719
333
2521
2761
4040
811
2485
1476
274
904
185
1862
650
1562
4147
4838
4775
2413
3202
3966
1324
2258
4279
816
156
4066
4390
2013
4027
4407
1651
168
2646
500
2239
2583
1544
1990
3749
1442
4421
1553
4862
4611
2
4779
1876
2671
3368
1517
3382
245
468
3173
4458
4456
1365
1661
331
1245
1460
4119
84
1901
3636
3609
3109
4823
1476
258
4444
4195
997
2980
1540
2190
1324
3866
4958
4789
4165
2662
3653
2348
112
2995
4626
45
4933
4271
1456
784
585
3484
4996
4828
3109
3728
3771
2522
2090
1578
2085
2951
4613
3748
2838
651
1418
1653
1583
3622
4242
1185
3598
1123
3378
602
3389
58
400
3632
3073
4964
1952
4940
2899
4555
152
82
3629
1490
2825
4834
3662
162
3293
703
4379
4070
158
313
1658
2345
4958
1387
1439
4495
216
2449
4910
1237
3448
2425
4008
2391
1451
973
3053
187
4453
2494
1645
1930
2377
1616
3180
4214
1902
3507
2535
4006
1057
2260
3068
2094
2125
3263
2718
4149
472
1155
4825
4904
2512
3749
1752
2378
3335
4400
2846
2343
340
3563
1156
2839
3533
1013
4790
3217
3089
2761
3282
2831
2217
4956
732
3877
4222
196
793
2642
859
2979
884
2159
2543
2363
733
3389
2699
2214
2746
4928
1918
1361
2558
2391
132
3316
2035
1524
746
3167
1565
124
3284
3132
2533
4339
1015
1288
1455
1596
1382
1588
2049
4568
3611
19
553
3274
3101
4079
1807
2335
3263
4958
1688
4889
16
3130
3899
1554
2213
4155
1436
4148
3803
1618
2614
3002
1266
4205
3768
2359
3031
467
1711
1154
79
2542
1500
3561
1944
3662
2962
4465
3269
2401
2846
2062
4078
4794
4981
880
402
1181
3488
1886
627
1540
4343
2739
379
2347
2017
4433
1858
3836
1374
1054
2399
2991
4791
745
1216
63
2552
446
4658
2934
152
338
394
3352
888
4781
1394
2371
4541
3525
533
4030
2608
1959
1598
1208
1489
524
331
2783
3471
221
3004
1586
527
4095
4424
442
2999
2810
4627
786
3704
4269
4098
954
2734
1872
4604
2976
4838
2601
1120
348
1887
2220
2772
268
752
2923
613
2664
497
67
2396
2897
4426
2668
1341
4617
1241
1625
2412
830
613
2209
2230
3929
3963
2100
3553
261
3084
3815
4559
3548
3614
175
1439
1685
1183
1722
565
1848
2830
4027
4947
4745
312
4096
2815
362
4180
990
1000
2331
1718
2024
2157
3501
1422
3204
3895
3569
4310
2285
748
3120
4454
1808
2870
4635
458
4441
4693
2678
2089
4091
2100
1223
2915
1960
1550
1978
2339
3538
3196
659
3319
1852
2172
3485
1723
2757
1316
2763
1851
1457
106
4739
1496
3967
4132
828
4304
572
3201
1707
2453
729
653
4038
854
1636
2814
2416
1021
123
2983
2326
1866
4776
3975
2725
1687
515
3546
1321
4007
4887
3184
2878
3693
4825
3671
340
3507
1562
4362
4636
1674
4454
4168
4031
628
2408
4873
4478
3186
4543
4102
4987
3700
1858
4860
978
753
4257
1169
4610
2806
40
1141
3773
3032
734
4943
1326
239
3869
628
2047
4226
1556
3285
3755
2495
2522
2575
4246
3329
1102
4084
2866
1442
4603
1353
4243
3083
2522
2945
4441
3901
3075
4070
3231
2606
4531
3241
4833
1060
1606
4215
951
455
3542
3407
5000
2577
3515
2801
207
1689
2692
544
3006
757
1642
2566
433
3837
3282
456
1659
1493
3133
985
1634
916
2110
1028
1538
1854
2462
2450
1340
568
2181
397
1738
3904
3633
3484
2120
129
3646
4062
4194
677
2325
179
2608
2451
4245
1682
4244
2232
2464
1590
3729
2374
4238
3934
4120
2600
386
4724
4913
620
1382
2437
2607
4699
555
318
3433
4635
1362
4308
3559
3886
2809
4008
1831
3371
2176
3486
4392
2802
1541
1303
3606
1136
3486
3517
2250
2121
2739
1833
4777
4134
4662
2723
2476
1726
2011
3563
153
2939
1417
3419
917
4899
3762
449
176
2935
575
1475
3555
4665
3479
606
3909
677
129
3895
2897
4900
829
2270
1584
1728
2
2994
1725
258
3008
1375
2060
1486
141
3316
763
343
2424
2333
4281
4118
1532
2242
3400
169
825
2213
967
3508
1422
1774
3259
297
934
4107
1228
2768
1109
292
868
3329
1160
4508
2048
786
4781
790
3987
4503
4183
66
77
592
1619
836
2117
780
293
4014
485
3650
3207
3963
416
1322
4663
779
4300
1733
1470
2488
1677
1756
4609
3303
2427
2458
219
58
506
4031
4509
2815
702
630
347
978
2999
4236
2631
2177
2964
990
1878
1565
2815
3604
1068
2118
740
4452
2187
2756
414
3735
3716
3996
615
2206
1009
4815
4581
3314
1461
4074
4282
2627
3785
116
4745
4242
3728
803
3245
4263
4078
1224
2135
2771
3170
1725
4136
2363
1009
809
65
3328
4140
3487
2851
4599
601
2885
2127
327
1329
1689
3409
2848
1881
931
3193
2852
4961
1266
4189
1488
446
4640
246
3732
1568
1303
4837
1753
1751
4372
3213
493
1176
2234
1871
3079
4348
2405
4700
3064
2057
2846
277
1037
4508
2466
3603
4259
3571
286
4844
78
2823
3073
2236
4786
2153
632
2249
3290
4245
2811
1381
373
3240
2697
309
703
1
2357
1282
2451
3018
753
3300
1461
1410
4279
3034
3981
4745
1758
3749
1403
2458
1734
2163
3792
4836
2310
1542
3395
835
2660
3431
4595
3023
3066
1704
3229
753
3586
4660
3989
4211
589
3972
1087
4277
4775
2025
3999
3916
2222
4702
3287
4679
3995
4532
149
4458
1409
1810
926
2089
1760
2871
4580
3887
3293
245
494
999
2893
175
3993
2830
1753
253
1437
0
1182
2840
3614
3835
3207
4115
3750
2092
4054
2587
3151
1782
3977
2816
3967
1944
2710
1195
1984
622
1778
305
4030
2945
1558
1071
4265
772
4710
1699
1038
4674
845
1635
1113
904
3384
2108
1522
4938
2356
4047
671
4382
1663
3625
858
3853
4
616
3246
3852
3116
4926
1344
190
962
20
1857
2072
186
3771
40
3535
40
1512
2530
1802
3986
4173
4427
4605
2996
4904
2294
4288
1963
1083
2523
3021
113
2086
3661
4715
4377
3568
3051
1147
580
579
3864
3299
1890
3104
3915
1046
4446
1284
928
974
1542
2034
75
567
3054
3224
4712
3677
3232
1661
4237
2683
4611
4302
1354
2089
4257
2903
652
2466
349
2410
3298
961
2018
4056
3168
2271
1684
2474
3109
1860
3261
1464
3753
1234
3496
1182
109
415
1278
1098
700
2270
1843
3098
70
2052
1028
2693
1021
52
558
3954
4184
1817
2801
4918
3875
4659
3751
779
4403
769
937
1884
3897
3483
2007
1099
4281
2368
1177
4422
1987
2190
2136
496
1031
19
4472
2802
4761
299
2693
4804
3823
1645
2567
3990
2543
3911
98
1951
3406
4824
4154
4034
2106
3746
2310
4112
79
3455
3585
2597
4958
1632
1708
4671
2386
1849
2975
4135
2951
3043
3813
240
4944
684
1031
621
1597
2027
1291
4725
1285
1123
2396
2999
1471
4706
4912
3885
2989
916
1771
4792
1546
2849
2613
3778
1151
1773
4029
917
636
1044
2890
148
3407
1520
698
2073
687
1431
3430
4203
4872
656
4724
483
4859
130
3857
2016
1587
919
1110
2029
2864
3962
416
3716
2224
2676
2482
4991
3781
2674
3836
1353
4865
1139
1892
2274
4754
1710
1797
2172
41
2564
3576
3796
2906
407
3249
1127
1692
1996
4553
1455
3118
4401
4085
1266
3080
4683
2295
2406
3959
1436
3674
3249
2937
4100
442
3402
3362
1323
4797
3335
1175
1055
2716
1677
157
2253
1376
506
544
3482
4727
4631
2578
326
491
1957
159
2764
3518
1912
1655
3980
4204
249
4759
350
4346
4161
1311
2452
2450
4703
2627
4413
2403
2386
4126
4755
1554
1360
1623
3003
2459
315
569
2581
2675
2577
2417
3316
1579
2636
3611
1294
1250
3038
2931
1508
3538
4688
1325
2597
1799
2765
4664
2658
4675
449
4392
2381
1023
343
3148
3098
3317
4292
3365
3903
2158
1814
4257
4991
1610
707
1129
4984
1423
865
1912
4737
805
73
2715
2575
3454
1214
4704
1389
4221
3276
864
4783
135
4793
4288
4543
391
447
2906
2005
543
4205
2171
2066
4693
3044
1473
610
1985
2930
3951
2350
4433
76
1874
235
1124
1360
4462
4211
2733
1945
3073
1308
3384
2694
5
1605
4094
3877
4504
297
4935
3861
4594
493
883
4863
371
3890
1943
3217
924
3190
16
4369
4957
2026
1998
4682
2523
2202
4138
4458
1517
1788
153
4500
4848
3985
1588
4689
1175
2892
1859
2685
1266
1492
4124
2733
4051
780
692
4217
4128
211
415
2996
3178
1996
4703
1156
3458
111
3877
2086
727
3736
2667
4659
4494
105
1076
3866
4324
4990
951
4466
4739
4000
2738
1582
4897
2971
3115
4677
2158
2521
3282
262
2934
2587
3445
4435
2492
1604
4455
194
3559
4565
2194
3325
2587
2344
1955
328
1534
2838
4104
1259
1048
331
3576
4376
2298
3348
2411
308
1862
86
626
4077
15
4487
4200
1682
266
3292
443
1983
2386
4651
4009
398
1954
594
1760
3862
2453
4785
1540
2139
1842
3323
4369
1168
1331
975
19
1002
634
4796
326
2743
1008
3731
3334
4351
390
2097
1322
657
1445
1849
1735
4335
2418
60
2507
3167
3564
446
1007
4962
1137
1819
3129
1909
1066
1397
4184
3423
4254
4524
3208
306
739
1984
1146
2979
3188
3860
1232
2563
4599
351
330
4682
3480
1108
1290
4893
3772
942
3449
3303
883
323
359
4914
3153
3795
1551
880
3186
3741
159
3688
974
78
4156
1305
1874
1690
1521
3125
2637
4309
223
2676
439
3078
735
4268
4756
3937
3331
951
2144
2681
3004
4406
2762
3331
2741
2379
522
2902
4509
2910
4080
3212
472
1926
4177
1820
3033
217
2293
3819
3574
2689
1631
1092
4403
2337
3128
1439
4789
3311
86
1386
3360
801
2023
2406
2038
3849
921
531
813
572
4791
3864
984
2603
3667
1420
2025
241
323
3013
1182
893
4880
140
201
2252
413
4163
676
1269
2317
2067
1634
1114
3286
3737
431
1279
2620
1010
4060
3456
4390
43
4838
928
2561
4322
3744
1559
182
2325
3433
4301
1622
4787
4987
2491
2204
4240
2257
1313
4489
2306
2377
4093
2579
318
3865
4833
2012
3029
1218
4391
3625
1890
3590
3351
3216
442
1394
1847
4091
1291
714
2889
3388
402
918
4103
3855
2749
2617
643
3419
2654
135
2526
851
2276
4894
4636
1046
797
4825
1344
1915
1273
2214
2353
1972
4214
2602
1900
3450
695
4560
3959
2916
2457
1007
2869
4933
2780
2124
4379
442
3526
4295
111
4092
3568
4422
1478
2462
3540
32
2330
1879
2577
2099
4829
4879
1921
3009
165
2165
2587
4522
3842
4936
4266
2394
1922
3256
1435
2001
3450
3367
1916
2443
4039
3822
4953
3598
4345
3236
3398
2673
1240
1865
2162
4488
956
2882
2791
2385
1699
1276
2162
2672
4315
1350
2988
2136
2051
4912
1616
1662
4697
2324
4878
3683
1372
4774
1714
4374
2561
4267
1744
222
2093
3794
777
4278
2108
3459
4793
4357
1866
2212
350
1117
4946
3574
3853
3879
439
2546
1142
1461
3294
4141
3390
1522
3025
4520
1669
3050
673
2667
3424
4692
904
4306
321
660
2667
2099
2048
3325
3222
3211
320
4594
3969
2267
4526
3685
4295
2727
1901
4129
3201
1139
556
4673
283
1675
355
1515
2391
1815
2741
2292
1341
1768
4614
2122
1867
4624
1255
2123
4935
3796
3368
140
2222
1279
4951
19
803
1935
4298
1582
844
1963
559
4138
2846
3189
146
1302
2309
2018
3984
587
2526
4830
3119
2527
2943
4861
4455
1322
1375
4667
972
4964
3742
1374
4723
2769
895
2999
4374
4801
2250
4015
408
4170
3944
3492
2830
300
2428
95
2768
3316
744
2802
4842
694
1830
652
1480
1359
3210
2670
4197
2550
3272
1103
4869
2267
1723
3848
1340
328
1578
3776
4134
1651
3141
3152
2399
1778
2554
4441
1707
456
4376
156
332
1688
4641
3849
889
483
2476
3340
3288
505
2313
1241
1506
2752
205
4424
2434
3830
2629
1279
996
2712
365
3926
753
954
3283
669
271
4422
4621
2426
2701
250
2785
1061
3946
606
1046
3567
4353
1795
3485
1856
1689
1453
1055
3374
4956
4229
1118
2326
3651
749
549
762
832
966
507
2041
1861
3930
2714
2151
4647
3836
2150
1630
3949
2173
1195
4818
1724
4324
2941
4953
3415
4780
546
1603
3844
2074
4975
2348
560
2277
3748
4379
3183
4465
653
1503
1917
3523
419
4381
2934
2486
277
4813
693
2434
3341
3258
4056
1916
3598
1236
3372
2923
692
3377
2961
1771
631
1254
2181
985
4072
1007
582
4117
151
3407
4125
1850
2247
1279
4567
4316
2967
3041
521
162
4256
4934
1526
540
4033
444
3838
1212
3176
1878
2991
726
1675
2900
3153
3035
1882
163
544
354
1933
549
1990
2356
3517
4792
3922
4569
4254
689
2970
4271
3813
875
2308
235
3670
2424
3568
3444
2024
3857
3120
3535
2850
3080
788
2600
3226
748
3928
4097
3276
1478
3312
2037
225
1036
3123
3596
1285
3275
4479
1636
773
3102
2919
4961
2040
3052
1770
1019
4745
3190
1183
3690
1122
1812
4325
1509
2158
4322
4429
4513
2186
2829
646
2238
661
2174
797
515
3019
61
2124
3194
4682
2508
4375
628
1650
1402
1371
418
1652
4683
4541
2988
2148
2752
72
4695
463
321
2504
1099
4840
1158
3801
66
441
3132
2329
1967
3685
3029
3938
3211
2802
1857
986
2294
1447
1394
2982
2939
480
2836
1034
3722
215
4311
4569
2963
735
664
3662
4944
1166
4947
2797
545
3646
1997
4703
4394
1497
942
4039
4669
1998
3406
17
1099
3138
3728
3513
1248
1996
4789
1854
2125
2420
1312
4228
1473
4843
3851
4999
4140
1467
1971
2594
163
3158
3324
3010
1096
4953
1391
461
4131
1410
2634
4538
3652
1509
1681
2815
4245
4259
1440
4677
404
4312
3785
2074
3424
3225
2303
1718
1827
4190
2209
4140
2596
3188
793
650
2802
2563
4637
2658
2375
129
2414
4076
4427
4036
1467
2791
378
2792
2196
2041
1268
2983
3714
4477
3009
1778
2378
4429
2763
2928
1410
1086
3669
3363
2951
883
1177
14
4664
351
3381
152
3893
602
4377
4244
4957
2899
3154
3671
3014
1082
4111
3637
3673
30
1978
2924
3575
2806
4378
830
1934
3245
1300
1539
65
1123
231
661
3199
1251
3871
4829
2220
411
849
2315
4400
497
1207
3161
1002
1674
2851
821
4827
3290
4735
2712
228
2512
3167
4710
2750
3045
3513
1250
1184
2196
1974
1046
1445
1074
1760
1878
1249
3518
3654
1041
4299
198
685
4812
4613
4395
1648
941
4877
681
18
3285
3194
915
97
3244
1737
482
3662
2002
2755
3067
646
2603
2943
1829
1678
494
4171
937
4029
3283
1804
497
3144
1688
2619
2526
3845
1724
2532
4473
1240
576
3897
3559
632
967
4852
4561
4691
4303
2906
3239
2946
3824
1688
3282
3518
394
2940
181
2044
4310
4066
2196
4659
2491
4386
3242
3016
2578
4724
3972
2655
3131
3206
3999
1191
4850
1404
3373
3064
1093
4087
4435
377
4050
4314
4751
1298
272
4117
1366
322
4580
363
2527
1407
1861
514
3237
4010
4984
1120
3102
817
1302
4254
2540
2962
4998
4400
4327
893
4997
4852
4169
3349
1532
3396
2134
266
3244
1813
4206
3013
3390
2436
619
4471
1665
2023
3182
339
4337
248
429
2086
4267
956
839
1142
1344
3888
1500
4604
2030
4426
1195
1026
4321
4841
3478
947
1595
4112
1241
2956
3310
1753
4001
976
4087
154
1909
1204
1820
481
4314
902
4590
1494
3522
2368
3690
1102
4759
1064
611
4469
147
3035
4924
2366
4304
505
3073
2574
2565
2450
1138
2041
2163
913
277
812
1892
3801
4744
7
1793
1557
3043
955
3
3798
1790
2406
2896
1134
205
2640
4692
3107
4834
434
2870
2930
2535
2732
45
1453
3982
848
339
2195
1131
3417
2199
2359
4032
1801
2849
1585
497
3310
453
3711
3309
4525
3532
2403
4655
2201
3884
2630
1112
1243
2632
3157
1128
3373
4876
1545
3310
4854
3683
92
4493
1049
1092
469
2638
1568
38
3430
2983
4506
3586
2136
1329
1087
1772
237
2563
625
3269
3139
2494
2059
4796
234
760
2617
3501
31
350
2088
1866
243
1094
2794
1778
445
3393
136
203
4098
4478
3894
895
1708
1595
4069
2799
1856
4545
3400
3765
804
4305
849
2631
698
4360
1913
1542
1679
4466
2913
1492
4880
483
3991
1627
475
4069
2915
381
3643
2780
3207
3405
1474
277
1086
1194
3886
401
538
3174
777
959
1698
2486
2097
2714
2201
2728
1338
726
1420
1118
2554
3383
4513
3326
1791
51
3194
472
1876
4259
4830
1179
1363
742
1691
103
604
3289
4284
2479
1799
1136
88
3898
4517
2530
1748
2363
2122
4509
567
1572
840
960
3812
749
2024
3917
3206
4116
4468
4954
2565
158
4419
1715
4234
3939
4429
777
3711
2876
4329
4517
272
4736
1680
3987
1286
2206
1707
4907
3298
2778
269
1296
3810
1109
1646
4016
2301
4801
594
1649
1734
1969
266
156
3350
3759
457
769
3704
126
2153
4160
2005
4614
1337
2715
1791
3803
111
263
3656
3225
2608
2057
155
3046
2713
2670
4754
1855
2500
4428
1122
1797
3989
2924
879
4100
3043
1816
4722
4510
322
4144
2924
4948
383
3022
299
1428
4870
329
4461
4190
4945
507
3921
3715
3465
3038
2148
3477
3319
4499
2502
3851
4007
3845
3951
3011
384
1898
4756
1546
3620
3877
534
3045
127
610
3073
691
367
4782
2847
292
2004
1648
4972
3635
3491
3565
3632
3352
3454
2323
1983
2482
2262
3287
393
1968
1906
922
3637
4300
4586
1693
3428
3822
393
1333
3250
4912
791
2785
1272
450
3738
4371
3452
3422
692
498
614
2459
2291
4774
3872
3799
1974
1850
3122
2036
3502
3279
695
4269
4763
2847
4415
4341
2283
4081
3138
2140
3588
828
2020
522
3518
4259
539
2104
2903
3574
4698
273
4866
126
435
2977
879
2795
1057
75
2304
2907
453
3066
1466
1785
1884
1781
2279
3356
1066
1105
4261
3907
1726
2298
3825
4947
2231
4362
2043
4432
410
2256
2268
1098
3816
47
4475
957
3421
4420
44
4712
132
88
2608
4599
1501
2582
4899
4858
880
4739
2104
454
4824
117
3117
3895
1861
2671
2967
2166
1982
4776
3213
1649
1376
4628
2583
2613
2858
2165
213
3119
834
4875
1600
3828
1873
401
3601
300
4623
697
4594
1174
1339
1161
792
112
77
2433
2484
307
1899
3159
2200
161
2696
3434
628
1844
4182
442
948
3441
444
1426
3033
121
3253
4319
299
4095
3263
2901
4731
1198
3194
2177
1019
509
3285
3717
277
19
2072
2991
282
3957
2386
717
1896
4350
2528
425
4834
2024
3566
4097
3912
4131
2715
251
1742
1337
253
602
3023
3279
3824
3465
1447
4720
273
78
429
3980
4578
2814
1261
978
4796
4731
862
3611
719
3192
1395
565
851
823
627
1915
4717
1833
3461
3603
4690
1336
1313
4496
76
733
4480
1471
2653
3437
2175
3879
1208
2771
3230
3550
2360
2567
1329
1115
2924
4053
2701
4826
4784
852
2809
3875
4007
1356
3821
4741
1130
473
3544
4634
368
3594
2378
3997
4677
213
2484
4111
811
2119
3744
2432
4632
1428
2267
1429
1742
2532
4952
3924
1985
2978
1717
1948
789
4296
3341
4506
3926
464
3216
3006
4810
953
788
3681
4766
2005
174
4272
4950
632
4903
4268
2381
1286
54
2415
2958
4392
4285
2775
2803
1588
1645
489
4724
2524
1121
746
1384
595
3918
1823
4362
1610
2824
2354
4056
1143
1037
282
3143
2121
3255
1705
2243
3731
369
2606
846
3366
1817
2430
425
4081
403
4905
4070
50
2731
4945
578
3394
3994
2694
4239
2567
2718
3956
3906
2165
4765
3713
2447
2796
3136
4236
4337
615
4459
364
2585
2652
2131
300
2373
1720
2054
187
4070
3391
3579
4570
2487
4677
87
3163
3898
949
1226
807
1700
98
2837
2756
1738
1393
3693
4688
1297
791
3698
416
130
3703
301
2027
1599
3736
3408
2231
561
4230
238
3458
2562
333
1637
1750
4531
0
4927
3689
4306
4216
1399
1928
750
2737
2980
4442
1071
1113
2348
2739
4770
592
2258
3262
1346
3018
4754
2944
1573
1985
296
4239
3596
4898
4028
467
1746
4119
131
3309
4623
2733
3531
704
4756
3732
945
186
2948
3695
3835
524
2662
4611
4531
182
4089
830
2472
3489
1032
4288
1246
155
4169
1714
172
1556
3531
360
2754
1022
903
1307
1164
4036
2658
2471
2879
910
4302
2283
4778
3600
4208
786
815
2186
1566
1790
3213
4748
3228
4578
4852
4972
3442
2362
961
1727
2821
2015
4578
3254
2158
3810
3648
2013
1963
56
1975
856
3739
936
645
2368
3227
3318
3814
1114
2220
977
1430
1255
3052
759
4931
1522
4108
4442
3630
1161
2288
2832
2740
2257
1266
1963
690
71
4457
1151
2197
4389
4716
1765
2146
4052
3820
235
4169
4131
2502
3828
629
241
2827
312
2586
3560
1332
877
2974
299
4380
4530
2291
2244
3114
1671
1319
2093
435
3923
495
3903
315
4616
2997
4598
3559
3386
3507
4686
3366
1490
2307
41
4036
3308
2860
1147
1988
2151
3866
5000
799
869
1822
854
4072
129
2643
3111
2616
4798
1473
4393
3112
4289
3913
4805
3869
3615
3838
1097
2649
2951
1383
3470
2128
4699
3107
2688
568
2541
4362
4124
168
3908
582
1780
2476
834
1318
3268
1417
1219
203
398
221
1898
453
2332
4885
2809
902
2875
1583
4038
2141
4944
249
2839
3702
1029
4336
1396
550
1186
1158
1401
273
509
2610
4514
3963
1701
2564
170
2632
1926
3871
2525
941
4453
1754
3667
833
2390
1481
1582
350
4040
2272
2127
4926
3871
2612
2263
2014
2425
270
4102
1110
722
989
4953
4481
834
4852
1309
791
3341
2067
851
2150
4569
1251
4061
3699
936
4627
2159
1702
3037
126
2961
1527
1192
4986
2192
2729
4053
1556
1139
4929
3753
4171
4412
3978
4413
1609
762
1926
3862
2626
4505
1121
3643
1250
3588
1541
3159
2019
1088
3023
4961
4419
519
1449
2487
2195
4938
4790
1113
4689
2242
4349
3697
168
4235
1515
496
586
3229
3674
973
1587
4404
3429
2112
4113
2836
1677
4716
3987
4219
1242
1734
2740
101
519
4313
863
3476
1407
2356
3272
1325
45
2728
2772
2908
1438
767
549
4345
2174
2646
2506
264
864
4303
3798
3028
3943
4329
153
2577
3981
656
3425
759
1963
574
4380
3251
1408
3768
1515
8
3043
3483
2149
2003
3443
417
3747
4124
1265
1376
4087
1680
1236
4472
4943
1279
794
3621
845
4206
2268
2021
95
3340
4685
4609
2810
4309
1751
3393
1313
3802
2215
469
443
1464
1051
2857
4692
1567
4679
481
3326
250
4153
157
4193
1432
3202
1863
2595
872
3944
937
4043
4097
1202
4628
3451
4912
2175
4127
1180
2764
4487
3954
1070
2410
1746
4029
1286
4877
4720
4961
4432
2683
1632
256
1851
218
1832
120
1623
3784
3307
2074
3472
4735
2226
4185
4546
1890
4997
7
4427
1973
1238
1620
1417
4221
1823
1816
1388
1238
4638
199
4844
2110
3651
347
1288
2585
3840
2138
3911
2857
4098
2432
4705
1085
4770
721
1452
3433
2651
371
4319
1449
2465
645
245
2972
431
1585
96
3551
4785
1270
2235
4288
4527
2517
1033
2249
4163
3388
3141
4117
4132
3740
2798
3844
3076
55
718
1557
952
649
1594
1468
1246
2881
3403
2602
937
4256
362
2038
3594
783
971
4248
856
4778
2715
1498
4172
4591
949
1023
1015
1652
2905
2047
989
3065
4303
94
2164
4277
2086
3082
4882
3535
2066
1754
3986
3037
1427
2313
36
2130
3606
2849
153
680
3683
577
4596
490
40
168
4608
1405
2916
853
1005
2834
3122
968
1516
897
2496
3539
4798
1653
511
1870
3539
2721
3795
707
2012
1259
3876
3255
20
1797
254
1814
678
808
248
676
107
368
3598
4923
3441
4181
693
2189
1102
2127
2339
934
2121
1375
4689
2204
390
3920
3959
4352
998
3825
650
2391
2907
4302
3061
1838
4722
3384
1187
1509
3635
1169
1936
713
1071
1866
4534
2231
304
735
4772
3040
1545
1247
1568
2091
3480
1251
311
4380
4620
3306
4899
2338
1678
4886
1676
4984
2179
3686
2866
2710
2404
1724
4576
3825
4308
4461
4165
3136
1914
4206
4377
3653
2374
1136
2275
4402
331
4980
2692
3413
874
4944
2094
2964
4548
2305
1298
3043
2641
1576
1740
3792
1523
487
2757
1505
4278
1962
4744
2094
4348
4206
140
4133
3191
1405
2570
4901
2884
600
3607
4899
4846
2156
847
3110
3886
342
1371
3140
504
1645
3056
3424
1360
889
1613
3696
4484
2864
3629
2599
3716
3374
4833
1338
3896
4838
1518
4981
1284
1199
4265
4105
1999
4361
4118
1469
1056
4397
3279
4093
3626
4411
2700
860
3401
4150
995
3056
331
3187
4239
3127
1086
1301
4979
4319
2657
994
2581
4049
2673
4442
3018
1323
2538
593
2577
1653
4626
439
345
4038
2104
2934
1492
618
3529
894
3998
1508
1252
4802
2251
4543
1320
2399
1010
545
1199
4365
883
2558
2576
3788
1712
79
4792
2209
791
4511
1858
4402
4341
645
1427
607
2742
3052
2763
4994
3756
4631
1588
831
13
2572
2009
1868
3673
1101
2516
5
3935
469
339
365
3436
561
19
2554
4507
3212
2296
2111
3552
3109
4502
509
355
2949
4686
4755
1268
4815
3921
1062
3310
1410
2926
731
522
3246
648
1777
728
2139
210
1038
837
2352
3519
3826
4984
2226
3738
1636
2853
2662
4499
2341
4485
2434
4165
2898
3920
2278
4716
3570
2604
1683
855
2137
2337
2520
319
3612
2369
3755
166
433
175
2309
1088
2786
1182
3139
1117
4000
3240
535
4510
2371
3947
2615
3991
2225
410
1501
1718
2736
3537
556
542
3937
2136
516
2338
195
2939
52
2198
1921
3415
3686
4181
585
1452
2530
1552
1959
2254
3505
4098
4253
4459
3921
3425
209
1535
1200
1530
1917
2647
4169
3657
1027
4590
4619
652
85
1821
3836
324
4009
2166
91
683
3834
3299
2313
1229
2074
4286
4745
1992
552
2366
3834
1998
3066
4951
182
4176
1139
3770
4043
729
581
1800
1639
4320
895
4862
3558
841
1183
3608
330
4732
3160
4243
3673
698
1270
2562
3266
4325
762
1271
1126
4976
2343
2993
2707
403
2857
1862
4801
1298
4026
1547
2226
2213
4848
4107
26
2614
3799
209
4849
1078
1261
3933
3563
307
1558
867
3367
2291
2913
3651
2464
275
1327
719
3559
471
2773
379
2669
2745
2637
3460
879
916
4943
3191
3901
2005
3434
1109
1607
2155
4232
1063
4996
1451
4533
1601
2487
1922
311
966
3589
3390
1206
445
2169
4448
577
315
3310
2203
117
351
2063
3138
226
148
1118
2153
3556
3324
4108
4093
3610
1939
1833
4319
4903
1920
75
1534
1305
980
1465
2406
3987
3567
1977
4705
1597
2382
291
2186
3946
1705
1746
3673
1627
2847
2280
3831
3207
2782
2493
1923
4507
4617
2857
1636
788
2500
3674
2170
4934
2634
2027
4967
700
1885
64
296
3492
500
458
959
4227
830
1206
3845
807
467
3099
530
3520
3266
4267
9
2293
1652
9
2423
4425
3073
2014
4574
3910
2780
918
3927
4832
2889
352
546
781
2242
4412
2468
4236
838
4467
2645
3505
3552
2715
330
1416
319
4689
863
1024
3388
4251
953
4410
4476
4747
2546
991
2244
4950
4529
3910
2185
2817
1771
1193
498
835
2578
3671
2621
3333
3715
3257
4340
2542
2697
3352
170
4793
1695
4811
793
696
3024
4573
2470
428
2248
501
4884
1224
3690
3265
2248
3562
441
4795
4636
3695
3963
1878
4701
3300
1896
179
1280
1852
4556
2850
440
4816
1275
137
1733
4862
2496
4045
1174
910
4972
3397
3787
3555
52
5
3641
4257
487
2380
4168
2656
2589
875
2195
3887
3788
157
1290
1772
266
1896
3085
2326
4362
4709
3635
4410
1775
1891
1793
2450
3880
3165
97
2018
3178
887
1329
716
3955
1125
4113
4583
3913
4995
1608
3414
4615
4208
2634
4808
2275
595
3799
947
3643
3370
2962
1698
2138
3946
371
2785
2806
3700
4415
2687
4086
4339
3006
4090
3130
3535
836
697
4840
3350
2563
1903
4112
3192
98
1423
377
947
592
545
1512
1399
3331
3671
2265
2528
4821
2544
701
3127
1589
1288
4556
2322
1704
531
495
4189
1010
1709
3429
1689
298
3542
1115
1232
330
2620
63
4330
2302
2618
3018
3819
2571
2452
2693
4707
1065
4972
1772
1137
3130
2419
28
4971
2156
2924
1638
3952
3976
2475
3117
1666
4515
1421
2914
4720
3538
625
2995
869
1968
4001
3184
829
1697
282
874
3650
238
2368
261
4555
4385
3716
4552
1917
3085
861
4705
4485
79
673
3405
3592
960
3235
716
4637
2374
2863
1936
65
4574
3700
164
1522
2167
48
4126
3914
1997
3586
3081
4731
4292
4890
2557
340
3430
3056
1805
1300
4074
3120
378
4733
1549
4020
1276
2405
3355
4087
3552
2536
2988
3119
3227
2525
3683
4026
1090
2110
139
2437
4339
3564
1309
1894
4537
2340
165
4516
362
3927
406
4610
1783
4468
4337
4419
1105
2717
1657
2553
1027
284
3253
943
3477
3677
3606
1498
1909
1519
509
4250
669
4023
2451
2809
2055
2109
3315
1426
3293
4794
3642
2589
249
2627
1133
807
669
2678
3758
3732
738
918
2081
4254
887
3845
4926
540
1
1447
567
1242
1336
2168
1031
1189
4579
114
2771
681
369
4411
1708
3626
3049
1034
481
4905
2734
1829
1114
3899
4096
1482
1678
3469
1591
1243
208
3764
3424
3702
1570
923
1070
3444
1110
2904
3661
4724
1520
4508
1461
4916
981
4591
3935
3528
2159
2377
3009
2617
3911
1461
4432
2855
3670
1694
3536
75
2012
3598
2045
4397
4771
4328
2964
1470
1125
2709
244
3272
659
1667
144
527
3933
3384
986
4791
3727
197
1387
2580
1689
1827
132
953
2342
1505
3366
4361
831
1885
3997
445
2950
2367
4783
4473
2194
1856
2652
1183
2458
1509
3020
4430
3332
584
4181
229
4531
4210
785
3673
2140
679
1765
2857
3006
1200
4371
337
2586
2837
4557
4718
1388
218
1592
4701
2294
344
3651
4352
4890
2886
1166
4190
2511
2124
3716
2954
4786
2801
2342
798
1237
4047
4474
1288
2378
1159
3472
2336
1260
710
465
1989
4791
1450
3319
899
1619
148
2391
2994
2076
2539
4554
497
3218
1074
1517
1511
3920
2246
242
579
4503
4075
3988
3335
449
3545
372
2312
93
1273
4475
1517
2868
250
4206
4205
3130
2594
4932
3254
4470
611
4237
1784
354
77
3437
374
3167
3032
51
2815
2712
1988
1319
3858
1948
902
132
4142
2405
1521
936
547
3464
3288
2784
2478
3137
4013
3189
656
1875
3722
1087
1452
845
4554
3580
93
193
134
3384
3918
2029
1313
1953
2298
4326
1812
2584
4865
4442
220
3722
3520
3869
4993
1411
4948
2685
4345
3625
4477
1636
3360
4526
4759
1633
383
2935
4007
3397
2961
2928
4528
494
2061
3784
3460
290
514
3865
2975
4168
2737
472
4518
4503
3981
4297
4675
4985
2548
1758
2876
3663
3109
1783
2604
792
3118
1788
3940
3292
684
2786
3076
2196
3657
3787
3502
3424
4882
171
3450
4033
3215
844
1373
3964
2044
1411
1286
4969
266
4456
2449
2957
3158
2348
3389
489
4298
1740
69
4027
4290
2052
501
1309
4185
3007
522
3449
2998
2564
4678
3889
3013
825
4713
4868
21
3291
3678
837
3176
80
294
4990
4093
703
1109
2629
3861
4247
79
984
890
2874
3527
2460
3370
1964
2986
2482
2643
2669
4594
3745
170
135
95
653
4115
996
2300
4169
3439
4632
3852
3571
1698
2568
1400
2083
4699
4255
1679
3205
1471
2503
2692
589
128
955
1083
3606
4694
4666
2811
634
3909
3878
2083
2671
4646
4093
2230
2216
4518
3860
3862
567
3790
480
2305
4693
4315
1713
3804
4614
4702
762
4159
4220
3127
2808
950
4673
4400
2063
4272
219
3449
354
4246
521
3974
279
4769
1447
3
4833
3471
1370
377
4190
2687
2862
813
4704
692
4823
3249
4686
2705
233
3140
1081
4279
3489
339
3280
1275
3670
2498
2404
3621
4469
2839
3759
2049
3584
2980
4598
3471
4615
367
3695
4061
3058
2599
2742
3167
1140
3803
1423
3719
3962
1788
4943
3171
948
1419
4807
4805
1285
2344
1984
239
2241
3804
1314
1702
1019
2368
2776
853
1150
4348
3538
3244
361
1025
21
3660
418
291
2519
3875
4942
3122
3501
1959
2229
3901
3645
136
3009
3834
1140
3520
2430
2095
2554
2874
2596
56
829
210
834
2524
1251
3282
1668
1274
2537
2532
3863
2993
2338
240
294
790
3174
1955
385
4631
2295
2597
2324
2165
4610
3832
3526
175
2282
2907
1471
162
3800
3820
2621
2975
949
1326
3537
1983
75
4409
1888
661
3893
1655
4687
3064
4667
578
904
2258
2157
2582
2178
954
1137
3330
3411
2062
2843
3575
2090
1270
1532
4031
1438
2917
3355
3440
191
1753
4347
2380
3641
2577
4483
3611
4190
49
3509
2387
2401
3345
1292
468
2209
2317
2652
1555
3171
429
2428
2981
795
1568
2257
457
789
91
4393
2148
802
334
1464
2683
943
4211
4769
4654
657
2126
1231
1847
3519
1416
2298
4531
2070
4637
4758
710
2074
1021
4899
1783
3860
4600
4346
4335
2006
371
1224
2408
2963
2196
125
3602
776
2784
4302
3423
2905
33
4413
967
4982
941
3042
4929
4776
4565
4587
4416
3744
1906
2860
1714
1461
311
1197
2157
1041
1787
1493
3828
56
1473
2299
2332
3350
3053
4773
1272
3792
4264
858
3662
1536
2862
4891
1137
3380
3226
884
2733
52
2568
4987
4241
2614
10
1974
1981
1151
2065
4908
3089
1873
1919
3199
217
1796
2543
1908
2829
2487
2907
3623
1402
3378
448
1182
394
3497
1153
1380
118
2249
4850
535
2724
1652
3471
1817
779
2647
2855
2829
3469
633
345
3400
2481
4750
3064
4554
4412
2316
2844
1132
123
473
592
103
1697
4312
1043
3766
1422
3265
439
3367
1500
4811
4987
3217
2668
1561
2209
3827
2656
446
1051
590
4348
2829
990
1158
72
3612
1028
930
3312
2793
267
3826
3631
4024
4368
2571
3825
800
1528
2645
1497
789
1133
642
1577
4851
402
3686
1876
1979
3229
1922
432
853
4669
429
1977
3582
2397
1418
3598
2838
4288
1761
3729
4
362
1383
2239
1851
1778
1812
4625
4147
679
1014
2387
1923
4583
3866
3956
4528
990
3785
1736
93
3847
435
3927
2196
1318
776
53
622
4336
1508
862
1970
3639
1808
1660
2367
3695
1546
2745
627
1586
3508
2462
599
862
3345
3956
4508
2553
1895
2562
3976
2966
2055
1300
4386
2497
4577
3861
3528
2112
1942
2484
2371
2900
1023
3799
3128
3795
672
2396
3705
2887
3053
2254
2085
628
479
1640
2946
4419
4824
3140
2219
2388
324
3613
2104
4062
4910
477
4771
2841
1627
3702
3943
2517
1497
676
4548
1479
1676
4469
365
4632
2888
3291
1518
4450
4250
502
597
4768
3149
3662
1193
4955
4751
639
3119
3809
4383
3180
716
483
2014
2969
1395
154
4605
1437
3775
2439
969
4694
3923
1764
641
482
1099
4615
901
919
758
4365
2896
1494
436
4596
4833
3305
2991
4330
4358
1667
805
3385
4294
105
1443
4785
3495
4954
273
424
4315
2375
4379
1735
4842
1662
1737
1203
1622
203
385
261
2912
4680
768
2294
4609
4142
4909
135
376
4830
756
652
2694
658
799
885
1927
1664
730
2414
2016
4877
590
2101
1774
2015
1677
1272
1685
4343
4772
1853
3999
359
1653
4767
4715
11
4047
4917
1941
272
3310
2595
2426
1901
3984
2491
1755
4713
1900
452
2903
2842
1892
3455
189
1077
4344
1899
2313
1412
2366
262
2
3045
3
4550
2439
1502
4627
3484
1391
4617
4177
775
1769
504
1672
1770
4665
3686
4786
2346
1352
3017
1432
3238
3161
4950
4288
1422
4146
1385
4195
4926
4290
649
760
347
4549
1024
3464
1357
933
3184
3800
2802
1072
4058
3438
386
1198
1089
154
4509
964
1224
3686
2380
4112
1153
4207
1058
3679
539
3933
2074
4485
4528
657
3710
441
101
952
4147
1296
3759
2488
2004
4472
1283
4390
228
4109
2110
4072
1526
3828
2674
1567
635
1703
2680
202
1150
2824
3874
3077
935
4395
2669
3566
390
3697
2505
3459
193
4138
758
1355
3940
4148
2166
1729
3568
205
3479
4952
3452
3683
3429
4852
2680
4855
1637
4742
1734
2872
4734
2566
1147
3844
4867
183
3810
2332
2111
4136
4396
3810
1311
1215
2104
1191
1701
4258
2694
1258
4080
4155
1826
1421
1281
390
2604
317
572
4166
4285
192
1340
4772
1140
4361
4282
4534
2924
4486
2073
1890
1156
717
2450
4438
2976
1955
2825
3845
3055
3939
3622
4656
1110
3661
3947
4443
2955
4910
46
3468
4612
434
1765
3248
2299
3401
996
3958
1185
230
862
993
3289
4088
4175
2712
3382
1957
4884
4444
997
2688
38
1655
660
2722
541
3700
2543
4144
1192
3387
1150
1399
3813
4591
606
794
4109
4527
4687
3883
2777
1348
3081
4926
344
2272
1376
2479
2165
278
2599
121
3832
3997
526
3574
1364
4646
3802
2202
2054
4901
4231
2991
3792
1652
945
4230
3471
1771
2711
3936
2251
3340
4289
67
4066
726
3052
2685
1973
2563
1576
4804
481
1647
610
4493
4881
2564
3174
1766
359
956
1908
1315
891
1461
3703
3541
3008
2324
4539
1544
445
1422
1932
1832
3536
3753
198
3245
3990
4430
453
2004
4581
4771
2595
3899
3031
3938
4282
1310
2664
2612
3155
1958
1077
4222
293
4813
795
1203
3141
4290
4857
993
2011
262
4221
2624
2334
370
3250
3530
4665
1359
4615
806
4268
3767
2058
43
1071
3449
2754
4392
3424
2160
1220
1545
4205
132
4327
3731
3717
4063
2471
3363
2033
1850
4454
602
3532
294
1937
902
288
4942
3815
4257
700
495
3029
2389
310
4841
1426
1663
2758
2217
3249
303
208
4168
4869
3379
3743
4180
4599
2623
387
936
2459
3252
241
1395
3998
1544
1895
1376
3530
4916
4101
164
2160
841
497
1532
2287
263
3413
1113
4457
4267
2131
1342
2795
2439
1035
1638
449
1678
680
2060
2907
503
2214
2343
1585
2449
2476
2391
4280
2262
1447
1970
124
2892
235
4733
4033
2271
4696
1795
2272
1112
3361
173
3368
2913
90
3800
4218
509
4006
1207
546
480
4953
1629
2478
2618
4744
923
4667
284
4570
2949
4354
4613
43
2207
903
1952
1613
4117
2812
2806
4157
2368
2399
1931
3342
2144
4145
3115
2499
1027
3125
2862
2965
1161
1868
3366
2904
2385
776
2272
4016
3831
3232
2844
2208
3021
641
424
1045
607
74
501
3476
4165
1941
3790
4581
2422
1251
4105
349
276
433
1736
1532
3118
4383
3330
1686
3449
2132
3778
4198
2131
136
4539
53
3812
3285
3112
4997
1984
1049
2526
470
1450
1038
220
4795
702
3944
2902
1680
4018
315
1927
1202
2316
2765
2614
4025
628
3113
2551
2389
1831
495
2632
2597
4643
4918
1696
4885
4250
3049
11
3550
3623
3863
2190
1209
2113
4855
1022
2400
3261
3342
544
505
4433
4141
435
2555
1052
609
639
1411
3768
431
72
4667
4699
778
4615
907
230
4364
681
3898
1732
1714
771
1296
2703
1639
2156
268
3867
2192
1409
869
2992
4834
2191
969
1242
2560
107
1697
551
1611
216
3468
3795
762
2558
3924
3247
3999
1544
2010
4327
3596
1621
2626
965
4535
883
2897
4773
3159
2114
3642
3907
2264
4594
4070
466
92
4822
353
2193
1813
2804
3396
226
1654
2207
1637
1574
4951
3873
1714
4015
1623
1897
1138
2444
4477
1667
4507
2260
705
4416
3767
3698
3075
2530
4045
3059
1924
4358
4752
1070
3887
3467
2810
1685
4631
1888
2276
1220
2819
1417
4837
2956
4486
2347
2292
826
4920
1187
4255
4271
1490
592
177
1652
2501
4246
4808
4072
1099
3358
3083
3614
4124
2649
4551
3097
1154
2292
1410
1536
3883
1433
2615
1872
4869
1217
3389
579
391
4323
3245
3187
1
4519
3071
4959
3828
2731
2742
4888
2165
3972
2663
4205
1008
2956
1507
3548
3422
2260
2918
4588
853
4096
1058
2630
3115
1876
276
3914
2226
1322
4278
2169
968
2046
3166
4198
4560
3423
350
4998
2562
3376
4405
2652
3194
4688
1295
2561
3999
228
1160
1358
2819
1466
1014
2319
3179
1959
4594
1948
471
4480
3139
4593
1259
3796
3672
3559
811
4999
4159
4756
2866
4231
4415
916
1926
3719
1021
277
4826
183
2610
1245
3219
4930
769
1321
681
2742
4370
1846
2422
4785
4202
228
345
1220
2491
1664
4651
2079
4168
4227
3170
2170
1249
2715
817
3003
4787
1597
2582
4605
135
2959
1313
4384
3987
4545
3900
709
4259
304
4132
118
4460
2904
931
926
191
2388
1317
3532
3039
8
2511
4855
3890
2874
860
1595
4080
939
138
462
557
4774
2117
3455
2732
3795
4826
2198
333
1240
1210
2597
4594
560
1664
939
2381
3050
947
3990
4621
261
4097
4953
738
285
2839
1226
677
612
805
3518
639
178
729
1
2621
1162
3112
3671
2870
2492
1955
907
4464
80
129
239
2354
3529
2899
3872
1469
2939
250
66
1637
1943
2802
1449
3750
1410
4219
1083
1175
4636
1594
3668
2512
576
1514
368
3108
339
1997
1548
837
1215
1759
1696
2454
367
2601
2827
4837
948
4619
1116
3866
1328
3931
3654
3038
472
4093
1177
2904
1938
2559
362
531
4348
3213
3380
2756
1947
301
2465
3542
365
441
1889
1142
3018
4650
2293
782
4725
2528
790
428
2228
3159
4310
1435
1612
2464
4621
4611
2444
1973
4260
2171
3665
3318
3350
2918
1375
4372
4738
785
1509
1856
421
3691
4651
2031
3866
4166
2296
2258
4697
3552
2221
4292
4123
939
1423
2806
4126
4453
2653
1739
3101
2359
4029
286
716
198
2577
3956
1705
1255
1232
475
661
3527
315
250
1593
2151
2503
3154
3233
1183
2784
2964
83
1856
674
846
157
2162
1837
2296
3643
3600
4776
597
3001
3585
632
3565
4326
3296
4615
2563
2776
1559
2875
1832
2667
3989
3419
3057
3663
3345
1914
1712
4569
4560
2595
357
2850
3066
2551
1131
2721
3962
2456
4241
110
3153
3295
4304
4573
4922
2968
2556
3954
2102
340
2002
4142
3576
2891
3750
1521
3715
1440
4854
1522
3925
3382
4300
4096
2349
240
4669
1550
4344
1545
824
513
1042
3550
3141
4721
1637
3911
2749
2110
623
1234
138
558
1849
2695
2195
269
457
2713
2971
4273
3752
3525
4565
3395
2593
3522
1928
2246
2349
2119
51
2625
4440
1135
596
2672
803
1447
3802
3144
60
1129
331
2395
2829
3615
4782
2867
869
3090
3455
1121
1868
620
240
1358
3412
144
824
1090
1246
1329
567
4027
3187
3127
2609
6
1387
255
4666
4372
1707
3391
3659
2934
4464
3565
3908
1408
866
507
4850
2528
3091
100
4157
2963
903
4822
2608
2448
2735
2084
2862
436
4884
4230
4290
3260
2680
4443
3037
3680
422
3251
803
482
4378
3071
3055
3849
4720
639
655
967
1532
4293
3448
3015
2729
2411
509
130
2431
1580
351
1577
695
1117
669
2397
2096
2320
2675
4890
1158
767
2134
3814
108
4379
1447
1510
62
1706
1185
2093
3906
4710
2528
3184
1863
999
2710
1960
2452
994
4820
1388
3335
231
3950
2693
1643
378
1936
618
3972
2268
2786
1673
317
825
4712
3666
876
3333
3491
4731
2961
696
1871
750
4884
2931
4641
2262
4465
4744
4034
4577
2489
4809
4212
604
3523
4808
2219
572
627
2023
1670
3225
400
3425
3653
3312
1902
2104
3989
3772
2709
2704
590
8
4795
3207
2693
3130
1418
1409
1323
3343
129
2423
1460
191
2771
1193
2909
338
1061
1462
2938
3096
621
2826
2208
4360
4430
2163
2872
3963
1606
2323
1516
744
656
2916
535
438
3345
1085
3268
4857
1890
5
2501
1062
2582
4080
2923
3220
3354
2428
2505
4656
3036
3553
4595
2507
4727
2805
4428
797
3260
37
4829
3766
113
528
4772
47
4671
3488
1890
1778
2636
3214
4279
718
4496
2317
3567
4799
3824
4933
1139
912
3716
4242
2582
513
3175
1684
973
4737
326
4874
3877
3097
2723
587
3543
3444
4903
4552
2094
3129
2520
4006
4401
58
1544
1383
1440
4155
2953
2663
4057
90
4809
4400
1140
1548
2376
13
1185
1708
2087
3411
2934
443
978
1871
1626
3035
4230
4423
3186
3820
4169
2185
872
255
2703
4807
2369
638
4483
3078
3590
4834
2663
3381
928
4162
1126
1176
516
4308
3789
4662
4341
4662
306
4008
3580
4032
4900
1594
3334
2586
3496
3596
1557
1028
2575
4925
1024
3745
783
1781
4066
1615
4814
3423
445
3415
3433
3896
25
373
1185
2115
1862
3186
3077
190
3623
3240
4082
1721
4245
2893
1942
4512
3693
3880
2677
3212
71
3950
1128
3814
2423
3389
4489
2625
446
3816
3347
1658
1045
4920
2310
475
3302
218
3837
844
4761
290
2248
3601
79
584
2545
2252
4077
2432
3984
4407
3128
2250
2150
1944
4255
2491
2313
4312
905
715
1891
3508
4336
28
93
4036
4782
509
1156
1371
1179
4574
2070
357
788
2153
3088
185
4812
658
4608
1248
4597
282
2016
1520
947
1467
3612
2111
472
4658
4190
3725
1140
3315
4137
3557
545
404
1435
1989
4595
418
4550
530
3221
2645
4819
1858
1013
2802
506
799
3266
4286
481
3622
227
4000
1519
4945
435
5000
1585
1655
4422
4814
2624
472
2192
2284
1985
1544
1518
3905
4826
4967
3620
1328
2911
1518
1713
3549
793
2873
3093
2244
984
621
4792
4100
4831
1829
437
2338
3670
4709
4236
2504
1653
974
2789
3193
3996
4362
4238
1052
3493
1762
2504
4282
3672
3739
3294
2199
3972
419
1064
3799
1609
1257
4116
651
4346
3334
2345
4118
243
2981
3098
502
372
4699
3856
4138
457
1935
454
4992
467
3797
1049
418
593
4466
821
3920
2573
579
4203
2443
2270
2320
4863
2192
4281
921
1127
3734
2657
3906
129
2500
1001
646
3857
1258
516
1736
837
769
790
2687
3976
2172
4374
1685
2192
1366
448
3037
2921
356
3450
4053
1674
1400
140
4746
500
973
4778
2787
4615
3869
2516
1683
2632
1876
1263
4602
3371
890
25
1428
1827
779
4011
129
502
1883
801
3223
4954
96
2669
2762
1541
2284
4326
473
3004
1557
3686
2863
1938
740
1915
4633
3023
3832
4832
915
989
379
3692
4343
79
2277
925
2600
1691
3248
612
3683
3617
963
2883
4986
665
462
2455
2422
205
4832
1745
4189
3537
332
3210
4003
478
2565
4715
2799
413
1565
1225
3246
1978
3349
249
663
2054
3329
4070
460
2881
2355
471
2921
1183
2078
410
1171
3468
3967
3700
4354
3052
4172
303
4571
2320
958
1375
539
1672
374
1979
1004
3010
2730
2917
601
1058
137
1409
949
2652
326
174
4369
2407
1209
3153
3801
4477
4135
4156
1998
3651
3620
3744
3150
3555
2582
2293
4029
407
169
4912
1506
546
452
2772
3801
3265
771
3973
2993
3559
2956
4067
348
1915
3612
2055
897
2030
3434
4115
1435
1493
2177
2766
1353
73
4769
29
3160
3373
1094
2451
3455
4594
2087
816
2011
3335
3510
3873
2354
4843
3369
1217
4897
2311
1132
1717
3812
3125
3227
2529
3606
960
4858
3741
4414
3646
3405
4407
264
2916
3616
3563
1911
1042
1662
1145
2004
2672
4577
1764
3575
1182
1912
1504
3826
3346
4576
1518
1753
992
1933
558
3499
2533
1614
291
1366
3183
1518
4291
4288
4124
333
1802
2722
4277
1316
1232
2315
1910
2961
3103
4039
2049
1415
2018
3260
3817
1002
3659
1374
3760
436
4324
2625
400
4867
261
438
3031
3795
2330
3696
3370
642
3577
4420
3261
2695
344
4983
2249
2094
2500
1562
3956
2771
4656
2130
3097
4765
3670
1039
2850
3603
1360
369
2867
1583
306
4064
2896
2705
1748
4395
3747
1359
1962
1092
966
3464
3250
1053
1327
3319
1839
3212
171
3062
1199
2314
4935
613
183
1564
3898
3017
1365
1974
3661
477
3581
4147
4268
1127
2568
3745
1881
3913
1588
354
2169
1304
3317
258
1945
3375
3659
2431
3995
2683
4739
2757
3137
518
782
1238
89
3742
3602
687
1627
648
3544
3422
1946
3643
2587
426
4516
1954
761
3131
3152
1403
3737
252
4691
1876
2049
3199
1830
3440
62
1773
4926
1502
2509
3358
1661
4548
3776
4531
575
4129
1261
4096
517
3917
3810
2551
3840
2244
3764
2770
114
4915
3537
5
1734
1150
1214
869
4274
2334
2946
3996
1023
106
3267
4953
2023
320
1665
3573
3595
1662
2468
1194
3757
2579
2613
3871
1854
3385
4863
118
3069
2654
715
2594
1443
2670
4822
3007
726
610
2177
3441
1880
3153
4909
2970
4253
1062
429
1724
604
3597
4797
727
2068
2272
4507
2340
442
3977
4909
4216
110
3841
4500
2703
2177
437
4015
2468
508
718
2696
433
1223
2705
3729
2722
2613
3713
3680
4972
50
3894
4135
959
3153
3063
4647
1949
3806
855
2275
4660
3999
4314
2239
3802
3009
26
3128
1292
555
750
2954
1113
484
1000
3346
4551
3886
1156
1374
4222
304
2766
2682
587
3814
35
1582
3525
2906
2520
755
4273
1710
462
1411
1319
513
4408
3177
1202
4053
4837
2398
421
3904
521
454
2026
4363
64
3919
701
2310
2935
3441
2813
2758
3023
1539
653
2587
615
3612
3894
1846
2415
1908
1207
459
1045
2065
2029
395
1783
1419
4846
2143
2419
4269
2757
3201
3042
3881
269
1504
4534
4359
3979
3473
4014
609
1202
1798
4557
2454
1756
796
3279
2370
3736
4154
4704
1590
4175
3937
2160
4644
4741
921
2048
2277
2064
1721
3803
2138
4714
3643
3642
3185
757
1974
1362
262
933
4780
1376
1424
1815
3387
4165
1965
4799
2357
542
3173
3719
61
3455
789
2716
1457
769
2832
2226
4659
1799
3364
2853
3212
3100
4535
4155
3373
2417
3862
3866
4520
4445
4935
3279
4370
4770
2037
4138
3443
3356
4120
2142
3407
4863
4510
4239
1238
4416
4497
313
520
2344
40
3604
2337
3217
354
2214
2282
4721
347
409
1704
2188
877
979
449
4495
3746
1744
3240
4268
3107
4029
4459
4859
3033
1558
4075
416
1369
3085
4072
2545
3784
1829
4541
913
3288
2691
4807
3358
3353
3234
1727
1494
4207
1789
919
428
446
2054
428
4298
2560
3362
933
3010
2588
1040
3393
4114
1381
2565
2595
1794
4635
900
838
3902
1326
2446
3664
1031
498
4249
172
1122
484
4583
393
1116
4213
1357
562
3146
1757
1746
2943
1782
2568
53
2711
1181
2654
3196
4314
3822
1499
888
1754
3807
2491
3594
2435
3727
2741
7
4042
2523
1481
803
1427
2299
244
2841
833
2153
3634
1870
2521
3547
4209
1737
1525
572
2288
3794
1436
4895
843
1332
3066
734
1633
4226
4093
1796
152
4398
4443
1227
4358
743
1318
1070
1707
4879
4187
2179
4588
4537
3312
789
2577
2930
286
1752
1940
4319
4688
2140
1629
845
2592
3891
313
2585
3165
4916
4517
4706
3960
61
4011
1474
2371
1492
411
3237
3708
4249
4099
1494
3625
3951
77
2960
1674
3647
936
4770
3024
4009
4134
3040
2833
1504
2573
800
160
1392
706
1620
2907
2108
1464
3970
4037
840
1843
1117
3343
1013
4814
368
921
2208
3302
1071
4349
1510
1378
3630
655
2160
3319
2615
147
1714
1677
3409
922
853
3856
3522
4740
658
1009
3084
1241
2981
333
513
1331
4070
1230
1343
3656
1141
3329
2987
3713
2347
1460
4045
3940
2153
2457
4578
1113
3034
836
2389
2942
122
3772
826
3416
4537
2515
2800
1732
4133
2428
4783
2176
4645
4517
4109
85
4370
4673
2423
3797
3943
4933
442
1681
1734
4642
276
3583
4930
682
2324
1086
2727
259
4163
2805
1791
3253
1774
2713
401
1040
651
1624
1336
684
1649
2459
2029
143
1218
3586
3545
2204
861
2867
2063
2333
3156
2185
1009
2170
1136
3903
3827
1879
2279
1594
4228
4883
1069
2340
2147
2330
431
2236
899
4165
4957
2709
3747
203
4727
2437
3673
3888
664
4878
1486
1844
2667
2860
1785
2592
4983
2595
42
2165
4604
580
4720
395
4350
3199
3224
2168
4247
4527
1806
2187
1405
2631
25
4561
3786
1567
1906
1392
552
4763
2817
4957
3221
2683
4930
708
1955
4690
2326
1936
830
2433
587
4411
2974
4639
1071
4821
106
3354
2871
2472
2977
2732
1467
2334
105
1593
2198
1129
3481
606
1249
2966
1421
4953
4188
4463
915
1944
873
4647
4718
2561
2791
1049
4275
1619
2375
518
1079
1020
2864
3367
1253
2393
4543
816
1996
4944
1050
2619
2923
2232
2346
3460
524
3585
3245
3650
3248
240
1940
1508
1036
2201
3667
2562
680
4486
3936
964
3517
2928
0
4402
4644
3126
1897
3615
2678
245
1514
3433
3878
938
1260
2946
2866
1844
3473
3779
2429
1839
1128
2097
1286
3675
1487
1427
181
800
3393
341
1474
2125
4623
2846
581
2987
725
1385
766
4571
2576
268
3963
2629
3751
3633
1329
3156
4801
859
1525
4163
1511
2651
3650
1726
2137
3316
1218
243
374
2912
3593
2070
3645
4347
816
1670
3122
1816
499
2938
3160
3401
1619
4763
1323
141
3343
4976
3538
602
4875
401
4658
4144
3673
1163
4793
821
4260
37
4781
3691
1731
3747
4822
797
3271
2530
4371
3045
1157
4955
1321
2992
4898
2849
320
3333
3153
4279
3469
1438
2839
1778
472
845
4836
1497
3608
4365
879
4338
1457
2042
3600
1369
4413
602
3315
1113
1565
3282
4810
4333
4247
2074
4494
3941
3226
1063
3859
3039
4727
4743
1792
620
4493
98
394
535
1945
3839
3467
3072
2371
2652
1955
4430
2199
42
3441
3413
2565
175
117
4871
991
2780
4415
356
204
2660
1442
66
4385
1685
3993
4088
4666
880
520
3944
1994
2969
4478
1346
2494
213
2832
4793
672
2133
3868
1031
722
3105
1863
1463
2259
1885
112
145
3050
3693
2943
99
3621
1743
2730
3212
3450
4040
4161
263
1813
1415
2176
1491
4816
4996
2469
3459
2862
1341
1274
3186
4618
4746
3587
14
3295
4273
3180
2859
1995
515
4516
2284
1950
4080
2898
778
4464
1801
4078
491
1831
351
4635
433
681
2037
4042
1958
3124
3004
2176
3134
1295
4476
4629
1255
4555
4851
3937
4205
3514
1413
3667
2887
4363
3699
3996
1374
2286
483
4330
2359
3869
659
2914
2278
1393
3203
2008
2368
3459
3984
2270
3838
2392
2970
1526
2305
3402
3999
3413
143
3638
1037
2180
1459
992
3953
944
1816
2228
786
3118
1710
1030
477
3080
2060
4158
1714
1417
2462
4842
1158
2206
3916
2728
1093
1371
4967
3468
2992
3954
4928
2297
4606
2238
4144
1114
953
682
3472
2169
3529
3201
4940
2852
2447
3725
4184
2490
3517
1555
4074
231
1211
1267
2849
2332
2761
60
1594
3990
3588
3035
2588
3113
4448
1583
797
4627
4125
1912
1648
1123
3596
3088
3205
4626
2427
3832
2407
3844
804
4449
2124
3761
3855
4242
3300
2147
2879
452
1546
2844
1900
1125
3228
2128
396
2879
4799
106
4089
3138
2660
4515
3422
3856
406
3886
3328
1812
253
1662
1078
3539
842
4814
2465
1174
3803
617
2586
855
1931
4307
4229
886
3177
248
523
893
2897
2353
4538
1242
4029
1836
792
277
914
2313
3245
501
449
4729
2840
436
3299
3296
1673
3276
277
811
4354
1893
837
1342
3061
1953
3313
4384
2740
1562
739
2279
4118
4542
4389
3578
1380
669
3960
3607
3756
239
1764
3751
3846
4466
3056
873
1009
104
2576
817
2714
4953
3983
4873
1490
1770
3153
2428
3648
243
1685
1628
4051
1753
4129
444
4770
700
3541
3395
3475
1584
2666
727
1985
3677
4875
1479
4594
189
3906
2477
2905
607
4669
1608
485
3233
2707
914
1545
4791
2188
2223
2292
3367
4576
2493
632
3459
2149
2208
1284
4369
3672
1221
207
1504
3836
4224
1286
2236
1083
759
811
494
3240
1546
3150
132
2179
130
4860
3007
810
4153
240
454
4924
3142
669
4249
1614
4507
3685
4368
184
214
1513
3015
4530
2429
3868
4753
3388
3178
4798
743
2051
679
89
3943
2220
4792
3093
653
1006
4682
2041
1738
4418
2687
4257
3388
4748
1053
3597
3320
4642
1978
2449
4140
3327
1836
4810
359
231
3881
79
2776
476
3102
1466
4358
4448
4283
3187
2698
2787
29
1519
402
1129
89
1575
3348
123
367
4203
2817
3125
57
1894
4511
4527
970
2569
2666
798
1293
2492
3873
1139
2548
3221
4757
2845
1910
2835
4533
4839
805
4460
114
1433
773
2082
3333
4189
4302
1732
1923
4623
2122
2474
1763
3439
1449
1559
1105
3554
550
1239
1667
4911
4089
3194
1662
2176
671
390
949
3985
362
1672
2008
3096
2793
2462
2562
1712
612
228
4266
1662
3673
3227
3881
3328
1519
2112
1301
354
3840
2379
4133
843
709
2472
3006
3508
1859
3129
1868
274
430
4275
2290
4221
4296
3522
3124
3487
4103
374
3897
37
1683
238
1061
4872
860
4324
1358
4908
1391
3344
4774
3110
790
2246
3122
1469
2023
3399
3607
4956
1175
3965
16
3368
1688
648
279
1757
1060
4968
3388
2578
4307
1471
1640
2343
1841
1448
1679
677
34
87
3919
2513
2290
992
3920
123
3445
95
625
141
1317
665
4131
3617
3869
4985
4728
780
1846
966
182
4499
1758
3209
2880
274
4769
1673
1149
161
4324
1312
4168
1165
2913
3620
1232
158
2791
454
3451
952
4220
4237
1304
1730
1623
4893
2765
122
3716
321
1572
2993
2216
4273
1806
3999
2692
1590
2389
1671
4112
1604
532
2121
2720
153
2691
91
1817
3290
1975
3573
876
21
1118
4338
767
192
3561
1704
4593
2003
1073
2268
3817
3489
1001
4977
1330
3562
67
716
2845
150
3283
1735
3430
3967
1075
972
2123
641
2050
1538
2442
4145
4017
2406
135
2872
2225
2429
2246
4275
849
3029
4774
2579
1221
3258
31
198
1123
1949
145
2314
3418
532
2910
2942
3138
2714
4081
3982
1535
4992
2374
2482
536
3876
1660
4893
958
3186
1549
2329
1285
664
4116
2056
1275
3205
3359
777
3759
3152
128
2215
1602
2439
1994
3868
2740
2733
4320
743
2513
3379
2993
2297
965
883
3606
4358
4209
1273
217
2127
3207
1111
2792
4148
4052
985
2525
1734
791
4823
3952
2518
3791
2440
1673
4072
3962
821
30
2071
3697
1932
768
3432
1890
4229
1697
3125
2807
13
4709
4972
4147
4859
1202
3322
85
833
4555
2322
1400
906
1410
2699
1782
973
4301
907
2309
2751
890
685
913
3061
491
1651
4523
1599
428
1372
3148
4265
4061
4795
2837
4997
3965
1466
2696
2084
632
1233
2627
4552
3207
1584
2566
2717
2764
2743
150
4441
4125
2178
3468
1586
3546
3107
4874
1870
120
314
4770
4185
715
3123
4842
1686
1441
871
2773
3030
3418
3648
3405
1648
938
1440
209
3673
3885
2820
967
119
3305
797
1692
1585
2048
4030
1851
4040
1654
4914
4045
1505
3699
146
1849
225
851
4684
2145
234
4379
4970
4860
4372
1094
1582
4586
4977
1375
2034
1053
3717
4724
4799
4309
4318
4249
779
4567
3149
4790
1157
295
4904
635
3165
4055
3000
4994
1306
3247
545
887
4283
3664
3609
4900
2130
1546
565
2514
1331
2995
2554
1160
3794
1172
3058
4001
267
2655
1883
334
4507
430
821
632
527
873
1907
3174
344
1214
1393
1436
3648
3704
494
1172
1893
2133
751
4339
982
4659
4378
534
3798
3826
754
804
2955
3170
2133
4573
4218
233
417
599
753
3936
3459
3465
3929
1282
4672
3516
4791
4801
2760
3494
4852
4953
2023
1526
442
4504
4525
2399
2184
15
1507
443
2946
3928
211
3608
1547
655
2132
1407
3692
1051
2691
729
40
2387
3760
957
3144
3332
1595
2785
4961
3735
4096
3527
3313
2694
2365
4778
545
4328
3508
99
800
65
3339
2219
4086
4911
4868
2086
3505
3772
2194
1036
529
1861
2914
7
2785
3182
4640
2980
324
270
2961
4336
4538
4425
2118
4038
4087
1756
1905
4222
1192
1439
504
302
629
2997
1480
915
1342
2261
2918
1514
2833
140
4419
4369
898
642
1824
4438
1206
1077
1410
786
1391
478
438
2733
4477
2874
3012
4952
2645
1005
2021
3390
4565
1370
587
3920
3012
224
17
2452
2424
3851
2345
4648
527
3455
3030
2765
2359
3550
4867
1698
90
4175
4463
2560
1921
36
3453
2226
2490
2117
176
2228
4374
3293
3509
3235
2403
1725
2636
2208
2961
3818
2543
2432
514
578
1945
4472
2061
1593
673
3094
334
2742
2056
3765
4118
3977
1084
2473
4180
418
4913
2688
4905
4085
889
2919
3114
1775
2356
2481
3249
4388
3564
4787
1018
3525
1639
4162
1567
3029
2890
371
1619
3715
2949
4530
1769
2443
765
3146
4253
761
158
214
1585
1981
2781
1604
4631
190
3371
4926
3204
2349
3409
1016
2802
1445
2637
4035
3971
293
4952
1222
918
32
462
1170
3883
3855
3319
391
822
4682
2062
2638
4818
994
1425
4109
625
3096
4687
2134
1301
2634
1639
760
122
4271
1218
1221
2425
3757
2053
4558
26
1452
2581
2084
1177
4475
614
3784
3301
2510
242
2749
2215
229
3012
874
210
578
2398
3331
1579
4986
2708
2135
3414
1954
3464
2928
698
4097
2214
3693
4785
1571
114
3740
2624
3117
2629
3984
713
4795
3264
3915
2079
3336
2357
3117
3529
237
1562
3077
227
2298
1383
1911
865
1706
1075
3933
4006
2095
2516
4757
204
189
525
4962
3054
1666
3624
1079
3326
3264
4269
4050
1279
1682
3559
1022
3040
2369
594
4440
4319
4487
748
1605
591
3907
3729
1639
1583
4336
4245
1950
638
977
2101
1262
441
220
4145
2147
4657
4362
2195
4772
2314
4641
4783
1444
3730
3581
1018
4513
4419
2207
1608
3980
3295
864
1810
2738
1358
2909
3961
2382
4285
4244
1841
2363
2082
4610
867
530
530
2456
265
2786
4197
2340
2035
3156
3180
434
3293
1973
2661
4934
4953
2426
1649
433
2571
2633
2502
1279
2960
564
4415
1866
542
3777
3684
4110
139
4122
2608
3655
2045
484
1014
4911
2076
376
4249
977
456
3087
2270
2244
4007
4018
795
743
2710
1089
4331
3945
3694
550
4280
4941
4991
4680
2413
3401
349
4970
4663
1657
1772
4563
26
2147
357
1422
875
4226
4472
1198
3088
1634
3969
4517
293
2157
2080
2926
3516
7
4311
3196
3640
42
2537
1647
3484
3015
3727
2954
96
3292
1498
315
666
3615
149
3404
3169
4132
2909
1916
2561
2270
391
3506
3631
4811
1247
2985
1335
4097
153
3299
640
818
4768
2027
1474
3557
4109
2144
3509
3136
1870
1006
509
204
4781
2727
2838
2620
1051
2592
2463
4928
2286
4903
612
19
3061
8
3597
3340
4050
2908
1537
2318
1253
4127
1503
1134
4027
4607
1824
4080
4348
3934
4310
632
1742
3506
4691
355
1753
3361
1699
3317
1192
4031
1697
824
3298
4861
3846
4761
990
4603
4765
2186
4054
2092
464
3425
1010
2278
2676
3625
1914
1302
2181
669
783
1833
157
86
555
1102
3420
28
4705
648
292
4495
1274
606
393
3798
1989
2015
3841
4485
455
547
3376
2804
992
535
4496
1728
1404
3022
1019
3973
2061
1668
3830
4845
4047
4661
2196
500
4745
2921
4948
4774
4475
1961
3873
4641
3655
4062
2983
568
2474
3469
3523
806
4924
634
1692
2385
2806
3607
964
3037
3335
99
568
2144
1071
892
3512
4601
2432
2264
1897
3870
2203
2384
2881
687
2828
3478
4756
4312
1496
3549
4999
1425
4597
3160
351
1429
1846
4294
703
3095
1547
611
2070
2319
3884
2122
3798
4530
455
3612
1383
147
4509
4634
3678
1740
3983
2409
2678
1872
2974
921
2594
2398
3182
3303
1838
783
3160
3413
4713
4628
3190
454
2547
2884
195
215
382
3025
286
833
4225
424
2719
4998
1055
747
1244
4985
3756
4313
2274
3053
1091
3105
1341
2537
577
3964
2935
4660
60
863
967
3825
4730
2585
812
4382
4325
2079
595
328
2518
914
2874
1840
4821
652
4037
764
3878
4483
3075
4926
2724
1175
2672
3652
4921
3588
4871
4123
1329
1075
2667
326
1865
1459
1483
2260
2476
4335
2696
3025
2029
4768
2361
3747
420
2338
907
4766
2715
2921
145
2221
3422
777
2159
4624
2274
1493
3325
4116
2095
4830
757
4177
3398
3795
3642
1113
1783
2374
3607
4366
4411
4253
3741
1788
676
1373
620
2110
3065
3584
3418
2513
2333
3022
4237
4441
539
2319
3506
1234
3332
2580
2003
3189
3574
3167
2888
4323
420
401
4861
3332
4135
4486
1751
1402
2908
2960
1143
576
2836
401
19
3235
4249
4588
1860
1504
3791
2537
2888
2118
1602
2912
2012
2519
3616
1234
1595
4327
3230
1211
2846
2912
211
3617
3478
3448
3600
4393
1885
4908
2306
897
4358
196
4590
3145
1762
1407
4059
2483
1762
1156
3157
3394
4984
2775
2974
1274
943
1222
2294
432
4394
3391
2247
4202
57
3230
3074
1497
2179
1503
4855
3701
169
345
3976
2494
3415
541
3370
3111
3169
928
3783
85
3984
2537
1242
3721
3716
2715
474
1889
2320
3852
725
3666
1210
1749
4760
1538
1642
1553
2714
4604
293
286
2462
3248
3328
82
3648
3511
976
1469
3564
2087
4153
3794
2515
1631
2695
4009
2439
2548
4480
3718
2702
2473
757
939
72
402
3245
900
3635
921
2758
4863
4787
3519
2455
2782
2888
3111
1415
3437
332
2150
687
1432
3604
2766
2915
626
1330
4896
1655
4584
3013
1731
3275
2503
4553
2322
309
1122
2832
4965
3092
4938
2598
3034
2025
1717
550
1834
1820
420
2672
3949
1977
841
96
3736
3371
3
2970
4602
756
3246
4703
3701
1139
1027
3482
4041
4354
108
3997
310
833
2520
3188
2812
2499
1129
3568
3274
4912
2313
4260
2097
2126
2283
303
3396
4522
143
2458
2844
4129
4805
3602
57
4520
2188
1854
3856
450
378
4683
925
4623
670
3583
1698
2350
3249
4237
465
347
1220
3152
62
4791
598
353
1505
3273
423
769
4241
736
1838
3804
3840
3871
770
386
4376
1237
223
3578
2892
1968
4277
3289
4661
320
4665
2501
1965
2858
1505
185
3462
4906
3678
1656
3926
720
4560
1959
37
2344
989
1637
2392
1428
2091
232
2350
728
3412
1902
1943
3412
1136
3466
3401
3717
4601
1826
2405
4533
1126
3230
2939
1799
4998
1378
4272
1864
427
4854
3314
575
4867
3061
3691
2598
4288
3480
631
1641
1494
1467
2276
5000
2980
861
3235
3761
1034
4121
2382
4398
1782
4452
584
1499
1931
3062
2243
1379
1800
2874
1131
3579
4941
2101
3475
3930
3847
1978
4429
1543
1614
3888
2749
4379
4663
575
2742
3490
3603
3863
504
3115
1715
3268
4095
3642
2846
4503
4099
1432
4699
1415
2693
1713
363
1739
3475
2218
1329
1506
3459
3711
1223
4664
2609
3705
3267
1532
4434
3334
656
572
1137
2089
3118
3153
4033
3788
4669
511
803
4785
1207
2569
4975
576
4443
3900
3991
61
1582
815
1062
4746
2795
3428
4457
378
132
113
387
960
1711
4359
181
596
4692
945
4902
3663
2158
243
1845
2450
1709
135
418
443
1787
3552
2302
4565
2394
2835
4585
3052
4901
546
2678
4685
2923
299
652
2853
1247
3527
3191
4176
4211
2665
1915
4623
4438
4303
1520
4971
3050
2987
513
4073
1838
4583
2576
2845
3033
2885
3883
1755
599
3278
2569
4012
3049
2864
142
1064
3937
4635
2187
1064
335
3850
1342
4266
2577
4486
4218
1706
1028
546
990
2042
496
1905
661
4921
4179
398
619
3495
4101
3375
608
3141
4911
187
4223
136
4599
4237
4226
2639
4062
3653
2661
1103
2860
4084
1425
20
2412
2470
2292
4124
4731
3549
1041
4351
2238
2764
2592
3562
4342
1958
417
595
4420
1767
4683
2330
721
4285
3591
1056
2108
3645
2124
3949
854
3950
2248
3413
1437
2893
1142
3717
1322
4537
2978
1694
3562
3930
3083
1511
4383
1563
4132
4630
3163
3914
1586
3534
1274
1717
3672
1194
1339
1300
2476
534
4049
3539
867
2635
2507
2251
828
1931
1224
4969
4292
598
2282
1155
3268
4385
1085
2211
4944
1554
4013
581
2552
115
3084
934
441
446
2413
4187
3078
3260
2399
1966
1782
3350
917
1809
1849
4148
4625
416
421
2015
1404
3893
3870
4427
2850
4595
435
3537
3924
293
1837
2954
1110
3668
1430
1957
2273
2937
2921
2962
4171
261
1674
3390
723
4469
2834
4713
2032
2676
2481
780
3884
2428
4268
1995
3998
2881
1429
4463
1237
2795
4779
1302
606
2942
4202
2853
2493
3285
593
1860
3817
2746
4479
2037
2088
309
3868
3223
288
2200
3438
4583
3685
288
1177
3559
4938
3797
4680
2983
782
3326
1091
1928
451
2035
27
4287
147
3921
26
3979
2746
2367
80
1852
32
4132
466
3147
1958
3411
4124
512
3745
2331
501
4949
4509
3475
1640
2575
2366
2251
3115
1873
1263
366
436
3824
693
4483
65
4855
211
1350
214
4057
4579
1020
3919
345
3095
2175
3701
2720
2784
1570
4162
3950
657
2007
3645
4855
3090
3808
89
1021
4448
430
2621
3063
604
1863
2045
1570
4073
3535
2871
4629
2286
2168
3652
2250
4339
4854
482
4629
3981
2846
3090
680
640
3110
821
4805
566
131
3795
2125
4615
1081
4424
3021
2983
4517
1639
691
4812
403
4311
2420
2192
4592
529
3375
3630
3639
346
2017
1478
2082
1119
489
436
2527
505
826
4363
4498
3495
2170
2278
423
2380
3340
599
2395
1593
1885
4688
3835
261
604
970
2940
793
4378
4133
3090
1665
1955
4688
3854
1653
536
1169
3376
488
2013
2993
4738
4169
2731
257
2304
4904
3436
3465
1738
2286
3655
1131
1271
1725
1110
2031
862
3643
2715
4671
456
1883
1245
3489
3729
2622
1225
4148
923
1894
4297
1904
1802
1163
4674
4012
2148
751
1559
3940
2910
261
3123
4304
3144
2341
1124
4716
481
2532
2031
770
762
2599
3526
487
1811
2379
4415
3195
842
665
741
4458
2757
4658
1647
1566
116
2086
4203
3757
3879
989
1720
2940
3544
4342
3756
1449
3228
3772
3812
130
3689
4639
3630
4777
15
3074
3309
697
3238
3650
2604
2211
4232
1947
4719
3123
1362
4852
853
3424
1673
1
1940
3511
2806
910
4760
4792
564
2973
3222
3614
2508
4151
4339
2341
3755
981
3308
3186
4973
3569
1946
3559
757
2831
4498
647
2002
4506
4196
2254
1310
1554
785
4905
4762
1974
4288
2129
3838
3085
4428
538
3047
4208
924
4318
1474
1345
4773
2237
1283
4304
1417
4785
591
346
4961
2767
2301
434
975
2088
4337
107
4008
1618
4023
864
1343
4086
4312
1771
4575
401
603
2495
48
455
9
3248
233
4614
1114
2775
216
29
3427
536
3144
314
4296
4757
1772
3312
1685
2531
4339
3027
2196
716
942
1099
22
1035
3123
1553
3949
4116
1239
4577
1761
4703
4933
510
2608
3653
1784
728
3134
1751
1008
4450
4959
950
3054
111
4210
1491
1623
4191
4331
3367
2510
2527
3743
1740
3134
4065
2298
1308
830
3664
3599
4097
3345
978
3977
1291
1720
3039
425
4043
2933
3215
1970
319
3113
249
4690
126
3732
4744
4116
4205
2423
1102
344
584
3125
1473
4056
3067
2147
4942
3212
154
139
436
220
393
3656
3993
3571
93
1298
3646
3072
4068
4901
3462
891
3020
3996
4990
488
3153
371
1306
2859
2720
4244
2965
956
1550
2111
4447
688
3861
2776
1364
371
122
3253
278
2483
2191
2467
3473
2838
2963
4320
53
192
1841
322
1898
2176
499
3376
3897
3332
3270
3217
4450
661
420
3930
3987
4269
2277
3125
317
1565
140
1124
4190
214
362
1680
1814
383
3409
4976
2711
4593
2915
3727
1671
3090
3079
97
1890
542
2638
3872
3996
165
450
878
182
4018
3833
2643
1785
1297
475
4499
94
3535
102
3637
2854
1773
1435
710
3708
2218
477
4818
3833
305
867
2167
3954
1728
1388
650
4714
772
3376
2134
241
3713
45
3229
3549
4385
3531
3195
2719
682
1652
2365
3605
1090
456
1048
2875
2951
2186
4271
4478
3668
1753
3374
1089
4225
3970
2277
3960
1575
4880
3563
905
869
3129
3959
3263
3467
644
3654
4926
4778
3778
2334
3996
4313
3954
3487
3405
3659
190
4661
38
1627
1285
444
698
1551
2321
2138
1696
4344
2851
4420
4588
1804
2662
1254
309
1327
3550
430
4564
2951
4140
2325
1788
28
4228
1428
1298
3264
2161
1291
4197
2586
1656
1599
3352
2928
2723
301
1925
3462
1919
4696
758
2241
801
2166
2271
1631
1400
3002
2055
1579
916
297
1898
2691
3279
276
3668
2586
4667
2545
1051
4406
1075
133
3296
1279
649
1256
4628
1591
3507
1477
1491
4541
4094
3575
1466
1168
334
1738
4683
3656
3755
1733
1175
3307
1426
2824
2648
2123
2156
1969
1328
4084
1764
1695
3463
1028
2711
4925
898
4229
605
2363
2913
4337
2684
3446
3656
4162
2239
4230
1365
3804
1689
2792
2297
2754
556
2525
435
3357
4521
430
2268
1043
4379
2230
3928
4161
2037
3906
2323
3029
1792
1540
2048
4279
4976
22
560
3971
1513
1611
3808
4990
4121
2563
4213
1502
614
2460
1207
544
4301
2885
1519
847
4492
648
727
4852
2159
3226
2566
1151
3961
3653
2755
1538
4930
3054
110
4323
2863
4408
2514
2487
4179
3476
3604
4728
255
365
3867
1801
795
4900
292
3026
146
1953
3296
342
3164
1971
3065
2665
231
2380
2969
2035
2830
3891
2353
3832
3664
1108
4475
3497
4311
4530
2838
789
2880
609
4894
4683
435
292
4088
738
2149
2600
188
4586
1109
4080
1251
3637
4226
4194
951
3959
1150
1513
3497
2184
3962
1641
1063
1025
4655
752
1193
650
4735
2880
753
526
2921
2115
3885
1633
4
4627
74
2419
2724
1287
2878
2965
1738
1211
3216
1250
2848
4394
1608
2650
3386
120
4851
3986
3352
168
2429
2949
417
555
110
1144
3131
826
2620
1795
3029
2324
3710
2215
1154
3504
310
161
4249
4331
4802
1410
877
295
3134
2197
1151
2663
1556
1469
2717
1040
4720
4766
2830
457
2836
244
4277
4951
1392
890
3645
597
3125
1663
1009
193
2640
4117
3544
1339
1037
570
4381
4920
2095
4651
4084
2031
4064
746
4439
3366
4669
1960
4551
1975
3002
3011
1325
3218
1576
731
4342
2794
3113
4884
3792
2519
3257
4508
1434
4627
4568
107
3924
2903
2315
3190
1847
3092
2736
3186
3438
4780
3109
363
1509
4699
2122
498
4388
379
3578
2045
473
2763
980
393
2981
437
4741
442
3881
4400
2688
2793
3142
3600
3465
3089
2670
3982
4182
2072
1852
1049
4645
4589
2729
4549
2645
2596
3451
4035
1053
104
3821
2793
160
752
506
63
3485
281
3314
1458
850
4787
4112
4864
2297
1856
3113
3148
3906
4898
1383
3899
3443
4659
768
3147
1178
2741
3075
4843
1650
769
1288
731
786
1755
2200
1519
781
2843
2930
1199
1974
4715
4015
2876
4462
39
337
4465
1321
90
969
1190
4810
2851
2177
4876
795
3797
1290
4511
4048
1751
1681
3180
4654
1108
3462
1972
3453
248
2963
3314
3501
2966
879
546
2610
3862
4412
2833
4328
410
3216
711
1509
4976
2409
3806
3386
100
431
3501
1790
3746
2395
4531
4179
1059
151
4586
1098
916
2069
26
2340
3745
2542
1493
941
4145
4466
1040
4281
115
893
2197
1104
4868
3118
3478
1514
2028
4719
99
4524
2404
4208
4173
2068
781
656
1731
1937
935
4851
4455
3520
874
4259
3800
1890
3719
3745
2302
3057
4375
458
2308
3102
4913
3671
2882
2499
4906
4246
3983
3994
4566
4648
713
3595
4839
630
3737
3256
3455
3138
4194
4118
490
949
1314
4660
3675
888
2796
4005
4685
1771
4874
2993
4915
3186
2646
2277
2103
462
811
2272
3124
2001
997
1662
2698
3241
4030
2565
660
3866
3508
1966
1605
193
3221
328
36
2036
2584
465
3454
3330
1389
612
4333
840
1245
3681
562
3906
2966
1411
1675
4860
2193
4854
4162
3235
4680
3096
3537
2365
1991
4310
2804
221
4917
873
2871
4543
1808
856
4061
3366
537
42
1021
2443
1894
57
3588
349
3787
3338
190
1097
646
1329
1375
2135
2037
3425
1688
1943
4472
1182
3828
2120
2534
4084
2330
1359
2438
2883
2731
2679
616
1308
526
2730
286
3062
1919
553
1387
4117
1663
4457
3968
4955
1736
934
2915
3241
4895
750
216
1900
365
3223
4591
4529
924
4934
2084
3026
344
268
1864
1218
4859
1951
347
3335
3642
3254
1601
189
4061
4227
3549
2907
874
1541
494
1685
2945
4160
2539
3776
4412
501
898
3555
513
2619
2083
499
2827
2468
326
2999
3316
300
446
3344
1104
3106
46
2926
1695
4780
2134
1020
2164
4275
231
4673
3517
3656
604
819
4512
2803
3025
4294
2499
1259
3944
4685
1131
1999
1493
3740
2033
139
2541
3141
3171
3064
4264
973
3861
1303
3490
2148
1261
3073
4569
4088
4687
2987
432
118
434
2589
2452
742
852
1674
2406
3882
2822
2235
1767
465
3616
2189
85
795
4092
3579
4903
3662
4033
2628
1583
3162
354
4816
3028
878
2183
4123
2064
3615
3843
3637
1628
4407
3016
1351
297
4639
4467
2811
4581
2280
117
2206
4872
1150
4134
1199
2073
374
1793
3104
1753
4872
3952
4411
1779
373
2208
41
209
1379
2350
4952
3383
4024
4950
4338
412
3227
2778
4790
2268
1677
1862
2739
2310
3457
3235
4564
1480
3514
1632
4318
4301
4281
2297
4479
4464
1967
1741
1926
1907
1524
1434
790
775
1586
3711
4496
1117
4761
784
4866
3116
4271
3489
797
3310
4601
2666
2494
180
1785
4554
4519
619
2504
4794
3221
3479
1317
1401
3162
1825
3422
1912
3409
2473
1075
689
1195
4984
1544
3188
3703
3305
3399
4261
2305
3076
1479
3647
3265
3036
3609
2762
3683
1297
559
2994
564
996
2249
1805
2907
353
3267
3920
2069
1183
869
1170
777
2517
2571
2144
3033
4460
732
4372
3241
4927
3019
4327
4572
4204
2118
4305
3575
3517
2409
4969
3401
4006
2179
4269
2249
4044
4444
4108
2151
2723
2328
1146
667
95
360
1936
2245
3849
2030
1657
3808
1496
4041
4466
3164
1689
938
2635
4830
3177
2468
461
2738
1791
2583
3205
3024
3329
772
2073
4762
2030
526
559
2966
1075
4537
1242
479
531
3643
4547
3217
4772
1599
1552
1366
3860
1091
1411
2000
1722
4587
489
2229
2002
4801
3383
1850
687
4999
3071
2910
1566
846
3642
4778
345
4965
2436
4714
4716
3216
2868
2336
2092
3945
942
1090
3182
4568
2906
1248
2429
2228
378
974
2272
1805
916
3862
561
525
2419
2063
869
514
1872
613
4874
3353
2799
3694
3918
4018
1789
182
2130
597
2469
3127
3754
772
283
3444
2549
1846
387
1828
4429
4144
3948
1154
4658
2560
4724
3229
1228
3581
2087
1084
612
2264
2191
4761
4718
1784
1455
2141
3293
4746
1524
2136
63
4007
1980
1167
4102
3950
4878
945
3118
1043
3480
4177
4545
4579
3077
958
1161
4855
1091
4555
4611
849
3583
3693
78
2630
4763
3787
3743
3093
632
4468
4828
317
3251
4572
4263
4529
3024
278
1348
3713
2266
218
4038
1354
473
1182
4763
2964
4735
3595
2243
3444
1459
4132
4450
289
318
4124
460
1229
316
372
560
808
3467
129
1972
4695
2826
1582
241
4750
1129
4683
3872
1824
3078
3402
4592
1691
1417
1484
178
586
4263
4568
27
3633
3138
2115
2378
1251
3808
3712
3226
3068
2411
4864
2789
707
883
176
1966
87
1170
3247
4414
4413
2026
1740
912
4449
4107
153
1253
3551
670
75
4192
1418
4814
3590
1035
742
411
4094
2967
4685
2167
2021
1942
2566
480
1686
3156
3063
4610
1637
1339
4215
3913
564
4317
4957
3328
4259
2498
4152
978
3360
1718
4770
3135
1264
2253
3346
3301
2275
254
538
3435
2881
4249
2434
4225
3240
3153
766
4659
2326
4308
4301
3707
1220
3401
1962
4873
1827
2167
688
2813
1119
1912
634
4981
4805
3370
4469
1322
3514
4009
4176
2115
4240
956
419
4159
4330
4419
3456
582
4431
3256
1667
1539
1985
449
4650
3531
303
4146
209
3486
3219
4912
289
3645
4707
3882
3867
3530
659
4922
1907
1834
3958
3545
3452
4117
590
4132
4877
3176
4663
957
1233
3348
4524
3458
3599
1846
1521
1049
902
3379
4938
3600
12
3085
457
1175
4181
4670
1251
1324
2817
395
1843
3173
1448
1368
4562
674
2477
1226
220
339
970
1317
769
4822
4620
1399
938
972
739
2006
4607
339
2342
2054
4297
2151
2978
2383
4584
4665
3052
1064
3281
3806
1905
2362
4450
1991
3474
1710
2065
1897
3881
1666
4499
3922
2225
4403
1834
705
2099
225
4620
2450
1805
3708
1144
3561
3348
172
756
3466
2985
1001
3249
2629
1527
3872
4757
3665
853
3137
2343
354
3259
4910
4355
4099
4175
3534
1035
927
1301
391
3949
1568
3938
3217
195
3034
4836
4027
2471
4509
2799
1978
1598
742
557
200
3233
4759
1667
1486
4312
1493
4150
2382
1394
2468
3447
3891
999
838
855
2650
4024
4656
4311
4900
2524
753
4539
435
3021
340
4041
2359
2737
1401
2193
2747
2577
4235
3281
1083
3301
4416
3951
564
4205
2303
2620
553
2706
1395
3452
4420
1846
3278
2156
1283
1795
3176
1930
429
2913
4219
4844
1940
2047
3321
1874
4404
2748
1683
3579
4253
3478
4929
3825
4604
1682
4990
3696
210
4702
1545
2827
3839
4806
3960
2946
4175
2215
1383
1009
1716
788
4550
2708
61
2011
54
3711
2080
2244
755
3435
823
4271
3913
4238
2328
3269
4955
633
2877
4728
4926
422
3326
3084
1119
4934
2186
4736
3327
2640
4338
2666
467
1520
908
816
2622
2486
1242
4623
2420
3078
3546
4544
3856
2382
4547
1526
4791
4969
3349
3351
3848
206
3119
3442
215
544
4025
2466
3211
2905
1277
2673
68
4712
1007
3850
679
2568
2896
1380
1859
1813
1201
815
3343
3226
3331
3823
1779
4668
4615
4869
2252
608
2722
1126
2688
3477
283
695
2164
2893
4051
1999
1221
4955
3408
841
4354
4579
435
2651
1351
4416
2613
4270
326
3872
4961
4537
101
1634
3440
3652
4569
3959
642
113
4621
1306
2834
4222
3797
83
3406
763
358
120
440
3718
626
3887
944
4153
866
4731
4523
1636
3662
1205
1758
2046
1959
4683
1133
1902
4049
4343
4988
606
4358
4088
4617
1379
3931
2999
2286
4841
319
4253
180
3614
3991
4885
4186
4119
3121
3665
4491
3838
2043
2803
3004
2241
3872
3628
1369
1627
4446
690
909
475
358
562
2600
4649
956
1895
3528
4138
1850
4377
4982
3860
532
2615
2642
4517
779
1327
3898
374
225
2883
436
1203
4013
3160
2874
893
3450
847
3790
1048
1896
3042
413
1691
3194
1705
615
4028
3474
1183
4104
1478
1393
4891
1957
2376
2627
2168
3749
789
3085
1068
2960
3022
3862
269
4725
2386
139
2129
1027
490
2185
3957
1195
2743
3540
4648
596
697
3373
377
2380
2887
3214
3135
2965
389
2003
3306
4078
2958
4703
468
2991
255
763
506
1122
4478
4789
1677
3668
1251
1464
3573
3129
2998
4032
99
4684
1029
2157
68
1440
3518
1026
2647
859
4050
2763
3062
3125
2125
1086
2794
543
1713
3010
3390
960
3085
2859
1619
3383
2037
1285
2867
2102
4338
1344
3473
4106
3439
1180
1865
3217
4612
4653
2608
3183
2811
1422
4808
4660
2442
2636
3600
2309
2692
1236
3426
4230
3152
1164
1052
2222
1471
4132
4424
332
4002
3151
3714
4806
3269
4863
4928
2126
3113
3232
3904
1625
1767
2268
1441
2282
849
3257
1591
1732
38
2745
4787
4770
1778
4003
2892
2847
2901
3817
2731
2497
1452
4522
335
152
3303
4694
3239
1474
689
2275
3129
4710
569
4029
4845
1900
1268
1580
2404
4550
1859
1460
2574
4402
4173
2612
3132
3042
3783
1101
946
2845
4321
2454
1478
3149
3981
3402
766
368
24
1230
1003
4891
3150
4766
2497
4502
4208
617
229
1397
3749
3442
177
2342
1418
329
1161
937
2810
2893
1288
4753
4617
1329
4270
3513
4920
1363
3605
1110
3513
836
4548
3320
3874
121
1206
1498
3135
4743
3483
4484
4601
649
3384
1015
1072
1572
2384
4785
4329
4874
643
2813
2366
966
4689
3056
463
1754
4697
4912
4611
3763
3940
1435
3840
548
3147
1518
2007
4043
3489
665
2250
3355
4344
4835
2984
1934
2086
4020
582
1161
3022
3276
71
1847
212
2505
4472
3480
2078
4848
2978
3972
2328
4462
1730
756
2728
1735
1591
4049
2902
4026
3228
3138
1262
1765
1727
653
4265
1226
3659
2899
796
589
3828
2888
1430
2367
1383
864
1614
1168
1626
1290
2296
1580
4331
362
2612
3030
4662
1287
827
4774
1586
4551
2910
989
3044
2051
412
4394
1720
3372
3223
434
3422
3338
2682
2628
624
3450
4270
1552
672
1857
3733
2857
1184
1596
2834
596
660
3032
206
3492
3293
4967
3966
123
4944
3354
4117
4220
3646
1834
1655
3
2202
2669
1439
2078
2999
1979
453
1076
4340
3735
4911
2607
4717
812
2009
3303
4814
4469
2826
2482
2406
1995
4471
4238
1601
4340
2622
3091
1800
1442
4936
701
3127
1803
1054
2068
1075
4622
4203
3203
102
1364
3883
3335
3463
2587
1001
4077
2476
4151
3403
1595
4190
729
4669
407
4662
1430
2861
1366
1378
4137
3258
1599
2741
4031
2336
2518
2258
2754
3369
3848
4955
401
4501
2052
3928
4565
3267
4222
738
2223
1976
3210
1210
491
2425
3397
2525
3855
1602
2558
4129
738
1597
1136
4610
1692
4757
3494
129
1533
4539
559
2138
2893
1107
4901
2988
2582
2845
4494
1085
3957
4143
102
777
4067
3274
3485
4936
2586
2343
4764
951
2233
4314
2356
441
1559
3374
1388
742
1252
3518
1513
2035
3797
4920
3406
156
616
202
2660
4135
4057
1165
1719
1285
1070
625
1923
488
4723
1090
674
4931
3682
1139
229
3856
1504
4435
843
3694
3409
4672
656
4246
2694
3982
4337
4427
3299
3293
1942
3652
2210
2807
2589
874
23
137
1536
2695
2542
1732
1939
2341
3516
3160
145
1342
1462
2161
2258
2181
2723
3265
2031
1856
173
4639
3267
4277
2299
783
113
329
648
3884
2362
3221
4294
1441
4459
2938
4486
2535
3001
2089
443
2115
886
12
1423
4344
58
4245
1744
1655
2955
2883
4181
3659
4183
809
1224
3220
2082
2467
3212
1179
1125
2747
3995
3593
4288
1426
4352
1792
3497
730
4287
3835
164
3137
4582
2169
1109
4587
4135
856
1077
1869
2866
3743
4959
2134
3542
4249
4959
4706
2495
366
346
2346
4347
1231
4651
1368
3457
390
1252
3936
4082
279
2224
1870
3017
722
1546
665
3901
1286
3782
986
7
1557
2076
3093
2549
530
2094
1962
1510
4211
3374
963
137
3396
1432
576
4341
2708
3002
3124
85
3338
1511
3210
831
1412
3759
3846
562
3206
3632
2216
757
1485
4173
3294
1493
1194
3868
3531
3793
3345
2411
3441
2150
2145
4529
4237
4827
3344
153
2655
3054
183
3035
725
3570
2931
347
2067
1791
255
4905
796
3124
4653
4048
583
4677
2009
4151
2833
134
18
3156
3866
2454
3818
3400
3730
1274
1428
2796
2881
17
4489
4060
2858
1017
19
1393
264
1798
1892
2823
2013
3953
4012
2766
3121
1835
1157
1506
124
3794
1252
3175
3666
4945
2546
1503
2889
2009
4262
1404
532
2144
1081
2705
357
3456
825
2647
165
1420
2298
4344
4048
3034
1402
4549
2212
328
1584
2788
4019
136
1065
3138
733
850
4346
1349
4263
668
3579
4253
4773
3031
568
4695
2186
2818
2631
4426
3981
4388
854
13
2797
4715
297
3221
2093
957
3222
1275
2826
2104
962
4407
3865
4902
4689
1519
2100
4373
1385
2148
4463
4172
3757
1521
2905
4322
3455
4170
3088
3261
3340
1314
1004
1710
476
2084
1007
2445
630
3110
3846
819
503
725
3472
2825
1730
4302
976
2291
472
4868
2090
2165
4621
4020
3478
1965
1130
2688
1442
588
4414
1864
2897
2428
2565
820
1492
1333
3666
2920
2646
1944
3150
163
1752
204
1226
1920
3826
3712
1607
1994
3599
2111
3071
4819
1428
1475
1116
3403
3313
4358
2073
1530
4200
4968
4899
3795
689
3628
3768
4610
820
640
3773
2082
4989
4332
480
811
1180
4693
2574
3766
143
3142
2220
1945
3490
4006
1449
174
2052
2116
48
2559
641
862
3059
596
3695
1627
3477
3914
3190
4107
2247
1589
4692
2293
1682
4092
3115
994
4363
3557
3208
2924
4576
1635
1480
4680
4785
3618
3062
1728
1839
3424
2112
1760
778
2657
1843
544
4391
2926
472
2060
4802
3817
2412
236
724
2670
2889
176
2372
3537
4981
4540
2551
1971
3374
2702
538
3041
593
3698
622
4018
1595
1583
1309
1503
2745
4772
2769
1018
2723
2737
343
4576
3390
3293
597
216
1214
1068
2647
914
562
4972
1288
3476
980
4495
1943
1344
2529
3546
3781
3261
3834
1750
4253
3386
668
1536
587
3049
4029
1172
1112
2569
2026
2586
3719
2708
3307
4210
4558
2664
3185
1722
1065
4207
4614
4550
514
459
79
1598
3558
939
2062
2114
3126
3249
2025
1957
33
74
4358
1513
926
4232
4800
2587
2047
3948
3040
1812
2403
1824
1171
3538
1599
791
297
594
132
2945
1554
1168
766
4851
4173
2669
859
2241
1341
1068
660
1301
416
615
743
1533
4697
4783
2660
245
3612
544
3124
3610
2291
4432
51
278
594
4812
154
4560
663
2691
2904
589
3491
209
1874
3310
496
2917
860
3916
1682
3363
4675
1149
2242
1091
872
4580
4455
511
317
3425
780
4472
4684
3603
2163
3667
2731
4899
4107
143
4807
934
1420
4425
42
1875
1224
1340
1223
2196
698
2519
3779
4356
1852
1725
3896
1112
2549
940
495
2095
3749
931
1524
820
4771
1527
1694
3938
4234
3651
2619
1962
1172
654
4963
4348
135
2666
129
2112
3774
1428
2761
2999
2557
3222
2266
2090
357
1835
210
1527
3011
1299
2182
1796
2278
170
3219
3709
3807
3077
3808
313
2788
1024
181
4318
152
4167
1513
2573
2648
76
2302
2653
1017
2056
4282
603
4558
4504
249
2705
2028
1280
3013
1872
4866
4658
839
2458
440
4880
2960
171
2025
3132
2059
1248
1777
4673
4769
4629
125
1351
4580
3636
3336
4482
3619
1781
435
4634
3400
3829
4610
2547
1453
2880
4618
3087
480
3603
2349
668
2478
3373
4081
900
4045
1177
2412
318
4051
2262
2701
4921
3663
3063
3617
1059
4120
1316
2068
1428
3124
4275
4250
622
2848
3483
4296
3003
4926
646
3679
934
4790
4000
2048
1422
4693
1291
1372
1828
1840
2127
4302
1057
862
3600
3412
3943
4924
4494
686
1116
3935
1646
556
4264
2048
3792
409
3686
1798
3670
2844
4415
360
4720
946
1720
2658
2609
4318
1003
113
4792
3747
4570
4733
2639
564
3265
1430
3012
4774
4871
2977
3544
748
1577
4551
2231
3738
1869
3737
2615
3362
2592
1787
2326
841
2079
2653
3148
3825
1665
2345
1616
4881
1537
514
885
2179
4365
4034
4866
2281
3703
4172
3995
4061
813
572
1020
2881
3274
4108
2453
3165
4979
700
4121
425
4313
4178
4382
4083
1428
2620
4386
615
4239
1982
775
4243
4822
1135
1120
982
1886
953
4337
4822
1775
3073
3850
4479
371
2704
4667
3301
3249
2053
3026
1923
2974
2074
1664
1799
248
2718
2681
1371
1763
985
1534
3473
2923
3420
28
1549
1896
550
2519
4734
3674
4075
115
4135
2039
2721
4780
3493
10
1155
4015
590
1937
235
917
4287
4290
2738
2643
1485
460
1629
3957
2927
4583
2101
1047
2573
1195
2223
4623
1440
1147
2955
3742
1445
2580
2160
861
3656
1378
703
490
4962
1996
2284
1470
4987
3035
2010
770
1633
419
3267
4612
4763
1294
3492
3200
3966
4151
1608
584
219
450
3096
1531
3801
420
2271
4841
2070
4553
368
183
668
805
869
2989
2047
4444
4941
4103
2792
4961
3713
3878
4514
3404
3574
2467
1502
2635
3139
2918
4600
4390
1251
1031
1197
2767
4539
4844
230
4811
2474
2166
2282
1585
1128
4181
3357
625
3855
3388
3768
1467
4890
1016
471
2096
402
1696
4122
3128
3154
702
1419
561
1939
3270
407
4130
2244
1771
372
1002
4059
555
1399
143
3000
4092
1704
923
4303
1676
196
2109
3102
1408
4241
3912
1796
1445
4540
3754
2314
304
206
4724
13
982
1927
4959
3367
2992
3272
1443
1938
3257
4452
2218
4533
1012
4507
3508
2250
2157
805
3739
630
2336
2176
1227
197
696
977
3399
1566
2405
4171
3525
3928
1705
1491
357
2180
2362
2996
655
41
771
238
2521
4737
3157
839
2043
399
4251
4139
3106
1050
2026
2159
3098
2374
4198
317
4254
3399
2220
3817
37
3331
4935
3820
2388
3547
1285
4878
995
2757
2510
1797
1837
1399
1217
4590
783
486
1214
3503
356
473
3435
650
4005
3224
3347
353
2700
258
1533
4022
2489
1392
657
1054
3751
3775
917
1668
3528
2855
4300
2297
75
2641
3789
3699
2688
3786
1936
64
2451
1953
116
4094
868
2905
4046
696
2292
3708
3599
966
3575
2968
4908
2166
3252
2372
2570
4398
1979
4231
4038
1850
3447
2981
4707
4037
3125
2476
3493
3184
4301
4795
3240
829
3316
1521
2647
291
565
3332
4514
1965
4333
1073
1030
939
492
1126
2093
3676
2670
43
1387
2037
4188
906
84
1934
1683
436
2238
4171
4296
3298
2114
4344
2045
4609
2779
2230
4588
2698
4112
4542
1756
4626
4577
3047
1596
3208
1819
3780
513
4816
2667
721
75
2635
2692
1526
211
401
3069
2814
1322
2062
4874
4370
3137
1836
4031
1980
2052
4890
4221
350
3676
1090
4884
3623
4788
1560
1339
620
864
1547
2539
959
4591
3387
2382
3101
2962
3965
2451
4590
380
823
4491
501
3738
4749
4381
1677
3364
445
4644
3242
4875
3728
3971
416
3207
1098
841
2174
4899
161
4390
4742
2938
3206
3394
2154
1272
3196
4569
785
1575
241
4253
3017
4897
673
4871
2493
4879
1014
4075
428
3591
2098
308
2283
4436
2880
1789
3637
3512
3412
542
3954
4051
2129
873
4727
3291
2349
4108
4772
2098
966
592
937
978
3018
1026
1587
3644
4336
1795
3837
1995
846
3699
2819
4576
4597
4240
151
2902
3657
409
2555
659
2339
2394
3080
61
2391
4351
2367
85
915
415
3998
2185
2550
4245
308
1100
710
1580
3214
1037
3986
4881
16
230
3989
180
3494
4709
3718
1156
2842
3239
2487
2426
2491
2885
702
3643
1045
4886
1196
4227
3662
4743
3953
401
4430
1990
3282
3869
2746
2079
1332
2969
1716
4118
3827
1410
714
163
1102
1030
3755
4856
541
3170
2951
1715
3702
1425
968
2017
3156
4087
1228
868
1446
4622
2317
3098
3517
3197
3594
3347
2041
3775
3862
4700
653
4865
1618
1691
4905
4548
1580
2377
1634
1503
1896
3101
1641
595
3279
3760
1820
593
793
1758
4682
3875
253
1729
2726
717
2033
466
2331
2740
2602
2114
1707
1474
3415
367
4771
3883
1432
3596
536
3243
2631
2246
3483
2645
3007
2591
911
2034
3069
4557
1590
3741
652
955
1668
2400
1296
96
2011
956
2532
2943
218
1002
4220
4181
1992
3397
3839
956
126
2653
2678
4907
2770
2419
3687
4294
2086
4420
147
59
2150
559
4355
4388
2765
4732
2102
3914
3188
217
4101
4819
1347
1843
1058
2822
1407
1043
3214
187
354
431
2054
1359
2539
4030
379
4187
1303
905
646
772
4885
3645
4650
2163
346
3315
180
746
0
4207
2148
4346
2264
1601
4675
932
3093
1288
4653
3553
215
4824
1015
3250
4666
3951
3831
3101
3788
3231
342
1326
4054
568
947
39
459
1479
3964
4303
836
4196
1866
3767
1342
3083
3297
3036
4203
1323
3768
3743
4695
2034
2489
4631
1750
4689
2258
1952
2694
112
4338
3064
84
150
4935
3552
1608
4968
3995
2122
4274
4489
2707
4884
1827
1961
365
3836
666
1376
736
3164
3697
3980
2051
2359
3921
2395
4785
197
4945
2621
3241
1744
1809
1849
4124
4713
1120
1767
866
1697
24
551
3894
2341
288
168
340
3149
2032
1334
941
3673
2208
4957
4193
790
4915
2464
4473
1668
2504
3112
4590
2240
3744
358
3889
1812
1601
2759
4083
592
2331
3271
342
3192
4244
1874
669
379
2119
884
549
606
2227
1946
154
2084
3804
775
2741
160
149
4667
3654
1651
4093
2917
1535
3909
2295
2782
4749
756
2238
4159
1890
673
1671
3427
4810
2652
2337
4618
1861
1198
588
2022
3980
2517
1000
2335
4802
316
602
4478
4560
2289
2590
3401
1379
4841
1551
311
1827
4317
4173
4543
2783
4101
2572
864
4474
672
703
2110
1942
1887
2137
3232
3843
4718
575
3133
1735
2378
2710
447
3953
1026
1638
2822
816
4490
2381
4648
2564
4936
4696
705
805
4139
1681
190
3811
4304
768
2756
674
81
3616
96
1351
2116
4466
3795
4918
4210
3496
2485
1881
4580
4075
116
2222
2430
1271
4382
4621
4006
1338
3814
2662
4597
3862
4261
2951
4262
3562
3308
688
829
4761
2413
4703
2870
4188
4256
1406
2242
1000
4709
3577
3116
3325
4485
2468
4069
4959
3746
1468
596
3377
412
3233
3828
4640
2278
3142
1948
1592
2997
4371
1442
4734
4922
1382
3136
2043
3420
1945
27
2216
3812
1391
4168
3095
3280
3161
1911
4347
4575
2908
1227
1115
1522
463
2134
3634
1243
2103
649
3140
2876
1784
2385
806
2392
4315
901
1821
3990
3656
183
3815
1853
3774
4815
1085
1139
1155
1792
1777
2304
3028
169
1396
2808
329
52
852
280
3131
662
4015
690
3390
2991
370
1643
4486
4871
563
1567
3741
4299
285
1686
2071
4350
131
4728
2240
2844
1006
191
4515
2111
3384
1003
4531
4166
696
2386
2123
479
851
1553
1879
1209
1104
2867
2052
4570
2611
1803
4240
3523
4652
2753
4196
1640
4983
1613
4083
4666
2184
2061
1989
3874
1641
1858
4393
3099
288
718
133
3424
2733
539
3816
4868
3949
204
3208
3385
1172
4029
2840
1133
3404
937
2353
1917
2767
2244
1386
72
1322
587
3345
518
3591
1740
2030
2697
107
1669
2852
1771
39
4143
3544
4856
3885
701
1931
3742
2964
1557
1766
615
640
4526
30
3727
2277
238
1989
2032
1749
1027
886
426
3856
4099
2776
3786
1466
3744
3944
3781
726
3736
4880
2642
4887
4150
3819
238
2521
1145
1892
229
540
929
2760
1453
2514
2919
1981
4638
1214
4642
3534
1136
3077
2657
2750
4554
580
4231
966
1494
4458
780
974
2658
615
884
4778
2071
1461
2093
3521
4827
165
2013
2017
368
2139
1999
300
893
2618
1990
3864
1196
2404
2069
528
1355
2694
1663
2032
3982
682
2863
1357
4879
3342
2511
1896
4542
2828
4202
815
4394
1132
1854
4981
4032
572
3874
2000
2219
4038
1440
918
464
1734
1167
2857
972
3774
2737
4210
4182
3914
3535
3953
934
968
4713
2281
3898
748
784
4613
1572
2885
1577
2462
1084
735
3335
3664
128
4233
997
1145
1207
3913
1115
205
4758
4166
3921
1121
2621
4841
4846
265
3318
3940
4271
1805
529
2538
2142
551
3150
3771
1254
4388
4337
663
4521
1136
4746
4905
2681
1662
2479
4957
1564
4323
2574
4554
4221
4640
3864
1925
3557
3414
608
1907
1438
1190
62
3164
1472
3441
3467
121
2267
3003
3432
3452
357
4513
1329
2155
383
1568
3898
1327
4438
3119
165
4029
1471
679
1338
3280
2577
1982
2012
116
133
424
2119
2300
2044
2998
1526
4483
4673
216
4501
446
4215
1098
1823
857
2481
799
4099
3355
1321
3736
2039
2113
2800
1126
2120
3810
3804
1997
210
2421
1398
1556
3178
4142
4699
16
667
392
4279
2615
3517
2737
3734
1535
4518
1823
2501
2530
1095
2431
1330
939
107
2811
1965
1631
2765
3926
1362
2691
435
4974
1619
4510
1209
3336
2535
2820
2494
3912
803
3389
1437
904
212
2901
2740
351
3689
4431
2970
3503
4636
4075
1080
3665
1790
4888
1868
4662
2463
4523
3400
3582
2735
878
1740
3124
4065
3845
3031
2404
1693
1821
3139
3131
3397
435
937
664
1507
1821
4938
2752
4592
2286
637
479
1867
4581
3178
2828
2608
4997
277
2612
3630
4586
4149
3639
940
3164
248
2407
2358
204
4574
2773
4865
2494
952
1191
1724
4598
2677
2262
3288
4862
3719
397
3163
3776
4317
4497
2292
4251
3374
4043
3397
3769
3221
642
4031
1084
1543
1278
4351
3787
4568
47
217
1788
608
2692
3779
3673
967
837
4263
13
1055
4568
1222
2520
2821
539
1564
4973
420
1227
4597
4881
4031
3934
4060
4404
3183
3770
1732
1648
2280
3789
1432
298
3804
2708
3022
2249
45
3988
3714
358
4144
633
3936
2190
152
4899
2215
3080
811
3095
753
3795
313
4759
871
661
571
803
3822
3518
3437
4904
401
4222
1226
3448
344
2174
644
2683
514
2780
4909
656
637
2388
1652
2745
1983
2748
2769
3134
2960
2015
248
4849
2543
1110
4303
3521
626
1713
3112
2924
2674
1858
2702
3785
4459
1208
2901
2456
763
3163
442
3857
4045
2816
3399
4240
3419
3033
1795
803
2373
2925
59
4099
3824
4007
2883
4034
2990
526
151
3535
3156
3267
581
3339
3183
3448
2091
1445
4127
1270
2218
2676
942
2199
308
3929
4419
3621
2822
1990
358
4267
1088
4848
2291
3099
4564
1358
4025
3410
4287
4889
972
4970
727
3223
3688
4758
1934
1563
4932
2194
627
1598
1139
4040
465
124
3769
4793
749
3902
2340
3679
565
2706
4279
3088
1019
1508
1430
4310
2605
4
4918
76
2140
4808
3687
315
3342
2320
2973
3315
1188
1773
118
2013
4295
1406
1277
2052
583
4528
3758
3204
4278
2986
2151
1751
2434
4006
3246
961
4185
3330
3525
963
2908
3928
1110
3774
2509
1448
4657
2783
1627
352
2449
3945
3953
943
1119
1558
3424
975
594
4353
3316
1809
4078
3319
1275
613
3687
4859
3897
438
2298
3192
2707
2228
351
1136
2512
4638
1850
2638
52
4656
2550
1624
3231
2697
2246
1200
989
3090
3467
1070
1399
2978
3315
2841
1022
2455
3990
4377
2838
1431
3025
1200
4937
3297
507
3881
3519
3595
4202
4216
777
2011
69
2780
3206
4318
2222
2065
968
2412
3598
1543
4704
310
3491
3520
4837
3131
3059
4087
4759
733
4182
2722
2692
2027
4469
140
652
2533
2087
3327
291
1416
2440
276
3283
4700
53
3649
3153
295
3173
2377
4873
3437
2307
1412
4035
3460
3752
1636
3492
1082
4025
4569
940
1801
3007
1253
1235
927
1704
101
4120
2836
2135
966
879
3624
2490
3205
1825
4773
3653
4027
2971
1577
3047
304
3788
26
2616
4873
2407
1835
4766
1559
2165
2003
3672
2466
825
576
3277
3717
2607
1774
2908
3498
2704
2647
3419
828
1739
1665
4912
3535
2826
1667
2448
4738
2885
1689
422
2821
1074
4475
529
1910
3255
536
645
2721
2234
1075
3532
1857
2307
2744
1455
747
2753
1337
1341
1993
998
1460
4734
3076
3979
47
2585
2157
3917
941
2210
3482
2713
4354
3592
4369
728
36
1553
1026
1818
2503
2192
4784
1670
4108
1832
4063
1050
2070
4324
3956
3270
971
110
1443
2812
1022
30
1931
3785
587
2506
915
3279
4362
4855
4756
3450
4075
113
1674
2899
766
3302
2801
1646
1786
3247
664
2686
1837
4717
992
4343
610
55
1857
4192
628
1396
2978
1536
4978
910
2821
1127
1887
3365
2926
921
3031
1825
4121
2577
4009
1205
1130
24
1873
1076
4157
4684
507
584
1316
2309
100
3114
4700
2081
2450
3257
4686
2838
2640
1239
1382
892
361
3201
1965
2959
2985
4419
4696
2359
1932
4855
4508
2286
1463
3388
3385
4777
4735
3198
951
3847
3304
2775
2061
4168
4407
3043
664
3729
4404
4222
781
3899
3549
3846
933
1353
2680
4840
730
2859
2890
3309
3800
3632
1153
812
761
4165
2573
3350
2329
1808
4913
3391
4150
336
3265
1175
3988
4506
2732
3251
4798
4098
135
4336
259
4318
1314
1792
1430
537
4196
3464
3240
3784
2397
2813
344
3245
1528
49
2075
1074
2981
2256
1599
1238
4787
4148
874
2409
3318
1728
301
3306
3321
1164
2094
2116
2941
1816
1330
474
1324
3237
4997
4888
701
1999
673
3215
1482
1451
870
2496
1351
811
2422
2918
4785
3666
2011
2247
4502
3183
1055
1115
1250
3311
4264
4432
2870
3313
2085
1022
3269
4742
4339
4206
374
4095
4106
2078
1030
4207
3776
4060
2303
86
1214
1842
4510
4244
226
2937
2904
141
849
4407
3034
2397
4945
2246
4143
3709
1714
1723
3126
1119
1568
2894
4432
4560
294
1858
4239
284
4667
4412
2152
252
4931
2047
3474
2990
3269
4930
270
4488
2915
2912
546
1891
4388
375
1480
3510
4812
3715
3285
346
3314
558
3027
2401
4992
3521
4129
2464
2779
4071
971
2891
3677
1833
4194
3004
181
1471
3071
3978
4760
4626
4193
2378
2256
1387
1497
370
2229
4126
4474
2972
1391
21
2926
817
2685
3673
4390
1642
1261
2212
3998
130
3564
1652
1618
4421
2186
2107
3558
447
1558
1368
2592
1594
4310
1919
2848
624
113
4609
2950
776
4086
4724
4370
2127
595
1872
2096
429
3361
1760
4417
4796
3279
2177
4815
1120
4706
2375
4442
1002
2827
2636
3908
916
2801
3382
1751
3822
3515
2337
2139
1604
2175
3398
1128
3990
3927
4221
2912
2739
124
936
3289
3041
546
3616
1233
770
321
114
2139
3865
3957
1575
753
1780
4467
874
3308
3202
4906
4612
4408
3351
4412
4340
1697
862
2916
596
3776
1214
1923
4356
1067
3482
1952
458
1349
4233
2120
3659
2124
4272
1804
3223
3326
1122
251
239
1940
3246
3500
318
4051
3341
1055
527
1010
1745
3439
1391
4190
553
933
3011
4726
313
3991
1127
1230
1194
2410
2958
2763
590
1936
4564
561
4667
4585
1192
1555
3943
3216
3589
251
4376
2848
118
701
4599
2707
441
976
874
4676
160
830
1565
4267
4926
2299
2793
1691
2061
1094
941
4370
155
2521
834
2363
2604
2896
2578
545
3815
2226
4677
2638
2678
4743
1009
3948
4022
4705
459
246
398
4766
3621
2153
4446
350
3893
1422
654
4651
2647
2105
2601
4748
2992
3049
2416
3966
3555
2639
336
4039
135
4508
4763
4364
639
3107
1621
4464
4466
4404
3136
2036
4005
483
3620
2262
4875
4207
3999
3152
1850
429
3913
2841
812
1592
2604
319
2173
1711
2601
658
2352
588
386
1847
4464
3058
3824
1839
1309
4777
2193
3841
3549
1850
4601
56
4103
2080
4463
4014
3747
4652
2689
1411
266
4298
2503
2552
1478
4803
3668
665
1556
4245
4555
1257
2701
224
2977
1424
2193
2067
2830
4472
3496
2284
3749
2274
2665
2735
1783
261
313
94
1694
4028
1408
3945
4162
3657
2647
3366
3086
1904
3985
3947
26
3056
1080
2692
1645
65
695
3063
4448
508
3278
336
2500
3763
492
912
1300
850
1606
1942
719
4908
1840
1308
4000
32
714
3326
1288
115
440
3227
13
4323
2150
4842
1901
4177
593
3001
4713
1731
396
2885
917
1679
956
2193
219
2967
3361
4576
4206
3248
2688
3120
2613
2561
4327
458
815
130
1963
4682
3602
3535
4793
321
2872
3993
3452
879
4421
527
1385
840
1983
1657
2639
4560
504
1068
2186
2013
3889
3390
3243
1456
3116
1383
3725
1748
2363
1291
3514
2265
1897
1842
1757
4722
3057
3389
2537
805
2170
820
3430
4517
3137
3465
1924
4689
428
163
2307
1989
185
1340
2926
1842
2765
4222
4515
813
2012
2236
567
458
2358
2629
390
3358
1174
1458
3351
2329
228
912
462
3374
967
1600
3534
856
1473
1039
1826
1797
4237
1815
20
211
2451
32
2465
588
1304
1814
4257
440
2706
3512
1404
3044
2739
4034
153
1807
1583
2537
1399
1352
3278
2696
1812
1983
2835
2623
877
781
1890
2559
1260
3265
3052
4062
1012
2338
4809
69
1551
4127
2798
2544
3543
1311
3195
4771
3604
582
710
3879
592
4570
1347
3111
161
3627
2466
4930
3510
3034
2305
481
1250
827
4751
3835
2061
3170
570
4470
4462
4801
3557
3579
3846
941
4206
3280
1653
2317
4999
2532
2514
2995
143
1124
3561
1376
234
341
4194
2518
2510
833
349
916
2989
3251
4371
3822
422
644
3891
4809
1874
3568
60
4363
452
558
4974
585
50
4664
3813
1713
2082
2186
242
4994
3781
812
3311
1507
475
2168
4600
181
4669
2824
4255
1040
823
4440
1252
1295
2387
3389
2760
3068
2149
3167
1248
3237
29
1532
1956
839
2232
1691
2181
168
2385
1187
2703
2090
2036
1479
4848
4263
2200
1019
4033
2479
3762
1674
1819
616
3230
4889
4471
2806
549
3512
3889
2851
375
1123
4797
4336
1518
2026
4716
2375
247
324
2875
725
1563
3494
3862
471
4555
3883
3801
1221
1285
2006
757
1927
2363
2556
1436
2045
432
2801
2585
4356
4330
4615
330
1432
3227
1367
2748
4012
3831
30
797
1142
2498
2692
703
4927
2299
2720
2501
2486
2284
377
1463
1240
4852
1389
3772
3275
4191
4310
4382
4517
2512
984
3028
911
2468
3528
824
3962
4742
2442
4904
706
1538
3201
3174
3425
401
2400
3548
1986
4886
3978
2465
926
3396
1191
878
1209
494
4874
2219
291
2133
675
4074
4431
2708
2916
2718
914
4974
549
3374
1363
1427
856
2116
3836
3780
908
2273
1315
3566
4789
3694
1384
4814
2050
2384
1293
1402
4700
600
2764
2070
1997
2968
1824
990
2686
9
531
2431
1243
1073
2371
2097
2782
1532
3897
1363
4138
4190
4780
2691
2881
589
3355
1008
3784
2240
4039
2736
3935
3796
2207
4793
3002
2104
4718
1154
2014
4024
62
2777
2022
4315
2830
1502
1080
4357
609
4560
1920
4330
3986
113
1961
1595
4116
4956
1016
580
3788
2167
1772
3550
3730
530
4347
4338
4164
176
4264
1726
2397
2717
2281
3378
1034
4995
2971
2205
3390
2696
4782
4708
1657
2243
3228
1371
2495
2560
1318
2652
3629
2769
1920
4816
1619
4737
1216
2868
4494
2735
544
1181
3628
4300
944
1556
235
1582
4281
239
1661
4636
428
4540
2931
4561
4394
106
1097
4999
1016
2166
3981
397
2559
2659
3052
3176
1405
1382
959
4098
1987
431
2488
564
28
2043
1864
1400
4103
2577
1411
925
3268
1216
4504
1522
1281
1353
648
3423
580
4876
4910
445
3224
1500
3316
337
4444
3078
148
685
4277
3025
4566
1402
4740
139
949
2673
3569
1925
2711
2829
3809
689
2046
3229
3854
4547
2237
3278
2016
3294
1376
2108
3147
3254
2017
640
145
3256
2477
82
2258
1575
2148
4889
4853
2714
1146
1486
3008
3430
4682
4372
602
773
1615
792
1362
283
1498
2249
485
577
3212
4436
4757
4287
4412
3425
3023
4328
4235
4308
4007
2212
1097
4432
1539
2438
3647
2634
779
390
1734
926
3049
2029
609
131
4895
3598
699
2133
2578
3742
4381
767
2687
2633
3308
3046
4710
4205
2360
1194
2352
3418
3560
678
1092
2017
4515
1264
708
3800
3706
4862
3412
2527
30
3654
2088
4478
766
72
556
4039
49
380
4856
800
2528
3258
3596
2915
11
1270
993
286
3153
1808
911
4813
2939
2688
781
4614
4601
2176
4117
735
1909
4986
4266
863
989
4277
2977
4043
3269
4967
3728
1174
4177
3442
1455
2849
4227
1819
1852
4311
4150
2351
1308
3820
3372
2029
2679
2203
2961
1714
2760
3291
4442
711
819
4551
1774
425
1447
4210
3771
2055
2305
2784
2442
3012
2210
4964
3056
1108
981
4309
1368
1059
117
4631
765
2033
3257
3553
272
2351
3235
4910
4519
2565
1149
4901
2103
224
3798
2419
4814
3666
3893
4857
1657
2860
2190
2922
4257
3028
360
1127
3839
333
4673
2496
661
303
646
2189
3046
1227
1186
184
3452
30
2538
3771
2560
4042
2964
517
973
4388
2854
2703
3114
1649
1641
72
4176
4680
3403
712
2541
4703
2139
1894
2033
786
1058
510
948
382
821
4913
2723
4680
1946
2977
455
4051
4408
2250
2848
2258
215
1477
1710
1287
3747
558
2184
3925
3860
4758
2076
1379
400
626
1278
3993
2696
1339
1736
3431
2952
1132
571
4838
2830
3650
4288
848
484
2058
1155
4347
2716
2369
2567
2453
4118
4478
1561
1767
3719
2968
2090
1420
251
4544
3624
2187
3368
4492
912
4655
1697
4848
1126
2869
3981
2341
3929
4996
1117
4264
928
4365
4268
3654
457
2420
2885
1560
4663
2799
2132
1336
4233
1231
3399
1785
3917
1656
2574
2920
2010
3544
3352
2774
1849
202
4837
231
73
829
2703
2299
2591
771
968
1419
490
4703
2735
3150
3901
158
3507
4879
1876
3421
3560
1120
258
3747
2923
2912
1939
1857
566
38
4769
4827
1736
4505
168
2339
2623
160
623
82
3945
3725
4715
4030
4795
1642
885
649
2438
4200
2835
4892
2526
903
483
1641
2235
820
4809
3447
4123
811
2658
1426
4727
3950
3845
2270
983
530
3902
2591
822
2372
4662
2843
4624
219
1982
2364
578
709
2613
4687
4901
1737
1036
3792
1134
1350
3657
29
512
1022
3208
1185
364
944
2080
4444
1802
2442
4163
2431
3065
4156
1578
1940
2364
2568
54
4007
2433
2238
2158
3802
4633
1635
1617
661
2992
157
4528
3148
4762
3218
883
3130
1226
2232
2462
3110
9
3433
3972
588
1884
4533
4224
3010
2697
3101
2978
1973
4165
2304
3928
1872
2076
3360
2937
2262
124
4867
3408
2740
56
1368
142
1103
4992
4778
4936
154
3812
2573
2366
4453
576
2181
4784
1484
1274
3207
1514
401
315
3419
382
2453
2457
26
4792
552
2959
4280
1821
236
3206
2970
4165
4563
105
4514
994
2139
202
4415
4838
3039
3278
4592
4742
2465
1692
851
240
3930
4204
2024
1539
3556
979
890
3106
2578
4602
2296
2544
1900
4306
1645
1222
665
2023
3330
3133
3037
2875
1438
245
1352
1066
343
3598
2619
2501
1246
1338
3346
3527
3825
505
4757
4390
1194
2358
982
3912
181
2752
3035
711
2512
3787
1139
2548
2069
52
2558
3705
568
1222
3217
4673
4349
2702
4075
1433
4495
4651
399
4762
3618
2095
2489
2343
63
462
1476
2401
550
50
1505
640
3088
833
1791
2800
1721
4141
3452
4069
3054
4164
2393
2250
3707
3377
46
2706
292
3198
3885
1585
4784
4738
261
1189
2868
3463
462
2971
1344
2485
3600
4770
482
1999
2547
2549
1467
3343
1173
2519
2040
2795
682
1716
1874
922
4354
2593
552
2155
1802
3250
5
2068
4863
2864
2520
4608
4095
2275
3484
639
3250
2913
4222
3778
4028
823
3045
3445
2004
903
3988
602
918
4322
1250
815
1893
923
1723
4892
3130
4825
2987
4459
791
1155
3465
1977
552
3155
4165
3590
1682
4397
1860
359
550
2296
713
3832
1181
4837
2805
647
2256
1811
2202
652
2203
435
718
3150
2766
1174
1430
2032
806
2838
2057
2607
3898
4275
2735
878
1528
3312
393
2216
931
787
4692
1236
3062
4507
3381
2935
474
2861
3311
385
2174
4989
1191
182
3170
2373
1308
1576
3096
3146
3474
759
2513
936
2922
2893
582
1135
2466
2967
3191
1147
1003
755
1385
1333
3065
206
3966
4767
4892
2347
4844
1352
2524
3557
2541
2403
4053
945
959
3041
1480
2084
3475
646
1164
1381
1105
2411
578
1524
2761
1159
770
629
1921
3593
1225
4375
3306
3105
1322
3527
1117
2779
958
2316
4141
3006
2145
3684
2735
3330
2231
4175
679
2948
4765
3761
2344
4449
2687
212
4409
2181
2735
1430
3261
373
4829
3302
3414
4869
3671
1900
96
3190
3224
4156
1909
3295
3059
1305
1817
4114
3399
2105
3166
4769
4644
441
1862
4032
423
1268
4999
2318
4483
4163
1125
4480
1391
2698
1040
2379
2706
3518
524
1537
4930
1738
4229
2832
152
4159
3466
1405
1629
1749
4263
3254
1586
4031
2656
4173
2087
3946
4667
701
2269
4140
1143
3089
4371
4696
1757
3173
627
694
4353
874
978
4240
1831
2503
1986
2837
4822
2211
1522
2032
346
420
210
1978
1195
1744
2226
1561
3335
164
2440
4614
45
1192
2819
3981
2831
192
2022
1526
4000
3412
4820
2715
1820
2923
1963
959
263
922
2797
3829
2758
2792
2464
1180
4569
4696
4383
3301
2806
1214
3396
1668
1834
3795
4340
1764
3462
2236
278
465
211
211
993
2761
4500
4340
3129
2526
4717
768
2719
895
3126
4556
2162
119
4465
4503
3945
4808
2857
2448
4500
1497
4562
3353
367
890
399
3760
2063
2398
1871
3133
1718
2502
157
4862
2964
4008
4189
1762
800
1077
2852
77
753
1990
4383
1544
2207
2983
2015
4517
4703
3229
2619
2658
2027
3706
647
1317
1232
732
450
2218
3941
3478
648
625
3930
3075
599
4644
1236
64
4004
1891
4457
752
1793
3797
3873
1307
4121
1452
2382
1758
4067
956
2505
1344
3577
3122
1678
2007
1536
4457
4747
4152
1814
488
1129
1425
519
433
137
3431
2146
4327
1679
3582
1655
737
46
4237
4470
258
1327
2913
2040
801
58
2273
2630
3716
142
4399
432
389
2367
344
4358
4133
3741
4477
3662
3271
2707
1867
4719
2914
1338
2825
390
877
1475
3049
2594
4226
3477
3502
2044
2350
4042
2678
2810
1189
199
1792
4981
4273
4653
4970
4896
1427
3083
1761
716
332
1235
3713
1181
4592
2870
1600
4586
931
139
1063
594
1167
862
2191
3638
1198
3083
4788
3397
708
653
3657
1035
3884
4484
2946
1785
4264
137
2513
3951
1702
1018
3119
4870
2098
14
3292
650
3528
3729
2343
481
4443
4823
2156
3961
2690
482
1632
3116
4651
251
2038
2893
1333
2693
2211
2551
4117
254
120
2034
3257
4941
4337
2215
4864
3275
4815
943
4944
2466
4858
1126
2623
4278
1746
777
1764
2860
1206
2957
4096
3961
1883
672
1137
623
1755
2772
3463
2397
656
2568
3848
1467
3028
2889
2982
4964
2656
4550
3465
567
823
3395
2044
2560
949
255
1069
4087
1864
2318
834
3706
1192
2609
3322
1449
1882
3451
3740
3244
465
3815
3243
2576
4403
3284
544
2905
4207
2889
4504
3608
965
3518
1894
2327
2618
1706
505
4839
4482
4145
1616
3144
469
3424
2302
160
3275
1922
3331
3081
2879
2051
2439
251
60
2307
4078
340
4511
1661
2359
4092
1601
3895
4498
2729
4499
575
3660
2843
2469
4257
3023
3295
4789
3041
1264
1949
62
1446
3140
917
2961
2906
3132
1471
858
3820
505
1299
4219
3452
2575
4743
247
490
526
4324
360
451
4045
4976
3510
555
2559
4856
1728
3532
3308
4057
1613
2373
4045
1138
4047
1031
1414
1585
604
2314
3384
1293
3719
363
435
3556
3946
1227
2920
2058
1856
1032
1634
3755
587
3943
3493
2027
2860
3694
2375
4027
200
1999
1788
2503
3614
2180
3438
2683
179
4874
3296
1495
1376
559
126
3102
3682
2947
142
3637
3029
2546
1611
2569
2907
584
4991
2110
2262
774
2453
4677
104
647
4724
4070
3992
1983
2893
2462
2263
2864
1490
3027
1501
2530
1441
4413
271
615
4377
1455
381
2500
111
2868
2941
1615
4697
3738
2747
2815
2655
4417
1378
4435
278
779
1640
3456
524
491
905
858
2534
237
247
4679
1508
4008
1156
3451
2092
3405
3341
507
2210
3720
1998
1117
207
591
1843
0
4845
660
2677
4111
4329
4656
4241
1446
96
2076
4351
4432
4732
2699
3099
1439
4553
4065
1853
4435
913
1397
1556
2361
932
3904
3406
2233
4718
1899
1490
2829
4091
3141
179
3911
463
4351
1305
1536
225
802
1651
2369
2398
4477
4264
1703
4442
2698
1000
3194
1420
4127
2570
2025
3902
3762
4740
1032
2768
2484
4392
4087
1592
1101
3086
3592
1174
3421
4996
3312
4190
2957
2078
138
2808
1364
2111
3360
3994
1901
4998
4791
583
1890
1256
4060
3317
3906
14
1384
1207
744
4496
3230
1322
2291
2947
594
4141
3882
299
422
4658
2739
3284
4422
2494
3878
4593
380
1388
3467
2192
2437
1106
91
4116
728
3671
408
2493
2278
4693
3180
3828
4346
2975
2359
3808
183
2089
4058
1929
3007
1625
623
3802
2814
321
3374
1368
935
2706
230
356
1636
4933
2297
1837
2386
2700
3621
3393
3198
1948
1798
3123
3689
4796
4318
3642
36
1639
3316
3911
3936
2020
877
428
684
4759
1837
1664
2806
2184
2203
2524
3997
3005
642
4014
3438
3395
3840
3384
2691
2607
1465
1635
1075
911
90
1929
1454
2803
2288
3457
1329
1781
4580
228
2542
2053
2081
780
849
113
3872
1098
3865
844
4644
3147
3245
4871
538
2453
1046
1960
442
433
3525
1961
2407
2807
2319
3042
1876
1189
1898
2254
1613
1282
3726
3051
1888
3364
3717
376
589
365
2025
2939
2945
1310
3485
114
2346
874
792
4770
4163
4987
424
4571
909
1005
4942
1075
2843
2089
124
19
2007
2423
2773
4636
1937
502
3565
4509
3717
2388
263
4038
1850
1703
3633
4806
4745
520
3390
168
2999
763
1507
2269
4156
3711
4936
2604
233
2244
4672
3566
2987
3555
2203
697
4967
1191
576
3662
304
2232
4194
1567
2929
3698
414
3347
2572
1135
3279
2023
1761
1360
532
3815
264
2266
1135
2206
3740
3433
971
1565
1027
1649
2502
1210
4478
1338
2022
1973
3448
891
2155
1042
1126
2156
4599
1343
91
1069
2445
924
734
788
4362
2934
1161
61
3217
2738
4022
3838
2015
1480
3054
1378
302
3142
1182
1724
332
1110
3411
2957
2268
3431
3861
4870
3265
271
2970
3704
2780
2161
1861
771
3172
4308
378
3172
891
735
4290
4532
1031
2507
265
4310
4079
876
4822
1319
1826
4830
2124
390
3925
1354
4289
1170
2897
1926
3815
1187
3249
4005
4461
4121
3429
360
4184
4336
641
4949
3114
139
300
98
1103
3893
4074
3488
3188
1676
496
4058
1745
2232
136
3585
4769
3677
3132
4188
2088
807
2327
709
3144
1979
557
2310
1470
4316
4357
1600
2425
1410
1061
1056
1681
2687
4546
4923
2580
2108
3971
4018
1147
2498
1765
1872
1447
1099
1273
4350
196
3171
3953
866
495
917
4245
4468
3845
4925
4295
4335
1117
2503
1395
2437
4711
3714
2393
3253
1293
1183
4176
1698
2225
4818
2746
3851
301
2733
926
338
3340
1947
3881
1000
2745
3273
1742
4675
717
2092
2900
670
3094
1833
2716
4907
4355
2367
1258
3431
3616
4814
2703
245
4668
4025
1302
3385
4346
1995
3035
672
4417
3021
3392
1007
3513
2189
3941
4196
1886
3367
401
2546
1105
2145
4091
1239
3018
4998
3386
4868
3298
2501
3703
4803
2456
1930
3721
3185
3068
405
2975
4112
4262
4914
3417
1543
1111
4601
2110
369
2503
634
216
1397
4425
754
1466
1063
1615
1983
3184
1097
3195
339
1451
1865
1532
4476
3751
589
3112
1348
836
4047
4950
100
532
1631
2427
4363
954
3893
1210
4737
2784
2603
2289
1242
2665
4748
3061
1964
3203
4227
3768
2162
2469
1558
2825
2276
2622
1295
297
3653
3137
4332
4420
55
4847
796
1117
2221
4694
4407
1613
2622
979
3547
1357
2076
2161
1741
3450
3403
71
85
1689
3174
1882
4907
1994
691
2168
4753
2616
1164
1805
1648
1750
503
1039
4307
3076
4836
203
4365
893
3784
2396
1105
700
2568
3691
4102
4313
2636
3519
2177
2252
4195
4846
335
4160
95
1615
1891
2648
348
4206
520
4497
567
3606
1955
3221
4318
879
1583
2849
983
1733
4313
4414
4114
2481
3796
2680
38
23
731
2258
1304
4861
2060
3334
2056
1736
805
3291
4994
4696
839
0
934
4676
2578
1892
3768
121
3604
1698
1590
2153
2074
2883
4663
790
2317
2468
104
2413
2857
1173
3656
4141
91
4738
795
1816
276
795
776
1547
1483
4423
3346
1351
4592
1421
570
1793
809
3845
90
4940
543
2599
2921
206
4253
643
336
3562
4745
2658
868
2605
3054
1287
855
1712
2900
3061
3679
4952
443
4130
3574
1869
2458
4449
4211
196
4275
4238
1769
1832
134
3770
1770
2221
774
4272
1757
1890
389
1513
1456
3346
908
4633
4384
4130
778
4100
3004
1618
1375
1683
3513
1883
4716
3352
2510
356
329
1103
2699
692
1718
4715
2635
210
4925
3458
2283
4118
922
4329
3951
2759
4930
2280
450
2130
3904
3361
1812
3044
1166
830
1275
764
2205
3414
2262
4137
3988
4361
3755
4087
3245
2698
4055
4
4365
4021
129
2119
3656
2327
245
4653
4486
1771
4833
391
4899
1966
1409
1270
1816
2588
4564
3172
2024
2879
4510
3681
2304
1608
4385
2309
3857
162
3711
4801
4671
2745
3249
569
464
1712
739
2970
1036
3981
117
2101
4098
1300
1205
1848
1280
531
1073
2684
1171
967
315
178
3333
448
4110
1947
1481
3445
4664
3390
1561
3176
4552
4493
2844
3539
1319
3409
4474
4330
3077
529
1278
2926
428
2337
3211
406
2796
491
4386
833
946
3526
498
3513
3476
3838
1059
3380
3599
4288
4514
4362
3807
4513
901
3545
1206
4355
4086
1515
1669
1366
1059
4294
4866
4081
1511
2707
2909
4527
4756
3529
3786
4583
82
1273
2695
3627
2489
3658
1838
2345
1756
1425
2464
2427
1590
2381
726
2843
2615
4150
1519
482
4663
2668
2936
2697
4343
4435
3534
3050
2248
3509
3402
2328
1389
2462
3169
1176
2430
2129
3178
2668
4326
4613
718
2399
4276
3108
1649
3813
1788
2398
3561
2005
915
2442
1183
1906
2071
401
2453
2806
3765
3211
3332
2357
3986
320
235
2093
2894
891
4382
2370
2617
2120
3234
416
3407
4630
3252
1295
1440
472
3986
3972
176
1556
4388
2899
2012
4086
316
3842
3439
897
2975
4775
1208
4971
388
2347
4935
475
2886
2081
2766
2226
1356
2085
2413
4032
3203
1901
4786
1173
952
2260
3345
631
214
2235
3259
4514
995
704
4696
1040
1387
3366
2374
4565
2049
4740
263
4747
1242
4865
3086
2716
1812
4680
403
4688
2583
4683
736
4527
152
4829
764
3818
4796
2679
1588
2671
3868
1444
1841
3064
3630
2373
2878
1736
2381
616
1960
996
1726
3296
1436
2701
665
4274
779
4901
4921
3274
4429
3537
2972
720
3058
4770
4248
124
2907
2974
1217
1379
4875
3474
2234
949
2463
4328
3960
634
287
4134
4039
2317
3664
1634
766
576
1433
4062
4156
2994
4433
725
3832
2661
2248
2088
1181
661
576
2847
4745
3538
1393
4661
4337
2227
1065
557
1825
2296
2500
1315
3934
3879
4981
1341
3388
2781
4991
1005
2622
2089
3250
2958
2723
2900
4834
3647
1889
4999
3308
3539
1773
3610
4876
4409
2074
934
3578
1860
238
3914
2209
501
2879
2871
1193
1980
2303
2554
4759
4984
653
4017
4202
2554
4125
4978
2117
4324
4054
3186
1765
3001
584
4180
2984
4286
1217
2097
2546
170
177
3354
1811
159
1991
1866
2151
4635
2615
3460
4715
3636
4651
2657
4220
4373
2584
461
1146
535
3247
1554
1809
1903
2470
4114
2738
785
3871
1815
2510
4954
4056
3937
1207
3311
2504
3072
4379
990
4924
1951
3498
2854
3100
935
2383
1675
4619
4877
4881
2590
4283
1972
2342
610
2301
3392
1787
4884
2033
519
766
1649
4938
4379
3000
800
2579
804
1601
4530
1103
3898
3622
4558
600
2081
2813
4285
4686
118
1584
2109
3109
3723
3881
269
2984
702
4665
172
1372
663
2722
2390
1388
1465
4579
755
2567
2932
2611
1731
98
1708
4258
412
951
622
3084
2184
2169
2788
19
4582
4095
3204
3395
453
3425
1435
1039
649
4573
1789
4710
1369
346
4255
3328
2594
376
1006
2912
4806
3110
911
1854
1441
4440
4535
814
873
2270
4096
2546
1161
3797
2232
649
2134
4574
699
4276
622
4916
3633
2545
1532
4819
1071
279
3745
4857
479
2427
4353
3177
2451
3746
794
1541
2254
979
2672
2248
341
2347
4387
2998
3375
568
143
3057
1033
1832
2372
671
1037
2109
4827
3588
373
4920
3467
879
2632
2461
3864
224
731
1644
623
3467
880
1821
367
4657
4215
464
4060
4932
1415
1252
1640
326
1751
3695
1095
1704
1113
172
670
2003
3829
3748
2430
3496
2287
696
3385
3633
4797
3762
358
4355
2616
2778
4882
1069
2008
2945
3282
3890
3867
4413
370
1135
3719
2665
3270
1025
243
4873
1612
4355
4121
2320
107
4582
94
1708
3462
3302
2977
154
4087
2243
4202
1007
35
759
1851
1445
2445
4293
29
3297
585
539
2214
3964
4890
2846
3823
4798
3779
1526
2127
1814
3208
1301
4637
1834
2459
3791
2194
1540
4521
2046
2408
3465
2019
4218
3838
3892
646
4017
460
3823
1193
4126
4961
1938
237
83
2574
532
4552
550
3489
2478
204
978
752
1937
4510
3074
3335
3689
2787
4090
4346
3794
1690
4795
572
3112
1078
1251
956
4858
4246
4889
3370
2052
3479
2667
2379
488
2508
3734
931
2353
2985
1456
2556
3824
4579
4416
412
4669
331
132
4044
3643
3793
4154
3041
331
588
621
4074
4001
941
469
742
2290
2668
3005
706
1597
192
3223
4083
1303
4348
4614
177
1872
74
394
30
1000
2430
4807
2887
1829
3789
4294
3605
4142
3799
120
3525
187
165
2063
3276
2610
2999
2142
3862
2827
726
1452
1275
1488
1434
2348
3255
4798
4368
602
4516
4077
3933
1988
815
1173
2005
1775
3645
4816
1626
4358
2657
2737
3066
4088
525
4811
342
1800
4026
261
1553
1340
1253
5
4077
517
308
95
4261
3184
2630
1311
479
4504
4223
2059
651
1385
1489
4134
771
449
413
4111
4553
2197
2826
2574
1441
1917
259
1611
3440
4096
606
4279
3312
1477
4002
4978
960
1514
4168
3444
3867
1247
2188
384
4311
2467
3320
4800
1005
1178
4591
2069
1358
3908
212
3186
4634
2903
2745
3341
3596
3126
1998
2803
3015
2704
4190
2104
4758
313
3995
4515
229
2741
405
1405
2212
1631
1201
1088
1470
576
3425
625
1546
2922
1192
4316
983
2166
1674
640
4357
2714
3604
3335
133
3225
3594
2443
291
3102
578
3012
4288
3908
1575
3886
2204
3050
710
3430
1164
2127
3042
1360
1750
1212
857
762
1830
177
3532
1233
1202
4966
4251
1697
4252
3889
3978
3189
2268
3535
3059
1315
2105
4305
1287
1221
4974
2947
4347
915
509
4897
4467
469
4245
1888
933
3489
3273
1949
3815
48
4391
107
1706
207
2753
1725
1734
435
2214
2250
2891
3559
4499
1220
4522
2028
2435
1888
688
4459
1292
497
1071
3464
1731
2816
4244
2013
3274
4076
1107
3939
4593
3504
2770
333
4873
2892
2012
1456
1045
1344
284
3409
2124
1967
19
1413
456
426
1768
3352
874
554
3696
3894
857
2987
1044
274
3555
593
1703
3059
55
3208
170
2821
342
4827
3560
2282
977
1152
1666
3154
4577
4871
3015
4587
4666
2700
652
321
4335
4540
901
1585
2986
2373
718
1663
4550
1577
3690
2878
2192
3693
4696
1381
405
547
4209
279
2606
4430
3619
4661
2745
515
706
2344
3188
2562
991
1147
4202
12
1210
4628
4571
964
923
4259
4871
2292
3279
4621
335
1542
4636
3515
2432
4063
4178
3303
2190
1338
2718
452
4903
2822
4824
2244
2076
4515
1538
3875
863
1198
4654
4706
2258
2524
858
280
2374
14
4466
3518
4374
1749
4293
4892
336
739
1536
4487
562
3125
4864
2381
3290
1146
840
3144
2054
2890
2176
3229
2207
3038
1003
616
4553
250
3108
4100
3917
2937
2388
353
4073
3631
3069
171
4480
1148
4744
1876
3162
375
3921
1077
2209
1637
158
1792
1981
1947
4990
539
2563
74
3812
1213
1923
3827
2485
1645
2611
4757
4693
4427
4866
1155
2675
408
3970
4200
3386
2503
1526
3945
2474
3738
1398
4598
306
3592
3022
25
3120
3069
1205
4714
3951
2762
2738
2285
4399
136
4965
4080
3735
2883
3989
3950
4505
1280
793
2322
3546
3431
151
4323
2878
2917
4322
3927
1934
4580
4065
2725
1036
3907
1826
2891
2513
1332
2696
4702
315
3175
2285
1960
238
4573
645
2339
370
2795
950
3653
1210
2004
171
4579
769
3219
568
3327
1822
412
2458
4449
113
495
4473
4105
1691
4570
2900
2429
426
4728
104
1300
4647
1935
2544
3249
2993
3454
794
338
3158
773
2764
383
3897
3143
2467
1241
2625
3882
2792
377
699
358
4907
1457
940
815
1576
2480
3570
3410
2244
2111
1176
1663
4346
2784
3369
3361
531
3461
1118
2994
3326
1992
1665
1693
3802
981
588
837
2268
3178
2559
3560
311
2932
1241
298
3204
3163
1748
4555
1034
3765
2724
1506
3082
4146
1518
1092
135
2719
4447
587
2722
3142
461
1587
3980
824
3092
1521
2817
1472
1564
1179
4412
644
26
3575
3520
4975
4447
1560
4406
895
3366
560
3492
345
3164
2218
4048
3850
4579
1565
4009
2848
4618
4987
603
421
1704
4869
37
2895
658
4275
3288
1211
4123
1714
2505
4444
3924
191
132
3405
300
3153
165
3417
3912
1561
4536
2206
2119
3308
943
4671
363
1238
2623
2914
3458
3494
1884
4812
4289
1554
609
3671
1008
1477
4117
3860
4865
3521
2611
243
3961
924
1251
3918
2372
4896
4765
3844
2466
1604
1652
1158
4492
3863
2999
2494
3869
2008
4884
1028
1545
3766
433
4082
3371
3072
2211
3015
4662
2848
3400
4290
1836
1144
4482
3679
2377
3946
4355
472
1377
4978
3003
699
30
1658
2309
2702
3459
2921
3561
3230
136
780
120
2808
212
778
539
2663
4141
3706
3369
2071
1799
1377
1483
1047
792
3845
2613
1128
2143
1708
3312
682
4499
4962
3794
3537
3881
3858
72
1573
658
2035
3108
4172
1689
1942
2294
4521
2116
3589
4879
2580
1239
4401
170
4062
2933
977
4038
3532
810
4182
1869
1859
2153
4786
2081
4946
578
1685
2231
3893
1897
1690
179
424
2443
3162
4355
1224
4177
4477
4767
63
4620
3358
4638
4335
749
796
3967
3448
1734
1953
663
2398
4243
1230
2302
4521
3188
2222
2229
2511
3659
4135
3652
1333
3913
513
2548
1513
3611
1203
4399
3765
1057
601
4404
861
511
3144
3378
3138
2135
3273
3631
691
3883
2650
3980
339
1538
3892
4041
838
2274
2869
1418
4609
2619
602
4001
4520
1862
189
1625
3817
4668
2257
531
546
2736
3473
159
4291
847
197
55
3006
1333
4273
1807
1246
4782
4768
1648
3171
854
2982
2897
2561
1816
1204
4765
4637
3358
3022
2491
4649
4581
3592
1486
2849
543
220
2001
4305
1383
3806
4896
4586
1131
1927
1414
3508
1427
483
191
4347
673
2931
1553
1626
4309
4640
2872
4762
1385
3621
4814
2189
187
136
3286
1808
359
1384
2857
266
642
197
1568
3022
490
987
2885
4740
2668
244
2234
3534
1163
1481
4006
4193
2899
2975
3205
1462
1765
2704
3843
2624
1113
4220
1865
2285
2139
192
3777
690
4478
3562
4695
2323
3767
611
2522
1481
2887
90
2421
2196
3235
2765
897
507
2278
1614
3861
584
4345
1337
1444
492
813
3295
2992
2349
3912
4697
1037
2916
2869
4941
566
3203
2447
2257
4014
2721
1785
565
3087
2767
1569
1434
3613
2216
2964
2948
2687
4699
4985
3989
2425
4595
382
2687
2722
2041
1832
89
4718
2085
4062
3139
2371
541
3653
4819
2614
408
585
1355
2570
1141
2491
2180
652
2926
84
1645
4798
4287
1737
2294
1059
1614
445
2525
1940
106
3230
627
870
3724
107
1214
4159
3537
3158
166
4705
3494
3787
2473
4982
3453
3152
707
803
301
3359
2785
78
4057
4467
4679
2747
3681
2502
182
983
2984
437
2750
731
2770
3752
1664
550
1243
4273
2167
4185
4722
3157
3303
4204
1466
2846
1684
3024
316
4448
1620
1915
2051
1165
1784
4102
640
2228
921
3036
1885
3956
2246
3612
1739
1543
3135
2211
1569
393
3704
4691
1174
759
193
4342
299
4413
4240
2136
4453
1752
430
2772
1708
3305
3842
3339
3343
3882
187
1486
2079
4988
4491
3172
3837
920
4656
2841
832
1818
2050
4637
2976
1300
3412
3338
1045
1686
2184
349
2544
2468
3105
790
1624
1317
2237
1248
366
1471
4630
3458
904
3692
2285
2215
4205
295
288
3321
1774
4257
482
3342
1299
1803
4177
2805
3328
2156
731
792
917
1557
451
3764
4197
480
958
4139
1975
4106
3777
4137
1343
778
1006
4684
1932
320
4718
2305
836
48
1474
2458
2095
3275
1549
145
423
1204
1874
3611
3320
1720
3849
928
2640
922
4956
4522
3049
279
609
2379
1665
527
3775
3239
1036
986
4073
244
1005
2805
191
3817
2868
4454
1945
867
3842
2699
3726
1094
432
3009
2950
1254
2317
2141
3454
4310
940
884
3962
4149
2710
2863
3396
2218
1377
1773
2580
3842
1698
1896
537
2664
543
272
2077
47
3834
1954
1142
397
12
1708
2551
4091
1735
4386
4842
3208
2818
2859
3589
4508
1961
2919
4983
1670
195
4051
4358
4228
763
3409
4279
1235
2911
4159
4774
4568
1909
3599
1467
2290
1021
4880
2120
4782
2906
942
1538
2488
1296
262
3911
2377
3122
4448
512
4143
1567
2181
407
3660
4816
1710
3064
3060
2821
2637
2391
1208
2199
2961
3852
835
902
111
4707
2899
1281
3667
3030
2540
4130
3505
3090
3295
3581
156
2468
896
3352
3704
661
4444
2127
2038
206
299
1644
2232
3603
2435
510
372
4431
2160
4354
275
3689
4014
1864
2885
2146
1423
699
975
2895
2281
3589
3322
2907
784
3450
1742
3620
3816
390
4883
4027
3919
895
4491
1404
4989
3371
2654
237
4731
1651
728
1293
1668
6
2613
1691
1703
2468
2383
4399
3861
3931
4140
2772
3452
2735
2565
4901
382
3630
4864
265
2841
3062
556
2905
1858
2288
2562
4743
1922
1960
4029
2738
404
4888
566
913
1363
768
4755
2297
1547
3458
1032
829
2019
1899
4902
2695
430
1932
3305
4348
902
2359
3399
3849
2442
1467
4021
2642
4581
1619
3098
2154
4489
4164
4516
3114
1092
4572
1079
2149
927
2021
1374
1731
2199
2343
2500
2177
4898
1547
2569
3315
3561
3522
192
1068
2024
2159
2309
4802
3946
4748
1796
4709
4082
2412
245
4968
1921
1948
321
3307
2475
4026
3806
1695
116
1074
875
3245
4554
825
1577
3955
2092
2875
1295
193
2590
3894
3113
4281
3594
4634
4668
39
18
1986
1696
4861
4611
1769
1643
3320
2191
4099
3995
4481
2293
2867
1124
2854
3685
2195
3865
4714
3577
4108
3217
3042
2119
3051
2575
3541
1062
2499
2340
2193
1522
4486
4508
4091
4807
4089
4948
1739
1034
3117
357
1725
4032
4867
1910
737
2835
1383
2824
4545
4943
1681
4256
1096
1090
1034
4452
1202
131
3878
3772
344
4336
1716
4682
3496
3603
1345
3815
889
1039
3209
1150
3738
1561
3620
1748
3222
875
395
4874
816
1510
3749
152
2722
193
1599
92
4368
1343
4071
3904
331
1400
3544
53
720
4067
897
3938
4388
3721
3308
1420
1576
2465
4815
3068
4602
4134
3271
3871
656
274
3655
2948
2048
1139
1375
3743
1240
3922
755
383
4931
829
4181
4636
1442
2857
834
2081
4966
1192
1631
4051
1025
2510
3509
1333
1765
3162
4890
4592
4806
3752
1593
3795
1421
1354
3486
1100
3339
2557
1788
3134
4432
1644
3502
1954
983
2853
2427
3453
1246
1314
441
4498
1823
3654
3668
4321
3547
3598
4180
1019
2995
3933
2989
4931
4300
4657
3334
3938
1057
3987
684
376
1957
3289
4648
3314
862
456
2872
1584
1264
3250
1947
2793
684
488
3862
617
2930
3287
3561
131
1753
3843
4082
1670
2270
2142
3063
4533
2501
1080
3068
4219
1122
1009
1679
3079
2546
2278
1070
193
4708
1017
4408
3260
3717
353
2414
3395
60
3961
406
4177
4503
796
3632
85
2861
3070
2877
2304
3978
2006
4404
2895
1550
4927
4363
3809
3096
3866
2479
4742
2309
1388
1244
3699
35
4544
792
4095
2625
1742
3337
3997
1691
3656
4654
745
1422
3681
3532
4024
3593
507
796
1402
3570
113
2452
4266
534
4053
1881
4547
1596
610
569
1071
1907
444
2806
3427
3952
2259
3723
4056
137
1952
4474
1666
629
4179
3060
3941
1718
4902
1990
1140
3944
2941
2090
38
2853
4595
4329
1835
4553
2557
535
4602
45
2820
66
3942
2407
2219
2874
3060
1364
3776
3778
2348
4362
2709
1469
3264
683
2892
2532
912
2581
4281
1012
4985
1256
1120
520
183
4108
368
2097
4695
894
4676
1691
3789
3365
1245
4638
4486
3265
2604
4332
2972
1630
2140
3785
1535
1955
2599
4174
4698
4176
2565
4496
4550
3630
473
360
919
2675
3467
3294
4965
684
2158
4757
932
1534
3947
3409
4651
4613
2653
158
2844
4499
2962
2496
2390
2560
3315
2850
376
923
656
1757
1467
2752
4040
4786
915
3337
4219
3216
3581
1233
2727
4484
990
2901
418
4452
1322
460
1381
3238
1152
3279
2192
3746
541
2918
3238
3670
4253
3260
3062
1222
981
786
996
2747
4317
4307
1745
3832
391
1136
2460
2310
4622
2347
3201
1216
4991
3289
3156
4714
4468
2084
3297
1258
1622
4751
3734
3378
2372
1807
414
4496
4685
4437
3624
1861
4769
465
4810
1693
533
2882
1620
3197
3022
2831
2341
833
886
846
4589
2891
569
3311
1001
3015
4246
935
4811
4656
4298
1579
1088
1524
2623
779
2781
4703
3843
3239
656
1826
995
1305
2902
3654
1388
2568
4917
3083
961
4721
67
815
526
3639
2126
2457
1033
386
3369
4113
1138
4059
1648
51
4434
805
1436
3303
534
4790
4655
4229
3859
1032
4505
3732
4650
3087
3378
3638
633
698
2796
4870
4805
1270
1968
1452
4954
3201
1589
3307
3630
3358
3246
3430
2767
2435
4336
1312
4181
4799
216
4691
2260
1651
3670
2402
3883
4715
925
3022
2346
1765
3407
4153
3260
4400
1865
749
3230
4184
1115
742
3259
912
4393
2468
3121
1520
3171
1498
4849
748
3264
4625
603
2683
4350
4259
1447
4555
1429
3462
4561
4393
19
3498
3445
2828
4857
3926
2372
4533
123
1240
2812
2343
4083
359
3761
1628
2957
1393
3942
3696
4653
3062
3955
824
2113
2141
3229
3415
2528
2990
2276
113
871
4935
3292
3458
2928
1338
4388
1370
2378
2179
1842
4128
3456
2196
3897
4793
2896
990
3379
71
3715
1004
2179
2178
3963
3607
3710
1201
2877
4331
1434
3113
3208
2092
4372
1077
4005
2842
1158
1002
2246
106
2738
2069
3960
3513
2618
1862
2946
1137
4507
1301
770
987
4252
750
2787
4146
3922
2423
2184
1507
1412
3710
4372
1543
3451
291
4599
2421
855
2616
2768
2747
3116
2691
3629
1941
4882
809
2020
539
1587
3264
4078
1751
3583
4615
1504
364
831
2146
3725
2838
3494
3340
3540
4851
557
2452
764
3993
4908
1556
4508
3879
4068
1603
440
4973
2649
4929
247
2878
3184
4831
3764
1197
912
4704
4883
4587
553
3342
1191
3521
3268
3893
445
2531
4448
1594
1529
2170
1122
1702
244
2665
4176
1473
522
3488
2769
1086
2103
667
727
374
4390
3458
3328
1086
3368
1287
949
74
2671
771
888
4842
953
3025
2669
4880
1500
4258
1383
1633
3794
508
557
1717
877
348
3211
1391
2005
4434
887
389
3859
3174
3426
3208
3950
2522
403
2916
2568
2196
2313
4333
3622
2329
3365
3059
2194
4860
481
243
4980
4984
2718
2156
411
4545
458
2692
694
1710
1632
4962
2271
1247
2114
4655
402
2627
151
1881
374
1877
3892
3296
4281
1379
216
3468
3032
347
250
2654
2241
4645
1484
2578
4118
1923
4900
3549
368
4260
2491
2613
2951
4454
2128
2915
2311
860
4444
2904
2913
4167
870
3655
3142
145
2298
3464
2818
857
2406
3106
3785
2467
3743
3763
2546
2581
2971
3416
974
1214
1420
3925
2080
4483
4400
2520
3771
861
2253
2930
4477
514
2656
2409
11
609
3299
1453
2556
2108
3310
117
2236
2379
241
3508
1706
4459
3544
2767
211
1020
4015
4949
1910
2128
1568
4978
2471
2514
2490
3184
3337
2192
641
1452
742
3490
2943
1622
3674
1254
1
3391
630
1394
1075
1428
451
4760
1409
2866
2748
2038
307
4603
2818
3404
4263
257
614
2781
1228
2238
3514
2514
2579
790
2894
706
1029
4274
2873
4713
2475
2785
527
1426
2947
2776
1930
3776
439
1126
0
1458
2433
1666
1029
2905
3747
3432
2604
4774
942
3852
1596
1114
4271
931
4450
3892
3038
4328
4474
3924
2229
2143
4253
2257
4315
3475
2465
857
2761
3405
2213
8
732
2070
3047
2944
2564
3828
4429
3639
2866
1429
2291
4295
1591
984
468
3561
4247
4607
3093
1522
3668
4923
3402
4197
3767
2645
1361
4033
2213
4199
931
2270
1921
2006
3889
4389
64
4747
4360
1398
3660
4928
2861
10
3610
3852
4523
2866
1843
4647
2412
23
2063
1124
1908
3536
4866
1912
1518
2789
1792
1568
2161
2610
2410
3453
1108
1194
2782
3123
2413
4637
2968
2979
4809
882
3663
4392
1727
343
4894
155
598
2085
969
2700
4817
4760
601
2185
4567
4760
1685
1745
4101
1122
1777
1951
1955
3426
4405
4305
3986
2524
1573
3407
821
1716
4327
2434
2365
2224
3437
2432
3464
185
3001
3174
4489
2919
1167
4284
4302
569
3193
1774
3841
878
672
641
2068
234
1313
3108
422
4605
2543
2595
3502
1191
2433
2511
124
4237
1359
1490
3591
971
1676
4683
3627
1208
1658
3735
4440
1838
2686
3853
2007
1484
3472
2845
1440
2330
4928
920
2499
1867
965
1471
1577
3667
1632
1840
2029
1833
3310
2365
963
2730
1935
1193
514
3063
4831
3443
1184
4458
1651
2504
1936
4206
1554
2099
1494
4830
1260
1199
967
1442
4106
981
320
1203
4745
1787
3522
2623
3229
4287
4534
4087
844
3967
1712
4947
3571
4841
1758
1535
1275
4901
430
4275
4097
1919
131
1795
580
3506
3672
117
984
4354
198
3319
2085
4129
1297
3251
4402
1668
3954
3865
1129
4496
2895
4599
4355
3890
4520
4749
3418
4494
2735
732
1382
4013
3391
4485
1622
2822
3272
3943
2669
3949
759
4157
196
1822
1471
105
164
1423
201
1473
169
3778
1258
2079
4241
680
1215
4846
2024
1583
3125
117
3077
4964
725
365
2984
3353
1684
926
1099
3767
4873
3271
3482
986
3429
513
2784
3161
594
1641
4401
4614
3317
3596
542
1899
1206
877
2647
666
62
1080
2259
4810
69
898
2284
4447
4513
1914
3107
3045
4034
1856
4494
369
4728
3532
3127
3303
3135
1133
2730
3053
994
1120
183
3902
4739
2096
4684
539
3099
1067
2784
177
4634
2364
3127
2734
4094
2768
1509
394
3710
947
4029
4135
258
2645
2374
132
2270
4574
1956
3944
2064
4827
939
4893
4522
3285
3058
1625
4695
681
1459
4895
959
4437
2364
1518
3297
3934
3089
538
1506
2702
241
4884
3840
2852
2744
1243
2856
3963
1512
4809
3232
1240
4973
826
4995
1695
1781
206
4349
3241
317
4858
2380
2859
3943
2264
3812
1467
575
936
3195
4048
2773
244
2924
1477
2292
2094
4105
3883
504
3301
2956
3949
1497
1089
2537
4068
696
3749
2057
4342
442
3046
2662
2267
1487
2824
1059
2331
368
1711
2222
782
1469
1210
565
2047
991
8
355
1499
3571
1945
1783
1612
2188
1693
3355
433
4738
585
2421
2904
4477
776
4635
3138
4199
4340
2022
3717
4109
4905
3241
3800
4903
3541
2707
2404
1487
1392
2067
4957
1477
2900
2007
4084
2695
3800
733
3388
1678
2550
2666
2600
4525
3558
2508
2156
1529
1998
687
4831
3617
658
1401
746
4622
1278
381
4119
1096
4387
2232
1125
441
4798
3443
3990
813
3140
1182
2707
3058
1720
4692
4232
1503
3334
1662
2250
2501
1060
2606
1329
4747
4352
2754
12
4640
382
4888
4146
2170
975
3103
1867
3991
1149
4569
2617
3053
4039
4481
4189
1347
1100
4223
1208
2122
1139
1297
47
3471
159
4967
579
2745
4370
250
1336
3110
3167
1682
4921
914
4265
671
3618
2052
4140
2527
1739
4708
838
4893
2528
1099
902
2231
1419
2561
4084
1808
4831
4365
958
2045
4253
1980
1765
2156
4777
1527
2721
4734
820
3625
1455
463
92
1308
4581
3954
3734
4506
524
2246
2279
1414
1511
4940
2727
4479
512
4722
4033
705
3400
2800
1665
1680
4140
886
1983
4679
699
3945
3192
237
3716
4963
3675
1879
2851
1764
3451
1042
4285
1772
2946
3929
4958
4895
3937
2002
4817
2416
4310
315
4308
3044
446
1797
1578
1574
132
4460
4127
3906
2889
817
2093
2902
401
2890
2346
455
266
2750
2703
3613
826
2711
3299
3930
3629
451
124
2656
2095
2058
3973
2220
4946
986
1094
3798
2754
3270
3639
2011
16
3920
4514
1212
4421
2003
4752
4798
3782
648
882
470
181
2942
1219
3753
1038
1697
411
3399
507
2456
16
2938
2145
379
2097
1668
2446
1579
1910
3410
1485
1582
806
2295
2249
1798
2322
2286
4302
836
2963
4839
2987
4144
2916
3907
4565
979
354
2910
988
1930
770
1302
858
3865
85
496
2358
4377
4103
2793
4965
1124
3138
3603
3782
1845
4515
672
4263
3191
1139
4666
3456
889
2471
2988
4399
3608
309
1283
184
941
1893
1179
4598
678
2518
4952
4608
2435
608
3873
276
2909
3489
2665
1962
3724
14
1056
4589
3486
1848
1314
99
4980
3697
1337
4623
3874
4985
3480
2958
3084
904
3208
2366
3641
681
4973
657
4139
4715
3531
3099
3757
765
273
1133
3396
3373
2278
493
1803
276
803
267
257
4585
3815
3231
2696
203
801
4532
2501
1243
552
4155
4876
3888
1124
3992
4123
3284
3463
1134
4054
4775
2471
1171
1328
3828
4770
3483
248
1140
1951
2656
8
3534
1626
7
985
4256
2310
3547
130
488
1927
2980
1855
2827
3167
3916
4831
3654
3618
3405
2669
2612
220
1840
3740
10
4106
822
4946
1753
4490
4166
4668
660
4964
4177
3968
4381
4825
1851
2835
4202
4188
1128
3744
3398
2874
4068
3215
36
855
314
3491
139
4825
1070
2207
4861
4431
4235
3986
3950
3397
3900
662
1684
3091
4168
4625
2817
3743
2910
968
529
475
2144
2922
609
1490
157
1482
4853
1995
3484
2009
110
1486
2236
1828
4577
1507
3011
1171
3901
2694
233
2841
902
4725
1030
2215
3030
1851
4160
5000
3205
3392
3903
559
4450
2780
2747
4449
547
2545
3156
3880
117
4462
2361
3892
2624
968
4615
3172
2448
3578
263
3715
4536
865
4276
4764
1432
1604
2034
3904
4166
108
2389
354
1410
2978
1650
3007
611
3773
3293
680
4104
949
4503
900
2398
4832
2393
157
3538
1811
2523
817
934
4010
1888
1749
924
3737
3650
3379
4236
4317
2962
200
763
3098
2842
839
351
1400
4156
4882
4703
1307
3579
2545
3669
2252
872
1787
2488
1137
4058
2018
3769
3761
1154
3010
4125
4649
830
4835
1539
500
1361
2178
3930
514
3167
4387
3134
2934
4915
4775
1543
3201
316
3158
159
4030
4505
1602
3806
2331
1227
2276
4864
4064
1387
1774
3069
439
77
2429
967
3109
4951
1286
3903
514
4667
460
746
1776
47
3995
4204
4643
714
4114
3119
4064
1452
1760
2016
499
4619
2070
4898
4397
1973
3573
2308
651
2884
1897
3366
4009
2685
1568
3264
3497
2853
4812
1212
3638
2936
4225
1835
4596
2542
4917
3576
4794
4985
4801
1198
1306
3487
2399
3032
6
3938
4369
3455
2320
2946
1572
3589
4858
2832
4203
1806
411
2590
4038
3472
3897
2060
4735
2240
3262
543
2964
1044
4276
3584
681
3393
3681
1492
4093
1611
2084
314
2667
750
2930
623
1877
1628
4924
450
3707
4462
2323
3963
1985
690
4824
187
2773
3245
3251
400
4813
216
1522
2920
1463
104
3953
426
4261
1151
2090
3658
3176
4536
3508
2348
4760
989
360
1918
1294
3802
422
2088
2064
3878
1187
810
4100
4812
1956
1695
4041
771
4049
54
669
3371
2628
90
4934
1998
1804
4262
1230
3044
3407
4262
3157
250
1964
576
3018
3531
1040
3837
2714
951
1759
4448
2304
582
572
1677
1596
490
922
1054
4392
4216
4646
116
4520
1391
1295
527
4949
100
3014
1506
187
2669
520
2309
4946
2702
585
1073
869
2649
3757
2993
4016
4216
3832
4950
869
4741
1548
941
1847
3862
396
3395
3469
1440
1750
1612
277
1498
4803
4173
4983
422
2457
1837
3379
1111
1878
3396
850
4895
4812
1755
3966
4326
319
2953
56
4568
3802
3068
2059
1087
4318
895
167
4227
2324
2386
2738
2342
4352
4011
1207
3177
1266
3212
2999
440
2336
3394
1280
126
2306
4827
4695
1213
1356
1170
2706
1077
4904
4717
4296
3357
4196
2874
1818
4464
4179
3390
4366
2897
4015
1952
2315
4686
4548
4562
3515
807
4310
4821
3443
244
4418
2743
3380
4575
4462
1958
422
1199
681
2142
552
462
1179
1231
1959
608
1852
1459
138
4763
3953
4687
3530
856
2145
4580
1982
3625
4492
4524
4479
498
3996
953
2935
4867
955
2117
3398
1077
671
2834
4624
1797
3522
4671
4529
2002
1966
3571
4402
1503
3837
360
4337
988
435
1282
1988
4425
3896
1575
4867
2786
2386
3228
4563
3549
707
232
344
1551
4104
3151
835
4902
2735
3438
3163
473
4419
5000
220
2081
4601
2440
1279
1794
3256
4317
1984
3866
4564
1975
4766
972
534
4978
3450
3153
3827
1176
3438
443
1284
4394
2488
473
2008
4003
580
4285
4085
485
968
4091
1702
3303
2376
3154
24
3095
291
4164
1252
2021
4817
3746
3199
3637
1302
71
4398
3659
533
3980
3159
4362
2743
144
2065
3996
1220
4612
2174
4108
2927
4087
739
4718
1926
3181
3667
852
3893
4475
3421
120
2385
666
1242
4912
4494
1203
3543
2516
4425
2316
1364
1004
4642
1414
1987
2014
1905
1884
533
1930
2073
2302
2471
3212
4207
3489
2507
919
2552
2289
1432
2799
2816
122
4894
2901
1151
4119
3728
2771
221
2286
1576
4755
1306
3821
1307
3808
4741
3492
3490
488
3735
1604
4803
25
4006
393
4356
1464
3994
1887
3555
786
1910
313
4747
1426
4103
798
3140
3726
2354
3414
3094
637
1721
771
2884
2473
1300
4236
2394
2932
1096
1020
2045
1589
4941
4971
4880
1535
4272
368
4861
2238
1813
2157
1019
4911
3713
2624
3045
2886
2627
3218
447
1672
2485
1604
2430
1809
1570
1960
2743
2669
2768
1714
2257
4203
202
3312
693
1833
1193
367
4468
3190
1583
3769
4744
1297
4561
2851
1009
1688
3346
4625
4429
316
3965
3810
3216
4689
3862
3061
92
2479
2016
1520
2439
1289
3319
2903
795
2384
966
2448
3039
4343
703
3977
4570
2610
4477
2807
2645
1286
541
3363
3931
1394
3425
4723
3037
1714
1057
3769
1275
216
2414
3100
4646
475
4745
4519
4838
857
968
4165
3916
4679
453
2403
1705
845
166
1049
3991
400
2391
4594
3633
3758
3227
2344
2856
3018
4666
3546
4929
829
3245
3158
1378
4771
90
2251
3887
2535
2780
3700
1529
1493
1420
4210
1653
895
3168
2409
4957
2216
2348
4958
2106
1042
2330
2305
1478
29
3960
2307
2600
2927
1124
1114
4174
3121
4321
2170
3682
2576
861
1575
3455
4529
4186
283
4068
2468
515
4652
850
1454
2936
4710
1123
2360
1937
148
4148
1864
2874
2834
2034
3274
3264
2961
2335
4583
3391
408
790
4389
1355
4566
2906
1999
1289
2495
3959
4621
3796
103
207
1914
575
4506
3308
1418
3439
4480
2529
3353
1699
1603
4370
2719
4623
2329
787
2313
15
4682
2575
4125
1806
3211
2654
2376
2693
3557
581
1030
1250
403
4623
3116
4892
3229
694
1628
4912
4150
2022
1770
4970
3237
460
4609
1507
4861
2650
3742
1383
650
1853
1661
1367
2430
2012
1422
2006
1799
4551
4674
2396
1144
1676
694
845
1605
2160
3707
774
2618
3010
3596
2144
4691
477
4799
2289
3450
3094
4859
2441
2413
2051
3814
2845
538
4539
4431
1902
3524
1088
886
649
2818
3206
1236
3278
3435
4281
4741
3635
2358
3337
3847
2657
3997
2774
2024
3260
4068
2892
4236
4709
1059
1133
2741
3713
771
2258
3226
3172
908
3433
1991
1067
1846
4671
1520
3612
118
3518
1956
2994
907
3625
4514
2895
3353
2688
2894
1715
2610
4962
2843
2774
330
2112
4964
3227
2723
590
680
3044
956
1812
4707
4587
4207
548
263
1148
1074
558
1424
634
3999
876
1057
2402
2123
3666
3726
3811
144
2778
4922
1597
1467
3131
2045
4772
3509
12
2676
1094
1609
2370
4161
11
688
2126
2943
3403
4736
4769
2775
1097
1908
2631
3047
1940
3465
318
767
4870
19
1694
3306
1187
3435
281
3235
3012
3675
4835
1294
3447
4731
502
531
2414
548
3053
1324
2068
1516
3190
2758
603
2608
171
2163
944
2743
2880
2291
3552
427
2145
2527
774
4039
3684
3552
2851
1615
245
211
2149
106
3989
4135
3584
3073
2120
4522
4650
930
4100
3920
755
3800
3008
1008
3918
643
1686
1838
74
77
2411
2834
196
2083
2084
2443
4454
2348
4202
1281
1036
1334
2030
2006
4187
4948
3537
441
1224
4463
4826
993
3377
748
1123
1616
3930
1204
965
4280
3476
3986
3452
3873
3813
3148
2788
3818
4085
945
3499
3953
1165
2272
2986
1329
4512
2631
55
4150
252
381
951
1220
1848
3877
2674
1364
4275
511
3071
2310
1360
2537
4446
1431
4701
3431
824
3510
3994
3097
1609
3810
2240
1815
132
3857
727
1385
474
3669
4852
1421
721
2705
79
1043
3765
1049
4418
1042
319
373
326
4501
1275
3604
1204
3138
504
3251
2730
593
1272
3649
1429
1662
4075
152
2533
3372
4272
202
188
2260
2142
515
1914
1321
2846
554
4994
1144
2013
3103
2607
3213
2070
4630
585
4840
407
994
3029
618
4217
3588
2504
4342
666
1590
4418
1665
2217
1601
2004
860
4634
1555
65
3872
3791
3958
2615
2058
1183
1014
2039
991
1422
3510
3419
3807
36
2635
2482
2747
3523
4946
3361
3363
4182
3932
590
1505
2307
4662
4972
2846
1148
4463
1183
3982
4999
3103
4694
4086
3981
4649
941
3649
1278
3282
2950
4070
224
4805
803
3576
3623
2507
1279
3248
2115
3297
508
3389
4428
741
3903
2700
1077
3258
1565
3553
1654
3940
4154
3734
2456
4453
2379
646
4883
3122
2309
1180
3324
2029
543
4155
4398
1651
2507
404
282
2759
1174
296
3445
2668
31
2226
2939
2292
986
1081
1389
923
2801
3606
3889
775
3274
3334
2227
300
1140
3417
3917
568
677
3890
1755
2402
4200
675
2960
2642
290
3798
2662
4259
1363
3083
1647
700
1124
2595
1395
940
3884
4596
2191
444
700
402
1986
3764
3248
1392
2853
2652
1793
3593
2092
2155
2144
4174
2159
1380
908
3153
3866
668
980
4462
4190
1614
3406
4185
1576
911
1880
4951
2255
3220
3170
2730
638
3252
727
1623
2003
785
2045
2445
846
3640
2356
3781
3610
589
2400
2605
4404
4829
2875
4063
391
1614
3359
4870
2912
465
4852
1485
3083
4067
1568
603
494
1184
4478
1973
448
803
4879
1414
4465
2810
2087
3120
1651
4783
2594
2985
2180
2376
1053
2067
4971
1755
135
4439
3990
1501
4593
413
1664
375
149
2083
1913
1408
3059
1842
3889
2448
2670
3621
4162
1544
1449
4170
4497
1960
989
2789
409
4471
793
1751
4888
1283
3687
762
4110
2486
289
2108
246
1080
3562
4530
4160
540
2479
1083
2698
2465
4797
1988
1820
3660
4176
3995
1868
1514
190
3949
556
2079
408
4772
1169
905
3606
3344
2332
3531
284
4898
17
1009
3540
4800
4470
3367
2864
1344
2725
1859
3820
255
1809
4265
2848
1466
1370
1435
696
1896
3500
3933
1915
3041
2163
2911
4589
2145
1453
4054
1022
3100
2781
2222
1540
4316
471
1473
3009
2436
2994
1718
834
4926
1403
2896
1106
3131
2620
3290
4389
3745
4337
3000
4955
355
2191
3611
3614
914
1876
4999
4450
494
1470
3583
3488
2521
1840
3345
464
1938
3077
3910
2747
4558
3250
2829
569
4181
4608
3461
726
6
1521
4470
2180
605
3369
858
4289
1399
4208
2102
1329
1643
2994
1817
173
3959
3865
674
4049
3052
4073
3005
2439
4478
371
3740
843
509
4470
4562
2520
2655
905
604
4349
4693
2070
1327
2706
4598
1809
2444
2167
1904
3844
1924
771
2067
973
3907
3058
2433
4865
1203
2348
1088
469
4493
2350
2272
326
1557
4972
4943
262
4086
1068
2959
191
2236
743
4491
3236
1224
3183
3662
2669
3580
2431
3914
4515
2982
2154
4057
2316
3470
2869
4292
3816
2213
1071
3450
4526
306
3698
1553
1477
3131
2760
3700
2422
2208
1636
355
1098
3998
3473
324
4019
1966
1899
3041
1899
523
4894
2693
3974
1476
3938
3172
1344
60
2772
4999
584
1061
4078
528
4694
3848
599
839
4189
894
4344
1574
4055
155
4111
831
2508
1862
638
534
2333
1018
1713
4277
2756
471
877
333
1659
1062
4912
4218
498
2089
4285
3145
4523
618
4062
2758
1712
1169
1166
2275
1654
3635
560
526
4021
4104
4174
1880
2171
661
1854
3705
1788
784
1973
1423
102
705
2342
292
1313
4016
1973
3770
2339
4919
350
1194
2181
671
3488
1708
1695
4475
3059
13
1086
3068
1381
2455
4898
2634
2981
4130
176
3227
927
78
2723
900
1090
471
4371
504
22
4274
4355
3070
1975
4426
4483
4811
2859
4929
3636
2978
219
455
3296
1906
78
303
1000
242
226
1090
3895
2080
4593
946
4032
3402
2554
971
867
1597
1223
359
2586
3427
4650
1042
3152
1982
3611
3466
4712
205
664
1234
3112
824
3100
964
2786
1095
3377
2806
3656
4266
3724
3997
490
2119
4648
138
272
2478
3413
3950
619
3285
949
3454
4984
98
4178
1319
1848
2392
2283
4035
1900
2010
1299
3432
4141
4203
4011
1535
1596
790
1554
1457
4749
3679
660
2124
4753
4208
2996
3440
2992
354
4704
4347
825
447
4874
4582
3085
663
4286
3418
2750
2562
353
4079
2714
2330
3224
748
3371
2971
4902
1421
1379
584
1862
1579
4591
4962
4467
2676
89
4299
989
1943
1156
3890
904
1671
2854
2461
771
3727
1655
839
2947
547
2339
2808
1077
992
2537
4186
2708
1330
2853
364
4504
864
1707
1480
2206
2420
384
816
2253
572
1523
3265
3994
1120
3244
2113
335
1622
1714
3014
4734
4676
3062
2991
2538
1709
1455
561
1491
936
2683
2948
2031
2802
2823
4600
3804
3465
1543
1061
248
4087
3898
3279
3106
1568
4836
18
824
4955
2678
3605
3615
2034
3023
4916
3918
84
419
2285
3531
3878
3635
3642
4315
2133
3664
4110
4303
1570
2669
561
556
3690
1418
3563
2838
2789
998
1435
2743
4469
14
3044
283
3854
107
4776
1111
55
4122
1938
583
4223
3271
697
1425
3527
3377
2508
1569
2772
3232
3567
3128
352
3087
1455
288
3308
255
2917
3369
3698
2927
4396
4840
4340
3438
3466
4128
2484
894
2568
3487
1376
187
3900
2681
2070
4390
1796
2540
4783
260
3106
2352
1571
3441
3667
3220
246
674
1723
2675
2520
1949
798
4055
4706
2605
3400
3895
4131
1538
1727
3050
4262
1313
2578
3363
2478
1426
3844
367
1791
3300
3605
476
3595
3383
3108
4108
2942
2142
1409
4061
1374
2267
395
1871
3716
206
4737
3000
2337
2151
2222
199
2260
2202
1145
3532
2600
4887
2337
2675
2585
3494
141
1183
1578
2746
4731
3366
2454
2155
4854
1901
1327
2232
2764
4396
3106
4999
4503
3782
2014
2423
2846
976
2532
2679
2502
1949
4445
4706
3962
1772
2894
2565
12
2563
3913
4716
3785
3525
112
2209
1133
3699
2464
465
3944
1008
1698
1844
208
261
133
3783
4310
968
493
3083
3293
3124
3306
2038
733
1828
1470
3513
2457
4782
635
1141
1492
4642
743
4790
2492
3067
2087
841
3910
1639
4853
3801
3303
4804
3547
4359
2147
873
1534
3055
4813
3107
1047
2747
1604
368
3100
1333
4762
3096
1523
1685
2410
812
2488
22
3581
4166
2919
3379
3942
106
3025
2294
785
4816
837
2286
3528
186
4435
3154
4409
2298
4763
1280
2188
4506
3339
4649
4566
2330
2040
4354
2711
3800
2262
3899
1441
2665
2957
1922
3404
1540
1856
187
4850
872
3392
1177
3167
3052
831
3438
3279
4373
3531
891
904
4790
1754
1659
1241
727
1567
954
417
2769
2101
1770
2332
1183
4410
385
1425
31
423
2800
2824
2497
754
213
4167
757
4210
2364
2146
3876
3802
392
3701
2822
5
4068
2997
3164
2315
4528
663
2149
1402
2820
4519
705
3904
2007
941
4620
2534
3209
4901
1947
1854
2285
881
1425
2439
950
4928
3007
470
86
4418
363
2202
4615
1174
1554
33
57
2340
4332
1243
1403
1700
796
2249
340
3690
4291
310
278
4013
1414
326
2821
171
3138
2413
4787
3537
2623
4422
2543
4174
1030
1345
1948
711
2056
2888
1332
865
3413
2735
4979
4390
1631
217
4575
935
793
1650
1515
1628
824
4255
1802
651
4123
3563
2727
2452
2785
2830
2543
4581
1175
662
3536
4994
1633
2889
4339
4151
550
2668
617
3865
962
4782
4214
3459
1291
3638
2516
3987
2973
2539
562
1343
2713
2690
2359
2159
1719
2493
2650
937
3008
3544
1774
2938
437
4380
859
3410
1511
4844
1913
247
1632
534
1216
581
3791
3792
2450
4504
4611
4273
4203
3953
2895
2672
4143
2022
3439
4987
3012
2516
701
2513
602
4656
2581
3771
2545
4827
3287
3232
137
2599
3357
1600
1661
1977
2770
3052
1408
318
898
1123
3384
2776
3433
2415
4034
610
3486
4131
4180
2095
992
3378
3383
2273
2257
3579
39
420
4312
3003
3159
3042
4264
3974
2446
1248
489
3221
2095
2494
2924
1741
809
3892
1583
3348
2143
2441
0
1590
65
728
4638
363
1373
3423
666
2558
4863
1772
3656
276
1160
2521
3424
1462
780
4660
487
4781
2526
3407
1734
3887
101
2894
768
2627
3203
3140
4281
3018
4751
3667
3487
3465
3724
3191
1446
4927
3617
2708
969
1046
2439
2351
1781
2426
3677
3478
1598
1067
1277
2771
1334
3256
2350
2603
1654
3802
1476
3752
3069
4056
2828
2961
3999
955
626
3782
3025
4467
577
3930
1212
1655
4589
1575
1028
4083
3789
262
2979
132
3086
120
2728
3843
3506
2563
4728
3942
2728
821
599
699
4263
646
692
3586
4704
2945
780
3865
748
3773
486
850
4044
1069
951
4622
3615
4153
2099
273
954
3715
2568
2160
2459
4329
1529
4069
1463
3542
4341
4221
4637
3532
2801
2464
1468
2216
2242
2976
3114
326
2148
1362
4781
4560
5
464
3621
4146
2370
3030
3622
3683
2280
4729
1039
825
4986
1068
2296
2125
2000
2531
4228
4633
3449
4154
4730
1631
3719
2481
2903
4367
1835
3579
2619
1396
2737
1945
2202
3977
15
2278
3184
4160
4723
2910
2404
4244
3770
486
2095
1170
469
4865
774
1507
3380
1112
1600
3223
4026
1124
4517
18
979
423
2714
996
3096
1144
114
2230
2469
1331
3085
4906
3360
757
2370
2476
3073
3120
2366
2432
4466
1085
2014
1841
1943
971
3364
223
1449
2623
472
2442
1691
3904
1936
922
75
570
226
4859
3289
1053
4586
1917
838
1193
1175
4080
2090
89
3606
4342
4840
2089
2418
2420
721
1992
4960
805
1874
4433
2679
2058
70
3553
3360
3648
1808
2296
3966
1059
1194
3832
205
1818
4600
55
4185
1666
2421
7
4798
1647
3702
868
2086
3992
3624
4949
4493
3991
4343
1400
2289
3774
2488
813
1084
1926
503
3667
1356
1796
4782
4915
2887
2425
4714
2339
170
4938
2512
3497
1870
1805
2275
3426
4268
4497
93
42
700
3866
4704
2205
1163
3355
888
4784
3643
627
4085
4487
3283
2703
2832
946
1520
4492
3655
2911
862
2689
3405
4698
4881
4670
1577
863
1460
3816
3734
2623
4416
1934
3978
636
2994
4891
382
3622
3727
72
64
2754
2209
4504
1885
1974
4845
308
4308
4724
1882
1454
152
2395
4864
3700
2694
3354
4977
3514
3870
3623
1759
4952
2236
3830
517
3437
937
951
681
2965
2001
1603
1791
4904
3228
4006
1614
1535
1190
1231
3705
1238
494
2616
4714
2056
876
776
3174
1753
3379
2502
1291
2241
4385
1743
3288
4775
445
3662
4719
2521
3699
2522
4220
3484
1461
3457
2094
1952
2387
1348
2055
859
4131
3522
4299
183
4366
4550
2990
380
1661
1840
3538
1337
3041
476
361
276
4845
4151
811
550
1199
73
3463
4147
4875
1444
3193
2793
2238
288
1559
964
485
3468
3994
1086
666
953
3634
4111
3835
3952
967
2920
4520
3966
3740
366
1405
682
2338
4959
2663
4498
1845
1507
645
3981
2080
1329
2352
1311
1388
3803
450
3916
835
2075
2257
330
4394
1603
2545
2483
3031
3897
4999
4963
1647
1162
2737
3348
3534
675
872
199
3774
225
4226
3436
4207
621
4503
2086
1916
524
1118
4615
1788
2848
1593
3996
3910
3071
4055
2973
4182
4671
2985
4615
4153
1991
2887
1997
659
4331
4072
3468
2367
4999
2162
4295
3286
1436
1913
1190
1580
4747
660
1113
641
2843
1457
2737
1246
4173
2066
2977
484
4157
35
3094
1559
821
3354
2303
2552
3661
4272
2371
151
611
1385
679
4523
1393
3778
3294
3174
1034
1335
4417
4313
1485
3438
4255
1469
3134
4122
4682
3653
2704
1803
4290
2919
2038
1960
4364
1280
1377
3306
3500
2997
2269
4386
2772
4066
3743
4565
2755
3611
1585
2867
2987
2324
2355
1658
3927
2196
2813
4003
787
2650
4623
482
3381
2868
3531
4080
394
1742
145
1260
63
1808
1774
2215
4193
3837
3054
2674
4076
4191
3544
3228
4462
1272
1572
4815
3888
2559
1771
1581
2484
3117
3745
4884
1183
184
836
2260
4638
2269
1474
2539
3484
1408
3642
2493
3296
4793
4009
1153
596
218
3389
3489
2946
3617
3452
1900
364
25
714
4346
1731
582
4245
1238
1161
1242
4614
4644
1348
2445
4942
4914
3968
2471
2530
2310
1208
204
3971
4071
4093
2316
4531
3194
4994
2778
1599
1744
2478
1840
3646
3508
2217
291
4243
183
4696
4174
1361
4396
3080
4601
4349
2237
1442
1154
1259
2220
3203
2684
2808
270
422
4302
4585
688
4768
4650
3786
207
1973
2026
3542
1949
1711
3007
859
2189
3480
3035
2242
2925
1016
4298
1439
15
3064
1364
552
546
2316
3800
4736
3110
741
218
234
4927
239
4486
3235
2779
788
3898
661
1965
971
3000
886
4518
643
1046
4225
2532
4021
1306
4416
2070
4864
3816
4424
1729
2828
2755
1952
3538
4897
999
2600
3674
1895
4301
956
1380
1933
3358
2131
3735
4474
24
1016
887
1470
951
3987
2104
1804
1619
3508
2309
910
4220
2868
4534
2783
547
1013
1281
444
614
2200
4263
4703
2655
4632
4369
2280
1929
3376
1775
1099
4612
662
597
32
974
1630
4493
4589
4372
2659
3148
307
814
4258
2804
978
754
1186
1718
1620
277
3481
745
1040
2552
1829
956
4300
1487
1532
397
4661
597
3249
1004
2558
4486
3474
2159
4953
380
2263
241
3003
1672
738
1717
2500
3893
363
4604
326
1376
386
1788
4792
1766
3875
3988
3649
2840
3829
327
1681
4650
4064
3557
4228
2000
2824
2683
3169
1100
1957
2398
71
2903
3590
1464
3881
3284
3121
2430
4410
125
4518
4106
4631
4922
2216
376
1345
4731
476
4454
172
1847
3308
70
1414
2559
646
3986
2941
4567
3572
4687
2889
178
4029
108
3766
3213
1448
86
1900
3723
2200
522
1283
1008
4880
2413
360
2752
4928
4429
4385
46
3748
2284
3109
4703
1150
1172
4212
2225
609
4175
1831
2954
2556
1692
224
2952
1703
2447
1278
1212
1592
3541
4880
4707
4379
749
1
2380
748
3449
1216
2004
4783
3606
2719
4873
3411
4015
4377
2875
4822
525
1733
4537
398
1696
2515
1246
1017
1330
2413
2202
1964
4250
4944
3079
2115
4504
1650
2561
2647
2701
2291
612
4728
4384
2296
1672
3668
3363
4848
978
2333
2625
2992
546
1899
3713
1348
482
4660
876
1094
2031
2695
3446
3252
3278
75
279
3327
1391
2349
168
3493
2046
3409
3222
535
1287
4192
1017
1223
180
2508
4651
1138
722
4492
4787
129
1970
2715
4823
1367
1178
4332
82
3092
191
4032
2904
3611
1512
1682
618
655
1447
2153
1004
960
865
3674
3584
1118
1474
4804
4540
638
35
1502
1628
4527
851
3216
2763
18
3357
2264
3969
2999
1081
3177
10
1519
2412
4173
2028
2304
71
1233
1901
4040
4092
4156
1448
2482
286
2207
23
2758
4195
2020
1030
2083
1577
4209
416
2748
4003
3017
3068
1378
4394
4258
4404
581
4359
4371
2611
4726
1495
1852
3783
1053
1732
3791
2024
2111
4093
545
3799
2470
937
2211
951
2442
2393
1296
2774
3464
2605
1956
4118
4433
1569
4343
2593
65
3227
4856
1680
2581
4462
864
3841
339
4531
326
345
4760
1841
2849
1651
804
4282
2148
740
1662
4071
4623
1688
4969
4477
2280
2871
3994
777
4209
710
3529
3885
3535
671
4595
68
2933
674
2335
3297
3661
1648
3065
626
4215
2012
4433
1654
2338
4805
4856
3314
4220
1829
1311
3160
3933
1226
143
2455
337
1041
2578
1509
3176
4337
2804
3856
296
1408
4863
1344
2716
5000
2529
2026
2942
4516
4340
1006
3561
2203
1719
278
1359
2680
826
3980
4720
3622
1338
3016
3343
4797
3775
2254
188
2135
2695
2406
4167
2776
4224
2453
3429
1444
521
1453
1513
4931
3103
3553
253
2080
1982
3165
4146
663
1489
563
3746
1309
448
1655
2448
248
1611
4872
1997
4342
2605
1557
4380
2763
315
1611
1976
1171
3468
4557
1378
123
2347
2367
4641
288
155
2421
4370
2748
3583
3419
2634
2578
478
2451
4967
3558
1079
4984
3676
2706
4274
3999
2903
1508
2106
1566
408
2207
4559
2042
677
1266
2078
2708
4734
1542
903
922
4234
3815
1586
894
885
1375
4726
2821
2750
4422
4470
2750
2577
2086
3801
3707
714
2052
2984
2230
162
844
198
1254
2622
1601
1605
1577
2546
3413
4215
2268
550
3240
508
407
4038
4176
1917
605
1492
4261
4031
3006
4803
1299
2468
731
3488
974
2616
2983
291
4971
3579
3562
2871
676
3665
981
2688
3331
2383
2438
4609
3322
3197
626
4993
2556
2326
4446
3217
705
4747
877
4601
4062
1447
2508
3294
1703
3165
4427
1903
2573
3702
1915
1423
2342
4890
649
4728
4601
3976
565
3277
1673
3514
903
4743
2860
57
265
4232
1672
54
4557
4832
36
1912
1357
2681
1271
3907
539
3079
86
3804
522
1453
1551
3455
854
405
3619
575
1131
948
3529
3922
1263
4595
1353
3637
3629
1348
214
4643
1578
3942
2897
2498
4515
189
1156
2496
2956
1285
2223
2106
2178
1539
2380
3285
3521
4631
2637
2902
4984
622
3153
3207
4449
4907
2422
2250
899
2478
2201
2261
4787
498
1031
4652
958
3867
2915
923
2677
1154
510
1129
2694
4051
4376
541
3117
3848
2380
3368
4023
4396
4634
510
3063
2224
2394
1643
2424
3380
3507
1799
4920
493
268
414
749
3937
4020
2838
997
953
305
1276
4961
272
920
4559
4947
1619
4353
493
4249
2219
1093
3800
2627
477
576
2790
2634
1346
3675
155
4965
1164
2897
2809
573
3971
1504
2947
3924
2733
3871
1784
2346
2688
3303
514
3412
1733
778
4553
689
4342
978
549
1665
4530
3647
1082
4316
4060
2560
4363
4193
1022
1504
1039
82
2528
3126
627
616
1996
2346
913
3765
240
3739
2215
3584
182
4985
4781
4715
3365
4025
1855
3468
3885
2180
207
3463
2150
895
1094
1177
4890
4982
2041
1921
772
4122
343
2379
3260
4366
900
421
1782
3551
4932
1550
2732
2326
2167
3113
3055
4375
54
431
155
4191
1477
320
1791
3213
1391
2418
4256
1817
4512
4648
632
437
4395
4534
360
2074
4268
3417
104
2221
3595
4780
1194
1299
4860
2486
22
4520
1724
597
4441
3107
428
1834
2134
846
759
2653
1427
3426
1603
983
4208
4813
3500
4241
1081
3871
1736
1504
764
545
1613
898
756
2401
162
4213
2080
1177
1193
3023
2923
1129
2721
283
3337
3026
840
2591
2646
4528
2558
2705
1229
3704
1365
1269
3122
2321
1774
1850
2565
1636
1905
1904
371
2404
4055
797
1200
2336
465
2433
3143
4135
1545
4019
306
2379
2022
3772
2790
3689
3486
4302
3294
2347
1810
2175
3084
3122
1411
1256
4123
471
3167
2446
1823
1671
1132
316
1735
2051
3180
1544
1538
103
3758
71
6
1471
4627
4423
4719
698
1614
1171
3998
1603
486
1375
4987
2903
2178
3124
3105
1944
4900
4244
543
3840
3528
4238
3048
2842
2078
788
2733
1971
4236
4592
2243
3679
4936
77
1406
1752
4483
109
3386
472
1401
519
2017
2101
2423
306
4760
1282
4409
2323
3995
4178
1970
2022
2362
3782
3614
1607
1127
3265
4688
2648
670
4253
3765
685
1837
2685
592
4343
3471
3617
167
3392
4564
3382
3746
3989
1741
3574
1240
719
748
2014
152
1903
2082
4422
1750
4829
1870
3297
1930
4893
473
3275
118
403
26
728
581
1840
4466
1769
4861
3775
2734
1031
3064
4840
2627
727
2245
1423
1712
1224
1967
4543
4331
1601
2036
243
2998
4768
4278
847
1919
1938
2474
4765
4103
1020
2174
3335
178
4866
2896
1579
3946
3567
4221
3161
2764
1232
4141
4623
4921
338
1855
2165
2259
307
4172
4029
4623
3013
666
4089
2368
3561
2239
2313
505
345
1137
678
1172
2476
4739
4432
2121
3669
4196
910
4318
3501
4512
1553
592
2870
4605
2600
4048
2378
274
3208
1900
813
1871
2818
2962
504
208
3036
1755
3389
3125
4105
4452
4213
4317
4547
4768
1200
478
3505
135
1313
1330
2322
4933
2473
3422
3713
3764
1356
3546
4968
1029
744
1600
840
4707
3779
2496
1556
473
19
3267
1147
41
3549
2731
3736
287
2881
2964
2303
390
1810
1838
3183
4312
2858
1164
4551
1161
1489
2881
4925
4559
1077
3122
2095
1286
568
4942
2807
3480
3311
3523
2868
1641
3614
2307
2377
3002
1153
3394
693
1349
595
3974
2846
4508
447
1082
2968
2020
707
2998
3632
4341
4684
114
1089
3160
2710
3499
4420
4836
3300
969
2144
446
2383
4397
124
3551
4719
380
4735
2965
1422
3463
2123
3710
1071
3585
3195
1637
2490
3038
3313
3077
4977
826
3911
2672
2698
350
2019
2443
1071
1997
4563
684
2033
2590
1706
370
4628
808
3963
1223
4242
1897
3629
4213
1581
4224
3406
4379
4096
2639
4832
3858
3543
4249
4038
4347
4797
550
775
531
4790
222
3245
1424
765
2458
2791
879
480
1350
808
4954
3824
468
1507
4556
4508
704
4861
3265
900
1632
3585
1530
3949
3638
3163
4139
935
1116
3804
1080
3891
4972
2127
833
2836
2291
1651
1424
3309
2134
547
4440
4955
902
4721
2602
4784
1681
4857
2190
339
3785
1516
3964
1807
3237
1152
3961
4026
4896
1423
4119
2347
1503
4230
1075
4897
3988
288
2266
837
3138
4901
2695
370
3910
4938
1399
1335
2736
1593
4070
1683
2806
4680
978
1856
2345
2958
3173
2863
4234
3285
2857
817
3097
449
3653
1267
657
4122
3281
109
1476
1121
3276
3958
4307
4156
3127
4713
4399
2459
2590
940
3947
2997
425
3079
1185
4610
4391
4301
2646
4393
996
2686
4423
908
4966
544
1596
3813
528
651
3904
1050
3770
2701
1963
192
2736
4104
3129
530
3449
2505
4020
1847
18
704
4982
2113
1075
3754
2918
4667
3660
4089
3869
3111
2115
1619
726
3486
2412
1235
4939
1905
1546
2927
2875
2570
495
645
3137
4470
3070
3960
4719
1177
475
2195
3654
4159
456
895
3477
1171
2616
4667
2944
3424
1436
638
380
524
4646
4270
4513
4066
3659
3500
1844
680
579
4842
2042
1604
3755
1759
2335
4488
1003
2672
388
4528
3555
253
1378
2846
108
987
4157
434
2668
4782
338
4633
3806
1774
4980
1612
1581
1575
1432
4975
4766
3390
288
1327
615
1975
1120
1278
62
2475
1317
4130
1715
2520
3707
1661
1762
3044
1331
4039
3396
2946
496
4022
281
3874
3038
479
52
2869
2516
1866
3595
2266
1038
3618
2236
3184
534
3515
80
2209
1659
3373
4073
1498
3990
710
3497
1457
1393
4591
345
3702
1067
693
3058
1133
4023
448
3347
1571
3403
3471
4449
3595
4713
3736
236
4462
1034
3087
3144
2277
4105
3155
4321
1808
815
4960
1707
3193
2614
368
4149
1461
1267
2537
2892
4692
4920
462
2017
263
4773
4524
3317
2097
1121
353
2629
3225
3419
1285
2899
3463
4749
1538
1915
2068
4810
1152
996
1585
1903
1263
4931
2871
1562
4239
3197
4601
3554
4093
3932
2929
692
4026
3842
2261
1879
2010
2913
4528
1925
679
2085
365
1076
1904
4927
316
4222
1863
3040
2810
4138
999
1060
3570
269
3971
2615
4045
1068
4538
3293
2870
743
770
521
2364
4311
3955
4764
175
3653
3956
4345
3270
1888
4866
4501
4405
4783
857
3764
3187
1229
1177
4510
2793
3413
2776
1652
2643
223
3969
1900
238
4892
2336
1468
1609
523
4822
447
1353
3305
2211
1107
2833
2802
1301
3532
4335
3153
606
4320
4249
3494
3613
1856
4257
1988
3548
347
332
1904
1691
1518
2871
545
2651
507
3068
3214
1135
2369
2652
2201
885
4441
315
4778
1289
2845
831
4067
1586
1595
3016
3452
4512
4411
3282
4463
1941
3288
4390
2398
3140
1106
2357
286
770
536
4030
591
3135
2954
1597
170
267
2783
2240
247
4094
397
3916
4090
1851
2618
3871
4731
1783
383
4201
2263
644
3498
4127
4493
131
980
971
4686
3357
4255
271
543
926
1289
3859
971
1987
4287
4479
77
2122
2112
3181
1559
1904
372
3077
4926
4244
3263
1988
1178
3182
3368
3754
3083
4192
2924
3910
4000
211
2053
4833
2874
1979
3876
723
2867
4437
4752
4205
1274
2564
999
135
3091
4712
2008
2009
3773
3761
4368
3519
2931
4142
2677
2887
3332
2620
3315
2998
2165
2784
1303
2321
4076
4777
1137
2782
1679
330
4112
3253
2043
697
4183
441
3023
355
3109
1848
1281
1513
31
207
1619
1015
4090
4979
2989
4477
244
159
1935
395
1996
2295
3088
3900
3819
4598
4079
401
3750
2116
616
3619
3714
224
2153
4102
3111
2907
306
2465
4141
1440
1238
178
537
1410
1044
4684
3822
4967
4033
3794
689
113
451
431
4965
4974
2982
2555
4674
2892
3023
1587
1246
1311
4053
4921
1318
199
3023
2756
2759
491
111
3445
1105
1750
1200
2043
3518
3734
748
1296
4427
25
4371
4719
669
1513
4757
4686
3667
3512
1088
3857
4567
1117
3286
4021
2073
3947
1944
3803
3812
3916
3170
4428
19
3266
3426
2673
3844
3502
4320
1563
1641
4590
1385
2512
3732
4974
2808
4315
2797
610
120
3826
2685
3826
1851
3480
2293
568
4288
1754
2672
1805
3244
2579
2620
4979
4067
721
1895
292
2728
3174
1465
535
3986
4583
59
3916
4976
4070
1196
3759
1153
4453
734
987
3869
3814
491
4669
3550
1841
2829
3029
4193
1818
3435
4345
3125
2509
2608
3520
618
1849
2955
1090
1726
3478
2287
213
3356
2200
4814
2006
1888
3945
2072
606
4206
4374
4478
4116
4743
2599
3635
2924
67
4025
1719
1699
3474
3598
3783
4540
170
3224
334
3098
1147
3279
1533
124
2879
3877
577
3364
1064
2477
3548
4820
548
1454
4615
3331
1081
2359
25
1419
3067
2517
3411
3770
2279
1023
2167
292
79
3673
732
3258
3716
1055
2098
1954
764
213
1556
385
3603
4529
1590
1211
142
3515
4052
816
4913
4817
3250
946
2669
3275
710
2198
2324
2527
3697
3004
997
1
2884
3585
224
1282
4061
237
2083
1237
3823
1111
3543
3541
283
4536
4756
1219
3819
1858
4625
4936
2226
395
945
4760
1678
2220
3803
3781
2811
1513
1612
940
1161
649
256
142
847
4006
4170
169
142
229
1794
2439
3538
2215
1564
2658
3680
2217
1960
2722
155
2476
4581
4553
492
1055
81
4199
3499
4559
3148
398
1102
3999
4890
4147
4353
4326
3523
4897
3233
3383
3332
4846
3794
3082
1964
1954
2023
2659
3243
3934
802
1715
4043
1919
2893
1701
1466
3189
4843
3890
2312
3258
2515
3406
894
3768
1620
2461
3074
3940
1323
3010
1256
435
589
1418
2394
2729
786
4054
2170
2878
3980
958
662
830
4169
4102
291
3202
3353
633
4248
1984
4884
2469
3992
4419
1737
4456
2566
3087
4301
3251
2260
3057
382
3651
3598
1704
2567
3896
3856
3382
420
1093
3555
777
2468
1174
4231
3002
3771
3343
4096
1125
3898
4717
412
3283
3763
1635
910
1379
4761
3928
3045
1899
2655
2969
600
4508
4421
3661
1276
2237
4144
3265
3095
1521
2090
4342
3144
4082
445
4767
4459
3949
4990
2336
244
1272
1088
4970
977
1507
435
2249
1199
2347
2614
4585
3125
3924
4193
4613
4784
4323
4115
4477
2210
2264
2141
4064
2758
380
3156
96
573
90
885
4417
437
3796
3176
1463
2656
3804
860
2958
4592
3419
34
3009
3857
72
4611
2925
3194
2067
3666
718
376
3647
2917
1090
3067
456
2241
3818
3598
4343
89
2904
4848
3917
1320
73
333
4667
4886
4991
1459
1847
3992
4467
2708
1671
2241
2346
3473
762
4657
4215
3675
911
2072
457
4277
2535
4532
1470
936
3894
472
4450
259
1477
978
778
3742
2096
4110
3462
455
4323
1307
2121
281
2613
1719
2147
2778
4086
1062
2983
108
2212
4077
315
4991
2757
4696
3781
4388
631
3596
796
1139
2035
3351
3404
3202
519
3678
1529
2707
4932
2857
1014
4997
1702
179
4144
4318
4724
2105
1639
4955
2941
621
3225
3558
4944
2996
1771
2602
940
1661
2704
361
2583
4556
2203
3487
3991
2348
1756
2644
3218
1856
4330
2451
2831
5
4524
4599
2194
167
1645
199
314
3184
3575
566
2698
3368
4341
1011
1290
1509
2042
3001
4150
2118
3636
2650
2992
1261
3341
4347
1143
2218
3476
2111
1213
1558
580
1526
1333
4379
3277
830
4953
1485
1527
2953
3037
3606
1372
2088
4971
3087
1832
13
4316
3969
4283
2521
3932
2308
1819
4358
428
4652
2478
1063
4524
1823
326
3838
3795
1285
2711
631
233
4570
4655
692
400
682
3156
2250
4162
2537
270
811
407
1421
2786
2219
4563
373
1951
1033
2573
2081
3446
3016
1893
2772
2800
2876
4868
4474
3634
3983
2140
2393
3111
728
1768
4447
145
4769
2157
2755
3223
4610
4004
895
3347
110
2117
103
3206
3832
3622
1053
4897
156
767
3852
919
739
1491
1221
2072
2076
2543
3704
497
1035
2504
2561
627
2383
1076
743
4484
3972
1963
3506
2313
770
2645
787
849
4347
2159
1736
3657
1994
4060
4890
4372
3271
3597
1243
1393
4095
3487
3073
3700
720
3887
4004
483
254
2187
3760
358
4419
4156
1472
4687
2172
3164
2375
3059
164
4970
2998
3899
3067
2070
805
4387
2211
2069
2753
3616
1336
3348
2743
2371
4866
435
1602
4537
2148
1519
1476
1589
1239
1227
758
1365
381
3968
3476
1661
3559
975
2743
4384
711
1778
1827
521
4954
2370
4398
4280
3580
606
2270
2589
2604
3663
4114
363
1436
2808
1506
2251
2654
2090
2410
4329
3930
1181
3306
2021
4212
4862
4726
776
479
4791
2776
3788
923
4436
3795
1510
2336
2830
449
1387
2511
711
1380
68
1051
269
246
165
1951
2990
3954
3288
3551
1427
3301
4517
4160
2257
1489
4491
4448
2298
3939
1373
4916
4084
1970
3088
245
2339
3012
1134
2735
2941
1964
3273
4727
2924
1704
1416
2112
2001
1441
101
3149
1248
91
3623
3983
1494
3601
2193
1071
1374
4767
3205
1737
4500
1588
4506
4575
3350
4871
2310
3632
3754
1618
2544
2289
477
2345
4702
3212
3408
2614
762
1817
3170
4054
1441
1466
4538
991
1761
1210
3064
2001
4090
1675
4446
4533
4783
3552
549
730
4752
3104
3779
3964
787
4655
2757
3183
2169
781
3841
171
3440
3743
10
3814
3851
2772
3317
2567
4540
3955
107
2140
3840
4404
1960
4182
4680
1594
4469
618
496
1962
3768
2325
3039
1211
3591
2849
933
2514
736
4509
1537
1627
3318
3223
4718
1581
127
2244
3028
508
4848
3719
1333
3676
4300
4462
876
3502
4961
3165
1804
3911
4339
1008
1019
3251
4919
907
3643
837
1325
2140
2248
3407
3053
1608
690
4200
3258
3817
3655
2865
2575
4068
3714
3141
3567
2933
1726
2603
2140
1507
2505
546
3533
2322
3827
3318
3868
1973
647
2872
1033
1531
3069
97
120
2345
2202
1365
4020
3064
1758
293
2142
982
78
3221
1416
3016
2740
762
1285
790
4722
3420
3668
3845
2152
4539
2417
645
3072
2340
4313
2641
998
2848
3664
3936
4092
3291
1322
3564
1256
2264
4844
3485
2404
951
1613
1092
3907
3600
2199
4772
2876
2459
3773
4950
2512
2628
687
3863
1111
4529
4352
2085
3303
3633
639
2292
2818
4287
1782
1576
4733
4335
4609
4247
1354
1542
1367
4413
663
2904
3181
108
472
2643
1063
3912
1388
1721
1692
1183
2770
4357
1033
1125
1859
952
1262
2135
3793
2941
2273
522
2611
3049
4572
2572
1132
24
4279
4458
772
846
4166
1919
760
4437
2775
1438
3684
303
1080
2350
1747
99
2736
814
4186
2359
292
4162
1818
4588
1433
93
2360
1599
250
4259
1806
321
2729
2708
2495
4680
4419
1379
656
3082
3500
2474
711
204
4298
240
365
2090
1881
3576
2520
2678
1296
673
2314
4289
4410
3866
1125
2960
4863
2693
3642
4219
4775
2195
291
2195
3668
4131
3842
3063
278
2571
2725
3800
1708
4511
1864
4148
1787
1277
4989
479
850
538
1941
3357
880
4471
3873
543
3536
2997
1188
4091
3396
1225
3120
2114
3052
93
4721
4780
4097
3532
2526
1294
2331
3347
1930
92
2140
4024
4654
117
3425
1948
2993
3743
721
4524
2335
2775
969
4545
4274
3862
3849
240
3658
223
506
3435
3414
3461
3008
2602
148
331
157
4725
4558
1751
956
321
172
2623
3228
1127
2362
2293
4127
3296
3142
2855
606
765
147
3892
2807
1355
1952
4838
2206
1804
888
4570
1232
580
4191
4956
3039
4674
490
436
4113
4399
731
3418
3983
4126
4474
2205
3868
4017
2100
4205
36
3185
2979
1516
1833
2445
235
1931
3185
617
4570
4409
3430
886
3971
4215
868
4005
4652
3807
2386
613
4400
3695
1648
1003
3384
3750
4959
2708
2030
2350
2519
2677
4817
3464
4150
418
3982
1000
4208
1323
3897
1831
1743
842
380
2631
3417
2648
2065
3223
3572
3138
121
3012
2205
2552
968
2013
3964
4214
1755
911
4790
3901
4980
2276
741
4420
2752
1686
211
3234
3928
4743
3785
16
1029
4469
449
4195
3726
4182
4086
1842
2713
4325
3406
4660
1189
446
4788
1498
3011
2681
4446
435
4352
1858
107
468
3124
3396
997
607
4588
2211
1392
3916
1062
3270
3834
3708
1960
2879
3366
3787
2775
3119
1488
4279
945
3507
2409
1958
164
1354
3586
1334
1589
2744
1361
3813
1833
3625
1663
1603
3464
3462
1451
4783
1927
3367
1540
561
1763
2246
3300
1342
883
221
909
3974
3609
713
3018
2166
1147
1438
2010
2966
661
4358
1621
3187
2672
2
2642
1326
2128
2339
1253
978
4218
4224
3340
3287
3572
700
1576
2113
172
1094
420
4649
1492
2229
1703
1259
264
4810
2367
4429
2609
475
2976
2155
4815
3529
3935
4286
2828
3072
777
2804
3172
4265
81
1265
3819
1101
1537
1717
2488
3888
4721
4079
4807
3
797
4940
3574
963
2866
631
2366
2976
2045
1360
1751
4874
1829
3580
969
2806
2240
212
2306
1390
3451
1019
449
1873
3296
3460
895
580
4506
3798
3093
2433
114
350
4705
920
133
4874
2181
2678
2341
1509
4872
4021
4330
1745
1431
3444
103
3823
4315
1878
451
1759
920
2184
2251
1016
1170
4297
2417
2502
707
3058
1336
587
1677
836
4150
157
911
2487
4005
919
3212
1767
4270
3716
4035
3077
1878
1613
1450
585
593
2738
4080
1314
3227
2221
852
4301
3695
2484
406
82
3142
3442
3286
2883
1506
91
4186
3621
4943
4123
2885
3396
4602
4962
1276
2988
3866
1682
4942
4829
1857
2330
4950
1839
3749
4873
1381
4994
2261
1903
1268
1016
865
4955
3500
1457
4628
4635
933
2369
3119
1035
288
3841
4674
2807
2549
3042
2244
4872
3736
1508
2933
97
2573
1480
2877
452
2545
2784
3365
3861
1591
1163
1151
3549
2886
2188
4843
2154
4333
1060
287
3540
2256
3886
4290
3333
889
4935
1332
1978
593
1282
3110
4606
1123
1053
4724
4481
3283
1046
3614
4903
4899
2537
1130
3066
4403
738
2701
1560
1001
2297
486
4095
337
577
2029
1698
4820
2417
4592
2505
2225
2179
1926
3656
1431
2442
2347
993
59
2818
2976
3207
1072
3906
1592
1062
744
3881
2153
2780
210
3400
4245
3358
3678
4820
2468
2949
4694
4962
2269
4137
3115
3640
1474
4395
3437
3467
3017
4223
2694
4565
4286
2738
3209
4146
493
2766
3904
2171
1339
949
3152
946
1173
2473
2822
1415
3488
587
859
988
744
4063
1407
1896
4582
3281
3420
478
408
2243
3563
4878
484
2271
3807
3444
3630
406
1776
1725
1817
3698
3658
650
4447
3199
1716
3445
807
812
4960
4581
328
3075
3126
4472
2630
3228
4838
850
2388
2188
1555
2149
2731
446
3203
2641
4114
1663
3812
2559
4200
4502
3274
2738
3887
4250
4799
3292
3667
4602
2022
4459
92
4695
179
2780
2868
4240
432
3700
1350
2826
3552
4825
1127
956
8
2537
2393
1144
540
3391
3339
3580
2201
3161
3283
4436
4856
386
4744
4622
3996
3248
2543
4071
2270
101
1077
3678
1965
2925
4881
2131
4387
13
296
1984
580
4708
3916
1503
3672
3257
4735
3377
2339
3556
1731
1385
1439
3621
3364
1056
4244
4890
515
3200
3768
3108
4192
4435
4852
4655
9
4171
4137
137
2793
4881
2760
3768
1054
1840
3519
2988
4440
3114
4954
3527
4852
4610
1684
1531
3070
4211
3816
4575
3763
3935
329
731
3115
4515
648
1727
4974
2594
427
4724
2094
159
1317
3753
4066
3046
4120
3817
1198
460
4350
4118
4520
2601
1095
4399
2020
3405
2753
3575
2203
3760
2511
3405
4189
2355
4645
4339
2878
535
3980
4589
216
1754
3195
4726
4793
3445
949
2761
4399
4738
294
310
3245
4481
4689
4577
2068
3761
1244
4150
3184
2439
3948
4131
3462
3542
4781
3942
2626
3999
3340
166
3754
3768
1704
1351
3578
1275
4647
2919
2691
697
4269
4339
1049
3535
4882
519
2981
2523
4558
4214
2451
720
4095
1803
2980
403
696
2068
1180
3835
4114
3315
516
2099
2172
2648
417
3210
972
3666
662
1727
2753
406
3297
1069
1097
326
4044
3079
2413
4726
2569
688
2859
4195
4269
1336
4178
2103
1318
3674
3290
519
4270
729
4077
4669
4568
4396
835
2566
4370
2468
85
749
1208
3912
2574
3357
3560
1107
2093
3318
954
4208
2423
2224
2325
1568
4903
2859
3250
3396
67
1263
4237
1334
4917
4596
364
1784
1037
256
4354
2262
1772
1963
181
1526
985
2232
2171
3110
4800
4460
1616
896
3581
4825
4607
4115
1591
654
1368
3377
3497
4988
4822
4738
1250
1277
35
962
1032
3512
3649
2257
1422
440
3121
844
4872
3826
1767
2050
2921
1124
495
3393
824
3273
360
3454
1576
4640
2092
4924
4060
265
124
2357
948
3279
1584
1725
1470
4417
3632
2611
3333
1408
1815
2023
2934
4507
874
4124
4392
1033
836
1201
1201
969
625
1174
2681
4985
1039
4070
4054
549
4308
1715
2669
2179
1365
3771
1523
4762
2321
4535
1075
2616
2329
1628
1119
4278
4822
1478
596
618
4038
377
4846
1151
4919
882
2537
2421
713
4249
85
3148
109
920
2131
3896
1127
3608
1038
443
4737
3465
4954
4389
3382
218
1830
4720
2507
4714
3684
1263
2427
4616
2607
3840
3586
3868
4344
2488
2299
2097
2570
3710
1307
1140
537
1229
955
3739
4278
3944
2761
4648
3270
2767
2429
1453
2943
1998
3408
1364
254
3389
3816
3351
3336
2370
1318
3995
189
1225
270
394
1200
577
824
74
2089
2910
2525
4452
1564
3978
3566
3115
3426
3472
4661
3753
3046
3649
333
921
1337
991
2884
3445
2871
3615
299
1912
567
714
2689
1757
4386
679
4460
1532
2800
4139
4586
3758
4600
2922
2378
3437
4843
4734
2759
2656
1336
869
3649
2049
291
4740
1068
4978
1633
3997
2912
3269
3089
2610
4859
4616
1549
32
1470
3899
2581
4365
3675
4530
4778
615
3197
787
257
2823
2166
4831
3698
4169
4500
1028
364
4050
1797
1871
4091
4512
786
4005
3907
4782
1974
2294
4730
2612
2311
2663
3470
751
3461
2794
445
3028
677
4615
4655
3183
1469
239
1049
3399
433
4572
2995
1612
1426
2684
2894
3279
4545
788
1200
37
3916
3573
2557
1954
4339
770
645
4171
4395
1873
2519
985
4764
1338
2047
1786
801
1329
4415
4209
4852
2687
1727
4511
3440
735
184
952
3532
1972
2231
1723
4405
490
1511
4410
2512
1311
1503
2878
3280
4305
1925
4281
4840
3809
350
795
1540
719
3439
1159
140
410
1582
2313
3193
696
176
4836
825
455
3769
1155
3691
10
4097
2493
1470
1769
124
4793
315
3223
1723
1204
755
1337
1857
4809
3085
2870
961
330
2269
704
879
1507
2907
3555
2031
2337
4555
994
2089
2308
979
1277
2068
4798
3193
3982
2548
4055
4905
1348
2818
2067
2553
3578
512
739
2495
2368
2809
2411
971
1837
3678
4355
4771
3041
16
2550
2709
2752
4978
4585
274
3705
621
372
1227
403
140
2283
4082
2534
2855
897
511
4734
1176
49
2218
894
1109
389
1009
803
4283
2160
4428
4481
2162
2800
3287
4049
4573
4508
458
2626
3934
3260
4715
431
2542
4949
559
4987
1096
253
4545
4667
122
4312
465
2562
1477
1080
2247
778
3387
1707
1489
1510
3858
4379
2499
478
496
1908
1501
1086
307
3618
1341
3346
2440
1966
4158
657
651
3839
3932
2058
3430
2561
3294
2799
510
1540
3177
1376
3806
1311
510
1823
1451
3365
3475
4776
4283
830
4153
1907
3265
774
4420
4979
425
2421
435
3896
664
2058
3008
1144
4693
1309
4359
3043
490
1700
947
2479
2101
1188
2883
313
1076
1913
1953
2554
4978
1969
2883
3381
461
1444
4885
4012
32
4830
974
2992
1561
1895
1395
2321
2036
3096
492
823
3296
3682
826
4293
1526
3524
3781
2749
2624
4083
4392
2190
2660
1957
2296
4725
1318
2277
2471
3089
4761
433
1049
3062
4812
441
801
826
2245
3820
2942
2708
776
66
3398
3343
2941
4746
4192
3352
1889
1221
649
997
247
1483
2485
1183
2225
4441
3060
2517
2728
1161
1106
3903
3640
3637
438
4814
3421
2353
1426
4096
821
3431
3354
4283
2808
4314
4730
2827
3535
4336
842
4142
3784
1734
1079
1230
3290
1623
1315
3874
397
1399
3993
2560
1091
4174
2972
4175
46
2527
3792
4356
4140
575
537
4026
1694
1444
4228
96
1697
3493
1178
1187
1784
982
418
4011
630
1702
3091
1563
4166
2104
2864
4834
2132
271
1327
2541
1523
2343
2023
1005
2271
4089
4306
1457
3827
4909
1671
676
726
3176
1644
2394
4524
1316
1676
1957
2348
3551
1438
1014
219
4252
623
523
3691
2659
587
3044
1912
2151
2868
4029
2053
1323
4827
274
2739
828
1420
1534
3922
3819
1710
2763
731
1050
2370
139
3414
341
1048
3137
4374
4113
4859
2291
465
3689
4074
1851
894
4120
68
965
2956
3085
3824
2542
4345
4297
372
2306
2216
4079
1358
1254
3385
1859
2695
399
3303
3498
3256
4608
2457
2345
136
2294
3783
2182
3492
1655
4654
3514
3710
1638
3750
4117
1950
4405
1920
3258
2035
4159
4528
1772
2377
2102
3546
4290
1306
1875
3211
2544
495
1187
2026
2753
1113
1740
3038
4347
3781
3924
4070
4907
3027
2736
1617
1010
1856
984
4173
4895
910
4755
1970
716
1172
3444
4078
2183
915
295
3713
3503
4169
2578
1339
781
1264
721
1484
2321
687
1372
4941
4341
586
3638
1875
636
3683
1597
2771
2960
1899
1522
2999
3451
3216
8
2440
4127
2794
1674
364
1771
756
4270
1649
1503
4895
3785
2629
3156
1572
587
2908
8
1606
1006
454
1895
3810
2806
3427
1783
4659
3867
4775
2822
1547
3871
1839
4804
2095
923
2767
2767
4467
3793
4403
3258
1610
2000
922
2635
3729
1105
4522
3650
3159
3762
1559
2247
247
4290
2163
1472
788
2787
3792
1457
238
581
88
1026
2945
823
3567
2907
2927
4609
358
1455
905
4644
3665
475
989
3540
456
168
309
4900
566
478
200
1128
4751
4941
4418
415
2802
249
1482
76
2613
1080
478
2097
323
4561
2999
4451
4248
931
4030
4387
4817
287
2178
3978
1991
223
1241
424
2918
2098
1292
489
2316
3700
3379
2518
4025
3575
2819
556
3317
2771
3115
4405
2871
3545
268
4311
4935
81
3803
2787
1276
2877
4458
2258
4670
1370
3897
3050
1217
4641
3841
2064
4481
305
1799
1616
1696
3502
1700
914
2757
1814
1696
3627
4693
4324
503
3466
4536
2818
2052
853
4735
2597
499
3756
2318
4796
2151
3283
2505
4254
1540
2060
2570
3621
3519
1688
212
1153
1201
4714
60
3383
1126
1210
4970
4365
528
412
1301
1740
1055
3966
311
3472
1174
3610
2074
3601
1174
549
3562
4961
969
4419
3002
4740
4585
4348
2203
4016
2695
3947
2850
1733
3112
4502
4223
2437
1845
2840
3284
335
602
3546
994
4151
3566
4978
189
1247
4687
2021
4045
1909
655
674
368
2030
249
2545
2462
1560
1734
976
2329
4692
1930
140
4114
365
4541
2556
4615
632
3116
3768
233
727
4644
2936
4183
2176
3788
1834
249
2796
97
267
2584
4573
4251
1632
4967
130
1308
1232
4257
2215
4535
1642
3216
3852
856
1193
288
120
3038
3050
3470
1221
4668
3988
4621
783
3633
1897
4570
200
3597
2210
2997
2502
4374
2396
588
2610
536
3029
832
1211
4866
3212
3274
3072
292
1916
3589
2896
2746
3583
2042
1323
3490
2000
1651
2933
1153
1209
3580
897
3004
3264
1195
4110
3030
2214
2925
2139
2275
2197
1762
3689
3429
103
2155
4315
2278
4126
4248
387
1512
1953
2159
4553
1640
1593
523
3013
3875
4271
1293
590
4243
4842
1575
3310
3811
2224
2965
4176
2373
3178
601
428
3281
3175
1088
4874
2586
4591
1268
2496
2941
503
2474
48
1179
2810
1715
555
1975
1730
3326
1159
1132
3968
1580
2215
135
4616
4151
1345
1739
1708
422
4491
1884
1916
3346
2051
2883
3420
2459
1532
2950
4801
4360
2366
290
848
4747
901
3809
3228
2453
4354
3662
3957
4800
2596
1428
3952
4990
264
3811
811
1621
2694
3719
4600
864
1032
1551
1576
3546
1560
4274
3809
3725
1760
2851
2035
1896
1289
3955
356
2029
3591
1512
4919
4355
3060
2876
1126
3472
1496
1875
1661
396
288
3469
4257
2313
1079
2024
4394
1152
2009
3313
1493
3071
2676
2984
1539
1430
3688
875
2395
1802
1706
1932
2242
931
1467
3740
929
1350
4491
2926
2032
3830
1746
4055
3048
1250
764
408
355
3365
4871
3332
2061
1310
2107
4466
2145
1605
4417
342
1416
256
1915
895
4591
2095
4610
1658
737
3833
269
2398
833
203
1983
2519
2321
66
2330
4974
2539
4624
4719
84
939
3982
3875
2459
1585
4550
4015
53
2750
1347
2622
441
512
2936
4604
2598
916
1767
3797
2006
1469
1481
2012
2186
4667
44
1277
1329
4237
744
3772
426
1404
4004
4307
3241
1492
1082
4166
1627
3857
2296
3056
4334
326
3743
4143
759
2124
4343
901
4348
1399
1809
3112
1214
1720
3131
4177
1924
2009
957
11
3679
1979
2322
134
2263
4373
3699
3312
3400
2122
1566
3059
3216
2247
3055
2129
946
2653
3584
1100
3714
953
4824
4628
3224
2229
2546
2629
2175
1489
2290
2908
2150
3484
817
1843
665
1333
1500
3503
4717
2129
1012
4094
4536
4641
4997
4244
2975
1517
3160
1159
1533
1446
2408
963
4003
3319
3182
121
2553
2949
1635
1197
2059
1826
4722
4381
1147
1947
426
2060
2078
1582
897
4033
699
2336
2161
2901
3637
1664
543
2941
2180
1515
4370
4134
4223
4161
82
1364
381
2740
0
4824
245
3638
1749
4164
4123
894
1815
4143
2653
1095
2370
1958
2029
1267
1388
4103
2694
2828
774
3454
2503
2521
3356
2653
3975
3071
2994
4410
1979
129
2597
3795
1671
4781
887
4444
2285
4209
4339
3158
1558
2842
163
3426
3127
4212
259
3469
1411
1079
892
3889
2274
4215
2507
3581
2687
88
2536
318
4040
811
1962
704
3099
980
4622
1737
3074
4668
3036
2518
4358
1843
3893
2837
3847
2830
2778
1012
2323
1240
403
3134
3567
935
3177
1268
494
1883
1523
1507
2263
628
3682
3981
3609
2675
1789
708
3968
1354
2626
120
4929
2426
2562
1935
3695
1395
557
914
3712
1580
2171
2963
4291
653
2902
1167
4417
1334
3882
956
1640
18
4862
3523
3258
2306
3377
4166
725
3362
1204
1053
638
155
2869
581
3048
4113
3407
4457
3064
4540
4217
4142
1862
82
2281
1078
2323
4717
982
2830
2672
3065
4891
3881
4161
2943
3158
374
1100
1757
4976
2005
814
90
4491
4960
4006
3031
2490
3482
4496
2368
952
3992
1587
4810
3688
4099
4257
4215
4744
4520
2345
3086
3794
1257
4017
2543
2794
1660
3819
3529
546
330
3108
4218
4100
3791
3625
1099
210
809
1009
163
4567
2345
3925
1089
744
3944
3272
982
4964
3290
3985
1457
1686
1533
2562
421
1816
4171
4384
4272
2975
265
1841
4285
2645
225
1845
1933
3763
334
2258
2093
375
2321
591
1851
1999
3692
315
4601
4988
2204
2193
842
3163
3606
1136
674
3733
4316
4636
3606
4830
683
4329
2742
3702
4326
2211
845
3916
2394
4417
1388
2376
4311
4798
1192
261
4807
4789
1139
57
730
4336
1502
3775
4266
4559
1286
1773
2494
1
3075
759
2361
303
2823
2123
3378
1076
2202
563
2619
2189
4050
1112
4244
604
1796
2115
2043
3702
3826
559
2237
3883
3000
4416
1258
1710
563
1275
3772
2398
4815
1723
3975
329
4511
3887
254
2655
1862
758
1672
4764
3535
2481
982
4659
1693
2635
1413
1959
167
2067
1389
2037
859
1286
933
2704
2856
2117
3430
1249
1710
2258
1786
4805
4612
995
1604
1143
3254
3159
4799
4488
1959
1055
1667
1462
2708
804
3501
1065
4039
924
1441
1551
177
4699
3354
2045
4741
4251
2836
4087
4630
1949
3296
333
4459
3590
1223
4136
2475
1133
1686
1817
2657
3902
2693
2778
167
603
89
4638
4122
577
2538
3476
3299
2041
3509
4021
1504
2854
4262
2128
4049
476
2073
4940
4848
71
2363
3606
590
4490
3988
1553
509
3383
3084
881
3430
2466
4119
3658
1430
317
2929
4434
1802
2827
3469
266
3989
2517
3366
3464
2515
1212
1407
3801
1698
354
2874
425
908
4614
2946
2428
2335
1674
2677
2826
3798
1333
1860
2048
1558
979
3453
71
4827
2814
2764
2433
1188
528
1770
3350
4613
317
1695
3102
1716
3033
190
1080
311
236
4943
4372
3146
3590
1189
841
1871
4457
3484
1258
320
1932
1545
1198
3332
4924
680
141
2979
2229
203
943
2862
3472
4613
3855
2129
4164
819
3914
3255
3479
1026
2628
3377
2467
1437
2582
448
3221
3155
4774
2885
4705
2999
929
219
4735
4151
3909
819
4030
3114
119
3570
3240
4502
4127
796
593
2234
3068
207
4366
904
1632
4061
2319
1169
1406
3232
3510
4857
3729
2856
3230
2026
4338
81
2427
4533
1316
3382
1919
3759
1193
248
402
50
159
2868
4508
3175
347
1086
3705
1102
2048
2267
2019
2917
556
2856
4266
362
1760
3889
4556
3096
1452
3383
932
1711
2657
2433
2598
2387
1369
1296
2610
2862
2132
1594
4759
2592
880
4150
468
4008
2757
407
1395
1029
1505
527
122
4805
4931
2812
4660
27
1558
4762
1623
2042
983
2571
4460
4748
2545
4887
4704
3928
1941
3234
2847
3682
1206
3188
4134
341
3526
5000
952
2428
3662
1324
415
4588
4620
3170
1562
3187
3291
1360
2480
450
357
270
1143
1155
3719
2465
3583
1750
2344
1061
1409
4347
2705
1607
1889
2912
612
1875
536
4944
2063
904
2321
3938
4795
4869
3853
185
655
3075
201
4246
3121
3944
1864
1194
3272
1423
705
4729
2340
2808
1699
2107
774
4853
1884
3037
4581
3578
1513
1370
1508
1044
634
3957
4774
1554
976
3074
1071
1477
2013
2045
4447
2766
2033
3066
3114
1959
4672
3849
1161
3575
4747
2030
2331
3122
4973
982
1667
1239
3528
385
1357
2326
1663
1518
650
4045
2873
1535
480
3922
4445
3664
2429
3197
382
1482
1400
4718
1944
768
4786
4263
1789
1499
3014
2831
4729
516
1935
1051
1075
441
2928
1597
3759
163
562
3410
3871
382
2376
3240
515
3362
975
3717
3531
2571
488
1937
3333
3924
249
2423
619
2792
1911
2818
418
1280
57
1449
4775
3340
3351
91
3981
2834
3259
1445
4530
2840
3680
4492
4476
3479
2860
4546
4493
4348
1816
3065
1404
8
1352
4246
4124
2678
2141
1956
4654
4743
425
3621
1598
1975
3870
4597
2283
580
1512
3846
2807
2359
1105
4224
4569
554
3072
3060
4851
3529
134
1486
2100
3874
4651
1477
2142
4764
3313
2999
3896
4044
2771
1537
3751
801
1276
1667
3093
85
1241
4262
3301
2734
4023
1918
4529
823
2642
1707
2695
3259
1629
2108
2267
2090
16
2587
3166
930
4134
2584
610
839
2242
4091
1650
271
592
937
4668
2782
752
4268
2935
441
3852
1715
264
2211
3554
812
1832
380
372
3793
2172
1014
597
1505
1814
173
3751
3937
3055
989
513
580
453
465
4045
3241
3129
1858
2863
183
683
538
190
1347
525
3704
2566
1906
3648
4914
3279
1784
893
1951
209
3987
4213
1069
1402
453
4911
3316
438
3446
1268
131
2863
254
2161
803
3299
1896
527
578
4579
3772
1562
3755
3002
874
1796
4013
2180
1418
76
2151
60
3415
4783
424
3471
3018
3856
2095
2589
400
1305
2567
1931
815
2201
1940
4530
4807
531
2436
4347
3014
1002
4199
1739
1106
3543
582
302
807
4276
1540
1857
3232
3173
244
3625
3875
4975
80
3512
181
4872
345
1021
3016
3683
4896
156
4168
3280
2003
4459
1719
901
103
4575
4516
431
4856
3580
1557
1386
2342
2941
918
4866
4053
862
3326
2808
2950
279
2314
4652
1065
4305
1665
2318
1740
97
4961
3552
1291
4979
2593
1759
2491
3261
1567
1498
1428
4930
936
1578
715
3991
4866
3798
3224
2177
2171
1024
3217
595
2686
3664
3444
862
2133
3695
3035
420
949
1626
2871
1569
3104
2912
2231
3440
4013
3389
2734
4194
4459
2073
994
2793
4323
4322
1368
2856
3241
3522
829
121
391
4396
665
4094
3452
2851
243
2912
218
4015
3695
2230
1948
3193
263
1796
511
2767
4092
243
3535
2315
262
1224
2459
802
3109
1533
4441
102
2308
1416
4708
3496
1841
4059
4745
2329
922
1028
3506
666
4455
979
2129
3029
4732
453
1058
2196
1209
1827
382
3296
2344
1411
854
3145
4162
3554
1395
3008
2831
2366
3020
4252
1433
70
782
2648
279
2337
4300
408
3280
4699
20
1691
3528
2288
3385
2720
602
3764
3241
3086
4708
4123
259
810
2251
2770
4492
1894
2988
2616
1404
535
1397
138
161
1805
4485
4538
2196
175
4687
2981
937
466
1873
521
2664
1185
2323
4731
1686
3985
1287
598
1772
4040
2828
4443
2037
2195
3254
4775
1095
389
4912
329
4396
4710
3546
1407
4298
282
2373
726
2442
1068
2470
344
1617
3201
4285
3605
4449
1597
1280
880
4237
4345
4727
1971
954
1677
4441
4463
1685
2297
859
4940
2892
2690
2909
3688
3150
2697
3619
1487
1805
1165
3966
1807
3311
216
1077
2674
3264
2317
1532
2973
1065
2110
1680
65
2211
4494
2933
4840
1847
881
2760
2057
2432
1525
3301
3201
4992
4895
1155
4208
1908
3954
2922
273
4531
3684
4647
3047
1468
3015
496
3746
4954
933
4207
2403
2493
2926
1247
4968
2364
98
4945
581
789
3517
187
2899
3081
4648
4326
4862
418
831
3199
3251
3051
3443
2612
2512
1336
290
2776
2648
1621
1988
230
1351
3823
3298
1502
1872
1274
3455
89
2055
3953
177
3827
3388
4146
841
3789
285
3700
214
1068
4740
1416
1995
2977
3740
4258
976
1233
4419
664
4322
4677
4103
96
1453
2114
1311
2266
2652
4047
1307
4089
1412
3245
4449
352
467
855
4943
1297
2869
2893
4914
2657
271
889
649
3917
1507
2665
4912
3119
454
3960
2440
1325
3097
3770
1026
2533
1452
1042
186
2534
1102
3337
3286
862
1577
4403
447
589
2463
918
3578
4272
2642
4384
2075
4254
4853
409
1011
2351
145
4036
807
4468
310
4875
4270
4413
391
1337
1640
1069
3580
1853
1324
2701
3316
2738
1259
4563
2687
4962
1584
4474
3246
4011
1213
4584
1279
3704
4248
290
4349
2834
4869
4600
1624
4906
2420
3748
4849
2576
4220
2328
4554
4235
4686
1359
1216
3242
4746
4752
4396
3012
4103
2057
2226
1450
1485
4393
1132
1245
4441
3168
3246
2157
79
4649
4828
2047
1551
3268
238
4942
4614
1846
3314
2570
3968
164
3508
2940
922
528
1905
4965
2069
4925
2187
2397
2543
1591
1358
4778
668
4485
4334
3229
831
595
4440
216
1198
1698
1525
216
1925
1949
2727
1602
3263
965
2075
4744
2836
2968
3510
3519
2409
3752
486
3283
4125
573
1298
489
3785
3690
660
1402
1548
3108
2752
4924
1288
2311
4434
2237
3145
1330
2741
4939
4848
4877
578
4587
2344
1691
4645
2224
1487
1655
3986
515
13
4615
3164
135
484
2805
4145
462
3943
828
4022
1394
2847
2769
3094
2600
3987
1336
4922
518
1847
4833
452
1011
2530
1748
4195
1724
3819
1918
52
3829
2105
903
4092
4469
1666
2491
617
1427
504
2291
1437
2013
4844
610
888
2416
4946
3742
2120
4043
328
4682
212
1776
4202
2242
1417
1919
2665
1666
470
4263
979
3675
3295
4967
3169
359
3963
3195
4492
4476
3856
4565
3992
1464
766
4989
1657
2477
4555
4557
447
3126
1262
799
4896
3964
4978
4922
2320
608
255
3888
1627
3253
3420
4118
4013
387
4822
4541
661
4522
2753
2515
1430
4069
3903
2808
4311
2209
4491
1345
4708
2091
507
4969
1143
4799
2736
4236
4591
3408
4294
1014
3112
3740
4743
233
4055
660
3651
597
4363
1784
3908
3837
2647
255
2119
713
2003
2548
2888
4336
2803
3620
4805
4736
1926
3077
4527
1786
4512
4821
2442
3104
1775
4588
1724
886
715
803
4909
1315
4593
1348
3463
4717
2062
4766
2561
4365
4821
2631
1877
620
365
1503
1273
2102
2445
2263
997
1315
65
3773
3715
2358
1913
2928
2146
4523
3865
3888
2330
4278
4684
2352
3834
4317
3680
2261
4069
1719
4863
424
112
1701
4511
3633
1389
204
3072
365
963
4017
3770
53
4818
1468
257
1026
766
3894
1357
1834
2905
1697
2671
3690
2936
4747
760
1727
4563
1395
1349
3924
2664
3468
894
4597
318
2906
2576
1600
3837
1208
4049
5000
2665
2336
2743
4930
4214
108
2972
3204
4736
3544
3109
3130
2166
3293
2103
2327
827
891
1418
4333
525
4293
1875
2403
745
155
3325
3236
1508
2030
4388
744
4919
1966
2036
4886
3450
3225
1495
677
4289
3010
3033
2321
433
3282
2928
512
4754
474
509
4353
3496
997
219
370
4333
4707
2860
2420
2907
830
3304
2083
2126
4811
1465
3802
3308
3109
3322
683
4945
1681
651
4596
2622
2161
1396
361
412
4633
1618
3936
987
619
3562
425
827
3641
3676
1658
1803
4271
546
449
1586
334
737
3376
1456
2844
2918
1955
273
1474
1458
1877
666
587
2748
1245
631
3865
3220
810
4540
384
1420
1560
3396
4169
1130
2153
965
796
2268
3632
2874
354
2228
1772
1414
1059
2424
1542
437
1192
4834
2044
1036
997
1196
4476
3698
1592
1061
1590
4496
1255
3679
674
4664
3857
4412
3271
4756
476
3668
4936
4142
125
4691
3704
2458
665
1952
2487
1871
3635
2466
3499
40
540
3700
4886
1346
1592
1426
2102
3939
3377
1013
3308
3858
2921
2594
4977
4695
1387
2192
4620
341
4232
130
3467
3552
2428
2620
4199
3757
3201
2377
926
4862
870
2629
1418
1773
964
4917
4868
4722
2778
3409
3091
4499
1161
2686
3071
1271
2276
2590
1131
3184
2668
601
2219
2383
2487
4411
1953
645
2294
4126
769
1139
1059
647
414
2327
1871
1232
4620
1328
4950
571
2276
1629
131
4939
2671
3736
1466
480
615
1860
3906
1943
2933
2535
4252
2450
2250
942
2285
2704
3261
3541
1926
3057
2106
621
1323
2250
1585
1478
2419
2585
1654
1298
1674
3900
774
456
4358
1457
2344
1017
4321
85
1766
1721
351
422
1498
3421
2506
3234
2158
1762
3859
4241
687
1091
3642
1608
3269
2
4314
1555
3295
2012
3223
2641
241
2815
3545
727
2170
3959
3350
2437
744
2764
2841
4348
4931
2877
1794
2778
1884
3742
1089
2927
877
827
2291
1539
2668
3680
1112
2677
1578
3649
3838
3185
4103
678
2037
3668
4351
2552
2777
2087
668
4373
2387
2783
505
2002
4978
4344
1732
223
2395
4507
1138
902
3907
4675
1496
4473
4053
4492
1197
1832
4781
3795
1303
1071
333
4543
4732
3897
1643
188
3431
4915
1615
3947
1867
1617
3012
4008
2912
2033
1608
4962
3377
401
1621
2272
2285
3697
1637
2400
487
2267
114
1106
1206
2970
3829
4454
1238
2620
31
2808
1491
1496
1722
827
1194
4432
4102
1831
720
3946
165
3577
3276
424
1401
984
870
2831
3725
3341
3533
4221
4438
2007
2969
3870
1181
3644
4738
487
2284
1283
2544
1507
124
2422
3955
2265
4095
133
1979
2505
3655
1489
3532
2983
3968
1995
609
596
2066
1020
2607
2184
4027
4591
3942
3302
3070
3663
3000
1796
942
1523
3725
2566
3242
736
2038
4598
1402
974
1754
1274
3819
4714
754
670
1660
2690
1965
1833
2746
493
4253
525
1972
1953
826
3122
218
1755
7
4031
2556
2000
3907
2087
688
1991
635
641
4635
3696
2497
906
2540
4410
4501
3583
2385
2504
573
3930
1995
566
4187
2025
556
3513
2617
4933
283
2694
3805
1604
2869
2941
576
2264
771
24
3401
879
2298
2390
2322
1054
1687
1791
2930
811
1184
3355
3201
4982
3480
3328
2761
2831
1394
3140
3302
4472
1547
3386
4677
3305
4116
1153
1641
1116
2968
3929
3090
3594
2268
3303
759
154
1675
3479
1910
2886
1914
4804
1287
3272
4194
3563
4923
879
1877
2470
3676
4083
1900
4027
4932
867
4259
2861
1273
3040
3002
768
2586
2429
2929
4599
3946
3635
2292
2257
1291
3974
3073
3380
2323
1253
3486
765
4228
974
2211
1418
4954
1165
2943
3641
3967
4775
312
578
4433
960
3270
3328
1454
1702
2136
1531
4582
2939
2420
3966
4223
1209
1470
869
2211
700
2862
2447
1955
2513
1279
1198
3557
3658
2349
3987
1960
3390
4620
3030
1171
1063
4922
4883
357
4004
1944
396
4158
3101
1879
2386
930
1139
4630
4414
1060
3523
3136
3106
1054
1164
165
177
417
306
2381
978
3509
1494
2750
4867
4864
1996
373
1528
1150
495
4292
3662
4912
457
2822
1365
1139
1952
4704
2181
1341
4660
1919
1710
336
4245
3944
3817
3130
2953
2430
1753
3522
1101
4272
1465
4854
754
3380
2648
696
4354
2297
1800
576
2561
4231
3648
777
4080
4447
2172
1938
3930
3484
3562
1425
3922
2902
1058
1650
325
4726
3862
1833
4887
1948
3813
929
3692
3915
4302
1727
4693
3307
4915
4903
5
3610
3747
4033
2626
70
1262
3478
2825
1413
2714
1768
3938
4238
101
3498
2515
4628
4637
3590
3076
2536
292
1109
538
324
4324
140
3953
3166
2252
1338
3970
314
3076
3134
4750
4189
2582
4000
2742
1077
950
2598
1796
4461
1728
4653
869
725
3019
605
4278
3477
3140
2023
3079
4052
602
4159
3610
386
798
1038
3588
3712
4975
716
3308
2363
1419
3953
2245
4405
2811
2417
3402
849
358
2150
2998
4863
2586
3106
4240
3622
1287
2742
3996
3075
3745
2728
957
3031
3921
93
1706
4587
1194
4394
508
4413
2203
3172
2954
116
2967
1978
1844
802
2675
1161
2481
4518
871
4632
1333
1459
2873
1445
4389
416
2866
2531
1194
1735
858
1086
4494
2170
3
1785
3809
1352
832
2094
1420
3013
722
4629
4096
1026
558
4233
1125
2414
503
1556
865
4510
4734
2458
1563
4264
3627
3817
3686
1112
4855
1560
1505
4919
2324
2928
1414
3469
1000
701
3090
4714
225
4848
4231
2262
1901
2854
4884
3928
1032
4062
2496
4926
3017
4418
1264
2266
1536
4924
467
2134
1397
131
1192
3360
3635
68
2834
296
2194
647
251
4741
2721
4295
4967
3103
1081
2784
4486
976
4343
3364
2182
187
1702
2577
2949
4014
289
4102
2602
1096
1102
2843
2133
2095
383
1983
1329
2270
1132
2393
1060
1672
87
2311
4295
1202
566
2062
2708
2247
615
2232
3488
1024
4057
4914
812
1723
360
2291
4154
416
3429
4844
633
2598
662
207
3802
3895
123
3984
3942
2370
174
4263
546
3286
933
2591
196
1366
2069
4943
1686
1300
4926
2536
4952
3157
1873
619
3606
3337
4689
2692
4313
2838
4626
3970
2478
2795
4952
4302
975
3
1746
3787
570
4794
4893
1057
670
1869
1794
884
870
787
1535
4059
4758
485
4305
4948
4256
3959
159
4213
1639
3455
1692
1346
3520
517
2840
1066
1376
2151
1233
2913
1885
971
3949
1031
1981
2484
1788
2932
4659
4656
413
3988
2684
3723
1673
581
4491
2355
1485
4078
4721
1641
4080
3537
1151
3377
3499
1539
3292
4045
45
2534
719
1447
3640
4429
2474
1423
2626
4670
179
1677
775
4503
2232
2844
2371
1615
600
924
4107
1387
4596
2113
4866
4206
3796
1232
4577
1120
531
1985
2418
3739
1142
3421
2938
2795
2709
3486
397
4300
1914
4982
1952
316
2116
1053
4148
4932
1341
348
2530
1960
2432
3284
3539
4871
1714
4199
3466
3213
766
1222
84
524
4936
1445
1591
4042
1768
2360
3686
3368
1439
2690
3961
3990
4077
2021
3611
1303
1655
18
2623
1654
1063
830
2244
2371
1109
1307
2205
2911
4500
2815
1535
4919
3378
525
4953
968
299
4710
3785
3355
390
258
3519
1065
1448
4077
294
3136
808
2621
4741
115
1034
3049
3330
3269
1385
1168
1296
2496
448
1115
2881
1357
4716
3844
3942
1669
2781
2201
169
2179
1718
3447
4648
2167
2432
2256
1761
2357
4720
1864
4387
4242
2213
3497
4911
3435
1847
2985
1733
1274
4575
3310
3505
2314
4785
4971
3594
999
1535
2310
555
567
2472
2089
4170
1553
1598
3807
2531
4403
4150
221
145
4727
3173
3254
831
4528
2113
4555
1620
2695
1247
4034
283
4003
4247
4665
813
1269
4408
512
731
2600
2507
4918
2592
3359
2471
1576
4394
1872
1396
2276
3928
3838
3116
2692
2361
3659
3109
4262
1413
3149
3663
894
4935
3810
1904
1603
3159
2793
2418
1979
4429
2249
3144
3325
3397
4234
3315
1786
3396
1728
413
3511
4690
3324
4562
3047
1813
4421
4015
4174
1960
868
3846
3149
2711
4609
1732
2327
1177
3611
2704
3620
624
278
243
3952
394
343
1961
230
3555
2935
1741
4616
1715
2574
827
1759
3652
3508
1709
471
3331
3408
3070
443
2708
1840
3567
1284
297
3351
2748
2340
4686
1348
3407
3482
1113
4161
2370
270
2220
3770
4681
4742
2928
3590
803
3697
2585
1151
3092
1415
4201
461
339
2263
4106
3296
4861
3319
1803
4469
1150
1796
1215
1735
1667
134
4178
263
674
3881
359
4570
2696
1064
1431
2282
2159
4721
3103
2946
445
243
2980
4515
4791
249
2095
4985
1954
510
1946
3677
3412
3474
4069
2597
2353
29
1535
4029
2506
878
3809
2869
1698
1171
4506
3683
2550
2824
2432
221
2500
1002
496
1677
3138
4236
2691
4014
4622
3365
2982
2645
3821
4695
671
4463
3727
1798
1167
1303
3187
3174
3709
1635
305
2415
1345
2566
4699
1340
4091
487
4496
259
2142
3262
1501
436
3572
3778
4987
1657
2655
1895
1617
2386
3221
2296
1608
2558
538
4454
2256
1217
257
1495
63
3969
4766
245
4013
2572
584
3707
222
982
3344
4359
1658
4848
4200
3217
1867
4756
369
3743
550
1914
4486
1585
90
104
3549
2769
1093
3413
2391
1549
552
3424
892
622
1570
1712
2740
805
1744
716
4083
4360
1759
683
1996
3920
724
3434
3028
4083
2587
360
4477
2784
3770
3345
1770
3959
1997
2577
3535
2939
939
2685
343
367
1593
4272
4567
4218
1800
2138
1456
1235
2368
443
1445
1041
1678
1029
45
2228
4197
3992
1951
4056
4957
2595
3082
610
1768
4626
3634
3578
3455
1212
671
3823
2355
2268
3181
4964
435
3210
3520
2118
1553
3401
3424
4047
305
3659
525
2109
3498
197
4631
2971
3580
4189
4615
2239
4745
2859
2258
4830
4311
3045
1896
2693
2211
4256
2335
4217
4512
4505
2737
50
1150
2637
3191
723
929
1565
1936
3453
3484
377
3330
3060
36
4500
1863
607
839
2994
929
227
4885
2210
4816
2206
1319
4543
1209
4752
2442
3384
2313
1367
690
3044
3760
2432
596
1583
1616
369
4510
4391
3616
3967
4949
3674
1783
1264
4121
1934
1552
3428
2542
4498
2807
13
2230
3961
3425
798
743
723
4372
2436
4396
4892
1748
962
3797
1382
4369
808
213
2471
1094
3295
4196
3020
4537
4967
3129
2426
4508
1139
2455
3759
4055
3242
3650
3664
2276
2687
4611
1430
600
4322
3727
3760
3978
4111
2498
382
2188
3840
895
3182
1572
525
3941
4361
3539
1761
2611
1715
2418
4092
1296
427
1762
4357
2986
1180
1161
199
1181
4826
3512
2383
1415
4465
4785
3815
4605
2216
4798
1624
2172
3327
2011
1989
3840
1288
3920
3238
2745
2880
138
3386
3276
3263
1586
2314
1811
3945
532
2096
139
3134
102
4147
3483
2398
3765
1254
3671
4824
4981
2698
382
3184
4840
3745
2877
3634
4402
3929
3477
352
1741
2536
326
1949
1946
3195
3575
4586
1811
4868
4475
4798
4544
3762
2033
2834
4298
988
674
1555
1219
576
2267
4531
168
4964
4671
2693
2983
1930
1158
3279
920
2043
2945
4688
1312
3587
2189
2454
3163
4392
4481
2208
1602
3317
652
912
3920
1726
1055
2196
1799
2402
2229
3968
2151
3445
1746
3314
2552
916
2254
4922
1471
2751
593
2320
4348
1508
3859
1197
127
3821
1174
530
4808
4594
4513
4839
342
729
4125
3280
4624
1206
2413
1687
272
2926
14
3203
1803
702
3139
2469
2629
963
1726
1965
1484
1775
120
2586
593
539
1040
2018
2895
3966
1509
1454
4255
1996
3425
3087
3441
4097
135
1062
1749
694
4544
2054
4309
4647
2179
2878
2899
3428
2318
4559
4025
4734
3325
2850
7
4218
617
1929
2431
529
1431
2197
2810
2894
1875
3248
762
4026
3417
1345
2205
1061
3398
3733
4494
3529
4391
3441
973
2247
1298
4855
3488
1166
1509
607
1835
4582
2283
938
4277
2900
847
3876
2004
4384
231
1303
3325
1807
448
3685
4089
9
2561
3922
644
1854
332
2563
4574
1942
3652
1488
637
672
4060
2626
1878
806
4077
1037
1545
1173
194
4233
1179
2987
699
4248
1267
2308
3591
2211
3591
2562
4242
1214
2050
2624
4857
1613
2222
2266
1123
3649
2164
4509
1900
2602
1476
3348
4846
1296
3665
1173
3084
1072
4424
2802
4785
4579
1842
739
3199
1387
3478
4752
1133
531
3892
1727
1843
4343
305
2452
4133
862
4251
3716
2109
56
2303
4915
4799
1821
4382
346
1727
1214
3272
2292
3018
2864
2550
1238
2541
3337
4460
3313
4914
4340
4168
402
2208
2817
4586
4893
4533
3875
4370
2207
1106
2313
3918
3223
548
1355
2252
4074
2796
3136
3695
3729
3840
4617
1009
4851
3795
2063
2854
411
2506
4591
2754
1805
1071
3493
3180
112
3705
3543
1735
1108
2529
1350
66
1152
2984
4495
4248
3853
2518
481
4010
655
3774
56
4095
1638
2951
3426
973
2472
4881
4980
2588
768
2423
587
4640
4147
1137
2020
3765
1504
3783
3503
386
3667
2041
4069
2384
300
3693
3669
3678
1076
4567
2419
1327
4143
4310
3747
3657
4069
86
4520
2313
4609
3434
2836
1292
1760
1537
3585
4004
524
348
2943
58
1166
936
244
2322
4800
1599
907
3333
2338
2319
634
4186
4707
3405
2151
2109
1990
3552
2677
4889
4254
4342
259
1759
4626
2803
4929
4065
506
2505
3749
4718
775
3770
1537
634
4951
3973
718
3007
2005
2997
3414
226
901
2875
3112
528
3359
2884
3192
2791
4040
1585
1955
2901
2930
4067
1770
3661
1748
484
4010
4752
4852
1045
4299
2380
3288
1194
3310
1932
1211
584
1520
1251
1712
3428
3663
102
2943
1896
4328
3257
4636
469
1471
4281
477
4469
2619
3563
134
3459
2567
2146
2834
2673
1571
3846
2045
1850
2985
3922
374
511
4628
3230
209
3274
813
4368
3462
2159
112
2423
4526
2042
3732
6
3010
1158
2287
632
1003
3663
1100
136
2895
2844
4397
1447
1139
4848
1714
1258
517
4496
30
1939
1020
305
610
3666
2056
4108
1057
1885
61
4375
814
1830
2388
2756
2426
1798
3546
4490
2630
1206
383
2385
2800
1332
968
3781
3883
1505
3264
4678
712
1126
453
3143
2254
3317
2697
1250
3180
4120
2289
1307
730
2285
3454
1748
3433
2553
460
2766
4919
3920
3328
4495
4426
466
2405
262
1429
1635
2327
4185
2777
1049
865
380
1667
3645
1024
4531
1083
639
4268
393
192
3338
2850
3762
2177
1793
4738
4536
1352
128
645
2496
4746
3144
4305
2993
3567
2641
2813
4578
2519
4646
2378
2927
4205
2788
4944
2597
1075
2384
2722
726
3875
4448
3614
1084
3987
842
1902
1572
2581
3977
1844
3186
3846
4894
1327
2615
2378
2971
3548
858
2604
467
2885
1862
3271
688
4189
4210
4376
4457
2421
4089
2240
2665
1145
1312
1848
462
3051
3760
18
3723
3930
2629
4335
1959
2713
3042
1797
4498
3798
4983
1132
605
4057
3524
1822
2895
2751
3575
339
2621
4720
3334
943
1831
3454
4369
4660
3655
2721
2283
4760
3033
4817
3389
1379
791
3707
639
417
224
4962
2894
639
327
2249
4195
4057
2753
2495
2851
3140
827
3219
3960
4406
2586
3541
4423
342
3400
3471
1406
204
4740
4292
172
1778
4409
1869
2106
730
2305
2608
965
3337
3909
3000
4532
2710
4325
841
1275
4820
3784
2221
70
78
739
907
3200
3472
3627
609
511
1016
2781
2466
111
2748
4686
4516
3738
3308
1952
2341
2351
3045
3085
1712
499
150
1338
75
2329
2895
4771
4364
2574
1493
628
1059
4265
2843
1660
163
4232
853
3815
4743
2168
1226
4632
686
2753
668
2810
190
4641
58
494
3403
3169
2204
2652
4500
4443
4114
3553
2220
1152
3374
1404
1153
3884
3951
4528
2376
4291
1803
1113
2475
3007
1140
932
1180
3211
3855
2526
4031
3525
2263
303
2068
3490
210
4013
1310
947
889
4367
977
3630
4608
951
2624
1624
4584
3591
769
4901
388
1965
4077
2084
4075
210
2235
621
3917
3618
4249
1279
1422
2466
2784
2268
1266
549
4390
3528
2806
2613
4903
4704
2263
1981
1064
3259
3848
2199
3848
4636
1284
3158
4955
155
2404
2949
3956
31
3513
3488
1140
2886
2166
4928
318
4317
4019
4089
3945
79
2695
4682
2692
4615
348
555
3700
4693
1356
2834
164
434
2853
4076
1328
4147
417
1756
2158
862
3718
1703
145
3482
864
4365
3311
4104
1474
3225
828
4755
3015
1770
3902
523
3512
3134
989
3383
2683
804
4372
4684
50
1457
3170
3781
4130
4007
3361
4157
1778
1585
4169
1865
3892
522
3093
1558
4914
3243
2730
796
448
540
4739
4550
2154
2422
3636
3603
512
3972
3235
20
3663
1255
4901
1186
2509
2403
2165
1191
2865
2349
1620
4478
1154
4293
3014
3168
3671
749
3898
1056
3269
498
1647
152
3568
569
1133
4261
2523
792
466
4060
2921
3198
2862
2520
591
2801
1636
3444
1059
63
2909
4155
352
1579
4667
934
1120
1058
3690
292
3254
1084
2493
4276
4013
3215
2521
4078
2325
2233
1273
1338
1445
3965
4738
3116
4870
1501
3175
2661
3067
2595
3026
2177
2370
4382
3654
26
8
2702
3974
2866
2853
2572
3025
1667
3814
4085
707
3252
1093
4906
259
3044
1459
2829
364
868
750
3675
1783
897
2858
4597
4140
314
4539
3438
3460
4957
347
3644
3541
4238
2891
605
4350
646
4583
307
397
2917
3016
2606
1997
3443
306
4780
3183
3174
2512
3512
2084
999
425
1556
2369
3141
4375
4776
967
2550
637
1052
3410
1180
1809
75
864
749
3476
3758
3109
3369
3636
43
4007
2855
3966
261
1677
4684
2048
3746
4176
4301
294
3554
3542
2235
1660
982
4762
2472
4795
3521
2248
2679
2030
1700
3194
4832
1024
1664
697
59
127
37
3246
1913
506
3815
2081
3400
497
4308
872
3746
1205
2850
3251
563
2550
660
598
417
3951
2371
4130
2313
911
3622
2295
2034
2804
3193
229
481
3553
230
2606
1597
3374
2495
963
2820
2257
3159
3835
2987
2575
3942
1947
3423
3192
2269
942
4158
2340
2996
4755
2762
2540
4431
1956
903
3690
3444
3529
3503
1132
3207
72
2470
411
407
1829
4446
307
4038
983
4513
2040
1199
4075
3906
1675
2517
160
4796
3804
397
3946
4864
2078
3806
4224
481
4480
198
674
2916
4834
4903
338
830
1663
3253
2516
3707
4820
1814
4136
1130
4617
2771
260
2508
733
1678
2083
4636
2558
3572
3067
3496
3014
699
4563
772
145
1867
3979
69
1810
1905
1379
4793
597
2744
1513
1946
4030
2888
1378
650
1053
185
620
4854
891
889
232
1415
2112
1546
2362
1058
125
456
4833
4338
3160
2229
3218
125
4524
2428
738
130
3991
994
21
3127
2245
3413
135
1188
62
2187
3000
2818
3338
3607
1218
1960
1207
2922
4971
1446
457
677
1299
16
1928
4198
3095
4560
2092
3772
2713
4797
2083
1089
1311
1678
204
1102
3167
701
3765
1846
4337
312
3955
502
2360
4852
4240
778
3063
3365
4622
3106
545
294
3519
2825
1937
3606
4273
1894
2710
1926
2769
4542
3603
465
4698
4854
3136
1522
362
2464
4528
3432
2328
2392
1425
1255
518
4799
3411
625
2261
306
3184
2548
2518
2787
3483
1279
733
3242
1184
4414
3716
1169
1653
2707
676
3546
731
4409
2400
3793
2730
709
3252
3994
1909
2618
3584
2992
3857
3125
2263
2880
2345
3235
1554
2215
708
565
4100
2682
1833
2565
2572
4208
4192
3720
1086
3750
1882
4927
4548
2856
2237
1588
1854
1765
3323
2552
4234
2622
106
4207
3919
4120
3086
465
979
1878
4851
3720
4324
1900
4253
3911
1469
3399
2173
17
1791
1890
3530
818
64
4906
4677
552
3792
4043
4524
3663
2165
256
3079
1300
2093
756
2168
588
1153
2221
867
4914
4059
3816
3530
3354
3438
2386
3842
1442
3274
1095
3705
4303
2287
2709
2367
1152
4659
3803
2795
497
4816
2363
2141
4295
269
1686
1986
2353
3587
2376
3031
174
1720
436
4445
1176
15
168
4546
2200
3075
4221
1864
3151
4135
4224
1463
3958
2841
1339
1104
563
4775
3329
1036
4305
4468
401
1552
2590
1580
642
2492
3157
3038
725
90
4194
826
2534
2349
504
2443
3818
4255
1220
1996
1736
2260
124
93
2398
2451
1612
2704
4706
168
643
1834
4626
4412
3095
1543
3247
4079
4574
4422
2775
420
4965
1798
417
1823
722
3579
2393
424
3393
594
2818
1942
1216
692
3664
4492
4249
2373
857
1993
3696
3794
3874
4234
1426
3830
3279
31
2154
2595
4082
3953
1270
556
1107
3303
4491
4554
4215
1043
1663
4592
3720
2318
1927
3327
1664
4222
4188
4718
4541
3100
1845
2486
4705
1083
910
3931
3678
2833
2891
691
3145
1682
3128
2103
2661
681
4066
2220
1047
4020
3386
3548
1140
2662
3548
1129
4972
2607
1825
3251
3897
2654
2797
3506
1727
1400
1436
2949
4341
1315
1152
1134
493
4889
1370
1410
3492
60
2878
3952
2939
497
1011
1707
4455
3296
4863
99
3579
4559
4579
4970
1349
4457
504
1450
1546
3538
724
736
4020
1433
2251
712
4495
3873
279
4055
147
990
2782
859
716
4763
2169
391
4884
3534
4142
1263
3138
873
3133
3879
1425
3418
2983
2074
1185
3627
1377
2067
4258
1083
2696
2968
618
3098
777
3277
606
1598
1727
845
1491
4277
1533
123
1577
2650
1182
3323
3738
421
1101
914
399
3250
489
2589
837
1510
1053
4640
3085
3879
5000
430
3817
115
2043
882
849
7
4117
2937
2262
1839
3855
4551
4864
1779
4428
1283
3396
56
1595
1195
840
4862
2020
4500
4064
2133
365
1959
724
2278
4388
2625
2430
1416
4683
3971
1173
289
1210
1161
2011
249
1347
4351
3876
670
2589
2089
4785
496
2464
1769
3620
4491
3749
4023
3508
1634
4598
726
4137
1937
2288
1916
3604
3270
2684
3269
3939
3255
3722
4054
1754
3399
1102
1788
2575
3881
2894
634
3968
4390
1020
786
45
4252
2144
4891
4766
4136
4300
1767
3637
2473
3549
136
128
1452
4206
920
1307
3676
3324
1812
400
51
2836
2016
926
2041
1283
2556
719
4912
1824
2852
4290
2803
2712
887
296
2111
2497
462
2585
1365
3195
3422
850
2639
3735
4072
613
2710
3297
4743
3789
3315
1391
4131
1656
1117
454
617
2543
2901
2958
3474
1870
3087
240
4844
4279
2442
3279
491
3565
172
2153
31
4913
4844
3735
544
161
1177
3948
1850
3744
2228
2180
3104
2526
3393
4949
4977
3870
4042
2840
2896
1282
2089
2795
2154
2816
4553
3087
3537
2875
4307
2605
443
957
2803
3560
3459
4031
4208
1730
813
501
2442
235
1207
4583
4585
1789
4995
894
4626
901
455
3975
2033
2880
2008
4457
3411
279
945
4130
2793
4609
990
2796
3144
4016
1024
63
1843
784
4194
4463
2965
2859
2735
2243
3581
4780
1960
3213
206
4593
4965
3755
2032
2185
1610
4788
321
937
2809
358
2611
4702
3494
4224
4714
2960
3541
1834
3306
691
3113
2208
4353
1150
1412
3842
1861
4707
1203
1941
3672
2165
2144
3568
2538
3280
2854
2839
2869
369
1408
1621
3076
2000
2988
4422
4809
3645
4668
4675
159
2127
1967
4253
3736
260
1277
1705
343
3767
512
4598
3391
4417
28
2863
779
3898
4953
4859
2531
2374
1094
2185
1014
662
1259
4007
2068
3019
1569
3288
2986
2443
3082
2644
3110
3454
4368
3519
2600
235
4336
1693
4631
3292
4196
3982
703
1956
4876
1568
4804
3886
3975
3426
1426
1139
2419
2735
1165
78
3912
4739
4934
2256
915
4387
961
4181
4585
3453
4710
336
2334
3012
1542
827
95
3753
2808
3748
3048
4594
3388
4088
2701
28
4076
3682
3049
4827
1797
2365
4781
3243
1741
1172
1475
863
2193
2266
715
4357
4140
158
4392
3348
331
4398
2224
396
3536
4550
4533
2696
3666
3220
1476
2231
2764
1359
1539
543
1014
974
1699
4693
4037
3679
3836
2010
3526
3859
4638
3546
24
3844
4837
1064
4512
3043
484
307
781
3230
3879
4552
1390
3622
2270
1692
2871
4909
4130
1582
4667
2067
2676
573
4878
2523
3941
1974
3755
2226
0
2850
1937
4097
1796
2528
3654
4684
2429
4055
4944
4887
189
2884
3142
2203
3966
4803
3820
695
1195
1314
4710
2551
2718
3978
4644
2676
1254
953
777
4826
2777
2245
734
2596
726
3454
4003
1085
2003
2291
2633
1582
2662
3266
4311
3088
3699
2035
1753
771
2290
1245
4736
3990
677
903
3153
2298
261
3453
3251
2700
1065
4897
3100
645
1282
2850
1767
1808
3984
4565
503
880
1334
823
1738
2979
1787
3210
4950
2160
2
1358
3647
1556
4831
3194
1054
4868
1307
3536
1584
206
203
3293
4510
2261
1374
4227
3903
2367
4943
3951
3507
2783
852
3725
897
3032
3772
3711
1211
4441
2800
2775
1525
736
4200
2143
1376
315
998
721
133
1903
186
108
4973
1614
323
3398
1474
2871
4447
4680
380
3141
1645
2116
2468
552
3479
2656
935
4158
1537
2620
3666
4675
4640
3545
4896
2109
3192
3574
4610
2250
2278
3881
4676
3925
704
1312
2789
4164
1437
4263
3679
3195
2234
2452
1789
2488
4577
1050
2468
1607
575
747
2134
4840
3151
1085
4680
4202
4356
3609
1884
236
2714
1475
4439
1282
3888
2513
4153
2624
1714
967
3398
4911
2804
1859
2910
4691
3627
2087
1555
1746
2072
4641
1097
2622
3604
3565
2872
4300
1752
3618
499
677
3553
1380
918
2396
1532
1797
4979
1007
4453
1112
3783
1688
120
409
2383
3279
140
4223
3856
4913
3342
4652
1556
959
3284
2057
1598
53
3296
3244
4207
2987
2648
4890
3039
1770
2204
941
2010
3024
4780
4859
3930
4468
1029
4148
958
3386
4102
999
2916
1170
4631
316
2479
307
3457
2093
139
3363
2907
4145
3496
177
1522
4256
255
680
770
2670
3188
4456
802
4823
4205
3813
1754
25
1900
2899
1317
1906
4739
114
2377
2444
3396
2276
4364
1860
873
1124
476
2819
4509
1426
1521
1127
3195
2432
3062
4432
3058
97
2060
3672
659
2927
3601
3498
4970
3312
1181
4610
1365
3143
923
4253
4427
2301
650
4442
2645
15
2155
3123
3767
4253
910
3560
1781
4104
2753
1211
1093
267
153
1077
3253
3851
4063
4031
2389
4814
696
2578
4509
1026
1065
2868
4662
1786
365
4705
3903
542
1069
2116
4895
1970
3214
1343
1098
1967
2709
4580
3627
2282
4388
1366
1757
2861
4031
4525
2259
4322
1104
3085
4098
1437
18
1862
2938
4379
4120
3309
2914
1060
4830
2009
2639
1779
476
4852
4963
2344
1719
541
1702
883
769
4195
1884
2699
3694
312
3798
252
4520
2506
4765
303
1884
1433
3543
1586
3251
2676
4926
984
2237
1499
2967
3793
186
3338
3887
4921
1027
3823
4977
4895
1988
4714
187
2328
2539
1219
3174
3830
11
3867
3314
1148
2414
4791
161
2269
1195
329
2246
4637
1059
3376
792
3797
2918
1027
3959
575
1694
988
4714
925
2256
4188
1978
3143
2069
686
3685
1423
1741
1208
284
3018
4528
780
1086
518
726
4944
99
2323
2525
1664
3409
3488
1785
2476
3203
4370
4130
4887
4821
2968
4138
2822
2482
4827
4399
2192
3266
384
3130
4487
4433
2148
4911
3734
2540
3023
4786
1069
38
1597
494
3044
1894
4185
2499
3679
1021
1902
4499
268
162
4679
2530
817
2606
3779
46
1731
802
1016
1717
3485
4487
4908
3239
279
1228
2902
4759
4608
935
2491
874
529
4257
4771
1843
30
2568
3655
4445
2843
1000
3468
3302
2381
2568
4901
3736
2415
2458
4286
2316
1178
4047
59
3770
3949
4466
2478
4540
1750
436
3540
4022
3051
4679
4280
3909
2235
4923
1939
3363
2466
3185
726
3303
3493
3328
2177
2053
3613
3927
1292
4897
4982
1769
1977
3601
2582
2748
176
1073
2667
3103
3051
2636
4961
4383
3590
3857
3725
930
1195
3210
1830
2444
1328
808
562
2496
249
2016
4784
1346
2816
2795
2174
470
1857
1720
198
647
1929
4042
2528
523
4448
3888
2025
2346
3652
2419
3727
4792
4713
2545
2042
3065
4101
1972
2956
806
2238
3476
2434
77
556
1949
1787
4865
3629
34
2734
1800
4106
3935
352
3330
1706
3731
1682
369
2449
2830
3724
1345
4393
3394
3478
4648
4520
4143
1235
1328
3020
274
4166
1348
1895
4037
3027
2350
1784
2039
108
2914
3650
645
3857
4574
3307
2255
1499
3941
3890
2389
3061
3670
3438
3546
4694
2944
2526
3166
1853
852
1468
590
4980
4972
623
1652
3059
1906
1676
2562
2006
3745
1746
1637
112
37
3693
2988
3810
2885
2384
1387
4426
4608
3086
4041
3359
3682
965
2444
748
3680
731
236
329
714
4927
3903
974
4548
4748
762
1078
1302
4071
873
3265
1478
4265
2960
32
499
3520
4329
126
4302
4909
818
4207
4472
2519
532
1050
968
1701
4866
3035
1677
43
2972
3387
1533
2997
3513
3125
179
366
97
946
1455
1523
1628
1811
3552
85
2207
2975
1906
3743
3450
421
2797
3599
4621
656
3396
484
443
954
1454
1810
1611
3812
1186
3678
1617
47
1481
2286
494
3830
48
4500
1507
2592
3495
3525
1769
3100
4519
1695
3034
3067
1976
2735
54
3361
3250
1950
1513
602
4924
4364
2020
1461
1690
157
3101
4681
2279
2537
1721
3110
4996
544
4908
4146
758
3425
2119
1830
1723
2777
1901
1075
1959
4962
2557
780
337
3055
4626
2701
3959
4610
3228
4134
2808
2901
3425
2884
4681
4210
3464
2168
2233
1932
342
1074
2193
1231
8
2742
1632
1471
4664
4929
2546
1500
988
516
2727
4511
4270
3674
4630
4793
2590
4084
2185
4940
1013
412
1874
3233
2111
956
3520
2251
1167
4948
2898
2069
529
4509
1097
1979
1306
2466
1108
1567
3708
2569
1753
2025
4765
988
3589
4198
3075
2466
1938
1830
2464
1888
745
2536
1852
2629
3795
4825
57
1884
1800
735
3924
3742
4297
4297
3068
4029
1812
1179
1346
1301
4621
155
1997
3886
908
890
3758
4796
4544
4410
4834
1964
151
4878
2671
1762
806
1026
4228
3111
1481
4668
1917
2039
2250
4492
4373
4559
1098
256
3972
291
2213
3089
1718
3441
3703
1130
2924
1633
4490
4086
1908
2466
2407
643
1901
4676
4406
2396
425
3479
1219
1137
2317
2630
3900
3763
1372
735
508
1320
3419
569
164
2880
2573
665
3420
372
1667
2662
1703
1492
2359
2791
4022
1690
1003
3458
3184
3545
4
3016
986
445
2520
1518
4839
1121
3978
1620
2052
3258
2366
469
1813
4080
3102
1719
1984
2287
3977
22
98
166
2311
4794
3371
4439
3288
1746
4331
4453
1377
4301
1606
546
715
881
3063
1825
4044
808
452
3854
1457
4196
3549
3666
3720
2090
358
339
2999
3749
1743
1419
2879
767
1601
4423
3363
4171
4891
899
3620
2044
592
4112
903
52
2695
414
2853
2182
2152
3196
4317
2917
3204
3490
1400
2544
1593
1904
3409
4857
4979
2175
2450
4869
648
1973
4139
1713
1243
2270
576
2321
3529
1947
889
1038
987
1444
4408
4448
2212
1738
822
472
4923
2518
3825
1074
2762
4361
3656
2295
2908
3890
4018
1691
2451
1078
4883
3219
465
849
2234
1977
1692
2464
850
1671
3223
552
2453
1933
4176
1185
659
4397
4234
2156
4153
506
1628
527
4177
1462
632
2313
1731
4325
2159
2857
1245
14
3123
4558
4801
2577
2448
767
2652
3706
568
3241
1960
905
541
2088
2893
3743
1374
32
4754
541
586
1860
2493
3206
2065
2505
3220
4819
1724
1731
2311
1337
4247
3308
2428
521
261
3623
2876
3878
3180
2217
952
734
1101
364
2078
3326
4103
2948
1658
1756
714
2417
3057
2680
1639
2343
4975
2340
1190
2326
639
4122
3577
3484
3668
2188
4791
1219
1121
3725
749
3397
491
3656
824
3739
4640
1296
4897
4890
1636
1744
2732
4039
431
29
2748
3277
3491
3978
2258
3351
3782
3319
4175
477
3602
818
2416
3136
4345
415
4026
4414
4060
4608
3240
4985
3527
1037
349
72
1285
1504
1658
2278
2667
4929
2389
3162
3711
1402
4066
3135
3545
2736
1330
1083
2216
2671
579
3324
312
4447
2736
2054
4941
2975
3451
2610
2188
3035
1372
1360
1304
1315
1392
1938
3959
3072
450
2064
1343
4530
2575
3125
3620
945
2949
1299
3058
3944
3299
463
4877
2037
3015
1934
641
810
957
1647
3499
437
787
240
586
2899
296
3823
1094
4352
4478
1223
19
4829
4942
221
4880
3364
1583
993
3867
4288
3792
2781
4911
3989
456
1721
1160
1240
2721
3159
1277
2380
383
948
1416
1877
3057
2046
4508
4542
3388
2150
3747
1435
953
3436
478
3073
2639
4957
1974
1214
199
2160
2843
4162
2495
3810
633
121
2829
2603
2527
2676
1059
3847
1418
2509
2604
4794
2685
4330
1235
3136
783
4163
841
818
3014
3734
1847
2465
74
2988
4566
78
2325
3498
3334
3818
342
1973
2601
3767
1754
1847
4526
2184
4992
1593
1114
861
3363
3284
4633
2070
4807
3112
4720
1100
4301
1859
4147
4802
3374
1230
3760
2327
3198
2724
3975
444
905
1956
3007
1468
4832
3191
4020
2754
1511
3135
4010
475
3441
2559
4321
2448
3711
3095
1973
4331
13
1645
198
2851
2130
404
287
2864
2481
2533
3306
1287
370
2962
3841
3876
1019
526
3704
3288
412
4848
2449
1688
724
4486
2997
4074
4459
4772
258
73
3672
2171
2936
3606
3009
2034
3748
4246
4354
4559
211
1697
4914
1569
4487
4033
2932
3961
1246
2068
4482
4565
1545
3857
4618
4147
842
4629
4878
2009
2597
965
4529
4431
399
3434
4196
1019
3500
1452
1030
4747
139
3524
654
2458
125
2652
1547
2992
4490
334
4834
2812
991
3585
3907
3978
180
2194
363
1212
4608
4013
1368
4492
2629
619
3855
3557
4957
597
4453
4462
395
1916
3880
1525
1437
217
402
3418
4474
2228
4750
2486
2381
2098
649
3927
4986
4130
2657
3784
2744
3519
2585
2372
26
1776
3160
4391
4104
3669
1644
4731
1830
2425
2346
57
375
4844
3790
2866
2941
4952
456
2538
3941
4918
2000
4416
1126
1418
2913
2554
4743
179
2210
4799
2540
3194
3310
1601
2974
2387
4709
3314
3932
2088
3334
2548
2903
3501
141
3102
2362
3595
2476
384
2730
4821
4823
4152
4556
3073
4446
3644
470
4771
3475
1205
2345
916
4113
4622
3933
314
461
1980
4593
939
4894
3550
3119
887
1168
1961
1725
2508
3132
4844
4011
1685
2651
700
1346
192
1156
3753
4693
813
1850
4388
995
3670
1087
1315
950
2615
2638
756
785
2883
3623
3241
4803
2648
3161
3951
1313
816
32
881
333
4972
3072
3216
157
2139
565
3875
540
4869
565
2084
4332
856
1703
1167
4090
3405
286
403
2859
626
1570
598
3345
4352
4769
182
4427
248
675
1057
1863
2485
241
673
398
326
3820
58
4970
1492
2436
3983
1523
2313
3621
1319
14
1384
1980
3593
3975
3184
4818
805
4643
808
1664
2709
1270
3481
1402
1135
2781
1004
2281
3360
2792
1060
984
613
3494
3172
1236
4919
2228
187
4021
1953
698
2425
2751
3795
4791
3796
1145
284
1110
3763
3170
3173
2564
47
2753
266
2700
3281
4851
2656
2388
169
3745
4893
4793
3717
4346
1816
391
4625
3688
2590
839
2125
2324
2217
82
2318
3691
3315
3910
2751
1536
1275
577
1595
3137
2101
367
3772
3931
4376
4473
4664
861
2565
2497
2055
2147
3688
3963
3501
969
2714
4634
1792
754
1946
3409
3316
3775
1630
175
2702
3302
4754
5
3379
1639
2559
3523
4138
1752
1980
2056
1821
2577
2493
4611
1957
134
577
2167
4778
4159
4442
2850
4028
3630
1378
2078
455
3766
4319
652
1714
3292
4736
144
916
417
78
2147
3343
2339
1773
1336
2192
2717
3977
648
2048
1018
4613
3753
1810
1784
75
4057
4610
3081
4676
4601
2234
2743
3907
2479
1233
1500
2536
4431
3393
3583
1487
1876
4987
987
2253
2205
1302
3641
1306
851
4690
138
3158
1870
3142
3778
4524
3401
3811
4382
461
1564
1493
4880
603
4460
3346
1877
2640
2381
2642
1766
1643
1254
815
3004
1602
3180
282
847
1581
956
4162
3468
2288
181
611
4144
3585
4731
1446
4115
1815
157
75
3876
2072
2429
4270
4126
657
2555
3341
698
4312
2394
299
1487
3108
3876
3809
198
3787
3566
2891
4853
91
4377
4504
3208
6
2106
290
1637
1860
4539
3031
4265
607
1298
533
583
2833
1260
3074
2338
985
4682
562
450
133
4328
3105
1830
786
262
3764
4691
4135
2493
4502
4687
2034
2169
721
3862
200
3343
892
1904
2860
4611
3639
1898
3635
3020
3188
1230
585
1814
1364
3840
1610
1001
715
1203
421
1141
4530
2119
1018
4042
72
4056
4964
2615
800
1150
760
931
3524
2919
1655
1840
300
4311
325
3996
3511
4788
2316
1692
753
6
4312
2103
3628
2947
293
4940
4735
321
3089
457
1043
537
610
268
1960
1329
2103
4780
4155
2241
2805
2025
306
2343
1418
4198
3041
3479
2514
1743
424
4310
4247
3701
2072
3526
45
113
4155
394
271
4136
4202
2544
697
3751
3469
4758
2759
2106
2432
4762
2016
1529
3210
1804
3721
993
1447
1135
4236
799
1227
4780
1284
2691
1604
4477
4976
778
3327
689
3235
2459
301
2920
3425
2429
2176
4192
3638
1518
4313
3050
1695
217
1902
305
1783
3563
656
483
2858
492
1561
3236
2349
1467
1094
2712
656
2734
1468
3757
676
443
1513
1504
4357
3213
2142
3207
4485
4811
3486
3758
2146
993
1583
310
4811
1055
724
3816
3855
4945
4544
4358
4620
3208
4202
3215
1059
808
2432
4964
281
1623
2403
3445
2960
4574
1626
2232
2199
4553
407
1377
4873
3917
1951
3839
131
823
3242
2197
4542
2358
4256
144
830
3028
4814
850
3487
4310
3148
2251
4692
1123
4815
1825
4923
4367
4477
2534
3737
4191
753
4173
1571
3562
203
2865
618
4489
591
3421
3931
615
3936
1663
2324
3183
1856
1237
3317
2984
4452
611
2067
1472
2162
3301
3858
2992
3493
2100
1678
2281
589
1879
1952
1799
4729
1205
1898
3270
4834
4193
2665
3128
4486
2878
2806
1623
150
3040
3502
4571
2155
4661
3983
2655
2249
370
2484
3782
4605
431
2071
62
848
4339
1478
261
3839
3049
1443
4856
3591
1006
1260
824
772
1821
3998
2922
4184
1190
3514
218
3605
3086
650
2439
3953
971
4380
478
2013
877
4028
4067
4301
1250
3934
2941
2241
1151
629
4505
726
4135
1505
2047
465
381
954
2025
1977
4170
3666
3999
4201
551
4441
2652
4124
4921
4071
1924
3061
1506
4490
3599
2058
1762
4297
3050
2884
2149
2440
518
1536
3904
3887
3361
3770
807
4804
4750
918
3102
2213
2157
4720
3311
2466
2713
2861
3898
1626
301
4214
2026
2713
2819
3241
1815
1797
4826
3691
3244
3421
4744
3066
4753
4929
3098
1400
3247
1919
338
2277
3985
64
3606
2597
48
2931
2278
4441
4186
4035
222
3886
3671
1683
4001
1592
4589
1181
3073
759
699
3673
2797
4570
2167
3696
2923
85
4966
4350
3393
4547
3697
4858
1286
3967
2855
3075
1374
4285
1825
4755
430
3163
2173
4305
2626
2734
2496
1768
1899
1848
2498
4627
2754
988
2935
3668
2139
1612
1701
2140
531
1626
4910
317
1191
1401
4838
337
3431
4729
616
196
812
2804
1414
120
2247
4507
692
251
598
3795
2747
2579
3838
3899
3720
3019
2563
3815
3563
4933
1416
1557
4746
20
3974
3869
402
2683
2674
4608
3580
2788
3744
30
2271
1810
2925
48
458
3784
4706
1833
294
3256
4772
867
3321
4638
4252
1525
862
1075
359
1653
3491
4502
4373
3922
3621
1318
3956
4381
4936
736
2113
956
4980
810
2883
567
3049
2072
3227
2884
3756
1227
3553
638
3631
4585
4893
4043
898
469
189
982
846
3011
2728
2685
3874
3936
4655
574
1795
744
2063
4318
4772
2552
4630
3345
2434
2944
3122
1187
2432
2992
3228
3783
2874
2048
3309
1877
1027
358
3020
2505
3392
4099
3412
1124
3637
977
1544
4739
971
3538
74
4979
1466
1842
2399
4399
3454
138
207
2979
3779
2840
2488
857
61
3885
2572
530
2677
767
2442
2369
1159
4762
3366
3494
2510
3725
4998
45
3321
901
3482
3919
4773
135
3083
341
1580
1695
1018
1401
1552
2561
2103
232
336
78
784
3200
410
1193
1855
3727
953
168
3672
2913
1455
2104
1527
4742
3860
2738
4055
4420
2383
735
1085
250
2575
351
1456
4097
3045
736
1663
8
996
3204
2599
4679
3350
4608
1513
2434
1846
1615
3186
3624
4544
737
841
1010
3494
359
43
2171
3648
2708
1243
2424
3104
2821
417
3095
4763
3885
1844
2215
4687
2791
3328
1193
3941
238
3547
1776
4944
4331
3298
3407
109
4715
1342
404
1638
2284
1524
3376
2585
4579
2038
3922
2323
1343
2359
2822
1240
1151
2791
1016
197
901
4777
3811
2480
4395
1695
2764
370
1614
2069
4688
3724
3495
3629
2154
2876
3649
2765
3498
2068
267
2907
472
2107
3719
367
3429
3443
4068
40
3735
1074
2529
1232
2871
170
904
4922
3377
1586
4959
572
1754
1366
1751
4768
2819
3627
1649
4457
4208
4151
4266
671
352
1670
2990
4309
4243
4339
1799
3393
1282
2032
3820
4434
4281
1798
2423
981
4031
3130
2459
1208
4233
371
4793
696
3175
2492
4016
471
548
4143
3994
1265
4038
3293
92
3077
4241
447
3720
3391
4965
2728
1777
665
4290
4615
2872
336
3588
2567
1684
2608
3114
4597
2121
1989
4122
1255
1844
1762
3162
744
1833
1374
68
3400
3155
4763
2592
3516
3570
1585
1320
3181
1585
1895
3184
1730
582
263
4471
4727
4795
3532
4393
183
684
4560
1006
3568
3388
4842
870
128
350
4538
821
746
140
2363
364
296
1413
1943
2781
3923
319
3331
3167
2800
696
3739
3789
1984
443
3840
2672
4125
1584
952
4727
2764
1710
1501
3760
4467
872
3195
2868
2307
4519
2724
1725
768
1657
3126
86
123
4577
2213
232
2381
4028
20
2665
2605
1361
2418
623
4575
2793
253
2255
185
1750
3218
4763
4371
1796
2541
897
2511
1745
1242
853
4040
2008
2253
4530
1344
803
4133
1583
4986
1976
2906
297
3772
3050
3155
58
3063
2295
1792
3506
4676
4651
1688
3619
3199
1045
4982
4776
738
2664
259
3934
1278
515
2213
997
1426
1416
4860
3816
2001
0
1384
835
2066
3008
4939
3113
4476
4276
3549
4552
2445
1485
4334
2389
3794
2616
2726
4982
3841
2353
4483
2746
918
588
1247
3531
2763
2617
4213
639
3383
4361
3876
3023
1914
32
2676
3135
621
4937
3637
2848
4963
2526
2725
4093
4412
2911
4234
4483
3098
3811
3486
1906
316
4190
228
773
4436
1058
3727
1445
296
1393
1956
4891
964
2362
3452
2337
4804
2601
749
441
1848
168
1440
1334
1758
2237
755
3299
1822
1657
2574
1927
221
2220
1781
2109
2876
220
6
116
343
4060
3156
4796
1796
3284
3958
828
4410
3416
4291
4669
4816
1750
3247
97
2684
4617
3581
4702
3421
215
1317
1318
2558
3763
2200
4684
3827
1087
1823
2097
1421
521
4626
1141
612
1196
50
3771
2663
4001
476
347
1179
548
938
3744
965
1999
639
142
2468
4245
880
1275
1410
1631
896
3657
4644
2620
4101
3391
3500
1232
4729
626
2746
456
2244
1433
1664
539
1631
3293
2413
4350
121
2094
697
4925
1652
1644
1080
4515
647
406
1351
3666
2420
2320
4036
791
260
574
4250
2751
4132
2162
3131
2489
4104
1765
4320
3150
3788
2419
1114
487
97
3087
3043
2600
1304
4720
4214
543
1999
4871
4943
1745
4614
1479
2911
2245
262
4180
4468
2534
3819
2416
3921
2966
821
1965
2619
246
1988
3498
2367
3340
1908
4640
1638
3137
3427
2445
448
648
4630
1825
3545
2127
2288
3641
3696
2888
3166
44
961
1318
2467
4092
2452
1104
202
4439
2894
1537
1933
1319
2199
621
2769
462
513
4864
2099
1349
3597
2586
678
3603
3891
281
501
509
4072
1292
3587
175
3510
2699
24
3766
4915
3824
3826
3185
596
1755
2418
365
4454
4791
2506
2274
2710
3301
2086
3278
1286
3798
3829
1454
3744
2633
3068
1273
1627
4979
2458
4543
2031
972
1294
1072
1506
248
558
4650
2210
1377
665
3633
3115
2246
2220
1037
2637
3884
1882
2008
1292
510
669
468
4005
254
3066
3712
1215
1123
3229
1148
4411
4536
4111
3955
836
746
3111
968
550
2728
1059
3143
1321
728
163
2688
761
3467
2099
1171
2438
3323
610
3758
2022
1711
651
1514
2872
2611
4622
4661
4870
3187
2391
2178
919
4244
3382
1141
4575
1742
2584
1365
204
2008
1953
3412
2655
429
3911
1221
9
3343
1445
388
1496
275
2812
3242
2032
3427
1827
2139
827
3673
1696
1270
1803
4247
3018
2790
1069
2792
1098
2378
3210
3745
2838
1852
2198
573
1101
1826
4238
2409
4712
1880
1177
2191
693
2136
772
1836
4763
4713
1110
4145
3236
752
1906
389
2675
4259
2825
2012
1278
4982
2052
1133
2306
253
349
3000
799
1063
1521
650
4272
2160
3082
874
1236
974
3640
4486
631
1572
1061
1670
3444
3275
104
1860
2983
2434
3731
2261
2317
3763
3767
4218
3412
4981
2992
3416
3245
251
3646
2704
4435
1256
408
515
2473
4379
301
2523
744
517
3594
2192
3837
3662
718
940
1974
4613
2397
4837
3119
1996
1858
3159
4260
3285
2497
1862
1557
837
4530
2716
3057
4097
4885
3169
4353
4915
3582
3249
4343
2926
4168
1330
3149
4991
2602
1867
4344
963
4653
3814
951
3402
3466
2378
2533
3919
4472
874
3445
1236
872
1784
2283
2289
4469
3858
286
1311
1115
3473
1507
842
2846
3604
1638
3711
4016
3771
1802
3068
4948
2027
4947
4532
1437
2157
2761
3445
810
2556
4545
3693
3883
1912
1167
2652
3931
580
4297
3290
2174
1753
2422
2354
2345
2943
4251
672
1253
4681
1983
3663
2018
4993
1237
2699
330
1642
1799
4699
3233
1591
3211
1095
3858
4954
1151
1096
1186
3731
2961
1708
2007
4471
4036
2730
3729
205
4269
1537
2944
2710
2748
52
3424
3721
28
3287
2917
4765
2736
4090
683
3204
1813
979
1793
483
3337
3334
2842
1389
3400
442
4901
2818
2617
2751
1184
644
3974
147
3911
2171
3237
1290
3556
2702
2308
2209
2088
614
3620
246
4639
4540
1966
4349
1639
2733
2757
1457
2922
2502
4422
422
330
621
2101
2638
393
1190
3855
3605
366
3497
4723
944
2607
2702
4414
4118
383
4515
1005
2721
1730
2885
73
3663
3218
1273
2686
4275
2716
660
1490
2571
3380
1496
3069
3875
3139
393
459
4801
180
1490
111
1825
3572
202
3342
687
4731
4911
3093
1346
4172
2336
3738
4081
3705
3506
3738
3564
3455
1015
549
1402
2501
413
1939
745
1951
4201
44
1166
797
1023
236
1304
1853
2669
4844
1959
3311
1
335
288
926
3354
2390
2983
2440
4626
4262
664
3376
3086
2391
1338
2209
4593
1902
1252
898
4801
1057
1979
531
1790
4965
4066
4838
1930
1430
1456
1400
1032
238
3835
3998
7
1148
1338
2739
2577
2205
3947
1065
502
4050
3721
3524
3737
3503
1578
4377
2841
535
23
3607
308
2454
4982
1708
171
3268
4883
1931
3364
1396
3952
1810
4756
3813
2544
421
366
4928
2567
155
1822
2766
3343
3090
2570
2593
2251
134
88
2578
251
3394
3122
3364
3703
2109
2372
1022
625
3488
1067
2548
3138
3511
1182
805
511
3746
4072
3764
4098
1301
2432
54
583
373
3988
816
646
3565
3127
980
3569
1835
4851
4102
1237
594
4269
3628
4390
3138
1441
577
453
4602
4963
1872
1665
4417
3066
3670
2390
1680
1194
4223
1539
2370
2745
3252
4802
2321
1834
4066
4529
4858
313
4287
2412
3066
2496
585
2326
747
2179
1787
34
4346
2690
814
3252
4907
4734
23
1623
640
569
2000
412
1395
4195
4248
4172
4761
706
3597
1631
1614
446
2541
3037
4562
3082
1132
1879
1344
301
2586
1827
4747
2323
2310
778
3597
254
2512
316
728
2778
4412
3869
3243
4512
4264
2309
2620
1090
338
341
1521
3968
532
1876
2532
1030
4649
4930
4814
2138
3876
4820
3174
2946
4537
3227
3695
3824
732
195
775
3961
29
1304
996
4260
4733
3744
2313
3405
4229
571
996
3503
2181
984
2457
3792
732
867
4159
2570
797
4161
2615
931
3765
568
1363
2573
2532
594
3006
2289
1703
4447
1912
994
2137
4836
4671
1757
2490
292
1629
3542
1821
316
4726
1553
3602
4802
2327
2016
4091
2304
2303
1137
708
906
721
1670
5000
701
2581
2211
3682
788
4625
3745
1234
4382
2982
1867
1524
352
2481
3222
4692
1055
4404
1543
2311
2720
2020
4049
3378
1964
2243
944
1402
2637
982
3877
2486
1155
3270
2961
4205
615
3375
4081
832
4445
4360
1519
3563
3648
683
3326
62
435
214
4054
1384
1533
1278
2202
442
614
4759
1751
4415
1189
2185
888
3846
3440
4094
131
2109
2170
2681
419
3525
4461
1095
1875
891
4134
4500
4328
3499
3799
3298
3077
873
1612
1089
1819
1796
446
229
1561
1760
147
2124
3457
2393
3847
1594
2969
1086
4787
3846
1
3656
2378
3221
4251
1558
202
4720
2188
2559
1816
3497
4224
4485
1903
2346
2393
737
26
1556
2996
3670
2606
3220
4737
1177
3531
2375
3544
2403
1181
371
2255
4084
1094
17
3968
3930
1040
2827
819
3443
4160
3418
4249
3818
388
4429
687
2294
1752
2995
912
1599
4302
4112
838
2829
2938
4208
3929
598
4583
4638
576
2819
3659
3663
4241
1183
3736
3063
237
915
2681
3548
2155
3702
2331
2870
1569
1159
2642
3745
788
4522
2903
3864
3409
2396
983
1870
257
790
1194
1571
1304
1416
718
878
4001
3917
3102
4640
4884
131
393
3885
3810
4080
4724
4833
2324
2325
2517
3148
3680
119
570
2216
1327
3001
436
3478
2631
890
4790
1135
2952
278
132
423
20
3145
3400
515
2599
667
2964
3493
4362
552
3017
4233
3781
1329
142
4552
2494
3922
3027
3324
4106
979
1275
4310
3417
2297
2934
4081
1353
1765
3282
2236
614
1899
4405
809
3647
3197
2676
1618
2555
2073
2809
3464
1057
3075
4372
4374
3814
4005
732
2860
1591
1036
2931
4775
823
3572
111
2952
1273
3014
455
1909
3866
1016
3997
566
1041
2745
2369
1103
3747
986
3639
4933
4398
4293
2759
1102
4283
476
4892
3788
1080
2458
1718
2821
4491
2178
4930
179
3325
2764
3984
1960
808
2073
819
840
1618
1533
579
3072
2393
2570
3131
1453
4921
655
1947
4306
4058
4968
748
4746
2651
2033
1897
2861
4980
3166
3475
1729
3024
3965
2727
1616
4890
1030
2939
3084
2584
3698
4621
2590
638
3325
1189
4024
1039
3393
3954
4397
2797
2637
4738
1614
1672
1730
1195
1725
1390
4305
1817
3880
2483
1564
983
538
1930
1094
1085
1905
4769
3981
1382
2483
129
2079
320
1329
371
74
4948
1471
2400
3389
61
2435
4057
3399
2027
825
4618
1661
4191
4106
283
3302
2975
13
1087
1308
1395
781
1590
2196
3592
3468
1217
1519
1819
2109
1468
1343
4881
4429
1421
3239
4401
1117
3219
162
2970
2331
481
144
1735
1620
1484
3461
4399
3122
2439
4176
1115
1897
1137
2156
1141
2702
2322
1105
2167
2182
191
1998
1486
4641
1321
1585
1446
3996
383
2923
719
2038
784
1243
2887
4028
3861
1967
435
725
3479
1052
4463
2557
3851
3496
2272
1320
4568
3980
219
4568
4507
3841
2870
2133
302
2468
2563
2204
4892
3702
3738
888
3731
1103
1848
4010
4501
3551
3612
4737
1046
3348
4876
1948
3530
4331
422
1422
3825
4161
1400
2072
537
4155
3371
2408
2289
1116
941
938
1501
1544
2989
140
4436
946
103
4129
408
1323
137
3856
114
1180
4172
2845
1958
726
4066
4320
3848
3519
4147
1613
2519
528
3860
1698
1306
3073
3721
4371
3307
745
1748
1010
4273
3185
4811
3762
1899
575
4299
756
4551
1140
1596
3188
4690
3503
1069
3776
4814
2283
4051
1939
4547
2299
668
3310
3208
1966
2210
1562
3346
2284
3469
1116
2271
4621
4400
856
2493
1757
3925
4583
1485
3766
2864
2539
2388
803
3355
209
3086
2633
3507
3770
2518
1267
32
3623
1880
3048
119
4553
4384
4582
4188
4315
714
340
2293
3054
1844
1577
4352
1308
3831
3979
349
1295
3675
4468
496
703
2456
4724
2110
708
4875
1634
1817
4092
1962
4277
1371
3021
988
2451
3393
3727
3343
1381
2769
4988
4615
728
2313
1682
132
2791
1512
1995
4613
87
1844
742
3949
217
3432
4579
220
3438
443
4194
4121
3892
3641
2479
3418
2183
3371
786
4625
1540
4268
1340
2502
2725
1457
3742
2367
4420
4859
2903
2119
4483
2958
3747
2558
44
1734
4687
1333
2841
2794
4386
1725
3947
1587
1332
4528
771
4113
2286
3708
3847
3373
4299
4138
440
1847
88
192
526
2356
2904
3227
4875
3906
1778
646
1602
3285
106
4303
1800
1840
4511
3338
3786
4129
3102
2640
3038
2214
4364
2203
1158
2126
3927
1764
3044
4799
2592
1975
2613
1424
4872
3151
4865
418
880
2869
1647
4090
636
2438
2867
4382
2683
758
4460
3994
1
3855
476
4784
943
4145
3771
2739
2704
2823
2104
2648
1412
2818
2745
2696
2157
2603
484
1724
119
4870
1992
2489
3747
2261
480
2144
4755
229
4141
1034
4771
1960
3010
4873
1783
4904
3324
4314
2993
4405
2732
4183
2432
2086
4917
1110
3418
396
1677
2863
3583
1308
974
1726
3803
2749
4755
4128
4194
1847
1171
4037
2809
1705
415
2545
2289
130
2841
2523
3553
1350
1744
1597
458
3799
3130
917
3428
587
4459
201
3573
903
3921
1214
2593
1180
579
4316
2467
494
2908
3493
3758
2722
1905
1232
746
1901
131
485
2165
3347
2114
2897
900
4211
4652
3645
3721
2224
1344
4019
2197
4854
3536
4923
2750
3388
3179
4160
3121
1235
4111
4248
4493
1246
952
4380
3799
1724
2417
4217
2779
670
4191
4529
4431
2057
3772
1576
954
1207
3100
918
1969
2840
559
2092
7
3690
507
3845
1401
1561
4833
3371
1289
410
4436
577
4712
3164
1863
4441
2017
4022
3304
3477
510
519
1994
4513
3737
3448
4312
2813
4751
2579
2450
421
1559
774
4503
4506
3237
4637
1058
2866
1242
3228
2583
1390
1643
4123
2534
2394
492
1783
4607
1014
3135
3756
58
1593
366
665
2820
2039
3618
2687
215
2175
2366
1852
567
400
1723
4303
763
3411
3622
3571
4398
1938
4680
2977
389
1953
516
2550
3058
3195
4931
3051
1075
2326
2469
237
1327
4618
481
3002
1821
3684
513
2635
897
4493
784
2811
3188
1276
293
2430
239
374
3749
587
2094
271
231
796
2463
3101
4145
1995
221
4191
413
69
3623
4059
35
4288
2278
1767
232
4848
4996
921
3267
2818
1583
4018
1352
380
2879
4591
4573
1428
2031
2698
3413
4128
1021
782
325
1018
4887
471
854
3853
4702
4516
1474
3739
4485
1681
1699
2461
645
695
604
4348
2912
4646
3039
274
3051
2982
4877
4467
3272
2891
1636
3488
4829
555
3773
1635
718
837
938
4041
4104
2692
3036
3529
2274
434
50
296
4334
4740
3742
1520
4027
522
844
1805
4050
4180
4728
301
3161
3659
136
705
1686
3695
1617
3063
654
1357
4795
4422
3936
3796
1536
1601
123
4837
1183
2379
4662
1288
3229
2392
4999
2387
361
2199
3695
2708
1265
434
1712
4537
2812
171
2780
2479
3414
2813
4829
2770
366
4765
508
3458
4050
1136
2256
1842
4170
749
4839
2711
4830
740
4262
2911
3297
234
3018
4324
1367
2778
389
1731
4004
4987
735
2291
558
1157
2246
591
2768
452
2879
4100
3530
2109
360
4691
866
3175
4352
842
932
2532
1146
257
3699
406
2339
4516
937
2137
3914
1452
3815
1584
3998
1288
280
111
1693
476
1576
532
4405
64
2948
2969
930
3477
157
2465
287
1531
2056
612
2796
2861
4327
1257
121
3987
1223
3190
57
2857
943
2049
1742
309
2593
4233
3394
2574
3717
3743
4529
4492
149
3935
740
403
2659
1876
629
1297
3547
3365
4212
113
1852
78
2502
2143
3348
2381
4660
4520
271
2902
4055
2674
4961
4029
4838
1491
568
1108
2057
3665
1179
785
2598
795
1733
4752
379
623
4522
2231
1022
4690
2508
292
3912
3446
2444
2477
2612
456
2258
3378
1735
65
3998
12
53
988
3284
1794
1618
1807
2995
3646
487
2465
1247
3402
913
455
1529
3004
720
2235
2127
3969
1161
1616
417
2364
1697
4786
2442
4599
4435
1044
3888
4608
4845
2272
4796
3111
605
201
1124
3880
170
929
2274
610
2244
2865
1967
3206
2607
4166
2615
288
2683
4180
3140
2243
4177
2315
4123
1031
3711
1846
358
3999
2320
2961
4936
2409
1491
2868
3788
4164
3004
3996
2690
4257
1572
2620
2954
2084
4425
2646
3134
2555
1010
4559
870
265
4004
3844
3938
4078
3012
4390
1615
2003
2721
3713
3153
1107
4811
760
843
1125
287
4838
3099
2846
2478
567
94
3365
1520
83
3501
749
734
1977
4119
2649
1333
3211
2330
1192
3334
2585
92
4732
3135
4439
1157
2489
3481
3834
625
4251
3540
4584
3633
482
4646
4860
4088
1244
2325
4157
2710
3369
3924
2572
4648
2176
4041
1145
304
1531
394
2155
1041
2667
3506
259
1709
4785
3217
4992
4051
3795
2299
1426
2855
3086
2012
797
4791
3118
3059
2558
4721
4276
198
4369
2286
2821
4288
3421
1383
4157
2032
2141
1388
2895
3754
3325
3975
1818
4482
3716
3152
3145
3090
448
2972
4751
291
3175
3583
2769
2615
2157
1724
3241
2197
2713
4706
4433
2635
2099
1503
831
2978
2724
693
3684
4729
2829
4896
4346
2480
3226
49
570
4321
3540
4698
1901
4655
2315
3702
1435
455
643
4452
1704
1115
4790
4668
1641
4078
3234
117
966
1460
672
1380
1757
1317
4608
2513
2787
4776
463
2093
4904
43
64
3671
3658
2453
53
313
2948
1619
1730
4569
122
3811
2035
4023
1927
564
4427
682
3204
3588
3239
623
2535
1688
4761
127
1889
526
3250
3664
1876
612
531
2223
4765
4963
2522
4815
4802
4890
2408
2169
3187
2653
4180
1487
228
360
2160
973
2271
4330
2964
1204
3355
599
1477
4174
3414
3724
2558
3139
1766
1085
4098
2962
4366
2928
452
3128
729
1396
255
2582
4690
168
2373
415
3039
3991
2719
1492
4449
868
4533
219
2873
1712
2322
4514
4769
2072
3257
1432
3578
3172
3738
2986
1689
298
436
4080
2010
2218
2529
1503
4553
3890
33
2295
3945
1642
356
3017
4228
1612
625
4394
906
597
1576
1369
341
379
2713
2556
4360
3312
30
3801
3702
2541
2286
1047
1430
4583
4963
3677
4474
771
1900
2059
2097
4483
3525
3213
2466
2884
280
1995
1720
4777
3773
970
4655
4176
467
782
1973
2528
2259
3672
4618
4598
926
4102
1116
1505
952
3047
926
508
1050
1058
2691
1619
1644
2309
2908
295
2527
907
1976
338
4887
291
1099
2959
2048
1710
2256
1924
382
372
764
209
4521
3657
2437
1139
3926
4978
4008
3463
1734
2194
2079
2544
4645
2077
2430
3481
2818
2671
105
2566
496
474
3812
3472
3775
3243
4017
659
3315
145
2619
145
1745
3309
856
4981
804
2977
2461
717
427
1387
4230
365
4769
2027
3070
4090
1460
2363
4990
850
336
4582
2027
4074
2552
275
2593
1639
58
10
2988
3876
4348
2144
1533
4310
2383
4507
2269
3944
4123
3366
381
193
1503
4962
4315
207
4306
1969
1505
4944
784
1761
4192
3270
1667
4137
2548
3674
175
2669
1394
1429
406
1191
3644
1194
3402
4813
2089
3119
1823
3897
2163
871
1595
794
2040
1466
284
1621
3762
3946
575
4274
4709
40
4111
4832
215
627
2439
767
3337
4792
3739
4094
4565
965
3916
2267
3718
4812
3798
878
2178
3462
4162
1689
1510
1357
1887
1959
22
2471
2931
1931
3177
3125
1837
595
4017
1234
2660
2100
25
4730
1700
3594
2595
1941
1693
3498
431
4683
4757
360
2290
2528
208
1075
198
3585
4606
4533
142
2557
466
596
1072
4217
3374
3380
1263
2455
1193
2631
2025
4630
3609
1658
2403
1013
414
18
3926
2853
41
4178
1071
3501
3869
4108
3900
3780
293
3898
4831
3129
4628
469
1946
4008
3989
2449
4475
807
1332
3701
1300
3926
3092
82
23
2137
3544
3647
4337
2630
2163
2448
3334
3521
2211
2529
4079
1872
307
1127
1827
2449
4121
350
4329
4009
2451
2546
522
360
890
1993
4604
1323
361
3084
1921
3854
2148
2493
4057
2590
4328
1187
327
2157
143
2686
2773
1349
3254
1191
1889
1900
4969
2022
2694
1023
3467
3930
4980
4518
4211
1839
1275
2810
4063
1177
727
215
3363
3548
1757
2325
621
3706
3048
1264
4652
1384
200
234
3676
2436
2994
4818
1179
4725
89
357
630
495
2761
4273
2394
935
1441
1400
4239
1485
1773
4558
1453
3567
4545
3268
434
4883
1371
907
516
2520
962
1150
219
1357
2474
3608
3838
817
3217
3646
2785
3093
3818
1741
3653
3516
4734
2952
4911
4599
3402
1450
4625
610
1757
2612
3642
4625
2852
2296
902
2794
4489
2334
4987
2959
4757
3401
1522
3389
3449
2005
3508
4685
3046
515
4129
477
2679
4981
1229
4020
635
2008
3417
1767
2973
3613
2982
975
321
603
2306
3946
3879
1921
3675
2331
4939
3294
730
3650
1188
525
4669
148
3204
3197
1377
3692
1861
1385
2130
2714
3742
1036
581
1935
4407
1713
1928
2085
1398
4543
4185
1871
4945
853
1317
3420
2163
1802
143
3308
1708
2662
2880
3530
1914
3915
1174
3281
2045
2604
235
1027
2153
657
1559
3205
1186
2646
28
3427
1506
4190
1236
292
1296
897
3615
154
992
1366
82
1930
1504
778
1134
3972
3984
3791
3079
863
135
2239
3949
2916
1494
4143
2458
2279
3429
3170
3371
1484
681
2451
4230
2339
2761
2742
3812
4625
4314
719
800
94
2778
2206
120
4578
1200
2573
1441
3902
2708
495
1087
2765
178
1685
2442
4954
4821
3783
1993
3297
1483
2153
2509
3230
2030
1843
3380
1457
3119
2943
4054
1725
3018
1129
771
1962
3258
4596
3611
390
859
2995
2507
445
1344
2243
1260
4606
1627
3244
1064
4018
1176
4158
1666
4199
3905
1009
4708
291
1569
889
3523
3797
3163
4944
4786
4402
3930
2695
136
1691
315
2079
3129
4692
1506
2705
826
1079
404
2296
2642
2854
2216
1919
572
2071
710
2242
600
378
2874
1197
3302
820
3366
4541
831
4210
3188
3450
4116
4804
2797
4701
1863
1772
4590
305
3599
1849
519
1482
494
2683
3072
1596
530
4446
2471
4252
422
639
4220
4443
962
1096
1683
3676
1148
159
1595
4192
322
4374
2682
1794
2058
137
2235
2291
1835
4942
4397
5
4999
2481
2314
2769
3806
1710
1686
1110
4161
725
2814
1452
10
1917
726
3717
2230
3508
3743
260
3671
1206
69
4791
4468
4359
3375
2660
3103
1056
3890
4124
693
1562
2713
3578
55
3526
2574
2623
4189
4462
3845
2486
1693
763
3211
1898
404
3618
2143
3925
4945
938
1797
2826
2025
1366
3536
2820
517
2348
443
3854
4619
1411
851
1625
21
4337
4698
3759
2569
4275
3924
1860
3942
3179
4942
1024
2452
2789
4170
1026
2070
2786
1284
121
3757
2041
4025
3581
3439
2202
3452
2140
873
3497
480
272
3778
630
3705
3688
363
98
4549
3605
2719
4995
3144
4940
3044
962
959
3766
4159
26
4260
2620
413
4076
2101
975
1657
267
2632
1100
4457
2680
355
1547
200
3716
2067
3755
3175
2446
3365
4383
2923
2136
921
1705
2333
1262
4840
1037
1994
2891
3684
2613
1318
4445
2355
4242
2380
1609
4194
4069
4440
1299
110
4000
3906
3112
1172
3927
828
1826
1112
444
626
3528
351
2395
2318
119
3332
2885
1729
4153
3774
363
2671
1196
1964
4260
4583
2512
4706
3952
3421
3508
4147
1576
389
4936
2626
1597
633
4225
1600
3443
512
4005
584
4589
1547
744
1917
127
2557
3968
855
4153
1403
225
2943
1124
348
2944
4085
2457
235
378
2637
3783
4472
2376
3628
33
769
4794
3790
3885
4685
3310
2658
3641
3508
3707
3288
2332
254
2597
2106
3656
3263
3938
1713
1943
3552
4310
4257
840
3374
3771
547
216
230
3773
4654
2269
2441
4702
3703
2379
254
4799
3298
2136
265
3611
1188
3920
4549
334
2558
2409
2158
4791
1102
1272
3393
2875
2235
3247
3186
3985
3166
1959
2551
1888
1577
2056
3775
1617
1354
3151
1656
266
4693
4940
4095
2030
4217
877
4676
71
2514
886
867
1012
4561
463
1778
2762
67
4395
1823
3066
4759
2984
2811
2669
487
1730
481
4954
2456
500
2525
4436
4730
264
1443
1854
1396
2750
1646
1659
1467
4848
4630
3326
2580
1216
2367
407
1388
1409
3305
3896
1063
3617
898
1820
3867
2019
803
326
2388
3648
671
2689
3464
3668
3341
1252
298
858
2602
4067
1228
2561
1296
4141
1110
2576
635
3461
610
1217
4578
1998
4959
4922
1676
2579
3520
4868
3833
227
1152
1684
3829
1948
2335
535
3002
4100
2250
4956
3931
1718
3136
519
1409
1935
13
3664
4181
1188
2255
3092
94
1473
4847
1764
1494
4761
3777
255
4834
852
4373
1546
1527
88
3429
2010
2015
351
379
671
3512
1483
1952
3463
872
3174
2812
3351
515
1682
4427
1445
2559
2794
4212
3858
2802
1356
3564
4620
1590
143
1775
2923
4655
97
4786
4424
1879
2548
2946
1011
3817
4960
2595
435
2079
270
1507
1177
1624
1314
4668
4727
3151
3629
1805
4026
2362
2101
3312
1809
4524
1781
457
3604
1604
3694
3749
2020
4627
897
2328
3244
2615
2940
508
4011
2250
2919
4737
1799
1098
4135
4057
2618
897
2365
1397
2929
4738
302
1074
4886
2263
3646
1080
532
1096
4945
4668
1570
2114
3426
2147
2401
3530
284
24
628
3233
998
3673
3611
2759
694
1338
1461
541
3622
2916
4514
2140
1082
1888
494
3849
4044
4318
2602
2317
2201
4177
2732
2380
1218
3544
4218
907
2896
3161
4678
1301
4011
4490
902
2912
805
1099
4039
2534
4224
1064
73
342
633
4880
2592
519
4224
4300
3059
4824
2272
2031
2795
4070
1250
1011
4800
4106
592
305
4377
3314
803
4261
1261
4231
4540
1644
1793
2136
3394
3808
4071
912
4054
2145
2993
2439
4657
2396
3110
2804
4742
663
1575
4747
3848
225
3917
4242
214
1253
4447
4643
541
66
3291
4580
2227
1528
3965
4723
1260
4813
4285
1418
39
1579
2750
2689
332
3905
168
4081
3637
1969
4057
819
2170
4388
3900
744
4514
3780
836
115
512
4974
4370
335
3971
3055
3642
3415
4776
4123
86
4381
4320
831
3883
4610
2191
2453
2078
1573
706
3980
1610
2182
3092
2577
108
914
4281
1969
1745
1532
360
3868
2640
4899
1543
3097
2283
2271
1743
2081
1848
4753
833
4388
4890
3165
4490
2011
2853
4646
2363
2283
2232
2952
1355
2882
829
4523
3583
1795
3430
2262
1981
4133
2693
1301
176
2124
4593
3574
1467
3928
2103
4921
4669
3996
3922
1480
2304
3182
3447
4014
229
316
3192
3476
3585
2346
1319
4264
3517
2564
1418
1852
2252
2401
2771
746
459
2613
3889
3501
2216
140
2739
4580
3074
2693
300
1432
2366
833
4263
1052
836
361
1054
611
278
1136
3855
913
3330
3497
1878
408
2373
1656
4769
1408
3839
1315
2644
201
4341
4262
4165
3004
3663
2015
4552
4936
511
1583
2258
1538
2195
1364
1287
1676
2420
1225
568
52
1337
486
1303
4598
1545
3063
4905
2863
542
4441
1298
2318
503
2176
4321
4507
2582
2465
1714
2521
4965
3732
3238
4679
4011
4872
4342
4183
4470
3351
1184
2538
4490
3026
851
234
2499
4616
4358
2775
3803
4227
2096
4928
1960
2743
1297
3295
1344
3851
3174
3065
3281
4806
1790
3388
2100
3921
1005
2403
4604
2067
4755
2090
960
3785
14
596
3452
561
482
276
1582
517
1379
2968
788
3219
760
1052
4798
2410
4197
501
1800
4431
1718
293
2055
4955
1870
4881
3980
3297
1266
1297
954
474
3424
3438
156
4105
1799
2259
2585
3192
4933
4300
769
3236
1026
2621
74
3655
1229
1087
985
911
4375
462
1054
1516
2797
179
18
381
1134
1765
3560
3609
3907
1107
2336
1320
440
3363
3895
4223
2254
4539
1860
4324
211
2359
1972
2738
2312
1996
3700
3151
217
3963
4372
743
376
3368
3690
490
753
2647
3980
4754
436
492
4293
1808
3849
4183
3087
3585
1069
2748
1358
2458
2670
2909
1545
20
1558
3878
399
2069
3108
4859
407
161
2252
4382
604
4747
2925
4162
3830
726
1138
1227
770
3533
3907
152
263
3001
4468
3653
621
3859
2271
3258
4651
869
2407
4400
463
4888
513
467
1798
246
131
3633
305
2407
2564
1518
4078
2569
443
3602
4701
2632
2575
2916
2653
2723
3252
3304
301
1071
2351
4877
861
3618
3455
2452
3081
3167
2077
1358
2661
1091
3166
4780
1932
4576
356
79
316
4178
1781
646
508
2540
2597
2735
2100
3257
3863
4017
1899
4250
3348
562
1846
3495
3079
2138
1143
404
420
4603
3963
1131
772
1697
4168
4173
4147
1899
4558
1797
2040
1120
3129
637
1804
3016
1892
2745
3498
4439
4566
3844
1058
810
1343
451
1344
4893
979
3851
321
1604
1320
4027
1143
2122
2830
2971
229
3624
4408
1920
2352
4530
4085
478
3900
4935
4712
2210
2110
1977
2938
4456
3694
4496
3447
1574
2626
3382
2846
4457
2026
2406
3766
3890
1092
2968
3260
4954
2822
1677
2747
2621
1590
3750
252
71
3027
4120
659
2395
291
3553
5000
1422
536
2925
4202
303
76
3335
1508
2368
3611
1502
1974
3010
2514
1054
445
3328
2883
3105
2278
3079
1895
4662
4345
1225
3666
1855
2373
3726
4203
3906
3025
2854
2410
1591
3483
2162
2501
2250
923
1726
4302
1197
3999
1172
2912
4453
3164
1358
2085
2809
65
436
3398
4506
3122
4603
2853
4293
4228
2824
4888
1783
4895
2933
335
2703
1578
1582
3665
4834
3658
2425
2601
433
1447
4524
623
2774
1731
3833
4195
473
4039
440
2467
176
4964
2941
3708
1761
2076
2436
2879
2988
4739
1290
4579
4843
3690
481
2501
1066
293
3955
3500
1840
671
966
3750
1942
4863
1622
810
329
3685
1817
4482
2921
115
3050
461
4564
4813
4104
1839
4201
4060
2234
4108
3138
1117
3149
3452
2778
925
2865
940
1792
488
3032
4526
721
1813
2201
3975
1188
4497
732
1943
1616
3968
2805
2714
2885
3136
1302
3833
1126
3970
2194
3722
1265
3175
4745
3955
1732
582
4861
3564
2094
4265
4220
250
420
3382
155
3728
191
2108
1899
1809
1700
1734
1333
1440
4702
2092
230
4957
3785
1449
4609
1562
4596
1891
4221
3232
316
4728
2506
528
10
3031
3344
4171
27
490
4839
515
4680
2324
277
230
3869
1540
1614
4558
1368
2388
2107
4448
2787
4265
3755
3895
2963
1956
3740
1809
1816
3161
22
1610
3198
3026
834
2333
1702
1836
3534
519
2225
1269
944
3499
3846
4721
4949
4240
596
4328
557
1332
3659
1110
2052
3198
51
2085
4240
1905
4822
4131
841
4655
4465
1503
2705
3767
1544
1058
1901
3168
4218
1713
4731
2973
162
3624
1026
4364
4577
817
1171
4592
854
707
2681
707
2233
4845
3328
531
1172
2230
4874
4664
1831
882
2531
3372
3205
3587
206
610
758
1762
870
2605
3379
618
1020
4064
1537
4295
4731
3037
82
4715
4020
4537
4036
2628
2416
2952
1292
4510
2446
2808
577
688
1111
2512
1104
4956
2672
3404
2317
2637
4304
2057
3175
596
566
4554
50
4438
1307
4172
2051
2906
1278
4102
3819
2425
2930
4183
361
481
629
4994
956
2835
1643
4228
1049
4537
2867
2926
2747
4548
2260
2577
448
3058
1856
678
1936
1565
3085
1246
329
1134
3727
2494
4694
3480
2839
2768
530
112
287
3028
4157
1127
42
147
1213
811
3026
3164
4266
2196
526
3530
4765
18
1427
1767
2500
4501
3021
864
2541
4191
1147
426
4261
1355
4378
4525
3280
1565
2849
1111
4295
3516
841
2209
4434
4410
957
4201
2011
1706
2028
307
3363
1412
847
2642
35
1883
4719
661
650
2861
2811
4736
808
127
4905
2182
2028
853
4723
1955
4282
3570
3211
3799
1123
3107
3346
4905
3146
390
394
2871
2223
2635
4626
984
4181
3312
2410
2882
4564
3190
3895
1354
1819
2267
4151
3470
358
2994
1848
4512
2240
2335
4461
4894
3109
4813
3888
3799
1944
3384
435
3982
3550
4896
546
3304
120
3810
4927
487
1502
3395
3867
4074
349
2476
4610
4745
2108
477
1843
2854
1393
344
2320
628
1262
126
2774
1739
2718
1741
3560
2317
1196
2659
4518
454
3246
2230
3113
2078
4152
544
3182
2293
3973
4198
836
331
4213
4131
736
3371
492
1342
3524
4348
3515
1026
725
1323
4404
365
1978
4372
4148
3319
3180
591
3826
1911
4998
2687
2122
2445
2043
619
2280
2836
1272
3658
3074
2027
1219
1532
2256
4116
2015
26
4484
3616
3622
1189
4252
3283
3220
2386
866
3649
4730
1459
983
784
2013
4759
4060
1057
888
2790
4615
2554
9
1453
3435
3163
384
2757
3775
425
1420
2652
1083
4942
4036
165
3102
3946
1787
897
594
3948
589
3755
4520
1486
2596
3749
4690
2262
769
2523
870
2820
3460
2167
3933
2615
4515
354
2998
361
205
820
2776
3881
2813
4519
952
1213
4463
4193
3463
1884
3529
3604
3616
3856
1757
2195
2501
3027
2973
169
4172
2282
654
2882
3356
3798
313
2211
1209
4802
1594
3404
3347
455
1548
4284
3117
1252
166
2686
3838
4475
3641
1407
2066
3585
1546
4412
3347
1863
2784
2854
4155
1147
263
3303
3444
3548
2714
3055
3646
1047
1168
4495
2449
838
1651
281
3851
4700
3221
1549
112
2868
384
3211
235
4172
1279
4467
4244
2347
981
1198
166
2589
4855
4296
524
53
1980
2693
834
3427
3164
4154
51
4436
3865
2389
226
66
4347
1457
1072
3060
2539
4481
4770
3176
1703
3584
4511
4425
4077
101
3813
545
267
2795
1928
1012
3907
4397
2742
2425
2441
4971
3743
4534
2377
78
4252
2831
1110
2125
4678
1817
3570
728
2173
466
1300
2432
3758
1645
2569
896
1604
1962
3414
2984
216
3119
4856
4624
571
2791
4320
1854
2067
4819
1776
1146
4097
2532
104
4527
4603
761
3625
138
2447
461
2622
3416
4908
1745
1115
608
2402
2598
268
4884
3996
2341
4574
45
104
544
1941
4045
1379
2167
2457
4043
3332
1209
2111
4744
2205
4594
4655
950
313
610
397
1157
454
2596
4474
313
2570
2586
1176
1541
3052
2073
1607
2296
2458
4258
1321
2058
950
1352
2182
1663
158
2832
3134
2293
2964
4752
1601
4227
2157
1570
1602
576
2872
1707
2628
1459
3095
3653
3813
1203
1384
1103
1999
2212
1661
3361
4096
4392
1257
4996
151
1874
68
267
2069
657
3882
2054
3069
2486
2713
3185
4253
843
4610
582
930
4345
257
1839
2754
4397
1024
1593
1350
1443
1270
1681
602
31
4508
2729
4913
4142
4997
476
303
1024
2981
2778
2935
3883
851
3458
3240
3463
1167
4149
4506
548
1866
3396
2696
2551
1964
652
1289
251
3890
1874
183
4541
1162
415
2317
4368
48
979
2271
3355
4513
4337
3189
1096
1600
2465
4359
3627
4226
2941
3562
1069
3355
3032
4742
3776
618
4868
4280
471
1032
1053
4207
3574
4847
450
1324
3667
3966
612
1218
79
4944
2333
218
3984
423
2903
748
4967
926
4770
3940
1287
697
2930
2027
3257
4879
1444
3780
1926
1548
2105
1646
2544
3567
1260
347
3011
1301
2546
4958
4891
2726
3559
4068
3974
3209
3366
4653
1874
2781
3056
80
2159
4810
4789
100
886
3518
4577
2479
4983
3876
4838
1782
3362
2667
1291
563
4433
4999
402
100
4200
1963
2559
3914
4988
2974
3681
4346
3353
4906
3567
3358
3256
4186
4476
332
966
2416
986
3168
3178
4820
2041
4136
980
3319
4033
2908
2107
4731
327
4637
4566
2756
903
1069
2340
341
860
2882
4131
2090
4604
3813
498
3632
1237
1819
1127
3072
1941
4807
4339
584
4302
2490
223
4255
2496
3732
4924
4775
4456
1049
4406
1221
28
2126
2144
4086
1879
1784
2685
722
295
3118
3937
1004
521
2681
1998
4849
2304
1885
4202
4000
3818
2485
167
2412
2401
704
4551
4244
1438
4776
4472
4982
2059
3829
4374
1840
2714
2240
1416
3807
4826
1350
205
1531
1225
4415
470
22
2392
2371
1913
998
1871
2742
172
1132
590
4271
3898
709
2403
4006
4497
774
1063
898
3876
1463
222
432
3340
3166
3931
2530
3719
3685
1017
4417
4011
1743
996
2813
1618
2103
4522
4834
3378
438
1424
2900
1698
2896
1410
4090
500
2005
3665
95
4227
4690
2620
4815
4291
3586
3420
438
1159
2981
3719
3719
1246
2634
3129
3841
3993
3286
3026
256
4017
4714
3672
1817
1112
3852
3196
55
3599
1733
4423
4792
3884
808
4561
2551
1342
2109
1435
2760
3904
94
4104
4376
2670
1779
644
2090
159
4546
4965
481
4606
3176
3729
2912
2194
3279
2573
3128
675
4946
2931
3010
237
888
247
4693
549
1926
3582
4764
2641
3910
3706
392
2476
2781
4633
4733
539
1534
2302
15
2814
1130
6
2807
1577
272
3126
4732
2256
1077
2422
693
377
3969
2515
3377
2479
4855
2367
3732
748
3682
4644
744
15
4595
2388
2960
3733
1100
3832
813
2471
124
1096
1344
552
4327
3408
155
464
1547
57
3111
3102
3965
3618
1629
1184
4633
4926
2613
1881
4706
1907
2180
911
3970
4879
2081
1036
4822
2826
4212
4409
969
3192
210
2776
2206
3408
2373
878
4277
3325
4820
3519
2349
3428
3307
3716
4094
1540
691
3327
3939
1953
2624
2625
4323
1368
335
947
2086
1798
4372
3843
4934
3529
4291
3009
593
929
4980
3507
1073
3035
338
3479
654
4452
2972
2297
2688
4374
3401
4273
2624
3534
17
4707
1530
2872
1406
2598
4077
717
3719
1186
2111
4611
2924
2918
811
2103
2706
3641
4820
3223
2917
1907
2102
2174
2710
4864
3218
2731
1607
2077
2799
3464
2449
2650
1006
3679
1447
3059
3414
3085
837
4710
2164
374
2232
4899
2777
2080
2449
4554
3188
4091
290
3402
902
1381
4583
3
16
4521
3945
2145
645
133
4970
2472
20
770
1167
4447
4941
1328
2868
1320
124
1475
1419
140
4423
4718
2546
4358
4982
3625
4217
2330
1002
3559
1992
4932
1747
1023
988
3615
1499
60
157
191
2405
2264
1470
796
22
3720
3584
3769
3480
4126
2371
4295
4444
2187
4711
14
3327
884
918
2089
2266
894
3327
3531
3686
4502
4788
1051
4549
4899
3749
3329
3024
3801
1972
3609
3428
437
449
2339
2166
2589
912
39
3898
2050
1202
360
1158
4173
4885
572
4739
3054
1922
4010
4590
3982
1346
1575
813
332
1576
422
817
304
3547
1780
518
4132
1309
3131
920
4708
4114
323
2529
4629
790
222
1981
3790
4146
1374
1326
358
3843
4358
133
3740
587
1489
879
4442
2652
4200
3373
3424
2452
4227
4304
3829
3666
3190
3085
3240
1676
4042
2154
1487
2587
539
419
1053
2394
337
3928
681
2
4337
244
656
3497
252
4905
3751
2510
2006
4238
2891
3223
98
3504
3336
866
3449
2846
2093
319
496
1172
559
4736
1037
1592
404
2463
610
4433
3599
920
3987
508
2489
4822
2686
1128
2127
2446
3623
3848
3609
3404
4397
4926
1367
48
234
3101
3450
415
2192
3050
3955
4826
4179
2081
3914
4795
2602
1203
4589
3559
4247
2242
4532
4042
4960
176
1924
1796
3970
1558
2462
4226
4949
3390
4733
3555
68
2352
4351
1822
4048
2796
4419
4993
4360
2524
2729
1958
4817
1148
2474
2086
4191
2075
387
1157
2005
3496
4760
1954
1949
1073
4168
4552
4105
1129
2395
1273
680
88
1321
1480
124
1218
3038
4657
4860
218
4388
488
3152
3120
419
4835
3964
2423
4074
2915
3726
289
1054
4887
3175
219
452
3827
3012
2995
2444
2063
2333
1480
3962
3938
3139
1937
2672
4950
4757
669
4305
575
2004
3172
2205
4700
2050
4675
627
2327
963
3866
1872
2855
1183
3685
4458
3927
1106
3067
1383
4956
2583
3797
3373
3583
4834
1606
1262
1318
2468
3916
2946
1247
3083
431
2638
2610
4344
1517
2802
1895
2176
1131
3437
277
3684
851
2316
2735
3686
2590
3488
4114
649
1328
3756
579
564
4345
1184
1284
1226
3482
3734
2372
4156
2662
2360
4784
2835
1993
1521
2166
246
1084
1855
4542
2969
3495
2951
1747
4595
1865
2747
2971
202
1394
806
175
3783
3937
3312
1863
4478
626
2644
1917
990
1854
1651
4198
1873
1090
1473
3368
336
3566
3442
4714
1535
803
2745
1563
1242
4421
3757
4259
2689
1449
4469
1751
1946
1870
396
4247
4573
2317
4389
1413
3658
773
2004
477
2229
4575
2577
795
3713
698
4901
3073
265
3689
2924
193
1604
146
4662
1853
3451
3223
1004
2240
2788
485
360
1783
1455
1701
2425
1025
1723
1498
3375
446
2659
4805
2404
2472
3698
2460
3980
1841
1557
976
2607
2974
4080
1507
3682
2778
1228
2891
2537
1604
472
3853
3838
2164
87
1887
2784
4790
3849
3500
2186
4269
3337
3151
1411
3066
1388
459
3477
1355
4046
4736
624
1005
4981
1466
570
604
2525
4322
1441
2652
1237
2907
2062
662
226
4206
1025
4944
4908
579
3778
463
4494
4502
1635
4714
411
3501
378
831
1921
685
3316
152
2345
1414
4548
41
2409
4012
4534
1470
1019
4030
4721
4952
747
3056
970
1869
4696
2608
3790
1164
580
2502
4126
2064
359
1736
2987
4303
1160
4717
2113
2868
3790
498
1050
2232
1944
1532
1691
458
4182
4969
3981
4580
3633
1129
3215
2344
2004
3999
1371
2736
152
1103
3335
3943
972
2488
1919
309
427
4328
3430
4516
989
4597
644
3253
614
3490
4626
4234
1976
4541
3945
4046
1244
4787
1635
2498
3861
2496
1485
3474
97
929
2366
2066
3565
3454
128
705
2563
3523
4769
2464
4553
4250
1445
3853
182
2947
4934
4420
2177
3193
2916
2866
2552
3469
4597
3152
3945
4549
1468
3692
4377
2506
3845
1449
3584
941
3066
4770
2572
1818
3954
3344
182
1611
3174
472
1170
705
3306
2375
1055
1430
4630
3828
2308
207
1390
4861
3369
4255
1104
3608
2448
2382
2236
3544
4388
1289
2677
734
2422
991
1084
80
2862
412
3002
3906
1446
3049
600
2889
4754
2383
241
4686
3785
2852
1350
3295
4932
520
943
129
517
1532
1427
4539
1207
1996
2969
4404
4748
3996
4190
811
1893
2946
1272
4396
4417
1900
1935
1949
204
2327
383
3558
833
4056
4637
1973
1582
922
2811
801
4108
3106
353
1852
4558
2571
4775
1600
2663
3228
4914
2443
2832
4866
1336
3345
4407
3358
2678
2929
1979
872
4027
1690
2900
1780
1926
3130
3333
1156
1560
2675
2494
1272
458
2670
3892
2788
3843
1457
2221
1994
1898
2510
3623
4597
1405
2356
1330
4170
1081
3717
1348
1219
4404
1936
1646
2701
3588
4250
3816
4092
4854
3156
1921
1929
2317
4312
320
39
547
1576
1621
4422
4383
421
835
1177
4341
253
1257
2826
1158
1852
3667
2144
3705
493
236
3489
2491
3799
2154
3237
866
1365
1447
3255
1108
710
4155
3310
3410
4704
1087
352
3793
2836
1958
197
590
4958
2234
2672
2407
3923
2965
815
205
3018
1166
2499
2228
604
1677
4345
1336
2308
1248
1680
865
1876
179
3740
2983
1305
2921
1084
4326
794
2314
3352
1399
4564
3701
1678
2514
4474
4091
3553
2340
2460
670
1598
419
3851
4042
1695
4357
3291
4597
552
1280
457
34
1316
863
4389
3312
607
4833
2883
4152
1985
1653
4446
1254
4016
4193
3860
438
4784
3257
3750
2296
198
4849
1591
4846
1027
108
2501
1947
916
3369
3877
1555
3235
49
2610
1432
2208
2114
3979
4077
3316
3837
2263
4185
1609
3078
189
292
4180
1877
106
4356
565
147
1289
1728
2466
1511
3603
754
1114
2366
4549
2289
3950
4077
2546
4444
1787
2008
587
2757
611
4104
606
2461
2019
409
2468
2088
2748
2689
2593
3779
1755
2931
1103
2948
2403
3109
4220
4769
1392
2921
1162
1880
4217
80
481
3003
4990
3667
2119
3083
4729
3623
549
3514
544
3936
3590
1552
2209
2609
4874
3540
564
3469
2561
1789
2262
2954
2156
4043
3666
196
2692
2773
710
1256
2788
1379
1000
747
3343
873
4198
3943
1994
777
2395
4517
350
4665
1228
2742
206
3607
2982
4082
309
4241
4457
2553
160
4774
1586
341
834
2547
776
781
2550
2232
4273
3879
4350
2659
2672
2911
368
1990
3678
4320
3298
3665
1870
1663
3985
2453
2497
1966
634
2760
1836
2723
655
2064
2831
2054
2963
4782
418
4430
81
1473
2191
795
3531
936
3685
835
1286
3848
4106
3251
2318
572
1766
723
1407
3707
2631
3348
1276
389
1881
4395
1189
4185
4811
102
2845
4830
1234
1368
284
3888
1177
1226
3397
339
1111
318
3496
8
683
352
4890
4689
349
1258
2115
3435
393
2360
1901
2253
3195
736
2460
3027
4794
3101
3188
928
4317
2251
2079
3794
2594
3011
198
4068
2213
225
1076
573
2690
4445
4890
3485
286
586
2759
4784
2077
1753
1523
3316
2584
280
4001
2634
1215
2227
1607
2823
2380
3246
2188
243
716
3708
1805
3176
3088
219
3818
4089
4676
2429
2474
4773
1184
3107
52
410
2457
3681
835
14
2292
2410
424
1490
950
2659
62
1670
1662
4153
2620
4981
3111
2535
3440
4538
1331
1716
4759
1568
3011
215
2536
1725
3322
1620
49
1629
2835
4310
1316
3417
3356
2708
4268
3621
223
1360
914
1683
220
3189
1734
364
1625
796
490
2622
2569
2177
98
3612
2138
2411
4314
4598
3380
3404
2392
4677
1530
3864
2084
4548
572
2340
3767
1159
2442
1483
1761
3508
4833
1998
1240
3402
4493
1809
188
2980
4963
1652
2839
1012
2423
923
4622
2336
2912
1425
738
4839
1805
4484
4387
4874
3863
2009
3257
2166
2762
414
893
1478
2007
3946
2655
3385
467
2207
2859
4747
1086
4185
654
3348
717
4719
2804
4904
2458
1352
18
2597
2047
527
2312
2012
2055
3081
705
1910
4959
591
1023
4863
545
452
3539
4404
1472
3482
4553
466
2838
981
149
3602
4686
2142
1647
4614
2321
3660
773
4908
219
188
1617
4827
2313
1433
629
591
623
4522
1915
4002
1690
4648
4249
290
1164
37
538
2179
4898
3153
4742
3629
1310
1177
2036
2702
691
4925
2236
2538
574
2415
27
2364
4612
1614
4255
3268
946
1340
871
443
1788
571
4683
2511
3288
2960
217
712
3140
1951
3711
4944
3787
258
1700
1409
2469
137
1681
2156
1253
2927
3976
3687
3776
1836
218
220
4061
4132
4611
1927
2223
799
2538
1669
1619
4009
876
82
3789
4528
496
558
442
3657
4943
4197
3977
2765
1064
1458
3305
4130
3504
3327
438
458
3548
2484
118
636
4135
1877
2184
1151
4234
1722
2072
2281
2668
583
4378
671
2576
1537
145
2719
289
647
2456
2735
476
3700
1257
49
1370
1960
1668
3471
1876
1434
2809
2907
633
4626
2294
38
2901
4070
842
3042
1383
2709
449
4772
1965
1182
1016
2942
1682
2644
1235
426
969
329
1658
4429
1710
3659
4582
412
620
613
3999
812
2866
2447
2299
2734
4553
4208
4087
1227
1793
2992
101
2962
3828
3934
2972
2352
2728
3873
4426
1351
1238
974
2431
1175
40
1375
3196
1400
92
4313
3468
3063
799
1560
4547
2451
4309
2322
160
1749
3524
1194
2348
112
2053
2356
1887
2197
1591
4659
3191
1455
3677
855
1310
2578
4835
443
2138
1477
2235
947
44
3015
2584
3174
4753
1312
1317
1620
443
4292
4315
4333
2455
1321
1009
1115
1694
1023
2094
2818
1470
551
669
4391
1696
3936
2319
530
4562
2227
82
3748
800
3086
3356
4426
4975
2951
1025
1253
4226
3380
2541
3120
563
745
1926
1492
460
2030
2378
3501
1531
667
2712
1807
3790
577
3660
2622
4141
4257
4567
718
4468
2692
1653
1836
3041
349
1034
1905
1989
4607
4814
4060
1067
4734
1449
2741
4158
4922
686
1553
4622
1275
448
2091
3214
1205
678
115
3865
3853
1906
1418
4957
1184
1411
2631
3915
594
1166
4503
4750
3669
4322
318
4667
2109
4743
465
740
1036
2874
771
2620
2070
656
3472
2435
4072
1334
1791
1513
3849
1400
3779
3926
885
2844
3517
2325
3851
3566
3073
3392
4533
4216
3353
2911
3036
1620
189
4056
2369
1578
1639
3512
1391
2479
3407
924
3722
1576
2586
4105
4649
1912
2595
2342
2603
3057
4886
1418
1888
888
3061
2556
2806
2077
3551
2568
2200
4335
3855
1867
1682
4697
738
574
2363
2893
1798
97
3212
4277
4616
3147
1716
1749
4637
911
4727
4047
1640
4551
290
1848
2259
2376
4990
276
2427
4942
1821
4928
2988
2761
2922
2123
2861
28
185
2335
3652
1626
1388
787
4909
1674
996
3750
3447
248
4776
539
1815
3249
881
3381
4647
1507
4719
2196
537
3107
890
2960
742
1626
2416
1129
2254
2953
67
4972
1264
2953
2337
2854
3347
4105
1466
1885
582
2907
4866
3336
1176
3639
3784
1132
756
3454
3733
835
355
113
408
912
1574
1683
2658
2888
1794
1141
1328
4522
2376
2777
2930
4102
430
500
2193
2522
41
1780
3101
2943
4497
4920
2459
2290
1421
1096
1234
3813
3839
3824
4065
1906
4548
2342
1544
4444
3904
453
4497
940
2707
3689
1895
3551
1083
304
1916
4226
4605
232
3417
1580
2122
776
1176
300
964
2458
2910
3579
2461
3241
3479
4675
3887
2266
2025
1782
3048
175
3763
2216
2106
4830
2393
1986
492
341
3905
2855
383
2992
2867
629
1516
2481
3720
3558
1556
1049
666
1233
1088
1406
2966
4202
3091
4050
3424
429
4223
3163
4444
3556
2124
3443
3076
2710
4393
4061
81
3827
3984
2913
3448
344
2756
2203
1640
2796
2856
4154
4604
4162
4720
1297
3808
2054
4561
4346
4054
1794
4713
1354
3150
4860
2232
3211
114
1794
4160
193
697
4464
1300
1749
3601
2416
3535
1403
4712
4337
3671
2371
3816
497
3247
2354
373
2157
1275
3314
2130
4428
4519
597
3559
520
1906
1763
1718
1561
554
864
2687
764
2093
4151
751
2030
4430
1859
4136
1189
2768
3592
3897
1434
725
4267
745
4138
3850
2270
1614
328
3341
2107
1122
456
3854
4808
1147
4265
1546
2828
2397
1907
2532
2072
1489
4709
2679
2210
1902
1585
2644
1732
1213
2393
887
4654
2551
726
2082
1177
1089
4372
1459
2519
1154
3853
1444
1968
2344
1401
1806
1942
4006
825
3909
1056
122
3584
3299
1316
3730
755
4391
4702
908
4575
1860
1892
1099
3956
4912
3728
3383
3828
976
1726
205
2421
449
384
2932
1229
1685
3138
2384
3730
418
700
2090
1284
2192
2297
3627
3481
2807
2456
1650
2313
4179
2340
1077
3339
4757
2304
4969
2409
187
3770
4907
2296
843
3903
1544
1109
3861
3540
4484
2928
4043
1857
2104
4303
2714
1064
341
373
3658
1268
2678
1804
4048
1861
2019
4535
2256
1969
2129
627
2236
2159
367
2154
816
455
1864
4869
1012
1199
1335
3128
29
455
867
1743
3184
3747
2541
462
1769
2505
1641
2285
1200
2505
4583
540
4724
1028
835
1608
4949
1967
2321
4919
111
4698
4413
2797
2950
1121
1763
3171
1561
3164
471
1343
1246
256
1228
694
4194
1071
4996
2368
2456
3644
2087
2519
2234
1314
3294
4986
765
1425
3939
1595
580
983
308
4003
430
3185
4641
4622
1778
572
181
2188
1073
4757
2620
296
1736
3466
2600
4502
4994
3152
2005
4673
4230
4397
585
3114
1262
4913
2037
2922
4693
3340
236
2326
1254
2640
4513
2909
1523
3119
4480
1689
80
4338
194
1362
1401
2592
1953
4807
43
2308
2107
1232
1213
725
4357
972
2427
996
4976
3455
1185
1634
1053
1394
4995
1623
3895
2381
4319
386
1219
2833
583
269
1467
1078
4541
982
1404
3748
3517
434
615
2860
1125
113
1696
3430
421
4225
3762
120
1856
4321
164
3763
1141
1516
447
136
59
1512
1678
2989
3802
2182
674
15
2943
3818
4261
3064
4336
478
1530
3345
2282
4368
4644
2061
2411
891
4005
3829
2103
699
2253
4509
2013
1973
2380
828
469
1630
196
4400
4279
582
3027
4981
3553
3318
1017
1869
2224
2253
506
1657
1173
1598
1619
4661
4408
518
1588
2319
2457
877
4221
937
4745
3175
2295
1472
4330
4220
4764
1060
4339
1150
2965
2665
949
4020
4444
1069
4574
4448
4632
4883
4823
4686
3409
1178
3970
4673
122
3622
1052
1970
1144
3320
347
3132
1336
3658
3752
919
75
3653
2735
4538
2182
4848
4393
2148
378
3152
1205
1543
3876
274
3177
2225
3498
4868
3848
4213
1771
126
1921
636
1140
4169
4669
3571
917
2181
2442
2271
2151
904
2550
3749
351
1202
3110
1338
3448
2834
2532
1630
4930
1170
4817
2313
1097
315
3793
4299
4002
2402
4038
3017
322
2798
705
243
3165
1322
3820
3422
1825
3084
488
2440
3094
4764
200
3007
2379
2815
2242
1208
2993
2736
1526
1767
3147
2085
1312
780
3729
4923
1422
4683
4082
3014
1252
1572
346
3816
362
2099
497
1537
4643
1749
2827
2192
2443
2401
415
725
2102
3731
1332
3324
3848
2591
1295
4029
1376
4642
1902
4173
2525
1685
3901
1976
4106
2127
4344
4455
363
873
1325
1455
510
1821
3817
2545
104
3222
754
3145
887
3959
3004
2948
1764
4530
4888
3002
3958
3567
348
4867
3920
1016
1660
141
3878
3547
4363
861
3058
4520
2267
2745
3057
980
4905
1136
582
1148
3995
2300
2911
1134
3885
2495
1111
4539
3388
4001
1030
1685
3979
3787
357
132
3958
846
4074
2644
4486
671
2101
4275
1574
4611
4130
3301
4098
1030
796
2807
3552
2056
2394
4632
4608
2922
4830
3659
4136
3736
939
232
285
2558
3341
3222
1374
2760
4679
1878
1892
1845
655
811
1332
1493
3217
4232
4198
4928
4133
3198
2139
1090
95
2285
1079
2486
2748
3120
3047
1160
3259
347
4395
734
4928
1997
1010
3725
3710
438
2032
1987
2741
590
3843
3737
3593
2498
3997
2482
3716
1213
1
1920
356
2602
1544
1495
3924
2354
3720
328
3357
27
4544
1385
962
2533
3097
4861
439
3270
3428
3864
4142
199
1697
4479
4628
836
4708
3389
346
2400
4513
4750
1667
2370
3258
4326
820
242
2204
4729
1149
4539
3989
1925
3123
3438
3311
2974
1530
47
4996
605
3830
1019
732
2459
2971
4774
783
4594
3160
733
2801
3381
4352
4714
2721
4083
3993
4534
2010
20
1770
1802
2802
2674
3868
4900
665
475
1625
1723
3515
3036
2502
4618
4055
2060
2595
615
3074
413
1949
2665
4106
1300
1415
3801
710
1328
1176
2521
1225
1567
836
4370
3798
2359
1980
1585
2268
1084
1969
1322
3208
1247
13
298
4600
3084
3495
3144
3468
3201
3964
4368
890
1229
2871
2163
3907
2783
352
1411
4584
1820
4511
4193
2280
4902
1014
4412
2571
1996
2147
2380
3304
1058
1084
3891
3222
4199
4387
1953
557
2044
2398
1816
2706
1911
4230
1012
1688
2245
4090
4139
1082
4264
3851
1221
282
3949
2006
2789
1603
3585
1915
212
1586
1023
480
2055
211
350
4873
4693
2564
2593
1339
70
3926
533
3784
3886
164
3375
2806
3246
122
4788
2479
2429
2512
2441
3635
1731
1838
616
2108
66
3710
1013
1165
3411
1206
4410
2342
630
936
1266
4985
3055
675
3380
645
2811
1239
1815
901
1248
1117
4497
2327
643
2310
2895
3414
3843
1069
2751
4328
4709
4166
2645
1694
3021
2967
1404
4796
1455
426
549
1201
3995
2862
3090
1940
1984
4651
2187
837
698
3667
2252
3380
3687
108
1056
3525
764
1085
882
4192
1120
1703
3627
4199
3389
1895
2442
4877
3510
4401
4762
2040
483
3562
1299
2988
4866
1451
4182
4575
2535
397
3050
1146
3669
3509
1668
4944
4109
172
3049
1210
4146
1204
2971
3305
3959
3092
590
2115
2976
3487
4452
4947
4634
1402
4985
2587
3555
4879
1359
335
4458
421
1726
4635
3249
1359
1193
3223
3099
3157
1664
1433
1025
2434
3024
2230
2715
2734
2593
3518
189
1826
152
2559
3248
3694
2690
567
3597
1836
1342
3259
3045
4814
955
132
3205
3416
3965
4443
0
4530
745
4463
1707
4405
3107
2795
4810
886
4703
1616
4113
1953
4618
2559
2041
3281
2610
2522
1998
1390
3008
1320
3203
4432
1115
3246
3587
4104
1900
1132
4317
4616
3335
4101
1800
1684
1081
678
3476
1447
4839
1132
4114
3303
4493
3748
2254
2027
2328
2062
339
4388
3534
4053
3694
3881
804
349
3858
1644
2255
683
4175
286
132
29
3771
1663
2308
416
2805
3197
2399
2065
656
1721
4900
3508
43
1848
216
2259
3953
1571
2571
1373
2817
3612
2764
2737
1746
4612
1843
4510
444
2298
4548
4904
2190
3292
1734
1938
2719
4921
2817
3254
4595
2712
2825
1334
2438
2803
3392
1021
3433
3680
2747
2244
3575
3643
719
2874
3362
4753
4380
2551
4189
4581
1352
3627
2756
4943
2943
4379
4891
3756
3881
252
3692
2851
2425
4728
1722
3360
2348
346
3658
2745
4929
4354
1060
1073
648
3249
2151
4476
1031
4105
807
4177
4086
1468
398
505
4727
1891
2824
379
927
2773
589
864
2446
2729
1878
3642
3797
813
451
518
1596
2655
3163
2977
3101
3247
1218
2430
3649
25
1164
1583
3198
2759
900
2815
2606
3131
1233
3438
761
2000
2125
572
2436
3800
4394
3062
1357
3286
2049
1683
4047
1457
4716
1773
4074
3895
3309
207
877
217
131
4627
2237
2617
2829
1030
803
1036
481
3345
2124
29
4107
101
2794
708
3677
3165
363
3281
4268
2985
2258
4720
1722
3089
488
2027
4774
758
4147
247
428
1850
1087
3347
4948
496
3848
4373
3612
96
767
3430
4135
1384
4560
1744
1573
3830
2543
2602
4775
4748
4537
2315
1696
15
4820
3613
836
3201
2350
844
4461
4619
2133
4813
1956
4231
2591
1102
4572
2725
4278
2426
3552
3033
1557
4797
2184
1102
321
4103
2133
4409
3953
4793
2896
443
3287
3276
4365
920
1310
3283
3298
4750
749
1795
555
732
3156
3737
4370
3728
194
1907
2345
2310
4482
1239
1090
2370
3014
3960
19
101
1387
3605
1676
2250
284
668
2825
4534
2051
2734
189
2826
4019
334
2795
547
2286
332
4357
1599
3801
1914
641
3225
1696
2024
1499
3318
4632
4634
2756
4909
2239
1858
1297
1840
2633
1991
4345
716
4679
3247
4782
1105
1259
1604
3006
2838
306
3531
2787
1131
2
2143
2840
4880
1263
2389
889
546
3221
1805
1269
1099
3558
2051
2842
2380
3727
4131
4458
3533
4270
3432
2634
1587
368
1326
1826
2705
1349
2107
1636
1938
8
1014
2182
1447
1270
3883
4206
4824
3792
4696
1891
1464
508
1455
3100
3670
3876
1641
4967
828
2389
2366
1994
2886
4070
3657
2980
4628
4454
1228
2709
1117
3952
1949
1103
3401
4887
204
4896
3209
3138
3660
3305
4906
466
1086
1774
1767
3628
2247
273
4136
429
2386
473
4100
1237
2735
1763
3443
216
3347
2241
3302
4869
1623
4020
1706
4830
3357
3005
1517
1982
2179
2866
2770
270
3126
2367
4688
4217
280
371
4187
1125
3133
4535
1406
1459
2303
3445
153
440
1228
1539
2391
4730
591
348
3552
258
2014
635
4050
2979
3052
4606
2847
3775
1148
4847
2827
2838
1002
1189
4567
3255
4715
2005
2702
642
2161
4766
2277
3789
3283
3748
3142
1587
2062
170
3635
1213
1647
959
2842
3665
1619
1172
3548
3726
353
338
2344
4266
3982
1715
4926
3799
3867
4527
1913
1525
876
890
4709
4898
3074
2174
4566
2674
2410
3936
1785
377
4916
316
1105
4151
903
4117
2730
4661
3163
1428
3603
1717
2764
2930
3974
1049
3382
844
4989
4595
3298
1136
3219
4080
1775
4046
941
712
535
1354
2852
2077
447
1959
2026
4305
3467
2417
123
3247
3847
26
74
4552
2692
3872
2794
1558
2538
3551
1042
3946
3425
4272
3851
1043
2639
3499
2426
1116
1591
842
3466
3147
3844
4648
4602
1820
644
2097
2459
1092
2256
3743
4621
4637
783
3041
255
4437
1572
3038
1187
2231
1706
2527
3611
450
1148
2630
1626
3440
2615
260
1872
2924
160
4670
860
3777
827
3104
342
1103
3765
1735
573
601
4306
2426
2419
393
738
4354
2737
3737
1506
3019
3719
1086
3131
2714
1765
3015
1698
4341
1117
3745
2044
2132
4790
2579
4330
731
2080
4619
1782
4061
1799
4568
4343
1620
2578
2418
1129
1260
790
1539
3373
2629
4513
1948
1515
531
3950
1740
3802
4961
4190
1925
456
66
1470
3927
3185
2472
2285
1364
1722
159
3114
3483
218
1576
3821
4797
938
3912
4017
1987
4611
204
3450
813
2299
1820
4999
178
4008
530
3420
3423
3811
3624
2790
1313
3369
1031
1093
1333
3731
1164
412
4793
32
757
378
4976
3082
2762
1
4463
4665
3817
1234
3882
2789
4732
517
830
3080
234
3094
2738
3826
562
1927
1513
3822
3546
3222
501
3330
4220
2899
3928
1073
1809
3902
3764
1038
1244
4291
526
3119
2308
52
4518
514
123
2540
976
3814
4671
1789
3557
3541
829
1786
356
2366
2395
3238
3239
2033
1573
2002
2620
3635
2600
3465
4031
736
4260
3677
3422
208
3013
3828
4288
1541
1522
2196
4393
2746
4060
1007
3104
2548
2710
3841
4294
2094
1392
4510
625
4880
4769
3040
1688
4618
2390
2659
1247
1301
1519
3501
4505
4198
1360
4683
2233
2264
2320
4913
2218
4580
343
2660
2149
2764
1101
1776
2275
470
4206
4869
1832
535
2910
4035
3867
2531
2915
2524
2612
2626
488
2879
75
2314
921
1362
746
1903
2841
4194
2935
683
2323
2620
2776
3433
987
1438
2964
953
822
91
1209
3766
465
2618
1218
3146
1604
684
4705
4128
2490
2556
1747
3936
2040
1195
1748
2134
4838
3488
2066
1443
1900
198
4228
4507
3638
4871
25
3271
3902
4928
2453
2549
4344
4757
4355
4534
2310
1152
33
1545
4467
4664
1293
2725
2260
1767
4512
2459
1926
4295
3145
2807
4795
3206
2238
3568
952
3024
3232
1134
1057
4267
707
2509
3082
4007
3365
3809
469
1123
4924
1273
2882
4055
2881
3350
312
485
930
1242
3425
3490
4749
2149
861
916
4769
4506
4500
4858
2491
1657
174
4013
4094
749
2424
4837
1727
1221
1481
3183
1780
1111
1919
4476
1659
3460
2276
988
2961
1635
211
3748
1936
2402
882
3035
4026
2709
952
4942
3833
4719
3700
1117
4016
4739
1224
1130
665
3417
4381
4193
2403
4224
69
1689
3414
1539
599
2384
3916
4408
2637
3705
1900
3256
3086
3674
1929
4824
563
4810
1536
2808
1088
280
2077
3004
3531
768
2047
2601
3918
4264
1994
4477
1807
3949
3128
3497
3558
1177
2477
4203
494
2473
3418
4117
1980
965
2800
846
86
147
1403
2420
3524
2558
97
4063
1159
2684
1780
4592
1967
4398
1729
3398
1185
871
4276
573
561
1791
3531
3144
3673
2299
4848
1474
3600
3311
2717
1158
4725
1775
2218
278
3308
2668
589
155
766
1953
281
4905
4413
47
1308
3731
4754
1746
4340
3444
4841
4518
4215
905
2082
1091
4005
1400
154
1123
1059
3078
1306
1146
3244
576
3230
538
2226
4359
4118
1433
3201
4172
2855
2140
1999
369
295
4612
4764
3353
2034
1068
3092
4855
1909
3183
1998
1794
1497
4705
2540
2741
272
1885
435
3627
2961
3599
4857
2291
2453
701
3464
3112
4634
1645
1547
4415
2296
2565
71
3565
437
1573
3361
843
3317
2094
4856
2278
4218
4332
2758
133
2876
456
4251
2498
195
333
1014
4611
1506
1126
1846
2946
1299
1729
3076
4303
4593
2762
614
3407
204
3520
3910
4688
4080
3526
613
817
4384
4467
4074
4715
941
60
799
3395
1464
1721
4409
2845
920
778
1011
1985
1408
557
1146
1619
3634
95
852
1968
1729
4736
34
4467
2029
889
4536
2635
3014
3713
4567
4065
3635
4628
3905
3341
350
4822
825
3377
189
3592
873
2728
1688
2528
3606
4045
3245
1343
980
1550
3787
2598
1122
3584
1631
690
4457
4471
4637
880
404
806
3931
1996
467
2402
966
4691
1597
1909
1917
2476
3420
4757
4201
690
1310
822
1376
892
4396
1938
3060
509
2428
1188
4913
618
2234
1010
4898
4488
4014
2731
2494
2250
4712
4340
2435
4737
4135
567
4036
1061
4366
2093
539
2589
2436
2648
2378
2972
3744
109
4683
1909
4750
3851
4179
3654
199
3498
3864
4502
1269
666
1751
2414
2387
2529
4449
1635
4955
469
739
2853
2880
3480
843
973
4968
2683
968
2424
896
3458
2091
4327
713
2529
1562
1958
1326
2289
3096
4191
2861
190
2927
1407
1926
3635
1376
61
781
1818
3281
4205
2551
417
4791
4959
79
344
4605
2984
663
4657
3745
364
3511
3626
691
1506
4326
3460
4870
4712
1589
4779
2545
4895
960
99
3441
1165
1212
3658
1064
3538
1231
1046
3820
3559
51
2213
2365
1195
887
3365
3064
4314
4193
180
652
926
3830
532
1125
3867
257
3249
307
2097
4223
1954
680
3424
4644
1273
2879
1627
3960
2703
1286
4775
2393
4888
3298
1725
2028
3349
56
2976
4250
2991
218
259
4044
4317
4469
2272
4771
3450
2126
3489
891
4719
1479
3817
3076
4919
1019
2173
116
4423
1769
3887
1618
4803
458
3250
2860
4236
2978
2470
4960
4754
3257
4341
210
4673
921
3842
2091
3986
3923
3113
1629
4070
1875
3726
2539
389
1858
769
1467
4459
4749
2298
3148
2270
218
1587
4374
1776
1880
3799
182
1131
2607
3300
2596
1370
4708
545
3261
64
4532
4785
4441
1164
2653
2692
2795
3047
4196
2846
3676
4736
2758
1496
130
14
3951
875
4078
4453
4143
2864
657
4169
859
935
2643
4556
2744
4196
4049
3839
4164
3833
4115
4904
1163
3864
4714
2106
4038
2182
4835
2787
1795
1988
663
3460
1209
1963
2916
3000
431
3348
1360
996
905
4634
4927
1955
3162
3132
1618
4205
2649
1204
2492
651
248
930
430
4466
4117
659
2747
3463
1830
546
3845
4060
993
1330
568
4022
899
1361
1212
1417
1667
4414
4111
3791
572
2687
361
346
3016
1052
4491
4445
4713
2290
4871
2447
471
548
2054
4035
1170
1784
835
4766
1341
4392
2564
2404
2837
2251
1108
1491
4034
3627
3312
3419
4301
595
3159
527
4272
3997
2080
673
1366
3161
3276
3480
966
777
1540
2318
827
468
1948
4416
2353
2321
4966
1781
486
4317
1574
4638
3839
991
4812
682
3908
2623
3766
4702
1874
159
3942
1102
1125
827
4396
3547
3584
4388
1649
3645
1670
3395
3832
4038
2758
4356
2677
3027
3846
2524
3063
3939
3003
3122
1700
2622
1122
441
438
4179
154
3547
2460
557
4956
4130
1137
1707
3878
4347
1802
340
4808
4790
2730
2279
3272
2782
3139
158
2439
4326
3228
1362
873
2301
3343
1009
2666
4489
262
4873
657
2057
787
4393
609
894
4266
4085
1555
3279
1630
3593
2017
2614
2516
3057
4973
2852
3854
629
4190
253
354
1735
975
2146
2682
1159
3392
3622
3340
642
2604
814
2909
211
2861
4864
3319
4861
4069
1974
998
630
2098
3549
817
816
494
4232
4492
4383
667
1282
4035
3077
265
4388
4066
826
1744
4294
3278
3109
2627
734
1794
787
2325
2124
3136
640
955
3634
3864
4973
4858
3634
1293
4710
1514
912
4737
4951
1462
1240
2876
2880
4609
2588
2125
1619
2763
4984
1085
4679
1144
655
3332
1155
3133
1087
1931
4730
3100
1782
4479
2930
3706
4037
2796
1432
3502
4772
971
3472
3568
3096
1225
1990
3139
1083
53
1826
1421
4889
1805
878
2598
3064
2282
970
537
1298
2182
1198
2890
2658
3678
1567
4691
2124
364
2541
4752
4522
79
4143
909
3583
377
4760
932
4466
3158
3327
3793
2338
2578
484
639
1230
1982
3285
704
3112
974
289
3087
2900
4902
2106
3445
874
3705
3605
4100
2579
2599
3466
2605
4126
2368
2791
4825
2497
3994
1524
71
1883
4482
1034
3896
3084
4402
4933
4777
350
294
394
3488
4275
70
1603
3517
2756
1422
1806
50
506
2727
2114
2635
1957
2772
1062
4643
1476
1931
2468
1570
3941
3025
4287
4277
3750
1800
869
169
2878
3837
4168
4331
4913
872
2500
0
3519
131
4894
3770
3127
2808
2254
3211
1475
356
950
3084
3266
2027
322
503
1086
2571
3750
4838
1765
77
2877
4250
4859
4215
1033
300
944
2082
808
4891
2603
2320
3906
327
4940
1858
1130
4797
118
4671
3706
611
418
935
4878
4421
2406
567
1535
3058
2293
4070
1074
2484
2008
1517
4322
4176
22
4650
1304
668
1130
858
2462
1080
1602
388
634
1680
2132
1002
4622
4158
3063
2629
3171
2155
1397
1182
2904
1067
2745
1336
1611
3946
695
2323
953
4648
1760
4629
389
2915
1445
2808
189
4099
478
1097
4055
1469
1587
4557
1509
2665
3302
3997
1320
4355
784
3117
313
2475
1503
1204
2589
3678
3536
4607
1546
4130
4321
2693
1109
536
4696
1992
1391
3676
568
3324
908
3329
3868
1234
2335
968
1640
3260
3191
3426
803
48
2708
702
4284
3647
2086
4513
3906
1528
4673
2355
961
594
3144
4704
1603
3835
3983
212
3068
2753
2384
49
1131
3257
3657
637
4208
28
1415
689
4543
2585
4312
1143
1990
52
3
1382
4571
4355
3382
3466
3149
2783
3846
3069
227
2290
4786
319
1380
3039
2821
2574
4986
1630
945
141
4671
4151
3287
4421
750
468
2812
1503
3708
3012
2986
3121
2496
3305
4017
587
1024
1573
1515
2393
978
1487
1678
274
4607
3823
614
4862
3704
1710
3796
2323
737
848
429
4071
2881
4946
3292
2800
557
2884
4517
1103
2496
1510
4763
1500
1784
4435
991
4769
1065
1831
1919
4756
1418
4607
617
1154
2072
2491
626
4348
3088
4206
284
1811
119
3756
1506
4267
2283
1614
1710
4373
3236
3350
864
1539
3616
4095
687
683
1161
2073
688
1988
1158
3857
3810
2441
1231
2255
2049
4318
2500
1634
1095
652
2315
3895
1620
3671
3097
3552
4882
1047
1017
622
1729
1159
3897
1564
1202
3528
1951
2168
1070
1250
1036
3613
960
1877
28
2025
4225
3354
3502
3295
2320
1971
4216
4939
4010
812
3680
4501
3106
2987
1430
1788
3125
3264
4940
3112
1266
4119
1236
2515
4221
2425
431
2659
1131
4796
1193
1860
478
3734
4341
2389
3024
4751
2047
1574
3701
4024
2283
3516
3026
3691
1548
1994
1299
2284
4055
1419
2252
1026
3543
890
802
649
1398
1690
3504
3062
3784
1259
3323
4192
3179
48
3608
3422
2367
604
894
2301
861
1142
1543
3868
4781
2857
2593
3688
4679
3624
554
1455
2352
1573
2498
4679
4350
2493
725
78
927
2218
4484
3236
1641
1828
731
2519
2707
4727
4028
277
2125
4038
4524
1122
877
1008
951
4807
1753
1928
944
4036
4857
4562
3605
4884
2338
1658
3593
4679
1002
4469
642
2865
2540
2405
1852
3963
2199
4478
2100
178
3981
4559
1632
3801
4963
1040
1089
674
1298
2030
3707
4837
1504
2297
3988
4034
4734
1802
1064
4956
4412
3297
3228
858
4987
166
3614
3255
2594
2109
2991
2452
4120
8
906
3639
4984
3322
118
3453
1024
4326
2750
1867
2273
809
4225
2538
424
2900
296
794
4934
2273
2849
3215
1978
4986
827
4343
2691
1955
3092
4763
556
690
3045
4882
1779
4345
1284
119
1638
3826
800
4450
2253
478
4369
3299
3756
4777
1865
711
2449
1865
663
804
4009
2616
2083
2900
3685
1063
386
4091
2803
3683
4445
1294
4544
3059
2359
143
2325
145
3214
89
3593
4438
841
3738
351
2452
2616
1814
4719
3322
576
3269
1686
756
407
4377
2944
3811
3429
4246
4123
4013
536
1476
2929
2165
3385
3971
632
2672
873
2934
833
934
1350
2869
2734
1663
458
1486
4805
2981
2842
2097
1492
3681
3450
1899
2927
4815
1089
2484
2277
3319
880
762
2867
1830
3117
1177
1328
3542
783
3708
1510
4821
677
1871
4499
3686
484
2875
1010
4696
3275
4780
4525
1708
3024
3894
3869
4309
600
1086
1349
2089
666
3405
1924
4269
1150
3861
4601
104
832
3232
2017
3523
859
1300
1566
3229
3377
1616
3376
716
724
1851
1587
4722
2928
726
184
1145
634
26
1719
1453
915
2890
1588
2783
431
1137
4777
3246
720
703
2264
816
2452
4695
2179
1189
4615
782
414
1973
605
446
859
4259
3876
2271
419
62
1306
1091
1527
4075
3558
3170
420
4273
1657
1597
4770
4580
1986
4252
4123
4142
3461
1622
3569
4878
1745
2777
647
1992
951
405
3460
3190
1012
120
3362
1204
1690
2732
3187
1560
4337
4508
1167
2825
4322
2238
4744
4530
1695
1065
3656
1710
2659
58
1674
2598
3756
1998
1666
1339
1888
1339
1201
2531
2499
4960
2418
1531
4106
1827
3672
327
995
2555
506
2748
3106
4612
4282
3164
590
4007
4536
3779
1466
1365
1280
1932
663
2349
2681
1304
4803
3567
3182
2704
3953
4557
4199
2347
1071
4541
2334
4916
2290
2210
2353
791
4487
952
4950
416
3558
1242
293
2633
569
1209
2366
3276
1826
1665
3503
3115
444
3171
826
1349
804
1940
2877
4128
2479
421
991
978
3458
502
4779
4558
1290
4658
2177
3659
4309
3608
1963
3910
1662
2474
2363
497
3425
2209
848
2507
3026
1017
335
3052
4496
1609
4464
4388
3980
4903
3836
4937
4279
1263
3023
4383
3917
263
4605
385
2176
1436
2375
4618
4851
392
4766
4855
4965
3449
1805
474
2468
4800
4028
2481
580
4979
3950
1881
4167
1105
2407
1687
2685
4994
4381
2495
2584
373
2104
1491
1113
3624
2452
4296
34
3835
3276
530
4425
4862
3008
3759
945
2401
1085
2300
543
3084
721
4464
868
215
3179
4077
1468
2420
2650
2921
4868
200
1864
225
3649
2850
1962
2930
2102
2414
3953
3041
4374
608
762
2189
3846
1848
3382
4360
206
823
792
1325
2524
4410
2936
1876
4364
4721
3496
1605
3425
1873
2046
4580
2648
2280
224
4099
393
2785
3807
4959
70
2851
79
4874
1389
3652
3811
4500
4636
2908
1641
839
2330
1676
211
2629
62
3414
1954
4767
2625
2614
1318
4079
3256
2387
3193
4583
2288
3130
159
1965
2905
4239
2496
3904
1901
756
4360
3468
1764
797
1578
3196
938
2455
1841
1085
4522
840
4222
3349
2404
358
3343
1278
2682
2267
2532
3581
4341
4687
2112
4875
4414
2036
3184
2331
1558
3083
3997
4868
3557
3436
865
3878
4380
3751
1939
852
3433
2796
1684
2548
1096
676
1097
1812
749
10
3604
3557
3152
1247
456
1095
1454
1494
51
4218
2895
2112
4033
2376
1685
314
2096
830
1327
2085
416
2295
556
2718
4480
2594
1576
2965
1756
2946
4739
1598
4537
3876
1126
148
3195
350
703
175
627
730
355
604
453
2457
2579
2361
1648
2108
3291
353
4172
3489
2749
4800
3422
2074
3697
628
4555
199
44
4934
3828
1783
4053
3960
4996
828
1804
102
2239
4573
3246
2529
1887
505
2394
3292
4982
47
1010
442
4481
360
2873
693
1492
1215
2867
2749
3914
1606
4711
2715
241
2103
717
1045
4682
1965
3101
4673
1147
3734
1633
3819
2249
2517
4872
541
2431
1485
413
3248
265
891
2699
3127
4858
632
1888
591
806
3306
2444
1117
2987
857
1886
4985
1059
3078
28
895
1785
383
1701
3973
2050
262
3089
1385
680
3332
3578
1766
871
4228
3161
3426
4034
2120
435
2289
4508
3465
1660
4239
4450
1394
1674
434
2071
3787
3587
2502
2450
870
3775
2698
3510
4284
1686
2633
1264
4698
35
1602
2380
451
2293
3794
4947
648
4332
1689
1896
3661
1628
1982
2888
2255
1220
4483
324
3494
4211
1867
1050
94
2904
3091
2723
2171
1467
2610
354
980
4021
4264
2020
1993
2033
2639
1592
3208
2412
1510
256
695
2447
3434
624
2262
4956
2053
2208
2981
2657
2744
4213
2402
1730
2982
212
631
2928
1540
4697
4887
4904
3082
2573
4595
2822
3386
309
980
619
2994
2349
511
939
243
4215
2775
3774
3453
326
2611
1399
1368
3029
3597
1436
2560
2687
3520
4987
4101
587
1198
4267
3301
1162
362
1556
461
3249
2098
1342
3934
262
1320
556
3874
3324
2143
1815
3406
3254
1617
377
4201
23
4978
4758
3189
3963
3070
4124
3119
3686
2605
4863
1125
639
1654
4746
779
210
1410
3468
1548
2482
476
1275
2729
4830
409
1297
4822
3301
929
3081
1044
1187
3934
1428
4379
983
1961
1450
4127
2264
3264
1939
824
1614
4679
2472
515
70
2892
3852
2354
4211
2769
2282
3443
1593
1987
4962
4708
3482
2847
549
1761
3227
4413
2071
4169
1625
4554
1437
2773
1198
4517
4291
1297
378
4311
3584
4301
834
2925
276
3576
3386
1883
2924
3817
4435
371
359
2006
3134
4119
1021
4471
3560
4740
4813
4869
3845
3862
3153
1321
622
4044
1222
3155
3801
2728
1298
3069
4994
3158
1766
4685
3996
1085
4036
914
308
4217
1453
1476
4350
2392
1268
949
2738
3573
443
976
581
4949
2012
2989
4753
189
3038
1261
1528
2694
996
4881
2738
1622
766
2047
3900
4703
3562
1242
1507
2834
3751
1687
663
646
3725
1447
2684
1941
3586
1481
4994
2641
2412
3615
675
1491
1427
2783
3920
4210
4384
368
3535
4804
2073
2503
661
3733
1963
2536
236
1828
3290
4188
3063
693
1494
3292
4371
1847
425
3643
4192
168
4908
3463
1422
953
48
965
746
3563
3356
1962
3088
701
437
2220
3534
3478
3653
4460
2010
860
4089
4343
208
3617
3521
1066
1203
3075
4726
3691
3862
4245
3740
255
2291
1896
2797
3529
1927
421
4089
3023
4852
1843
1860
2023
310
3634
3807
2693
4574
1844
867
1182
809
2315
306
211
2911
1399
4683
3835
3722
3226
3933
2447
2750
974
1604
625
2209
3534
409
933
2254
3866
46
332
758
3586
4384
2517
629
2167
4167
1272
878
223
3884
2820
4864
2425
1159
3913
924
607
3971
4603
1400
1327
1061
2425
1533
504
3785
102
3148
4868
902
911
1858
1524
883
417
1534
3969
4027
3046
2531
1051
3757
684
790
3701
1611
3127
4589
1123
2208
3013
3851
2456
1205
383
1778
4584
100
3607
1130
4850
4941
46
2384
4103
897
2784
1692
4567
275
4460
3480
2238
268
49
2364
3299
2474
3422
2544
4704
2097
3349
4908
4345
552
4111
4092
2575
1406
4058
4459
3662
876
4033
1045
2641
2856
2853
1657
3005
2630
2236
401
4731
4682
4560
2040
4719
4420
4084
2494
1780
2062
1592
4287
1093
2560
1571
4457
763
4996
4666
970
4634
3230
4734
3283
3045
2186
158
3850
3888
2694
1944
214
3862
1123
622
3258
2991
414
2152
2117
4144
2629
3632
1471
4785
2736
1067
4099
2573
3786
2591
2425
144
135
4126
2918
3723
3908
678
1986
1329
488
4820
4683
3377
2587
815
1192
4641
2256
3744
1849
2299
2829
1484
3140
1338
1724
1745
2718
3542
2639
1667
787
1484
2510
4994
4173
3798
2576
4989
2270
888
2840
2412
2412
3905
383
2088
1063
1245
1839
2803
2778
3467
4814
4771
3603
2787
2733
1172
873
845
1520
4605
3954
3483
4210
1842
3610
2534
3895
910
2460
4903
4536
4562
4125
2899
3108
408
2704
94
2460
3331
2928
4218
4361
3489
1254
2838
3860
4192
1143
4378
1322
1878
3071
3208
2424
580
3081
4683
4860
3178
3497
1986
4028
1748
3270
2126
252
2404
3960
4611
2946
1969
1881
4173
3407
3799
913
2441
329
663
156
1517
3782
806
3720
1390
2663
988
260
263
1545
2363
793
4484
3620
1102
4788
4074
4463
311
4191
4706
4113
4816
272
2777
1780
4224
1059
2502
2639
4934
1829
516
3806
3105
3826
2579
524
2756
1178
4179
995
4344
1430
3205
2811
409
2479
4848
5000
2285
4935
3816
616
2162
3262
4253
1818
4455
2549
4791
2119
4159
2539
853
4298
3981
47
2512
546
3693
1146
612
4781
2844
4268
3541
124
312
782
2370
4794
1280
1126
4912
4463
4968
3522
1110
263
3184
3674
3498
5
1197
4848
2162
3288
1336
3710
3555
1191
2123
3085
3882
3118
4919
3455
255
4321
1954
337
2002
1731
1196
4723
3743
3710
1172
4415
3453
3577
1469
4636
1179
223
3716
1967
2808
818
2172
707
2907
2056
541
4454
2068
1901
4352
273
986
4935
538
4873
277
1641
2476
3338
3578
72
4767
1626
3884
3937
4784
2914
4533
4439
1423
2113
798
4073
2401
443
1937
2365
156
2398
3037
4920
3685
1790
720
2567
3036
2777
548
2884
2755
138
1468
3327
2251
3125
2550
1723
2973
4227
4424
3202
4382
2068
1548
3346
1958
135
3876
1854
4335
732
4979
1249
4979
2762
4271
1015
604
2411
632
520
3258
764
2434
794
3056
781
2900
1284
4395
1106
3347
4186
3808
1878
669
2231
403
4347
2997
3226
3603
126
2872
115
4506
2748
1169
4715
2879
2738
2295
1426
1059
503
3872
1787
575
96
949
3859
313
4632
300
150
4637
1169
3421
3893
3680
2173
1035
2008
1812
1969
3701
4072
3275
3259
2218
3502
2327
577
4101
2623
2708
4233
220
4163
2673
3823
823
333
3084
277
1860
495
4153
1512
3263
3207
4586
2471
2701
50
201
41
4617
3221
100
633
4459
628
2242
843
3859
1072
1703
1349
79
3333
4747
661
1162
4730
1975
3555
919
906
3940
2412
3503
3959
1014
517
2372
4247
1148
2057
1285
795
2368
4752
2934
1565
4847
4186
1655
936
3842
3295
301
1341
3923
734
4369
1367
3045
3141
4696
3409
2053
4263
3121
1201
4962
3114
1624
4833
2006
993
2189
2612
1671
2716
3410
1782
2400
2733
745
1555
1843
2101
1714
2404
4564
2724
252
4448
2828
2608
749
3374
552
3735
2251
2835
825
4445
2274
998
2646
3557
4974
1950
1681
4697
166
2533
1812
1745
4626
4577
2140
3742
3841
4310
3721
4300
3941
4955
827
1867
1348
3735
4872
3477
2576
2926
146
956
2693
3006
1148
2800
1512
2076
2771
1924
4934
4199
1959
2163
653
2537
4691
1847
3252
3305
3094
4514
2446
4599
1880
1467
311
2345
1146
3288
1883
192
2206
4538
1109
1268
673
812
945
3964
4133
2751
2919
2122
4526
4214
4717
2666
4796
2779
2650
673
2503
4858
1869
4340
4823
1525
2830
2746
3788
2536
2496
4790
1939
2413
175
48
972
1321
1525
4523
1853
4628
4220
3029
1907
1086
4627
1657
477
2745
1576
3658
2808
446
3778
2366
3444
4738
2868
2277
2590
2892
2505
4584
2924
4559
1453
1345
2855
2602
4397
2859
1935
3411
1220
3118
3876
686
776
498
2928
3614
2545
1135
1041
4213
3962
1966
4267
2958
2642
1325
3440
2994
1195
4454
2805
54
3674
3709
1786
15
3605
902
4585
4913
4903
1190
3874
4393
2123
1330
675
3532
1585
741
4733
3877
1418
4951
3090
3066
3360
4727
61
3033
691
1487
1355
3443
4661
1270
3221
991
3760
2167
645
1137
4114
1189
824
3626
362
583
466
2361
4137
4080
4163
4447
2476
446
298
690
199
2057
2660
2992
4023
840
400
2284
4665
283
4036
3556
4248
3964
233
1696
4956
755
4560
540
3936
4497
1607
91
1561
3599
1630
105
2666
967
832
2389
2695
592
3843
1330
3163
329
20
3087
1064
1230
1141
1375
3288
3539
3324
3771
2700
797
634
1397
3074
4085
1146
2122
2143
1248
4114
1818
1484
2567
1506
4177
2176
2377
887
1638
1372
3890
2028
2701
3069
228
305
281
170
3516
2297
4567
2386
2789
378
4036
4150
1870
3754
1049
801
143
1877
3452
3900
625
3052
4225
230
3029
2809
3564
4759
191
3003
4218
3954
4101
3246
4848
1399
3752
2228
2036
3623
371
2996
206
4805
1466
552
1988
568
590
2452
1731
4089
2478
1101
4953
477
382
1675
3897
734
2025
2470
2611
4419
4260
3128
580
1274
2365
2390
1415
997
922
3225
71
4944
2720
1839
4115
2409
4965
6
226
4108
4469
3509
2672
3422
2449
2951
4084
2064
1804
24
4819
2544
795
49
1885
1302
3280
10
2266
2096
1539
3193
82
2852
2830
221
2479
3315
4142
4317
4062
2988
796
2890
3738
1620
991
2379
122
344
3363
1521
484
4482
3155
857
4934
3948
295
327
3054
724
683
1213
2139
2229
1951
424
4514
4212
1034
4790
655
4978
3559
2308
4238
3767
1242
1890
4449
1837
972
2312
2168
4209
283
4114
4455
325
3535
408
3644
3636
3866
1620
3831
1294
4712
2891
2923
1701
1504
3578
2556
4228
845
2668
586
2968
2017
4766
4760
4944
4239
3442
1809
2053
905
2558
4051
4773
4991
903
3194
928
452
1894
1736
1972
3017
2057
4778
4758
2891
4831
1289
3597
4689
764
3415
2780
4058
3802
2225
1056
2613
3755
2550
4548
3183
4591
2609
4250
1880
2213
1237
4187
2140
1463
1572
2342
4509
1873
2195
937
456
3405
3716
2426
4171
475
754
3372
3595
4808
4971
3406
4896
2273
301
2924
441
1462
1936
10
3366
3243
3527
3872
1591
1650
4387
1393
4962
1283
3201
972
4097
2313
3114
4586
4812
1019
3772
1580
931
4364
499
2608
4164
2413
147
1553
3451
1238
2730
739
3460
3592
136
1577
4595
4386
4091
1917
2810
2078
2574
2010
522
3571
35
4477
3062
4682
3953
1831
2414
3710
2151
2941
2770
4473
2973
4652
655
642
2541
573
3832
590
3720
3477
529
1169
4969
434
324
590
1386
313
4131
2386
3854
3212
2121
3562
4226
1869
4516
160
3468
3544
1904
2217
2738
2505
1082
576
2310
3987
3839
3686
2668
3217
187
1110
2858
2809
1635
1944
1448
4541
2433
1193
223
787
3699
1103
964
3194
2335
153
3267
4489
4820
715
3897
2439
1375
4264
4027
2298
4818
3677
1753
2972
1509
3135
2981
4615
4762
1312
4189
3918
201
732
334
1563
2618
1602
280
4552
4005
465
1756
3808
2920
2961
4460
809
491
4342
855
66
1860
3623
2515
2375
2899
52
2485
4093
4772
1239
1324
2520
796
4644
58
1810
2868
4940
1128
1130
3548
4193
2535
585
4490
353
2719
3579
4014
4154
2111
4378
3204
4744
354
1844
3430
3845
3795
4617
3840
4710
4497
633
3918
255
4289
89
3856
3516
860
2828
1662
1208
4685
2433
413
57
4477
893
1492
33
3156
1232
1433
4159
3198
4752
1062
421
3813
107
3654
3169
2149
1119
796
3829
3284
4304
3670
607
3887
1343
4797
1353
4077
2631
633
888
3746
4615
327
1207
2237
3801
328
4574
3515
2862
4316
716
4871
3202
1252
2255
2688
4346
2962
3519
322
4843
3838
4309
1514
809
1977
103
2089
1010
646
1005
622
928
4147
1436
1864
3039
4185
2164
4321
4372
370
4162
2745
4837
6
4773
4170
2106
4178
1557
3119
3870
929
4300
544
703
4114
174
3790
2751
50
3547
1177
2782
2925
3181
4337
742
1771
771
2541
28
532
4324
2391
662
1239
2178
1319
1937
482
2046
2708
3176
2345
747
242
4365
1219
2552
4039
4910
3885
1023
3785
4245
2250
3808
4702
2393
4259
2420
1348
4373
1091
964
2775
3688
4137
3045
1862
3401
3084
2142
3776
961
3150
4260
3570
4336
1020
1400
2297
1390
2982
2636
1639
523
286
3035
1840
1911
3416
685
3044
811
2835
301
1408
31
2512
2074
3195
979
125
4908
713
3156
2392
1079
3897
3218
4184
1388
3559
1336
3680
3561
2590
920
13
1940
454
1953
2319
1252
3975
1932
346
440
2263
4003
3311
1761
4938
2783
4394
3462
1924
3167
741
665
3921
3195
2287
2620
4039
4526
4666
1219
1587
4806
4519
3223
4473
2545
2506
3531
2768
571
2383
2741
3811
4844
1967
2140
1669
3032
1007
3951
3569
907
1334
1012
2447
2532
2433
2668
1687
4295
3240
3116
3127
2403
1805
4626
1389
337
4005
4095
3321
518
1853
3451
1130
4142
4484
1777
1273
1983
3093
1379
1001
172
675
2958
4158
2479
832
4118
3039
615
214
3274
1048
1707
644
2981
1803
1028
3627
4845
3
2187
4815
3486
688
1721
1878
150
3089
4765
4849
4894
1806
1145
2210
683
1870
1329
283
1833
4994
395
1028
2812
4127
491
4865
455
4492
232
3146
2243
4780
2333
4018
2956
3260
4883
3358
4012
4430
558
4746
3001
2398
7
2112
3558
4864
2047
828
1776
3630
2132
953
4385
867
1367
3201
4350
1764
4491
4757
4477
1294
4814
3387
4781
352
2146
4054
1269
193
4383
1909
1794
1961
3326
503
4858
4341
1701
4375
3597
118
101
644
1263
3838
4690
4788
3605
2654
575
1149
1554
4905
3556
3478
2999
3353
479
3575
1156
3746
3203
3964
1716
2924
107
3930
896
2186
4140
449
2892
2253
2506
4173
357
425
2446
3009
1584
239
2842
3009
2566
697
1176
1634
3112
55
711
1790
4096
30
4647
1567
1864
3607
400
3948
4634
2192
3685
1951
2338
1405
2472
316
1515
2996
2347
784
699
283
1911
1943
2908
3389
1139
331
1608
472
388
4873
4070
2683
2148
262
3780
463
4019
4819
1687
1333
2511
3064
1986
2324
2275
1541
2854
1019
270
3258
1932
2143
4159
3258
1997
2839
1635
805
234
1070
718
1053
1587
1024
431
3458
1222
2675
3682
2294
571
1502
3821
3227
4088
3331
3482
3130
1822
3409
3208
1917
3274
66
3132
4067
4309
2664
1973
1753
4366
1924
3239
3054
2929
3868
2956
4257
2184
1188
100
2607
2936
2026
227
2450
273
1890
4038
3286
3451
559
157
377
3089
2427
877
3941
1288
4810
1604
3562
3864
4430
2595
1719
41
3141
812
381
3434
4471
2774
344
2333
3953
1419
3887
1929
455
46
4690
154
188
4224
1313
3568
1676
515
1846
192
2944
4224
1811
2431
2001
2524
4365
1121
3334
4744
3273
2760
4923
1885
2228
4326
3938
3179
4750
811
4111
185
833
1811
2507
4502
4
3995
2824
834
2582
1707
3302
3638
3796
3620
348
4352
4483
3292
1700
2819
4670
3963
1124
2475
614
611
352
1836
4670
197
816
2353
766
1686
4528
4351
4512
1829
3657
1374
4376
2645
3993
4537
2134
2263
3146
158
56
3342
2913
4493
2577
2683
573
3881
2056
1352
2469
3421
4452
852
3995
3052
1851
865
1601
3639
1638
4841
1895
4035
3758
1673
3686
3947
3242
3679
187
4587
4143
245
4870
457
973
4410
4993
3031
105
4336
989
2728
4700
4533
3438
4522
2256
4507
2360
459
3620
1829
569
3421
751
4154
4956
2346
1346
752
4799
2022
4155
2014
2509
1379
4837
1900
2377
3282
2080
4966
774
826
1321
984
628
2643
4503
1550
3953
4500
987
2460
815
4920
2262
4877
1885
3476
495
4722
1516
4525
65
2769
4485
4574
1178
179
4890
3483
4098
1389
748
3160
2579
1583
848
2278
780
4479
4545
3138
1753
7
4340
4773
1548
1096
1695
2577
1101
4317
2492
4179
3756
1029
4339
2141
3387
4002
252
978
1063
3423
2999
4125
4481
4387
3945
2143
1982
1126
3789
3808
1005
3619
1887
3336
3175
4161
4626
2278
1781
613
2288
2910
980
2659
4679
2810
4413
10
1937
1697
2758
1737
2224
3920
3007
4604
246
1433
3460
4553
279
4040
3695
545
1716
2414
2347
3157
2296
1025
1172
3140
3427
458
2736
4768
1791
590
4419
1766
3796
267
963
4912
1038
1676
2061
245
3848
3760
4521
41
1793
320
650
1552
4715
1485
2659
672
2636
668
746
4612
1813
2999
1889
1601
2200
4742
1439
3489
1077
2852
921
1317
3057
2321
4695
3320
2718
4970
3421
1801
1300
2751
2007
4616
4427
4990
848
2421
3030
4423
1791
413
3003
49
39
1970
922
2906
27
135
1841
1688
1123
4362
4634
1221
2800
3804
2490
434
4554
1413
3620
2524
1659
4042
1515
828
3422
3511
4043
4779
2632
3612
1790
1912
1264
1977
694
2391
4243
1490
4565
4803
3031
3939
823
2671
4725
230
1933
1393
326
1339
1014
4565
2058
1744
439
570
2540
1134
1190
1611
2421
340
692
2105
1772
3060
1574
4095
2123
73
2127
4651
1209
3496
4813
2785
174
3963
3743
2763
2931
4921
4437
41
4425
3059
2612
2416
191
1165
2830
3863
4409
3088
2322
899
3076
486
2966
4122
509
1581
3045
4540
161
2741
2890
639
2888
3722
1027
3155
3068
4027
3998
2995
3787
2329
2969
1485
1749
1129
1574
3457
4791
2171
1748
2007
742
4145
1230
4024
4184
1331
3956
1737
228
2289
2531
508
1615
1255
2848
956
2456
3440
4703
452
2972
2510
4021
296
1689
2524
24
3413
1569
1391
850
4731
2924
1465
1628
631
174
442
2519
4908
4690
3006
24
534
2866
4908
1794
2263
223
521
4000
1610
33
2995
1302
1457
2114
1763
3884
3029
28
3451
990
4821
3287
2536
1836
725
2004
3358
4949
4550
2572
691
4971
1651
2883
1879
4939
4428
2408
2578
3523
1154
4260
3367
1724
3001
3848
3272
4821
2121
630
3296
3423
4950
4093
4128
3461
380
3590
1308
2082
3259
1174
2439
2688
317
599
1898
4839
1455
4147
4107
4497
2240
3177
4278
1807
1980
365
4606
4643
3187
985
2889
1767
4350
4350
3256
657
816
2572
1072
1074
4821
2967
4393
368
934
3679
109
3029
1051
4514
3571
1939
2588
2883
2755
804
995
763
1879
127
1065
4125
2352
668
4470
3211
4219
3161
4138
1664
871
200
2480
4892
4348
4850
1947
3212
1463
3684
3211
2665
2284
1080
3203
3249
2412
3423
1316
412
3189
2948
4928
3018
3460
724
296
2464
3834
3264
4667
4001
235
3972
4413
4366
1550
2372
2201
4595
3782
1358
1837
4183
2030
1171
3869
1910
2662
1988
865
2465
3040
4427
3776
4908
3543
2718
1091
4702
1108
458
4116
4589
1145
4578
3823
1412
2154
2904
4443
927
1542
3797
1181
1048
1012
3374
1938
3929
3926
3417
641
4369
2885
2246
578
3304
1863
1772
4705
2421
4790
3721
3864
299
2029
462
4039
4156
2021
4316
3849
2038
4691
3125
4599
3893
2076
2457
3560
2000
2265
119
1983
454
3575
4466
2401
4550
4216
1194
1421
2290
1559
4773
2468
1219
2521
24
637
1951
2834
1870
358
4036
2521
4111
1222
1219
2641
2473
3584
869
1126
1150
1522
3411
2603
1217
3313
3366
3009
3422
36
1683
4000
2841
2745
3378
4145
116
3069
318
3263
1923
1813
2489
3352
848
3304
804
948
2312
4417
150
4936
4805
3360
3815
4359
1276
1675
3652
2790
3161
4551
4944
4637
2451
3013
2611
4625
277
857
661
4540
1501
3555
3420
137
2096
4957
3183
3576
3277
4460
1502
1789
3986
89
440
3596
3746
4705
3896
2676
4646
887
3591
918
694
4458
2346
1384
109
947
3983
1770
1595
1798
1825
838
4691
86
2284
4061
3727
3255
559
3874
3817
3377
300
3663
4030
1295
3043
473
350
21
2984
4027
4321
552
4811
869
1940
1738
4042
1810
1949
470
600
4062
464
1644
1608
4577
4832
768
3217
1518
1566
752
2086
2913
1625
1192
1705
1481
3295
2753
1192
2252
2273
1504
48
3307
1326
3242
3850
1160
4028
2835
4540
2429
2424
641
454
3465
1742
4232
80
4458
4956
1563
1369
2433
4039
580
885
2726
4803
1787
4971
2848
1780
319
4572
3060
3947
2694
4567
812
2135
4156
3586
2613
274
534
4333
2155
4540
4358
4320
119
2263
2780
1613
3650
1755
949
4126
4337
647
2963
581
3778
4561
3559
4489
1209
2620
975
3328
2520
1138
166
3834
3275
2899
3829
2708
2800
4837
2856
3860
112
4016
2807
1639
3394
3812
402
4952
2143
4646
3559
3144
54
498
1077
91
1320
673
452
3153
2884
2891
4613
1482
3802
3563
1233
1768
4949
289
2573
1022
4503
1543
356
798
28
3124
1891
374
4817
583
2726
4963
3428
475
2830
3227
4254
3488
6
1735
2946
4434
4876
3171
3471
2415
1592
1510
3982
1826
1464
2965
2731
75
556
2929
2920
4029
3776
344
4963
2353
2632
97
606
4439
2131
1832
4526
4304
3184
1537
771
3902
49
4749
3510
2568
4127
2922
1566
4633
2389
1747
805
3852
266
4124
568
3831
990
2818
712
935
593
3248
4595
1967
3260
3659
1039
3783
3033
3713
2584
2651
3808
1117
3683
1546
4004
1256
3379
1642
2420
2356
394
675
2839
377
2845
841
1638
1269
2624
1926
342
2625
621
3854
3238
3717
1107
123
670
1904
1877
2617
1205
4510
2940
3663
4285
120
403
3705
2590
1329
3639
4391
548
2148
2148
427
2762
2653
4110
648
720
3325
66
3359
962
1424
1995
3920
1372
3106
2829
3985
1791
2691
2285
523
3933
911
3943
4169
991
2388
737
3379
3436
4561
2046
1687
4271
2547
4328
1172
1755
1980
4921
4985
3659
4624
1647
627
710
3829
3964
3812
3069
3731
1501
1873
4345
4130
4549
2971
4728
4560
1679
4450
3779
741
2236
1634
4014
1171
441
1165
669
4390
3292
462
2429
3184
1189
1102
2866
1814
4155
3135
4868
2178
2582
956
3949
2490
1517
3658
2217
971
3343
2227
301
3646
1979
4230
3898
1728
966
2882
230
194
2878
3995
1740
2704
3878
21
724
4730
2007
3298
115
4240
328
1081
656
1153
2683
3902
2283
987
3797
2529
3820
3512
3710
1859
1615
1565
1003
3953
1668
1798
3173
2670
3949
2971
2787
586
4766
4789
2972
3060
4088
4476
4749
4476
1024
97
2082
2243
3782
3052
2525
1126
1414
4359
618
1845
996
1613
3514
388
4006
4113
1724
4129
4843
2353
2870
4047
4539
2100
19
4885
4982
3237
3631
4114
1794
942
3513
4644
2871
2357
607
1061
3386
1231
1017
1293
210
1396
623
730
4021
1580
58
3479
3139
2327
4740
3102
4068
1883
389
650
3897
1640
1010
4383
3069
3921
3815
674
1139
701
1349
2602
2676
902
3275
3090
566
3992
6
2034
3405
821
250
4853
2126
4462
3100
4942
953
4068
2867
2072
3849
3665
1947
4428
1382
3086
1778
1387
1342
3725
2777
2275
4734
3412
1363
1696
2541
3966
272
4725
1508
2731
3366
4105
613
4501
1050
1780
3988
3151
4141
1106
4489
1964
2590
3268
3058
1343
3022
1676
3116
874
4163
2208
4362
1339
773
2249
1147
1186
3610
2988
4110
3863
3393
4760
2414
2775
2817
4437
3649
521
1002
4584
1532
2267
877
522
3394
1564
4524
1021
4298
1659
4453
692
3388
4352
2113
4072
3750
4183
3042
694
1860
1852
1650
4764
2963
2048
1478
1314
2866
906
1067
1298
4239
1239
4318
4623
2177
4536
1711
4828
3857
1691
582
4207
1503
428
2590
55
3442
2199
2772
4022
2620
3204
4874
3066
1409
1501
689
1208
2931
1373
4299
3261
2692
4319
1915
4022
2523
4024
408
1582
1222
2031
2737
2086
3882
3071
369
2865
2639
3995
4549
2355
2126
54
740
927
2529
3425
3841
1206
3303
1214
855
712
4425
2025
1683
4371
837
136
3015
429
4073
2458
2
3621
1087
494
2091
2163
3489
4857
3780
412
3141
903
4237
3331
4179
2984
4822
4635
178
2802
318
4700
2980
4862
2946
3310
549
1903
2937
322
64
3688
3677
859
4504
2154
1016
4645
2440
4391
3023
2938
250
1252
4403
948
3324
2479
4672
2288
4415
3087
2018
2244
4515
3064
2047
1942
4877
493
4191
1658
3162
285
4075
574
1916
1427
3040
2356
4917
2131
1792
3921
2929
4424
1312
85
1099
580
2890
2977
2056
3554
4927
1730
2493
624
854
1348
1660
1571
761
54
3658
1669
2171
1586
3337
3005
4256
3907
2209
4190
4064
3422
1915
4728
4300
659
1446
3714
2079
4594
3431
1161
1591
1877
4494
4384
4821
1264
1751
4830
103
4792
15
4598
4848
2282
4452
3190
1171
223
1907
3068
2351
3513
2481
2962
443
4321
579
1100
2298
980
1515
1138
2019
1835
4036
4148
3335
958
2951
86
1230
1833
1320
2548
3741
331
572
4134
2601
1134
367
3507
447
694
571
2875
4846
4171
3589
1718
3507
3882
3528
68
3037
2318
4285
3287
3676
4878
2918
2611
3337
2495
1201
1491
3997
269
1197
3991
3815
1224
1716
86
2436
1987
1377
3298
4979
1469
2428
1376
298
3691
452
3297
4536
4415
4253
843
3162
2116
1568
496
1506
3898
3350
2575
1417
1404
4476
1825
740
1404
2522
509
3395
1145
3963
4309
1708
2950
2197
4760
3143
4618
2219
287
4067
1710
1571
1474
2503
2012
1254
2110
1074
3805
2265
1294
2915
3384
3550
2398
4197
3036
264
4640
3095
968
45
4501
926
2427
3000
2215
3878
1325
1536
1193
2272
2047
2094
2769
3070
3085
2016
1623
4001
1012
1190
971
4758
3746
3307
4063
4368
1504
605
3456
2158
4284
3181
3606
4487
1301
1039
1724
1172
4486
1110
995
3785
4635
3190
2722
3700
3135
1661
2423
216
4563
528
193
1231
4152
3810
3088
2671
2167
3802
4712
4746
3085
4603
2359
2044
2966
66
1902
4374
4543
459
4015
4116
2847
1337
2763
1670
1773
4235
3735
509
1260
2277
3614
3563
61
1252
4254
1864
4550
3440
4783
3849
3963
3276
1279
3937
2405
3928
4071
441
2020
4796
3439
868
2879
4852
1726
2405
3642
1536
4376
1989
1941
1300
3474
4875
2017
3048
1294
3806
4683
2603
4480
9
2989
1983
2172
4317
4948
4683
3729
568
2153
3510
381
4622
4904
3345
2581
3449
1689
1366
547
755
1974
857
414
1619
2474
870
790
3252
2907
1505
1309
1424
3261
3759
3501
3039
3585
419
3165
1165
3266
689
2262
4231
4188
1865
4795
1124
1631
3678
4597
909
3630
2536
4272
1297
2787
3504
434
1713
3292
3951
2679
2158
3222
974
3466
2474
4781
3738
3547
4034
2281
4791
4765
2294
967
4577
945
1819
1409
4268
4139
1072
1274
2429
2970
2807
3366
502
2441
3108
4144
1378
1420
2434
1619
64
3891
575
4924
2925
332
1854
3605
3253
1842
554
243
2794
119
1605
3792
3113
616
1534
1506
4940
860
3188
54
4023
1962
323
4836
3741
3605
962
3949
2788
2685
2175
2615
878
3070
4282
772
1858
1955
9
650
4180
2931
4024
3890
14
2718
1587
1522
1183
3252
662
3912
2163
4463
4103
1393
2011
1412
4248
2668
4076
2122
2004
874
3026
4556
283
2052
1798
1957
1241
4283
4884
3406
1724
1757
1501
4595
2059
4726
4412
1682
549
1485
1498
298
2951
1088
1292
4375
2655
3145
4174
3323
3496
4934
3001
2158
356
320
151
437
1886
4739
949
3331
4581
4407
588
2426
4028
3079
4834
1462
2948
3499
4669
3859
1788
4656
1482
2170
2629
2415
1795
701
2191
1288
1709
4099
255
4151
1201
2006
2314
34
4458
3332
1984
1639
1536
3474
135
3515
187
2541
4916
3907
4054
1217
2015
945
778
768
2118
1677
4604
1908
3269
4034
1310
4286
2717
4361
4342
4992
3816
4340
2152
2332
3298
2837
908
4187
497
584
1191
2203
3293
4634
2464
1887
2676
4164
3137
4996
4945
1632
1106
788
974
29
1742
666
1751
1527
3687
1192
4835
3191
2787
2334
2824
2251
3608
3153
2765
3111
508
3696
3955
297
2265
3957
4127
2040
1939
1204
670
4825
2528
949
3095
2062
4381
1196
277
4578
2422
3848
4552
3539
3383
4286
1630
4383
2825
1974
1692
2662
2948
4590
816
4832
105
3382
1790
4841
1265
2251
1678
816
2915
1776
1822
1727
2518
888
105
101
575
4059
907
554
3450
4287
117
1303
1186
1303
806
299
956
4441
4555
3466
3679
2443
4966
3008
2426
2071
574
3307
321
2379
1672
2055
4212
1930
4495
4753
2246
252
2793
643
3684
3755
728
4066
2441
2367
1930
3423
1367
3466
3433
2840
1520
1475
1708
3158
7
4881
986
145
1657
4156
1976
2270
4107
2543
3984
3621
3156
4715
4815
2365
3904
1044
2896
1573
4090
3676
4701
2483
1094
360
3397
1571
3958
4258
1924
2672
3859
3852
3211
4306
4311
4509
759
3894
2635
4652
4363
2978
1884
41
1193
3631
422
2372
1004
319
944
2908
3253
2427
1522
3126
2417
2987
2047
3690
1224
1849
359
2696
1800
4266
202
1391
3729
4623
4446
3167
1424
2618
3403
1708
2888
4085
4146
2908
4279
3192
4882
3076
1914
2499
2102
948
334
4320
645
1110
1899
939
4953
3816
3717
2228
2348
1450
437
2133
92
4175
3344
2712
1444
3129
3421
960
3271
1396
3987
72
4369
2073
1503
1908
439
1648
4126
458
4981
1496
1572
1140
3338
429
1917
4629
516
3541
1680
3189
4764
2070
3497
1515
2006
3038
1545
4151
3132
3316
3908
2145
4119
3393
3364
4703
3707
2300
4532
2121
4706
807
1726
4426
4141
2142
4556
1185
1232
2941
4744
4580
4256
2904
4672
850
2803
2870
4248
4112
2718
2659
2501
1400
2513
4887
1872
2787
2316
2304
393
4855
3566
4418
769
366
2924
1512
464
764
6
329
2785
2046
1774
1612
4309
4835
4679
4585
515
1507
2954
3942
3428
2080
771
846
194
1617
1669
1261
2582
3274
4757
2346
2557
2096
372
701
652
2136
494
2079
4615
4211
4744
3561
1694
2037
3723
4955
968
4575
2189
1156
1265
277
1403
1050
1410
1905
3294
2285
4596
2194
2366
3412
3922
197
1930
4356
2605
987
3551
2748
4176
4783
4455
1447
4917
4827
3128
4166
563
4895
55
2391
4401
2368
1467
4241
3045
4705
4608
3687
2323
4182
3053
3237
2862
692
4770
4838
1625
2074
3946
1561
6
652
525
206
2272
1303
134
4633
3490
1713
4629
4045
2294
1942
4901
2083
2428
981
2584
3808
960
3414
2164
4346
1593
4644
1664
2398
2273
2922
4236
1273
4688
3101
3486
1508
4674
4302
4451
3857
3892
2259
3558
2004
296
3696
886
4527
293
4498
1331
2372
2231
2578
4383
2831
706
4605
2595
3913
3921
2522
4616
1632
865
2867
4492
4813
2242
3568
3855
2363
115
2854
1849
4438
3047
2662
4225
1087
1955
2576
4894
3453
4041
3613
1738
4923
3689
727
2422
1802
1916
860
2128
3999
3146
4769
3664
3591
497
4072
2944
1773
1633
2844
2159
3528
3671
1861
773
1587
13
4734
1760
452
4704
2459
2484
2085
4952
1429
3482
2658
2234
1547
4684
2223
1818
578
3016
898
1629
2157
1971
1345
2164
4991
2383
4200
4907
4852
2475
1057
4494
592
2877
743
1061
1049
855
2766
3575
1987
4591
4264
3157
4924
4637
4277
165
3484
1912
583
3986
2840
821
2400
1167
4498
2158
4010
39
4144
3789
4483
1661
2225
4147
3770
848
3405
1756
4583
2007
1478
4039
2865
325
585
4987
2006
556
4956
124
626
4863
3328
2252
2276
1775
2939
4957
1800
1336
1927
1405
2345
2318
1110
4578
358
2793
864
2630
2559
375
4356
327
2158
443
1655
683
568
4915
138
153
419
4192
3742
4336
191
4068
1415
2588
2076
831
4648
720
3658
1888
2992
1007
1028
2719
410
1783
1311
110
998
3276
4331
89
801
4150
2877
1837
462
367
3119
2514
800
3090
3077
2569
4695
283
698
670
1210
4947
1611
2158
1102
3658
2768
3059
3334
1616
1008
4235
2539
3321
4100
2030
1790
1690
1384
469
3752
4775
4182
563
3932
438
425
4168
4522
1550
1446
3111
2919
2228
1700
3282
4082
4524
4122
845
4685
1587
4042
4913
1490
3390
4024
3788
3868
2918
3365
4155
671
3116
1642
1986
3561
431
3173
1709
3262
2763
2456
291
3705
353
286
3662
468
4721
4354
3591
4444
1811
3796
4259
4674
528
4747
3642
2125
1046
3829
4406
1273
2625
2036
111
413
3212
3454
1112
2636
1591
2427
2371
2698
2368
4213
3666
3730
550
1990
3893
999
4995
844
1398
1118
1365
4412
3291
323
1354
3917
1106
4816
4638
1599
1223
672
1455
400
2541
2728
3471
2469
4275
3251
4066
4153
4803
841
97
3988
4675
4296
3269
1528
1569
3723
1856
3236
3648
4919
3913
4986
568
3927
2728
4196
2162
1418
2720
1407
1530
652
1415
1146
2405
1794
718
2964
2286
4345
235
4607
2810
4329
2379
1285
2413
4976
4404
521
3916
943
3685
4261
698
495
4860
1588
645
2383
1569
1272
4297
1251
3404
4966
93
2209
3512
4902
1863
3541
925
3306
4186
4591
2537
2813
1494
1959
3907
3449
2911
2526
3334
2597
959
919
2575
4057
4396
1396
3888
2069
286
4503
2162
4126
3399
2489
3331
57
4583
4020
2066
70
4744
487
559
1039
3898
1527
2669
1060
2204
2476
1805
831
4392
1667
2105
2064
2701
4859
2324
926
1775
4614
4168
860
4913
3491
2868
1276
729
844
636
1947
2154
4285
2008
4874
685
1866
1955
4553
306
4502
1145
520
3691
3509
3664
2221
2036
749
3865
1165
4251
4151
4227
2169
1078
3914
2542
2002
1159
2467
1435
1917
774
1504
4740
3791
1515
3071
4181
4047
2754
1541
4822
633
1669
2146
1735
2519
1256
1795
2178
437
1610
2670
4157
933
1732
2621
1437
214
4741
3172
2013
2178
1557
2890
4929
1148
3102
463
587
1255
452
2609
373
4406
984
279
448
2344
4585
1372
1017
785
2369
2354
1758
2112
3554
4764
2986
4108
121
2739
1226
3295
4029
453
4671
3335
3879
228
674
2254
3256
2996
3272
202
4557
3011
754
1603
2266
719
2608
1675
1168
3980
934
4749
4284
2090
3877
3598
3194
1378
2536
3816
722
1721
4743
678
4331
2050
2423
3951
2202
268
2837
4296
4015
642
2582
3168
1706
2715
2282
315
1853
1605
707
1619
4439
4770
837
1382
1708
1673
3397
1875
1831
1658
3902
4199
4983
51
905
2182
2006
1987
1839
1545
1884
2638
2750
715
574
1261
4981
3199
3311
4850
308
1115
2170
1242
439
1715
2634
1394
2176
4797
3469
3607
2692
944
481
3
2008
3776
3965
2842
4255
751
3690
869
502
4434
3861
1682
1547
4870
4754
1639
3602
1616
1366
4150
1828
3696
1970
4395
3450
2020
1885
2231
4216
4191
1776
3299
4969
4780
4924
3915
4781
4336
690
205
610
4102
3435
4083
4797
1606
1888
2254
2342
807
4220
2271
1459
3653
7
3056
4897
800
3121
3974
1344
2928
3385
1539
2678
2961
1688
2123
1272
1266
2577
2330
970
2030
4139
76
4102
4647
4465
1137
3837
3844
3551
4180
221
1626
3720
473
174
2842
1679
3101
4979
2632
2137
2599
514
2155
4008
1935
2002
3193
747
2731
3750
1230
4323
975
248
507
2834
4000
4915
3050
2351
3839
3920
3455
3447
2991
1278
4092
673
357
4449
425
486
90
1628
1413
285
1969
1863
4913
1227
4776
3515
1773
3178
1356
752
3255
2777
2651
45
4433
3562
3988
3740
573
4580
1199
3891
4170
589
1808
1087
4058
341
4341
1813
3282
1281
4623
2915
2928
2265
3705
3672
3435
690
4654
3901
519
133
4822
3943
2129
3233
591
1125
4554
1242
4237
2438
4153
4920
3648
2515
4805
3055
609
498
1229
2019
755
4949
2937
3636
3136
4128
543
3098
1211
2720
3309
4553
2058
2868
761
1980
2198
3097
1666
2056
508
3506
58
2231
1429
4187
4598
554
3261
3320
124
1402
390
2029
319
965
2279
3154
3750
2544
4956
430
2475
1642
405
3134
3469
3334
598
4695
1160
2402
1362
1626
3237
4649
4414
3359
4168
562
3834
1835
228
4029
364
2373
2907
2745
4026
2346
4169
2944
2368
1495
2006
1927
4274
2074
534
3638
4022
2854
2001
1991
4973
3989
55
2450
1847
2691
1578
1853
2731
1092
4554
3499
1869
1664
1560
1606
1286
1381
4661
2429
771
4742
857
4548
350
3166
895
1325
4921
1304
1321
2930
4783
2459
3113
2599
3640
4358
4589
3981
498
3578
996
4022
4976
580
4505
3298
3584
1066
112
2496
4855
1226
4782
432
2347
107
4475
1666
4589
2607
2556
4172
897
760
2281
3441
3410
3006
2942
681
3985
1682
332
3619
3114
3946
4348
2636
1408
4023
3429
338
2917
2519
4276
3284
1496
465
3778
1447
1374
4447
584
2509
1747
3792
4101
1372
1318
2495
1096
2213
3310
2895
3200
639
4637
662
1569
3086
535
1657
3266
2113
2861
1027
2106
2532
1994
2487
536
3273
2445
2114
1809
3167
4109
536
63
1054
2526
4146
2809
1937
2923
2217
1483
3403
3597
4132
4545
4685
2015
2632
3408
2421
3107
1116
3899
926
4284
1275
3342
2213
2317
4891
513
2499
2242
1401
3779
223
478
425
1088
503
535
2027
3212
4899
699
2601
1457
4854
95
1421
1315
2529
2879
2000
432
1219
1804
570
2669
4375
1104
2640
1584
0
2154
2724
2480
411
4389
1991
3556
3605
2089
1358
1795
4179
4035
479
997
100
2024
4108
4529
2815
4591
1770
2570
4970
4039
140
2662
4602
1888
4990
4043
4458
1270
2421
3305
315
1710
4069
1029
4894
3891
1693
2041
4424
4602
2814
2066
3974
3417
2983
1162
0
4474
3427
3489
3648
13
886
3521
2989
3575
1029
3898
894
2741
2851
3534
2026
1640
238
1997
1009
2485
4075
101
3414
3698
4224
1633
700
203
4882
1044
4458
1604
3066
3727
373
3416
1922
3833
1999
3832
2706
2335
302
3429
476
2080
571
1265
144
2761
2714
1998
3069
706
520
2251
1619
1759
3853
2120
3439
1845
2102
1784
1646
2718
2467
3064
2847
3462
2225
1967
3718
995
2613
2507
1158
1491
1400
339
3842
529
491
3144
4394
1257
4807
3840
3124
4636
173
1948
1659
1228
2034
1763
2733
2247
1333
3436
785
3452
216
3967
4814
2697
992
1083
1030
2974
1563
1848
799
46
733
4110
4413
4894
4325
2352
3705
2874
902
394
3093
3797
2756
2439
2642
2437
2545
3236
4877
3548
3918
3361
523
2118
3799
1787
1125
2733
130
2014
3199
2014
3582
1321
2530
442
3333
82
1209
1838
1559
2995
252
3754
4324
3415
3260
1896
2450
3176
1497
4388
1110
1426
102
1574
549
3645
2055
4580
3952
2111
676
4504
2010
4266
1373
3528
3944
2651
3731
2543
967
4334
3147
2258
1381
430
1345
1879
3007
1523
1734
1418
589
4952
2151
2526
843
1493
2820
1975
197
861
1329
4599
475
478
1506
1924
853
3969
663
4228
4890
3217
612
4228
1579
3663
3409
3866
3941
3909
1496
2783
2917
231
3515
4012
2106
1718
1153
943
350
4066
4358
4409
2870
2426
1039
2803
2395
4975
249
4285
1747
2033
2076
2617
1007
674
1563
2349
2655
1503
271
1562
2928
4757
1488
3317
806
2939
2563
480
4258
1951
2374
912
2783
4641
3633
4203
1868
3771
2867
2921
2524
3446
4102
4860
1588
1735
3779
1043
2813
4630
2815
55
2229
2107
799
1799
4335
3096
4202
3715
1105
4095
866
1040
4560
4914
2688
1515
310
284
1356
1037
4967
3348
2465
4358
3909
3054
3119
4312
4096
2495
2517
4408
918
3044
686
4814
2579
3771
2974
1087
2902
3129
4122
1661
488
2836
100
3362
4780
2650
2096
4725
262
24
4936
1877
2250
1646
148
3234
3697
249
4596
1975
418
3865
1021
2710
2795
2157
4871
622
3310
3182
626
623
4280
3217
2817
4391
3662
3001
1282
1808
2039
907
817
1268
4599
4842
1903
2492
615
3291
626
2159
3189
3800
2431
2660
3926
2898
753
2026
3474
3261
3262
2555
3955
3903
4573
2945
4936
3672
4203
624
969
4817
2066
1592
2868
3957
3604
1597
3031
2670
2368
1371
3165
4353
787
1892
4003
4474
251
3167
2543
3663
1345
3594
1856
240
2472
771
1305
461
1050
2703
1191
3006
2099
4313
3710
756
1548
1190
200
3709
1712
3922
2236
628
489
4153
2094
2580
1085
670
878
4865
4873
1654
4884
4819
677
2541
2326
4222
3045
2760
4902
2711
4011
4137
1916
1154
1059
921
3123
4368
2642
27
2273
2447
4951
3891
3072
1090
4823
3207
2543
1549
2201
779
3302
3474
3351
4145
354
384
416
2254
4224
951
1138
3416
2996
3734
3970
1966
2849
244
752
3367
3522
1203
3671
1631
32
2261
879
944
4310
3224
264
3259
1349
1591
1845
1424
4587
3777
1050
1728
3123
3726
1811
2938
1671
3832
4444
4358
1238
4783
3216
970
1947
3557
4062
3662
1801
3526
562
3041
1794
2780
197
4727
2747
1670
1224
4977
1547
1920
4095
1868
2642
2982
1616
596
4919
2588
806
1977
2160
3144
3638
1066
2389
533
828
566
1350
1046
1820
541
127
3660
4738
1833
592
1236
3283
2984
204
2846
1267
229
1688
4729
3956
3619
4706
1079
1009
85
4797
2880
2617
3675
3260
2189
4557
2935
8
3925
3753
244
526
400
148
306
2986
2777
25
2967
2852
414
2907
2406
3359
2501
2217
182
3909
2641
413
3975
1093
1565
4202
4610
2449
278
1854
2487
4283
4558
4263
780
1636
2750
1414
307
1052
860
2399
891
3433
4563
3577
3304
4732
191
2741
2867
19
89
4351
2120
2302
2724
590
202
2116
1947
4168
3718
4112
3128
4809
3489
867
4763
1181
316
1619
1955
742
4649
1033
806
1168
720
1163
1723
2751
2551
1412
3572
114
2653
3572
1687
1758
341
2510
3783
1586
4525
2931
235
188
3333
3847
2290
4819
3813
2015
4536
3660
1604
3653
3675
3597
2656
2047
4436
2822
2099
2223
1011
703
2112
2348
2865
1355
97
2820
23
2424
2473
3777
3209
1643
1673
4253
420
3886
261
4370
3026
2137
788
2622
1744
4939
235
2367
352
164
4050
2542
2506
1693
878
776
3419
1378
1844
4133
1109
825
2630
1005
884
2691
2645
2472
1925
3966
696
4544
1600
1626
2249
2943
1572
1290
137
1906
1218
1298
385
3448
3537
895
159
532
4903
4868
886
2350
2569
1361
4724
577
771
1287
1505
2427
4112
2808
3001
2392
4626
4329
4051
3559
4523
173
2396
2633
3786
421
332
2419
1169
4007
2747
2323
3968
1419
1152
626
1751
1684
1166
1982
2498
3462
2576
43
742
847
374
2919
931
2343
243
4265
3348
2009
2048
891
2119
3804
551
4620
1063
4774
300
3573
560
1934
61
559
4050
2272
4384
2680
123
657
4543
3959
2718
4900
2794
4208
2682
1832
3327
1521
1739
34
1310
3779
0
4643
900
4587
4911
3455
51
4876
4491
509
4782
754
633
3898
1026
1506
2537
2734
4428
1761
2486
3354
1051
4729
4548
4591
444
298
4552
85
4129
3857
4490
3269
1699
2496
1144
3576
686
2296
1308
4308
918
770
2344
258
4690
2321
1141
2170
1113
2705
625
2700
3664
2594
3417
4524
4329
3038
4794
2030
764
3980
2436
3136
1363
3024
4367
4617
3741
1249
4796
3388
1069
923
1880
323
450
3428
4459
1769
4308
717
707
2220
352
1106
1445
4162
1148
4018
714
180
2605
1414
1329
283
958
1865
4559
2920
4023
3624
3592
2382
3988
2189
3651
2017
18
471
945
1937
4362
2467
3842
664
595
1105
3981
3729
1918
3958
3995
3787
1203
538
4012
1477
3947
3591
2816
4147
3741
3907
3974
132
4312
1657
1119
4528
4248
1663
4030
4343
4769
3091
1631
1485
1374
1531
3429
3688
2470
427
2270
4290
4893
325
1092
4106
4518
3770
2354
4107
3272
3657
2535
3608
4534
733
3375
3081
4492
3380
3203
4834
3036
2940
3083
4354
766
2167
665
1403
1932
661
333
1131
2395
3743
2693
3666
2314
3378
4417
1576
2032
1038
4718
4942
4053
4110
4504
279
3523
2226
2619
2941
1678
1941
1553
483
3447
125
744
3240
2405
4813
1180
951
22
4727
646
4990
2896
857
2450
3072
706
6
1606
685
4036
2509
250
410
1610
1864
2178
1315
3183
1428
250
4177
3270
3489
4920
1587
381
1522
1110
1190
3720
1546
4640
65
4180
2957
757
1961
3543
4334
4385
2704
441
4078
2275
2790
4860
648
4710
4406
2226
2810
2309
4332
4191
2627
3699
2495
4840
991
343
3794
647
3564
4229
2754
331
3909
4399
3824
514
2842
3458
3718
974
4062
757
2886
3758
232
4074
1770
825
2793
3869
4519
4989
3886
1314
2948
940
2737
2986
3946
4575
1865
178
1058
380
1694
1049
4330
3245
2456
2797
4556
578
3033
2443
4396
4820
1101
2397
1584
1196
121
3614
2417
1401
24
2471
1536
2153
1648
2287
3131
581
3593
2444
3273
3291
3212
3629
4949
3656
263
903
3240
786
2437
3491
1221
3294
1183
1775
2963
984
1314
4129
337
2668
4917
2954
2997
4088
3833
2306
3411
4996
249
3897
2912
1723
2844
3978
4416
3588
1594
4068
1512
76
2479
3712
1940
3957
2565
3992
3786
1480
4916
4192
1960
3918
1817
2183
1189
3908
4060
4733
445
119
4990
2540
1453
3471
1243
1479
3378
4782
4848
636
3977
4356
4562
2191
3171
2206
2964
2034
4472
502
2271
1003
4153
4816
2912
3427
2451
2127
977
4286
2005
2787
1303
2447
2194
2871
4102
1329
4394
4727
13
2634
4912
1466
4351
947
121
3527
3757
4551
4494
3408
2464
4458
1857
4271
2466
751
4406
1649
1240
3825
2843
3942
539
783
508
852
1692
488
4406
1188
1508
896
4896
340
1465
2031
52
101
581
1701
2548
2325
1365
3
1592
3802
4733
3990
1431
769
3270
398
4531
1559
3208
2865
2959
4699
4453
649
1199
4263
3672
411
2955
3572
1544
3043
2392
4234
1741
3512
3281
4016
3784
289
4640
4093
1200
4201
190
782
343
2067
728
604
4561
741
4372
3673
851
1215
2142
1621
1627
3663
1857
2041
464
1317
1127
275
519
140
1829
2458
2717
2714
300
3834
1831
4592
916
63
429
3349
4211
1399
118
509
478
1846
4122
4513
1929
3840
2398
4918
3995
521
427
2856
2029
4326
1819
1956
766
46
4987
3178
3919
391
3474
2830
2632
3958
4652
926
2570
3128
2877
100
570
4701
1
358
4842
3579
2665
2579
3534
2038
2458
4227
2027
3923
4464
1595
1847
723
865
3551
3385
1500
4393
2024
2224
4474
3072
1879
1675
6
2243
33
1718
2949
1749
386
4753
4062
338
3411
3640
696
333
2689
3280
1446
2376
4115
284
1848
2620
1274
4082
4001
825
4198
1951
975
456
1855
2469
2562
3573
31
2610
3807
3954
519
3031
1430
967
3270
3783
3049
17
3304
3997
46
4433
2109
1684
428
1498
1404
962
4535
2822
598
2503
3078
4060
1335
1437
3180
3774
1790
2087
4265
1519
2088
2128
3267
4932
110
3191
2184
3292
3446
1850
3712
4878
4456
2247
386
2081
2490
653
3733
4488
672
3135
3244
384
491
4349
4969
1943
4240
4130
342
4228
4933
3653
1265
3936
1481
4839
251
288
2824
4817
779
932
2241
4591
1543
4599
3308
4640
2233
1896
657
4388
425
1831
373
315
4074
3278
1864
1039
637
3117
2317
4598
4385
2150
3297
3752
1536
4071
2226
2233
3847
380
942
611
826
3150
4988
4423
1757
4814
871
801
1820
4516
2863
1983
2784
1951
35
378
3735
2187
4631
1635
1425
4231
2958
1380
2983
3046
1558
562
4826
4603
2669
1016
2652
3170
951
3237
4599
2519
4455
1192
1153
533
101
2230
488
625
9
622
2293
2310
4103
2034
1380
2272
580
222
2148
2059
274
3990
3324
4363
2786
2969
3560
4557
326
3909
3534
3337
1785
4987
2998
2390
557
1524
1360
1824
3037
3986
1624
2498
2132
1646
1270
2918
1059
4856
637
3352
2214
891
2286
978
106
948
2708
2919
3194
269
4115
3874
1174
2686
2195
1318
103
2629
2865
2361
431
3455
2238
3760
3026
1587
216
4863
85
2386
1064
1143
3760
4581
1323
1510
561
3943
2712
1393
1799
782
707
1112
1148
2556
4723
4937
2939
1123
2374
2796
408
1633
2583
116
489
4489
4755
4197
2660
1330
458
3268
1848
243
795
4392
3201
1963
3647
709
4625
3954
4069
1855
1702
2863
2990
905
2528
2653
229
801
2137
4131
1748
710
2819
1343
3685
1950
3742
4858
1217
4309
2142
725
2854
822
3491
553
896
2222
2619
4817
757
2247
1103
152
68
3488
914
4183
4547
2610
4928
3912
4925
4471
2993
4788
3006
3208
4803
2416
3136
1726
930
873
979
3970
3973
4924
1430
1280
3790
2750
1298
902
4492
4996
1138
1286
4450
2832
4144
3080
63
956
4066
4906
2871
4324
4493
2244
238
1541
4364
3328
1861
1836
628
1385
495
416
1543
375
3861
530
4618
1275
1215
417
4769
3455
1487
2387
507
4735
4497
3668
2472
1075
1717
4240
2608
2323
136
2335
2076
4314
2467
1305
4710
3894
4034
2312
3226
4179
4221
3971
1967
2139
217
523
4792
3604
2309
2989
4566
854
474
3054
2584
310
4044
364
3190
3555
2350
4748
2722
2868
4092
1968
61
1898
3098
967
1994
4688
1736
4396
4784
1804
1958
194
1869
1168
2079
4190
2525
2760
2864
2913
4284
2037
2417
3357
1336
890
3672
1955
1736
4533
379
3140
4166
3989
2033
4632
1575
4039
1739
2148
2279
1342
1819
495
664
539
2576
71
2788
262
4101
2461
2293
2752
4011
1582
4183
4244
641
3180
3520
1633
2820
779
3654
703
1845
2970
2918
255
4264
3938
3037
2796
3861
2342
4395
712
1423
3965
1595
4570
577
2508
429
2035
4130
1952
3511
432
4
2001
119
1504
53
4179
1273
4168
4136
3290
2124
2830
3647
3173
2015
2436
3276
4829
3917
4401
1830
2302
207
4999
1650
61
788
644
4852
1140
1336
167
2010
1017
857
221
528
467
4310
2521
521
3101
2524
612
3946
3508
3749
963
4956
3649
2018
3242
3709
1067
3314
2997
4326
3101
2302
3137
547
2366
622
2727
3052
2627
274
1672
469
30
2895
3502
4007
1757
4786
1215
2366
52
664
4807
1351
1949
792
1003
1098
3621
4411
2555
1721
2766
2314
4198
2695
412
1828
1828
3431
3375
1588
1691
216
2296
1239
484
2159
1199
3548
2250
507
3664
1247
1026
4824
516
2690
793
4099
1845
1003
4343
4090
2789
1180
1042
4775
2519
236
4852
807
219
4041
2470
3546
1192
3670
2276
3709
2894
2260
2572
2835
1417
3719
438
2186
1853
1605
2880
725
59
3366
1709
4088
3009
3086
1133
1948
1585
3706
1473
1943
4958
3207
99
4846
677
2774
786
4303
340
2875
624
4856
2071
4016
1237
4354
2190
2470
1359
240
3443
1758
122
2141
1901
3116
2516
4880
4750
1796
3717
266
4284
4188
356
3212
3610
1027
2062
304
3455
1988
3861
3694
865
386
1676
4485
4037
2973
4674
1207
3897
913
1962
4385
767
595
3059
737
299
1223
4462
4563
2012
3625
2601
4206
606
2262
4186
4455
3952
266
2632
1802
1586
841
3420
910
2098
2231
4910
3414
3056
10
4634
3705
497
3532
4120
3267
508
4294
2368
1769
66
2104
971
1544
4537
1290
3841
44
2644
4385
864
3484
3665
3223
813
3709
2110
2681
757
4902
2413
1852
1924
743
2621
197
3610
2519
2737
2048
4460
157
1608
382
3615
1290
3882
1316
3826
3657
2690
3388
3714
4576
3560
4600
1489
647
416
4848
2147
4255
231
933
1839
3410
314
2622
2354
1994
3327
1323
1124
2153
140
4494
3167
3093
1211
3886
3194
1867
3428
4945
3602
3657
488
1464
3308
552
1227
415
3230
626
1547
4905
1279
47
4666
449
2844
1037
1067
590
1497
104
3721
3204
4060
4702
1155
537
1896
1136
611
4562
3527
2991
177
4593
1781
3921
2480
3517
1227
2908
4752
1985
1189
1430
1502
2718
864
3311
1736
4893
4613
422
4911
4038
3199
1271
1080
1231
2597
4385
2319
257
815
4570
2271
240
1904
1007
2509
3819
193
969
4456
1193
402
2887
642
3746
1229
76
2741
172
1737
2061
1500
390
2600
2644
2920
1512
3819
1954
4968
3232
772
1827
564
4434
2835
1764
499
487
3038
3086
2236
3337
2731
1695
3779
3903
2910
2903
3186
2386
1881
246
4767
3832
559
197
4851
4788
4932
2032
2217
3572
1653
3503
3314
2426
3092
142
71
1233
1979
1606
4289
3021
222
2581
1140
3782
4621
4217
3982
1315
2540
4592
3024
339
1008
998
957
3429
3590
2007
3084
1876
1744
3428
2881
4567
1529
3296
305
4482
2029
3675
261
2361
4449
2470
2843
1604
130
3581
2545
3432
1903
2795
911
534
4077
3826
1488
3580
2468
369
4357
2377
4721
1997
4380
1270
3035
3417
3729
2329
1112
4589
3382
3324
3899
2243
1356
1302
900
4737
4428
4584
4762
3050
723
1482
4411
361
853
4404
3782
447
4595
12
915
1812
2650
3640
3847
2787
4926
3122
4754
517
761
1153
2433
1023
2678
1498
4116
2800
1140
2662
2869
4750
4312
2593
2964
4491
4411
4738
537
4153
4176
3955
2174
2139
3535
560
258
3364
4668
2657
1694
1256
2358
3609
4804
4308
3507
1216
2063
2543
951
1094
3377
2147
2203
1819
4943
3
3616
1093
960
1921
3029
759
70
16
3025
1035
1567
1190
4518
13
3379
4235
3715
1266
971
4391
1766
477
4750
1942
4365
844
4084
3505
4453
1058
1607
4208
612
4964
2397
3427
4673
2997
20
3961
2518
4251
2988
1988
1298
3782
2817
2932
4810
281
939
496
1032
436
1054
2737
1994
1916
2555
2345
3461
2220
3574
503
942
351
469
983
1114
4392
2506
293
1661
1793
4535
4352
4124
1914
2292
1147
1140
4728
3535
3808
1796
4150
3357
1629
1666
3688
2926
2427
3837
638
1882
553
4822
2009
2572
19
4194
3943
3181
1338
1432
4275
2920
3553
3290
3103
4462
4607
4920
4739
4922
4804
4263
2374
4785
1425
663
3701
3125
1115
1595
475
3793
3926
2287
4549
24
446
2429
4103
1123
3793
2025
1792
974
4490
2701
2555
771
2740
131
4142
4240
106
3747
1899
1406
953
517
3945
3613
380
3277
2275
543
2290
691
2009
2405
3858
1558
800
3298
738
64
616
3609
1560
2942
3684
410
871
4372
3038
3467
2121
4900
131
2447
4668
4814
4542
4914
3172
2633
603
3276
1349
808
4508
2542
3613
4116
2690
2375
2964
376
2300
462
40
351
2577
1450
4648
4748
4563
1061
3200
705
3017
3864
25
628
3756
3786
4468
413
2170
755
4967
697
4067
2516
4537
2860
2460
80
4989
2151
4528
3861
3762
3159
4849
3011
1662
457
4148
3527
4879
1934
3695
3201
4476
3225
4225
3003
547
4645
3793
2680
723
2529
262
3423
2977
4726
3226
1576
2775
2043
3306
3619
1944
3142
2655
1893
2438
847
713
4469
1391
3157
3614
4331
3003
4765
2069
4758
2658
4059
4284
4461
2170
4127
500
1410
1502
1449
2638
533
162
3340
769
4814
3845
2568
3569
1122
558
3536
2537
2163
2927
1198
475
2900
4867
1288
296
1771
2098
2417
4647
3011
1377
3282
1367
2175
548
1301
4875
312
232
1636
3757
4480
1715
1234
880
2983
4344
2963
713
4408
834
3553
4061
2021
2921
120
81
3381
1360
124
148
2636
3048
898
2136
3714
1185
3896
2094
1278
3803
1155
2713
1467
4477
4463
4765
573
4930
1093
1095
1429
33
3856
2274
805
4641
4464
486
623
3221
3786
2147
4749
1902
2927
3012
2560
1847
2783
2427
816
3961
3994
1481
1657
2093
2191
1834
4161
3436
42
895
713
3253
2626
1425
2749
2775
2474
3100
3879
3777
1381
2324
113
243
2945
660
1936
4676
1817
3728
1336
2169
3509
228
1509
715
3579
2084
1066
4043
989
2676
2763
2747
4589
3378
1360
2494
3245
308
4950
1183
3536
90
3982
888
1164
184
452
2705
1053
3916
1974
1035
1831
4815
1741
1630
2793
388
4716
312
431
3243
4352
2897
4016
4712
2492
3735
3247
2168
2174
1691
2528
1749
1890
3521
1347
156
1248
4621
3138
376
4348
1393
1361
338
2227
3284
4746
3561
3617
886
2369
3612
1942
2121
1105
799
2604
4586
2444
4446
2677
2578
1436
3764
2289
1491
746
943
1757
2120
161
2317
3003
3656
4130
3399
2895
4052
3390
4762
2188
1072
444
602
4110
4154
3027
2797
3535
3401
3976
4981
2282
4721
3134
1644
4126
1169
3539
4165
1322
2523
1051
405
1661
831
3959
3867
1777
2394
449
3573
693
5
4551
3800
1055
2364
3558
1625
4894
2371
3865
120
4901
1746
1294
2692
843
1636
1338
2275
2177
1656
2359
3131
4687
4284
4116
3404
2394
3442
4628
3984
4899
3657
2210
2212
3098
705
3816
911
4266
4875
3654
3926
322
3716
3127
4107
1405
4957
4651
3278
4956
1707
4479
2175
381
1802
1664
2388
3390
4822
2423
1181
963
477
3049
2475
3827
4273
2773
1256
3852
1702
2894
4353
3001
358
4795
786
992
816
1920
2882
3355
2278
1502
732
4991
2036
2585
3651
3255
272
2331
3454
2257
3124
21
3760
1163
788
3719
3511
4550
4230
2471
584
2813
4223
2173
2633
2101
70
4012
1393
1105
2392
4677
1231
1908
1968
3262
4351
788
2181
4962
3750
4881
1900
1408
4697
3633
1056
1244
3426
2174
4237
1379
4681
1437
4167
4636
1146
2861
594
3749
4519
3813
3103
130
1555
1913
433
398
2927
3895
2808
3828
2883
3290
4646
353
1272
2663
517
3831
4277
2221
4226
1865
2535
3737
1522
325
3908
1872
4208
1698
4039
2599
1595
3993
2545
4497
3317
375
873
624
4323
2345
4372
3989
4258
1374
1584
3183
548
3460
4616
2426
3448
4982
2937
2915
2195
4718
2579
54
3037
4070
2203
1594
1544
537
919
4992
1439
4514
914
4005
3291
1493
972
986
4432
4347
1826
356
540
4339
3669
3853
256
1336
4482
732
4895
1722
466
3892
3187
794
2610
4919
2498
4603
4000
216
408
434
4920
3945
2464
4738
4642
726
3646
280
696
1877
1729
3093
3432
3735
66
3265
4472
2928
1250
1353
998
2451
2227
3260
2335
4075
3333
330
3086
4076
403
633
3035
4835
552
3466
3085
3612
3326
4425
2424
1530
2297
2370
571
4636
258
1470
2161
3350
3111
2093
798
3059
1694
4194
4481
601
211
4198
3393
4691
519
1512
3152
2658
2767
4891
2685
4781
3360
471
1986
3702
158
4603
4843
4757
1315
3361
2068
4504
2218
2026
511
2314
2549
985
2205
350
4990
4023
3973
1922
3200
1942
3608
1978
429
873
2121
3167
2612
1529
1244
4389
3330
2194
3432
2723
1354
4175
1657
927
4421
4495
3
595
2838
1561
413
3781
1607
1776
4955
1895
1874
845
3848
605
4693
1667
1729
1197
3861
3066
1056
811
276
4708
3086
3255
1177
925
1560
558
222
904
4941
693
4632
3741
2584
267
1154
1127
3731
816
3908
1565
3603
3913
494
4899
632
2874
2559
3840
4912
346
2026
2593
2420
4387
2339
2311
4326
950
4416
2420
4045
826
199
1799
4052
1131
3904
1053
4730
2538
3622
2890
2861
4856
830
3727
3089
3183
4122
1552
4660
2539
863
4577
120
4860
1461
4578
4080
99
4497
2210
2290
296
4189
3123
2650
1308
1387
4795
4313
4208
53
3108
3484
1241
4178
1113
2873
2313
4297
3381
2289
2598
1310
1435
2664
1469
24
4694
620
1950
4964
4996
2891
524
3637
124
724
3706
441
309
1524
4600
1461
1784
4677
755
2563
1042
2505
1467
1360
3505
3939
1323
3743
4884
1209
3976
2846
895
587
1925
3301
3908
1980
3132
622
3129
2027
4689
4884
4918
1435
2470
4323
924
3673
4854
3331
277
887
4884
4133
2030
4355
2072
1907
1974
1050
212
3427
4926
1199
3176
3719
2524
1502
1184
3697
460
1101
2521
110
2074
898
2301
4105
2448
2507
1779
2569
3690
3687
142
4986
3018
369
743
1644
1553
995
3598
3883
3873
2999
4884
3821
4284
2162
4564
1135
1593
3431
1372
86
4357
3317
3467
1640
1642
1659
2429
2751
4917
3428
3702
2128
3197
3976
4572
1744
1737
3889
1173
402
4421
4272
2964
3871
4594
3578
1377
2331
4306
847
2041
810
1128
3609
1497
4980
4111
1411
25
2288
2818
2326
3347
1720
4426
1970
1395
4410
1753
142
3504
3993
3405
3409
4384
3731
3849
2183
3130
3948
2928
2642
4516
2724
3418
3586
858
3342
2206
4477
3623
1034
3222
2534
654
1600
2884
1399
3985
363
1906
4045
2973
3943
1844
1162
2876
645
2863
230
366
3782
2264
1822
225
4007
687
4213
1107
1636
1727
4275
4687
3769
2003
1745
2269
4643
1504
4850
3389
3966
4537
3046
699
3176
1796
4190
3375
2920
1631
1678
1841
1402
3191
998
3929
887
4662
2874
2865
3534
4614
4929
4501
2851
585
3179
1988
4366
2880
4635
2179
2758
4240
1414
886
3030
2987
4752
1228
97
1692
763
1963
4337
1770
3590
2228
3380
3033
1994
1112
4048
1033
1024
2436
2844
809
3980
262
2503
2643
3864
1659
1944
598
1574
1492
452
1947
615
2822
856
4448
4192
4759
3690
2445
3362
68
3082
4360
3990
2757
3369
4343
965
3875
4022
356
3600
3058
336
1970
313
1711
2402
4901
564
4083
87
1543
2299
4417
3512
3655
4807
4258
4633
349
4441
3930
1142
3532
3738
4687
2126
2244
2449
382
3906
1223
1520
3158
4942
3337
2686
3172
3293
3989
2646
2695
2538
2995
3089
707
1483
1963
2698
113
1914
343
3843
3219
907
1258
3684
3321
4691
1409
4909
4853
849
400
291
2670
2472
3036
1265
4518
777
3495
498
2860
2580
478
2753
1704
2202
2456
3834
1101
556
504
2680
4109
4779
106
312
4441
434
3889
179
2163
4838
710
3692
4398
1872
741
4435
2472
77
1301
2288
1763
3511
2489
1316
692
735
883
1619
2926
1142
1349
1990
1759
1781
2098
1739
1646
2134
2401
3603
868
1862
840
4741
2037
4121
3832
3334
731
660
1567
1700
4870
4209
400
1325
3722
3918
979
3799
418
2171
2180
1881
4678
1879
2510
1132
2690
665
1081
4892
2056
3901
2967
2764
4359
3127
1204
916
3328
3629
3850
1545
2117
2086
3117
495
4812
2205
2094
4816
1518
1859
2422
1403
1537
4141
3057
2664
1862
618
2297
1889
1643
277
3886
126
4699
832
1545
1367
3734
43
620
2279
4425
2860
49
3495
4657
2750
538
2656
4779
2654
4961
4583
1803
4268
3236
4480
748
780
1213
1031
4552
880
4982
527
3487
1867
1285
3997
318
1615
4177
3171
1925
2807
4883
470
1164
1572
2244
1914
3197
3231
4803
2010
3621
2983
4172
2057
3346
3266
1367
3329
3069
869
2795
982
2312
1074
3088
1699
240
1389
2128
2061
4047
1614
2777
352
4762
1200
2200
3126
4283
4078
3847
1178
1357
3263
1806
1059
4038
1839
19
1662
698
2941
1002
419
784
2016
4738
3113
1223
1129
2698
4266
2530
1864
549
4493
4737
2723
2377
3142
1782
4833
1534
2510
612
4947
3029
2370
18
1964
4050
1196
2181
1789
3764
4847
4791
2420
4343
4130
40
1905
4578
1317
321
177
800
963
4311
149
612
167
3041
4206
275
2748
2043
1125
2222
1373
1934
4386
4945
474
931
4539
3052
3615
984
2605
170
4879
3633
3353
620
1337
790
4070
2246
731
2100
1318
4351
3550
4358
4633
3575
1215
685
4403
723
2037
2602
99
829
3192
560
3881
2803
4007
2335
2102
2335
4639
4862
4649
804
4351
950
475
1782
4250
2665
586
4796
4507
3968
1116
370
3482
1524
1327
582
1023
4434
1269
4856
3569
795
236
3703
218
2203
4547
3742
4690
2703
358
1551
2871
3874
4207
1648
2959
1023
1226
2241
333
3765
3243
2854
1925
3378
3206
3117
1477
2460
3425
51
1528
937
1897
4321
3608
3318
3663
1834
4667
4786
2525
1443
25
4249
3629
2789
892
3992
2541
3341
1534
3119
676
3435
3868
1685
248
5000
2422
160
2126
2704
2267
997
2675
503
2769
4998
940
1168
1520
1606
1264
4869
3388
4483
1281
2918
2624
3137
3646
1813
4207
2054
2663
1256
3523
983
1257
3888
1891
3173
3932
934
368
2769
3466
2830
1294
4064
4101
3130
4180
4254
2772
2433
785
2079
1954
4106
1958
405
3634
4819
3288
2677
1894
77
250
4146
1140
1548
3039
4124
4913
2295
105
3103
658
1335
1313
3074
3547
273
4564
4150
2644
623
110
23
1401
4006
3123
1268
2655
532
3092
541
3753
3582
1792
1903
1648
2524
1612
4238
3290
62
3363
3206
3905
4082
2847
2722
4196
1254
2505
2121
2603
4050
303
3625
44
3023
1537
408
982
1277
107
3648
2314
4976
1617
4012
3456
4007
2551
1181
2034
1818
4463
1292
1523
84
3662
3254
3992
4853
4746
1833
2496
3812
4897
3569
1344
3935
3310
2621
494
573
691
2726
4698
2662
4364
1563
3167
801
3610
3726
4864
443
3322
12
2147
4291
3838
1674
595
3883
3394
149
4756
3293
3319
2345
3198
3593
3027
3031
3189
158
3126
4064
1569
2772
1569
2743
2315
4650
727
532
4816
11
4187
502
4968
3880
1741
909
1733
1096
1110
4094
3930
3980
1838
798
3603
4249
391
2076
1972
4942
3656
1787
4464
2424
1920
6
4001
184
4761
3868
4827
3925
3855
1062
4844
3924
4485
1075
1849
4750
2863
1271
4854
176
4164
4899
4960
3
1341
4316
3261
2476
825
2589
815
2981
1458
402
2212
4042
4835
883
3709
203
1308
4128
2571
2161
2195
947
1382
3460
4215
861
3346
667
2352
4018
1141
4012
1366
505
3913
4590
2966
2942
3431
1399
3621
1932
2945
2492
3433
628
4077
3630
777
114
2244
1205
4717
783
1411
1798
0
4922
2982
4785
2430
1586
2488
2686
736
148
2171
2916
3800
4399
3275
2193
283
747
4365
2445
4798
3140
1315
4150
1687
2153
4766
387
3374
3530
4210
3415
410
1699
2282
2813
239
2797
2324
312
2449
3815
1147
3182
4687
3472
498
956
3611
443
4184
3264
4620
3584
2390
3562
3358
2640
3499
4599
4465
265
1870
2510
4206
1973
2728
4655
669
4015
3582
4106
3633
2104
4377
1000
189
591
2047
4747
2145
2297
2305
1387
1078
3767
2859
4537
4275
2178
866
216
525
4287
3445
4636
1475
4114
4063
4826
3558
3760
3614
2380
1025
1835
4385
1597
3358
3780
4416
3694
2341
2721
3138
1358
4896
1979
4842
189
892
885
2945
2851
4796
2389
4209
1306
4244
3127
1137
2744
4499
1592
2094
473
4852
225
2585
1713
3269
838
4467
1199
4369
3086
564
4654
2940
2650
4399
4608
2685
4770
2147
4593
1040
776
4927
467
1372
2202
4652
251
3110
4619
2734
2652
31
4333
3905
3827
4207
3376
2765
3439
1632
3165
1512
1986
152
4275
4133
3118
3692
4064
4159
247
395
4061
3134
2837
4808
1019
4625
3421
4736
3741
86
2608
3603
4216
4352
754
3888
1926
2824
842
887
3560
2831
185
446
3403
1677
150
1250
1015
3755
1313
1802
1179
4100
4038
3507
2330
3115
749
1415
1501
3799
2191
2626
28
4386
4216
4540
3611
4814
762
3280
2252
1812
3203
2152
407
3988
2725
1293
3008
1406
3782
3181
3739
215
4904
3749
128
2250
1605
2803
3312
2127
2304
3427
2257
4954
3638
2863
4974
2984
3069
1656
1274
234
260
1109
3132
725
4396
2410
48
1518
2979
4405
4848
1247
343
3118
704
1861
2528
4907
855
3719
2938
4307
4611
3350
639
2520
4757
3247
4783
1781
4030
2861
1808
1305
532
2166
925
574
3186
1680
893
113
2654
2444
3473
3913
2036
4044
306
1007
4031
3770
2648
4579
172
3887
2224
409
316
399
850
4064
2817
4839
4334
1151
2919
1399
846
623
280
1620
3243
1356
37
2090
3885
1840
2592
4888
97
4795
801
4138
2801
3613
4403
4922
3404
3514
4959
657
4894
4872
2685
2006
1363
2377
3555
4297
2399
4803
2460
1411
1379
514
4729
2816
2624
526
3425
528
2016
4516
3598
2791
3621
4320
4529
4758
1630
1829
1682
1549
263
4150
513
3261
4048
3068
4342
4828
3572
1670
2969
181
1135
834
2970
3895
2908
3589
4382
2812
4802
1235
1595
4392
3424
1259
3647
4801
3017
622
1931
1779
2174
2886
1329
599
4767
1359
971
3384
2258
4897
205
912
605
330
2281
3071
97
483
1169
1574
2435
2327
4452
681
3020
3562
3492
4036
3888
1532
4860
315
114
3739
1523
1595
2163
2394
2793
3064
2259
4480
3803
2656
1088
2117
4888
1739
2863
4741
802
44
2262
2869
3738
3233
3391
3657
1024
4435
4302
2091
4776
3562
2684
3334
4485
335
1551
4137
3169
990
1347
943
1821
1767
2559
4987
313
2158
3809
1389
2451
3973
3560
530
2403
3535
4879
3587
2386
2496
1115
2268
638
4598
3247
71
2008
2603
372
4049
3866
3939
4619
2369
952
8
1524
2559
3569
1021
1180
3683
415
4458
683
1875
2859
3124
1760
4047
341
3313
693
1923
3562
2072
3751
3585
3589
1562
1974
469
4591
2740
96
3476
1133
4488
1380
630
4210
649
619
514
2384
884
3440
2033
111
3353
1878
623
2090
4532
3495
4594
4407
309
1117
4199
1382
164
443
2157
2901
457
4070
3827
383
2765
618
2166
623
953
3243
1908
3931
4629
3267
4791
1542
4258
67
3081
2326
447
4095
3488
1384
621
698
4234
574
1490
3189
2042
1386
1607
3939
496
3671
3806
4543
1688
2641
4645
2823
3169
4598
968
1520
4575
1901
635
1643
461
4432
3107
1482
2438
2447
1452
2435
2347
3909
3690
4435
1958
701
854
4088
4228
852
2211
2390
2318
2894
4703
69
3404
4508
3691
2223
2997
2828
2609
4359
4643
2543
4419
4741
1789
455
3743
870
1862
4062
2121
2071
3782
1209
458
2133
765
3485
4004
91
3134
2085
3670
3558
2580
3776
4937
478
2216
1416
545
740
2992
4514
405
2325
4811
3108
3786
2987
948
2994
459
2658
2021
1481
3533
476
3142
2707
2270
258
1581
697
1827
1804
808
815
3532
77
2698
1788
1801
958
531
1639
1403
410
2396
3834
2017
4455
2186
4433
1955
3645
2255
4253
1514
202
894
2206
2001
3425
3087
1558
1938
3088
2930
2981
2664
2128
1706
4459
4103
1977
4445
245
4474
3912
2141
4101
1026
315
2966
4228
4318
1577
902
2772
1605
3657
4135
4177
55
1718
3009
84
3520
649
3288
4441
679
1627
4382
4899
962
1051
2776
502
666
2322
3634
4559
1232
2223
1800
418
1334
1555
3290
3209
2131
424
2186
1615
2016
2964
199
3674
874
729
4960
4218
4798
1493
3095
4570
2267
4342
3997
2098
3135
788
3703
751
337
2084
4926
2679
1897
4106
556
496
1954
1606
208
2415
146
4910
82
411
2328
1874
3837
14
3332
3379
1418
595
4313
3292
2467
1329
3479
2569
407
1248
578
4099
3866
2884
3927
4897
1004
1529
311
3842
401
4269
1337
1246
448
776
2294
1992
4011
4721
3440
674
342
2861
4901
4832
2361
1919
3596
3093
4400
1673
2750
4533
3521
3955
1733
3281
3285
3183
2870
1172
4379
1133
4594
1457
4600
4544
1164
2160
3101
2301
2007
2351
1641
3045
2739
4401
1907
1658
4486
4730
584
1475
1626
3104
1237
4577
1965
2960
108
99
1858
1803
1299
2792
251
2388
1233
250
3835
2751
1474
1134
3723
2806
1328
766
2250
661
4314
4186
4940
1411
1059
3134
1197
1533
4262
146
263
2055
4613
481
337
2841
2651
1769
560
3726
3353
2204
2939
2060
1238
2753
2898
1565
754
366
339
2438
1217
2388
4569
1550
1922
199
2803
3484
695
730
1350
3560
458
857
2372
1668
2806
1733
2662
1718
2522
2558
2661
289
1195
4020
4708
4501
4633
3930
4631
1918
2468
1440
49
3028
4930
3047
28
851
2240
1563
4383
570
2750
1465
1203
613
616
2793
4727
758
3470
38
617
2733
4356
2486
2013
1781
1444
3521
3426
510
1205
919
3157
3372
167
3094
3752
4955
4836
1263
1398
3561
3214
65
592
4780
203
3543
304
610
3272
1031
829
2670
3506
1693
777
2843
4444
2598
2663
2336
3995
1615
1726
2512
1916
8
4536
2800
4903
362
3576
1350
2437
3803
2832
3810
904
4327
3786
866
3103
1290
323
1631
790
4401
3353
2306
289
4927
2922
2323
668
2060
2648
1091
4516
4453
2501
431
3872
3262
269
833
4608
2374
3984
280
4234
985
4497
3786
1866
705
3920
2494
167
54
3530
4159
1174
3415
4903
4109
1487
3828
4754
3618
3860
2123
1260
1490
3189
4803
2617
2010
354
2487
1323
4136
3680
3125
219
4731
954
4689
224
4808
3191
521
1593
182
3804
3151
2712
4444
3434
1367
265
3614
712
676
4877
911
2138
2594
251
1352
4049
1671
3619
4739
547
3564
1003
578
618
1888
4673
285
622
3209
1046
1434
1813
1934
3147
1141
2271
176
377
1214
4473
538
4885
4635
2050
4495
1549
120
3654
2329
4248
2983
4569
4186
2586
2855
2075
3699
3213
2862
2357
2955
2821
3930
4951
4696
4263
3677
802
4177
3429
2170
2269
54
2433
4414
4890
1547
1385
1361
1191
877
346
2336
486
2656
3756
4407
1032
3140
1070
4384
4651
2161
3130
3640
578
2946
4367
4359
3313
1583
2076
4287
669
4614
1113
4602
2856
4179
3520
1585
4544
3685
2042
4083
2531
4668
1723
3493
356
1778
3021
4360
4142
3247
1577
2602
471
3883
4061
2275
3158
4888
4706
3352
1935
4408
828
4116
1547
4052
11
4758
1788
4278
1046
392
1520
1518
4865
1342
3026
590
2360
4758
288
3190
3606
2805
2959
4164
3919
1976
17
299
2609
4026
2045
1256
2811
26
3367
3396
2407
2679
3843
4954
4136
3132
898
552
1452
4606
4116
274
3006
1992
3399
4443
3750
4551
3270
1060
4329
2885
3759
3709
1822
2010
1218
246
2593
1624
435
769
2029
3132
3445
124
2369
2542
1690
928
520
866
1408
1393
2007
2475
296
11
817
2846
4162
2911
1562
114
2683
416
1431
4285
3067
88
4444
448
4964
2641
608
1264
1063
4683
518
2133
4270
566
3329
3881
3985
3744
2377
4239
1620
1964
2628
4282
2842
788
4680
4105
1719
754
2119
477
3588
4436
1324
3083
2583
766
490
2363
1997
4413
4507
4879
4681
3374
2309
1249
3401
4163
1910
807
3170
4269
1336
1880
1910
1305
2027
3994
3084
2353
169
658
1763
4986
246
4949
123
2210
568
157
101
2699
620
4781
3765
1721
3420
2558
1932
2835
1607
919
4789
3049
4976
149
4583
999
3175
1432
22
2478
1495
608
1847
208
3636
2720
804
3449
2615
2337
4832
3516
632
4978
797
1954
2487
354
753
4832
1634
2981
870
1255
3139
4499
129
1307
3778
2791
2712
4876
1771
236
2754
2220
3623
2523
2777
2791
4771
3887
3033
2334
2696
3254
2895
346
3301
1892
1664
1991
1739
1517
486
2950
3106
4774
2514
687
1871
3760
2054
2185
479
3440
2206
364
423
25
519
3565
2160
615
3115
344
4852
4270
2083
2751
1600
1179
572
2876
525
4150
1593
3226
1358
4963
3047
2257
1158
258
4614
843
4227
3235
570
4355
1915
4290
2504
4764
2385
4777
369
2325
1715
3198
814
837
3996
3902
2687
2763
233
1561
3646
4055
514
1258
3794
241
2725
2725
1172
4142
2045
134
1808
1610
1527
1452
2284
2722
350
2350
453
3208
2499
3620
907
521
4240
3879
3692
1226
3756
2603
2201
4540
2760
282
4708
523
3797
3236
3785
3644
177
958
3910
1706
2913
2849
899
601
1275
4442
3247
2801
4544
3540
3920
4117
2878
861
218
1486
1737
3707
4781
1994
3577
3648
4900
2526
3330
3436
4097
604
2965
2769
1
1572
3332
4526
1866
3416
1109
132
4342
83
3993
4781
196
2895
2321
1098
4831
417
4376
1346
3280
2741
3068
707
1928
1773
1044
1757
3722
2029
2892
4432
232
463
2734
386
84
4992
3575
4020
1880
2846
4636
3704
4963
2261
1240
4317
4747
4140
554
4462
2786
3494
1860
66
2118
990
1045
3812
794
4705
1996
3385
3937
2532
4834
4767
2795
1247
2084
4304
1930
3804
4871
4371
3326
4313
4286
3218
2183
3524
4746
93
2484
2693
2208
1460
478
496
4623
3219
3483
4396
4189
835
1140
4158
1300
3506
2696
4154
3160
1020
2127
2599
2298
1303
2352
45
3232
4852
1627
4532
2001
4956
3025
4559
1336
2255
132
3040
2052
3533
636
732
2127
3454
1392
1467
2221
4934
4275
1127
1186
4288
1212
3758
3585
4847
1429
2849
3354
2932
2076
2439
3295
446
3359
334
4187
1220
1754
473
2324
3354
1052
549
1634
2797
1607
4343
4597
598
2648
33
430
3253
3351
2381
3048
2537
1608
4176
2428
1806
3305
4200
195
3010
2510
2127
3153
2249
382
1638
2424
221
4142
788
4358
2621
3742
4098
2671
2964
44
4226
887
4685
3563
4894
4734
1778
1233
1752
886
1220
3900
3060
272
2146
3203
1416
4666
4878
39
1769
3450
1392
3668
3012
1833
3833
210
3441
996
1597
7
3950
2633
220
1667
1185
1718
3043
4973
2134
2107
3910
2993
217
4077
1939
418
4362
1844
4173
1778
1550
1059
2662
4968
1440
3621
0
3758
3623
1158
3278
2
3484
2468
1534
1510
3006
4461
2139
266
632
337
3673
4973
4381
4142
1565
1685
3054
3572
4603
1345
4057
747
4730
617
1605
1865
2704
4798
1439
4618
762
1759
3511
47
558
4414
206
4161
4376
4701
126
3324
2357
4282
2100
4632
2081
739
2967
3796
1636
2191
1510
140
3504
4941
253
4379
578
3003
1295
4540
688
387
2307
886
2017
4349
631
2753
1956
3233
417
1909
1385
703
782
2495
387
2168
4495
4085
1114
2098
2324
2368
335
2507
906
2062
2374
4762
1471
371
3144
2350
136
1256
3771
1551
4192
511
158
3295
4375
4981
1099
4175
4836
1003
4365
2262
1818
1163
1443
2816
808
255
2843
513
4963
1040
3455
2062
2571
3344
655
1252
3324
1993
0
3914
3977
444
2971
3704
2255
3867
3221
3619
4183
1723
1070
419
4282
395
2528
3903
1069
2839
3925
4422
3439
3684
3206
2055
3775
3398
1005
2232
1033
4672
2113
1590
535
1661
2735
2493
4804
3436
1587
1464
4036
1449
4199
642
4182
719
2190
4740
2988
3660
1137
956
1298
2754
585
1563
1690
4431
3021
566
2484
2444
3320
4013
3386
318
4617
3451
247
2126
1213
2427
4721
3450
1074
738
166
1753
3815
3226
3099
1221
2237
742
3425
3263
4877
3852
2941
1997
1773
4706
1382
1854
584
4668
449
2201
3464
1343
2246
4106
654
554
1285
1366
3121
4965
4141
4762
2730
873
541
1759
3843
3549
2712
143
1275
3416
3245
2316
3713
3368
883
3858
4360
1504
861
379
2418
2377
4490
3751
4237
2662
3078
3214
3862
1341
1641
3931
4121
4224
1837
1888
2440
1968
1554
1238
4446
3416
4360
2621
2075
527
1063
229
4389
1920
24
2004
3408
2467
1180
4199
2056
4073
3035
162
920
359
122
3183
2529
882
2655
1733
776
2790
1502
2839
3539
1900
610
4866
3971
3270
2936
3868
4530
917
4062
1681
430
1911
1966
4162
1036
4362
1521
4692
797
545
2904
1066
3790
4880
2972
2592
4098
4350
560
548
3875
3099
3648
2478
1189
2108
2686
2341
1373
3347
620
879
2017
2760
1819
3266
1700
39
4428
1055
2647
716
3952
803
146
3942
4796
243
793
4336
1838
4907
2049
2137
4995
3439
4615
2412
1640
3571
3284
4983
1998
4273
4929
4132
3444
4970
3745
2631
4681
2264
4428
195
3554
4828
1823
4782
4560
11
3402
3867
365
1271
465
3110
42
4329
4787
398
4492
1459
2642
1006
4823
4630
3335
2480
3609
3241
1928
4763
2414
1566
4296
3990
4542
2733
1927
2153
1942
550
1839
4550
245
3308
3847
4896
4138
198
2069
3610
4400
3926
703
1662
4678
1532
4029
1132
570
1276
1796
4124
0
4454
2795
1668
1106
3211
2609
275
2833
3657
1597
3622
3809
1948
1985
1004
1873
1887
2794
200
3782
4336
3756
1631
768
1643
854
1556
4308
3953
1927
1536
942
1178
798
684
2841
4247
1973
324
2490
3861
3720
3855
1873
4660
984
3291
3501
3178
2469
4641
621
2900
2425
3739
4967
3643
2118
2473
3548
2208
1465
734
3831
3496
3932
277
3633
3242
3268
2540
4339
368
1118
4664
103
1659
4663
1667
4854
2475
613
3301
2952
4689
2006
1611
3836
1032
2018
1088
1176
4358
4491
1458
417
4398
4359
141
3541
4563
3135
2596
3694
3528
4954
2221
2088
886
3022
2261
4014
3422
2407
1378
1929
3422
1284
3344
3229
3869
2536
2659
4867
1883
2663
1187
418
4049
1798
3481
1784
1698
1147
2172
3513
173
4790
832
4960
4247
1193
930
369
2483
3797
2906
2696
1542
1570
4074
1118
1931
1230
3528
978
4173
4185
4735
1399
896
1769
3455
2771
723
174
3424
2515
2544
2703
1405
4986
426
2157
2771
1912
135
4691
4621
2339
531
2161
1785
6
821
4932
3279
974
1583
2670
1294
3709
3947
418
4409
791
1577
2515
4488
4050
2940
2800
233
3300
4224
3433
2472
4683
2609
4385
1001
1159
2620
908
313
1633
3770
1062
2914
3390
1757
1762
1105
2753
207
3962
3403
4041
1035
4814
724
2321
3791
2345
4833
4355
844
3383
1269
4350
883
2443
3743
3248
4411
2970
3500
4564
919
386
3332
4255
1201
4015
3617
657
4722
800
2244
3123
220
1054
3370
2484
2874
2204
3764
2888
2463
1504
2108
2491
3175
4969
2463
3435
4468
1319
1618
2364
2215
296
3731
1338
2335
2454
3691
1793
4477
4709
4373
2528
547
3309
4460
4738
4793
4883
4771
2310
1400
4951
2872
3090
4909
2419
4765
2403
4497
4755
2670
2909
2925
164
623
888
3629
3243
4810
4129
2815
1335
2756
3766
2627
4139
4251
4897
1396
4232
4199
2894
3406
476
4444
3334
4930
3592
462
1351
3452
2468
917
2559
2294
235
1097
3704
3559
476
333
4899
3588
144
4789
869
4149
804
130
4472
1897
176
550
905
3760
308
3623
61
1055
1782
515
4190
2364
1736
3915
2178
3552
2974
3938
4129
1953
4447
4492
4360
49
1352
2237
4108
2905
4410
3408
3294
2586
4260
4544
3568
3197
2816
3151
4355
1157
4655
1442
2747
2074
573
1607
1264
4419
1470
1963
2371
4155
4717
3426
4475
1572
4311
2547
2874
1903
38
758
3089
3610
66
1051
59
3248
250
1552
4401
3795
4523
3461
1941
2450
2147
634
211
887
2792
2599
2068
4402
2068
4725
581
1001
4440
3525
2000
77
924
1194
943
1546
853
4802
2149
3408
2818
1822
213
3066
1801
886
2776
1746
3698
1727
2372
2829
3179
852
2368
3901
4214
181
1093
570
3144
3299
848
2205
1512
3895
2142
2094
320
2318
2509
3868
4644
1892
229
4020
1078
4607
3503
2923
990
209
3209
3479
3993
2764
4809
530
126
1067
4125
3329
3663
1273
3370
3517
4777
3393
2950
2198
3957
1037
3940
3202
1495
3090
900
4441
712
689
4100
1008
4158
3554
3655
512
1507
2603
1307
1622
1277
1336
2656
802
3768
2663
59
1282
3503
4790
3121
24
48
4693
4317
2663
163
1658
3506
547
1717
406
4440
4998
2789
4670
1780
1643
2016
3883
4332
2567
4673
2607
3578
704
4740
4422
2960
1030
4283
1184
85
519
3769
2042
1844
1723
1558
567
3714
1922
2347
1513
154
2181
1164
940
363
365
1288
4223
4125
1304
54
4227
4587
4900
4397
4192
4436
1141
1420
2750
3491
2184
2427
3509
4401
3768
1003
2360
1413
4256
3758
386
1504
2453
667
4773
3890
2934
4687
4938
2475
2718
405
3483
1722
600
4752
664
1143
1939
3280
2815
3822
1538
1797
543
4566
3856
723
159
341
1307
3366
2695
1906
1571
1909
269
1830
1747
415
993
98
2320
4919
2656
3466
3909
289
1518
4635
2370
3539
89
2245
1703
1108
1001
4829
4528
3995
3686
2929
3605
4443
2966
1182
1045
3544
1380
3490
2270
3398
3705
2102
2993
2956
350
1098
1343
302
4158
3630
1686
4339
1439
3381
1680
2480
732
433
3664
2646
4074
931
3333
1183
3363
1398
778
2973
1768
3124
4654
718
380
955
4472
623
1255
4316
1620
1250
4146
1241
1956
658
10
3605
2577
3492
3062
2918
951
4231
1778
1923
1221
1961
3092
1442
1318
4504
1024
3359
4717
3950
2810
24
4644
1498
2682
2005
3931
3963
4537
2239
4651
4289
596
2408
99
2099
2179
4973
4706
1243
4846
1394
2708
2403
501
4549
4193
4956
3214
3697
3737
4868
388
1095
3412
26
3351
3860
1759
4691
2818
2568
2996
4405
929
1246
4813
3527
4510
2569
185
1198
2802
4766
2474
3220
1440
4313
4248
3939
2316
1101
972
3213
2601
1348
2514
4292
2728
4604
2051
1587
4693
2766
394
1537
1232
3637
3176
2517
1442
100
4186
2858
3650
4550
1968
2560
463
3220
2705
4130
3027
441
1613
1844
109
551
769
1769
1585
680
2514
300
2400
4443
3847
1948
768
3489
1232
872
47
3985
4472
4654
3246
3442
2145
2653
1673
4825
2081
4385
3672
4980
1740
4829
2322
734
1896
2424
3414
4289
2704
4639
1865
3289
3189
3130
639
2021
4266
197
945
169
3217
2744
1215
3194
1395
976
4218
3446
2900
3412
3501
3115
2949
46
3539
3123
2877
4743
2636
363
1929
4648
1230
3913
1030
110
4260
3980
2060
4360
971
4911
4227
3016
3835
1219
1211
425
3424
4489
4408
184
485
2251
3227
287
3683
4714
4578
4567
943
4346
974
2181
742
2419
3700
3757
2156
2203
373
1868
2387
550
154
4767
4440
1493
1807
1544
4822
896
743
3683
2714
1543
3242
246
4175
4479
4492
4244
33
3735
1219
2003
3011
4843
1257
2665
4313
2011
2398
4260
3619
1602
267
1426
1371
4751
3886
2607
1898
527
1642
1787
1080
4409
3108
2235
588
257
2237
2895
3214
3579
1094
419
4456
890
1523
3358
3822
2281
4895
3933
754
1824
50
3461
797
1092
1406
2914
3105
2604
4960
1753
3933
2729
2961
726
164
258
4722
3118
1681
1386
3601
1454
3926
3583
3013
1053
4419
1764
2513
1327
4812
4674
3405
1426
570
1203
2539
661
2785
3457
1121
3337
306
496
2968
4394
3625
365
3387
999
4943
2614
1262
1525
943
2426
276
1662
1146
1069
269
1816
650
398
961
2554
2544
4020
2585
291
1602
4108
4742
2418
1448
682
156
1207
480
3572
3473
982
958
3384
2699
3620
3429
2561
2780
2918
4572
692
2168
3987
3046
4682
819
4515
1909
4120
2214
3081
1457
4458
639
538
277
4146
2084
2837
1130
4923
1914
3721
3250
245
1854
111
3894
1928
3263
3622
4518
1299
505
1905
4810
3195
4649
2745
2026
3062
2438
4091
1243
4124
4392
3376
823
648
3290
4795
4405
451
433
573
719
571
4809
4207
600
3409
2759
4433
4082
4807
715
1723
655
4098
938
1403
927
736
3816
1210
564
546
3458
4162
4258
2304
4275
3643
3828
4527
3357
4261
374
2057
845
1755
4723
1590
2781
3528
2766
238
1115
1287
4587
186
2792
3958
1662
4058
1904
3513
1973
994
3325
4404
3040
3542
4730
1718
3172
4376
3468
2927
310
918
4171
1429
4274
2931
887
3295
286
2313
808
3883
1857
1898
2531
4899
3220
2202
617
3681
123
3834
3858
3279
2526
4815
1923
1627
4023
3909
4456
3622
598
3446
3062
4011
2204
2900
3635
3921
2086
1855
4530
3751
3621
3152
2257
3636
4757
4292
1737
934
1629
1015
2753
4944
2248
1443
2073
2588
3470
4899
505
906
2642
697
3489
2371
376
2069
1716
2760
561
857
558
1792
495
2568
3157
4017
1379
3826
1950
3509
3527
4986
410
3112
2299
3524
1389
1096
2818
345
4098
2749
2459
4620
684
2323
2490
2445
2651
4719
2296
410
1630
4810
2371
2249
1693
3150
807
4425
1959
2530
1353
92
3744
535
1004
3277
1817
1131
4995
827
2297
3170
2095
1027
1462
4458
2589
2891
4900
3359
3546
3761
248
821
4671
2423
2784
1281
3065
2369
3707
1716
4542
4864
4470
3656
3260
283
4525
4561
4346
2971
1686
404
2285
3918
681
69
3050
619
1721
510
3580
1089
4621
2166
4146
524
2545
4721
3693
4149
4809
86
4197
941
1334
506
2843
2005
2678
3150
657
4634
4084
3350
1604
4903
217
1749
3980
4962
3601
1469
3508
4331
2587
4279
733
2652
1478
3324
2202
51
3286
1289
542
962
3139
806
2088
507
233
4366
2809
2870
1219
4724
1869
3874
3863
1251
2822
4752
166
3630
918
1449
4371
3538
2619
4364
1881
3017
4540
3904
813
3051
1454
830
4858
1524
3797
413
2747
3581
2857
919
3738
4354
1927
1063
4078
1146
4190
3852
756
2436
2736
4929
260
123
4016
4277
1309
1718
2231
3950
546
4180
2265
4598
4834
223
4763
2963
4610
3896
1565
3599
4609
1731
4050
2129
3444
4017
1049
2197
4263
211
4287
2602
4987
3660
67
1411
2018
3692
2922
4105
1797
2890
455
1686
1251
4798
4618
4519
3133
154
1445
3500
3897
928
4724
2736
4415
1269
4564
2239
2469
1237
3249
925
164
399
1231
51
3760
773
2442
4284
1351
182
1717
4366
4189
4442
3422
2932
4678
3888
1490
3958
4160
2770
1086
3262
3317
4088
3461
3017
1838
2871
4013
789
1571
2663
1172
3274
1470
4184
4413
4440
1272
4281
4004
4569
3978
3759
1191
1861
1936
3756
3577
3048
3691
1665
4000
154
1145
1074
3894
2181
1651
890
3191
3784
3092
4563
3087
2548
1269
2703
4809
3247
4685
1403
1054
3503
4800
4172
4600
3543
1803
129
4407
293
4190
3468
2320
2796
1606
260
1983
1138
4495
2522
2345
1257
3333
3309
2426
2197
3402
3491
900
1091
2688
1804
789
588
2919
2429
2142
53
4147
3612
4824
1358
297
4497
1571
3704
3554
471
2390
477
395
1839
4223
1119
604
1144
938
3950
3060
1423
1960
4881
3576
2522
971
2747
1643
3160
4748
1884
180
4051
4715
990
660
4441
2806
764
1851
997
2102
1460
1546
1724
1440
1251
1740
3901
1127
4696
1702
20
1730
1724
2540
2663
2378
908
345
4324
2021
1712
2945
4056
2677
2355
3131
4943
1001
3461
1262
162
4631
459
1174
1953
890
821
185
4785
4524
2580
1096
216
3033
4878
3264
2887
224
1246
309
3778
365
3286
2556
3105
2396
4377
2026
2116
3765
3424
2637
335
3160
334
3170
855
3846
2800
2073
2567
2383
1342
3812
267
4234
1614
3975
516
3067
3751
2435
4062
4010
3236
85
2373
1114
3942
4628
2742
3315
1570
695
1585
750
970
2751
3809
2525
3656
1444
702
4324
2158
4318
2515
1611
1917
4356
3033
4762
1562
4806
1159
2305
2307
21
2287
4862
3228
4644
4395
3343
2006
4538
1441
2500
4686
1028
1645
3294
1633
1460
2408
3439
3796
3278
4994
3938
4686
4455
517
332
2409
4928
153
2704
2244
4173
4710
2076
7
106
2494
4444
4150
4802
1913
2065
2532
2427
3301
877
414
3254
2601
621
3490
4709
1624
3108
4927
968
2779
4658
4993
791
4618
2721
555
294
587
4580
4606
1785
782
3819
181
2275
4639
1880
1670
1370
4801
4515
3298
4103
4241
4981
2063
3405
1314
777
1677
4054
3208
3447
2452
3769
2936
1709
2675
1661
4701
1971
676
149
2831
4482
542
3386
4964
4736
1991
4033
4812
4925
3887
4031
4514
4418
3405
76
666
1283
3731
891
1323
24
2912
1830
4575
1010
3282
1074
4743
366
4089
3949
1965
2349
1546
1064
4868
857
788
927
1537
289
989
3401
3080
3434
1415
4102
2916
4863
4716
222
2167
4968
1655
2165
4091
4732
2326
3588
4523
4311
1546
4187
4020
457
4048
514
2021
4421
1014
3934
2144
3024
125
78
833
4335
368
2180
2605
1679
1729
4821
2027
3167
1570
4779
3168
1829
3336
1286
4449
1495
977
399
4778
3726
276
4837
4470
3276
909
873
1299
2834
164
4886
1621
3113
989
1067
2392
2970
4545
2292
3230
256
1035
2012
2430
4487
162
1982
2331
2390
2734
1877
2826
1077
4982
4532
4475
890
4198
1439
3241
3733
3149
104
975
3437
1444
3766
2741
3413
3676
507
521
1029
2164
2176
1248
4949
4434
976
3369
3702
535
2348
3156
2947
715
1386
3709
2127
2842
1342
4171
1079
869
4440
2457
3051
2669
4613
1042
4200
2750
1688
3250
355
4108
190
4450
677
3065
4190
389
2361
3231
1844
1892
575
3359
89
4773
4955
3317
3095
2493
2656
4490
618
2244
570
1901
2573
2739
4884
4926
795
4027
1073
3934
3434
4752
3736
2527
1317
3671
1662
1710
4875
387
3273
4345
4089
3840
3523
48
2679
68
3904
2902
4176
2873
1825
2801
2855
4989
207
1428
3093
1167
605
2299
4166
3873
4145
4408
4970
2689
700
1622
3031
3863
3700
2367
2433
3754
596
3591
4056
3918
1915
2471
2856
3295
404
1205
2039
1114
2204
316
1135
4980
364
4364
1182
2584
4651
3641
4181
1821
1276
4752
4771
120
4575
1907
4880
2501
279
3938
3706
1504
1238
868
2656
2051
892
1960
2702
1841
2699
3792
282
3181
3460
1185
2965
3505
1739
160
454
3977
3807
967
1352
728
2632
798
3720
331
2713
4663
3952
166
2220
3708
778
4853
172
714
1199
3892
555
615
1602
3430
316
4307
3414
3787
911
4472
100
970
1979
3064
615
4622
688
1327
3889
3239
2640
2731
3385
3333
984
777
2600
2271
2117
3681
3271
2972
2401
3039
4589
2188
420
3939
3406
4760
4919
4584
102
4250
2187
2483
3505
300
3741
199
2753
2521
3599
4255
4059
4863
2511
3216
2442
1230
2019
1819
1606
341
4834
4897
2702
1814
595
1569
2953
4552
3705
1804
893
4744
3836
4890
4421
1307
1425
3345
4940
4565
3003
2166
1906
1665
3356
2469
1723
1130
2318
1259
1473
2249
3321
2
245
4368
4875
4033
4001
1674
824
3107
3632
1570
233
168
2999
65
3917
4517
1523
2771
145
4137
1394
601
881
778
3129
1065
2890
3491
4051
2782
619
985
3249
4353
4969
1124
2370
2185
2441
3668
2372
166
3146
68
2862
4254
2712
4020
3073
439
2152
4622
4559
2557
4778
4226
4481
4068
4227
2053
266
1042
166
3297
1233
1053
4106
4166
3153
3616
1693
4030
2487
3161
3594
2420
4311
742
4781
2524
704
4679
4600
3757
4840
3128
4651
3969
2202
3973
4249
904
4243
887
1994
1287
737
381
4926
3586
3360
4365
1413
1136
1019
3948
2289
43
3495
1791
2682
2342
4181
2523
2963
2955
4258
2096
3771
1548
4324
2517
4563
3910
4776
1267
4329
286
3034
4272
3078
3666
163
3272
2682
3380
932
4063
2681
35
933
1571
2648
1281
1727
2749
3880
2191
4103
2458
1188
2490
2815
1193
3624
0
4950
4728
387
4709
4386
407
2508
106
666
2271
1880
2615
4678
1124
1156
4328
2259
1704
3989
4700
3540
1593
794
1103
3458
1976
2253
3036
365
933
18
433
3216
1830
2388
1218
409
3236
3036
1916
283
3672
42
4347
3229
2264
1342
1400
2193
2203
4544
754
4383
4504
2664
3790
104
4348
2996
2625
4055
257
1555
3152
882
2106
2240
4272
1924
2009
2417
916
4683
927
3568
1914
4054
4572
1504
1571
2785
2697
2522
3234
3166
2657
3830
3649
3137
1978
3522
4176
4726
2067
4184
105
1748
2172
1738
2541
32
3571
1146
1929
4010
3823
800
1202
741
4113
2859
1525
245
3049
232
254
1544
4301
3433
1062
4351
2469
4176
3136
3033
4642
4077
4172
4947
4238
4947
856
3428
4421
722
2125
1126
2886
2451
1665
2726
3288
254
2907
1711
389
3955
3308
269
1683
3478
4356
3884
4849
523
294
2385
2351
543
1710
332
2484
3243
2423
2135
3443
3442
1008
4779
1041
3758
4775
2412
1511
3281
2460
1335
307
1371
1442
539
4245
2115
1711
3510
1782
2572
3750
3493
1970
4248
1967
528
3462
420
1651
3308
3983
824
4846
2103
3239
1974
150
3402
789
12
1540
2609
3527
1089
331
2798
3888
4264
3580
4929
614
3348
1536
475
949
3293
4921
4729
869
4325
4282
2193
4210
189
1664
3417
2931
2096
3359
134
461
838
4792
268
1413
4916
2408
3067
2372
2330
2997
2637
0
188
467
3193
4469
2164
2728
2777
4660
4165
4868
204
3632
818
304
3460
4199
431
991
3145
4002
2467
4309
3998
4687
1332
3672
4247
4898
4430
3743
465
1040
3710
4493
1690
2760
140
1509
4044
887
4767
2071
985
2488
186
1101
3575
1683
2725
3287
1824
3416
4330
1908
1669
579
2877
4980
4131
4297
4089
4981
1994
1761
2453
2400
1663
1751
3732
3132
319
3928
473
3935
2740
3391
2459
1378
2379
1427
991
1365
2582
528
2842
4877
3866
964
3881
53
2526
4284
3644
3878
4300
1855
2776
3513
4843
2027
1857
1609
1653
2034
1965
1590
793
4940
3524
4500
3672
1458
2974
4732
2515
2586
3653
4028
337
3919
3456
252
2305
3471
2120
4851
1421
1977
2610
162
3970
3608
2757
2568
2697
4510
3521
970
2741
368
4338
150
1764
3913
4130
1180
2298
3081
3464
3515
1976
1083
658
2461
3374
1032
1709
1607
3092
4306
1963
390
3867
346
4441
546
425
1730
4297
4219
3638
484
4291
4578
4887
3807
2327
1159
4707
1496
383
3694
292
4939
2307
968
1137
2571
3206
128
1468
2594
3507
1636
4845
4421
1359
829
3696
1409
1868
4677
830
724
2701
3373
1052
2494
2862
4727
2495
2070
1075
2349
4909
4832
297
100
4520
4970
303
2132
3557
3797
2805
1996
913
72
3976
1481
4637
4889
2685
540
4520
1533
2097
4113
222
369
673
2910
4645
4348
4689
380
2148
3424
1538
3172
517
3090
1495
583
1536
1335
4842
3264
3846
1128
2306
684
3180
4513
1009
2075
1735
2193
313
1883
2680
4831
4323
3541
1832
2985
3183
786
2910
4425
1625
1556
3362
2108
2045
1048
3122
1197
4566
4770
1941
1229
2551
732
2344
1182
2563
4055
597
1136
1788
4598
3645
1467
3605
2974
1893
3254
4981
4757
3431
4937
3433
4345
4570
1550
2352
4179
3834
3276
3675
4598
3288
120
75
2192
3435
3429
275
4046
3772
3595
4419
3674
3189
211
677
265
4607
370
4482
3904
4397
322
3291
3897
1217
756
496
860
283
2942
4267
1703
1681
2977
3763
3816
1818
1485
3714
2453
477
1055
384
4980
3898
638
2548
1026
1816
2917
2106
4572
4767
242
4896
1249
888
4063
634
1361
1836
2294
4434
4991
3528
3220
2936
44
3358
4430
3746
4964
2320
3502
2168
730
4501
3521
3088
652
2803
3762
1040
694
4839
89
1858
4442
1965
4262
4176
4970
2469
2467
1004
1876
200
4489
3843
574
1677
3053
465
914
1602
4175
1906
2475
2229
188
734
375
1343
2388
1083
1610
3616
652
2808
3394
3623
3585
3420
295
2326
2968
1306
315
4859
1818
1768
108
3975
3051
560
4397
4526
16
1859
1685
3613
584
1517
1691
4349
1462
4299
4581
1487
1207
2926
2194
3831
3993
3305
1566
1637
4053
2484
4282
2542
2605
493
1895
2494
1592
1235
4398
3692
949
1872
876
1929
127
2684
2704
4838
3601
98
2877
1672
326
1675
3214
4024
2295
391
4146
220
2341
1471
290
3879
1136
2047
4390
12
593
3767
2928
2060
1345
4796
4271
754
3502
4810
3258
3093
3247
2220
4385
4819
2989
2548
1357
3340
1070
580
4435
829
3481
1333
238
4024
1894
4569
4779
3830
3652
2755
3756
1294
1959
3896
1051
1313
1140
2439
2688
2844
4586
383
383
1308
3230
4880
4772
2359
4471
2634
228
1734
1885
3412
2326
2294
3644
1008
4556
4605
1946
488
4788
1870
4693
1866
126
2103
732
497
1381
3050
1890
4667
4054
3838
807
2380
4823
2298
1670
3824
3750
1984
3819
3199
1760
2827
290
1258
2004
511
1152
1659
3662
3413
2955
1204
826
212
2391
4859
858
3645
3263
2018
3679
2832
4471
3769
977
1760
4123
3258
529
940
458
168
4223
43
3025
3209
2896
304
209
3766
1302
4911
2696
4356
1792
4969
156
4342
3072
4811
3170
516
1423
4517
3085
4850
2687
4517
4894
4636
1529
3639
4945
1949
3101
1877
3088
2613
851
647
3353
1309
1809
2297
1670
157
4899
2890
917
3805
360
866
902
3551
4109
4050
4812
4455
2086
4095
4881
3927
4579
3498
1351
2242
4785
2711
315
3607
2117
1414
1217
4776
2068
255
1398
4044
4724
3858
1170
3761
2348
2326
2907
3502
4900
2205
1458
851
4880
951
4574
4384
167
1432
1138
1278
474
999
3156
2599
4025
3072
2979
351
3293
3715
1030
913
451
1900
2706
2269
1999
593
3358
709
2534
3876
2602
3214
1931
4141
2957
3865
1430
147
1651
611
4694
4204
4412
3833
1393
2142
1586
2963
3104
3894
61
3995
750
2308
1273
2162
2672
4948
3602
3896
1996
3888
3529
2759
2381
4168
1248
3239
909
4330
2351
928
612
3240
2518
3607
701
4400
2751
4832
3772
1198
4099
410
4326
4548
1547
2131
2374
810
1735
128
530
3608
181
2526
866
1149
3741
52
707
682
1598
1011
686
885
523
4379
3020
3859
1349
577
4370
3620
4926
2917
1035
3814
4286
3549
3745
2760
3174
2798
4486
1062
951
2568
1701
2219
766
1405
2364
2551
128
3107
2517
2800
4165
305
4308
763
377
3640
3457
646
1651
447
1861
4026
4483
2584
2698
3158
4168
3519
4340
574
3755
565
314
3989
1835
3470
2942
2022
4908
2866
2232
2111
2846
2456
1966
4478
4689
1461
3717
4588
967
2996
674
2610
550
1998
3335
3080
451
2896
2518
4644
2723
1874
2483
3048
2653
3608
546
322
3089
1807
2452
278
510
2327
4337
2976
158
953
1472
3417
4004
3836
2661
4009
506
3757
2572
4392
4756
4344
2345
2432
744
2860
2591
1722
855
3169
4045
29
808
3978
4035
316
3996
4615
103
4466
3943
3064
2598
839
249
1112
4848
2672
1746
4169
2978
3721
1693
3696
3180
3093
4274
4360
1391
4596
3664
1351
3157
3380
3523
533
1473
2362
95
2324
31
3357
2619
1850
3524
4492
1599
2771
4199
4466
1568
4721
951
4040
4110
933
2176
1463
3557
4304
1553
1134
4320
902
3098
537
316
3446
2623
1488
668
3639
826
3696
1602
1123
2631
2221
4426
700
4800
4042
496
4415
2368
2935
321
4176
3080
2509
4215
440
4513
2847
2827
1933
1471
1466
3940
146
548
2279
2524
2534
3893
4305
643
253
2623
4029
1207
3179
183
164
1642
639
801
1443
1281
3525
608
3230
586
670
4807
1184
1945
4082
1967
3027
4937
215
718
1557
2426
2034
2111
1925
4875
3479
3645
2431
1652
110
1028
670
298
4688
3169
2756
4898
3636
1479
1160
4692
3502
4373
274
576
2243
4954
3770
268
2879
4300
1292
2223
2816
4908
961
345
29
4089
4702
3827
2464
3779
1574
1956
2154
3075
1198
4571
1247
4580
3928
1388
1171
3136
4522
397
5000
3007
3452
4821
4751
4937
4554
1845
3137
1006
4082
4420
978
4760
532
2419
1077
1222
340
2267
2737
3092
2362
2235
1523
4598
1562
49
2219
1044
1492
4609
1695
1938
3570
1438
2950
4779
4802
2946
1456
200
3366
4581
2605
3788
2804
2228
2483
3971
41
4651
3598
4385
3778
3722
1481
679
379
60
47
2735
307
490
432
4935
842
4840
1138
293
1854
4218
4302
1805
3926
3721
1269
369
3679
3033
1790
4961
3213
1582
4827
2896
3291
4473
3004
2404
3798
3299
4802
1100
345
704
4454
3479
2182
4300
700
3199
1225
863
1782
953
2425
2868
2087
3081
4178
4304
2965
3908
1023
3588
4441
2238
4347
297
1791
874
2928
297
1882
4443
4467
3211
4540
483
2094
2457
701
1681
4281
4742
3007
4081
77
4621
1524
2411
1132
547
886
2248
633
4552
1193
923
4172
1248
3984
4043
4581
1861
163
1886
738
2715
1446
1950
4319
2676
4537
2512
2276
3783
3527
2124
2325
1847
1540
904
2077
3436
3371
1108
4935
540
2592
1882
2702
2919
4544
1896
3702
439
1845
2414
632
525
4942
3685
320
3698
1008
222
3428
1900
3551
1474
180
844
4492
861
1471
4366
3309
3306
1769
3865
3503
1864
290
3541
4909
3253
4419
301
3603
2470
4000
1290
954
1874
1702
225
1429
1708
4351
3521
3537
3198
968
4585
965
1356
4347
1254
4863
3794
2044
4296
4704
4288
1524
4879
3967
473
4350
475
750
1202
2080
4185
134
1106
920
3671
4018
730
1800
4505
4835
2770
4371
411
3948
3171
1239
4485
3328
1737
4030
3239
1756
4560
1304
3038
598
238
4321
4246
2197
736
3615
677
2416
4111
1172
212
2260
4896
775
4020
4256
2705
3403
3327
408
840
4180
1143
1934
2168
2295
3781
529
2343
3621
4319
623
2779
3530
783
4842
522
62
526
2893
3597
4311
997
2326
2417
1961
4001
2823
2250
2006
1259
3040
552
4857
1894
3036
4774
2749
1933
2809
804
4702
2359
2245
2444
1198
4007
3245
2811
597
1228
4266
2220
1664
2460
1346
624
4616
4901
2526
4952
2362
2498
929
3038
3403
3405
3343
4315
2271
4199
3361
4966
1722
3209
2435
2466
2899
3678
3814
3388
3093
393
2765
2545
1454
2611
725
112
2731
3005
3760
2422
3065
3398
3262
4118
4517
1467
2721
528
940
1929
3657
3890
119
140
1836
2763
86
789
1765
33
4486
2229
1289
4272
1301
4663
2660
469
3392
3228
1563
2758
4372
343
4312
4619
382
3683
1917
1583
169
1553
4671
4160
1115
3521
2640
3512
4589
4440
4836
875
2085
1191
4665
337
2019
800
3707
1873
4888
2421
2178
902
2682
2689
643
392
3111
1873
2131
2623
3072
1806
4978
4233
1322
1121
397
3615
1223
15
4253
1491
2843
3302
3768
4556
902
4255
4420
2809
4140
947
1647
1237
4187
2782
2818
3317
1669
4276
4466
888
367
265
1927
1591
4613
2438
3399
1717
3741
2143
3520
3284
790
1364
4685
3347
2857
3536
1651
242
1549
3661
4227
1417
4677
3502
3111
3069
3545
4705
89
1942
3626
4786
1078
1348
3711
1004
904
2321
2049
2949
2154
570
2554
3307
2158
3781
1069
391
1947
1671
244
400
4680
4465
1792
4872
3874
483
3167
2587
2084
2781
676
4914
3430
3129
1737
1394
3092
3274
429
4423
4533
4265
4724
4468
3931
2147
2210
3634
168
2460
1072
3590
1574
1108
3174
90
3046
1627
3849
3591
4624
4533
4664
3153
2051
405
4258
1159
583
3818
2195
3996
4448
3701
1990
4781
2018
3675
2728
4534
2128
4068
2377
1176
4095
2109
2916
4037
3545
4353
3498
326
346
1113
4000
2419
2131
1186
1411
4337
2537
1807
2016
2180
1457
4722
229
660
4260
425
1479
4733
2432
1043
2970
4560
2323
80
4640
2886
1309
1317
4314
2231
2128
896
1423
2462
4407
4769
3419
2999
1437
490
4016
776
923
3357
3077
3234
3774
2297
483
4305
1338
757
271
889
3043
4985
1160
4310
3786
4918
1357
4730
3223
2636
1208
3214
606
3676
4162
253
3281
831
3065
2218
4626
3389
1705
148
4640
3461
2664
1068
2461
2548
2737
1568
4224
2472
3577
2627
3620
900
2425
2303
2689
1727
4964
2605
43
144
4548
2167
3317
4572
48
2068
3519
1261
1570
875
250
4167
2575
1269
752
1412
3993
1886
1419
3168
876
1204
2913
4246
3134
4658
4212
2857
1106
1393
243
1306
3885
175
1577
4259
3656
1711
2111
1935
2949
404
936
2979
1131
3060
1595
3283
2653
169
709
1332
741
1546
3668
4041
1309
1178
3736
4403
2532
1635
3153
4953
1230
3448
84
3474
458
2167
4989
2748
421
1849
2430
2168
2032
3820
3509
3638
1336
3426
2430
3929
4346
3447
1200
2119
3171
3456
3855
4203
3012
1121
4249
3090
292
1811
1396
2061
420
4940
2109
1571
2853
4058
2431
3960
870
4178
3018
995
3879
3187
4899
3764
790
1493
4423
107
1291
443
1568
146
126
2097
4857
4842
4098
3301
2721
4560
4499
2376
4225
1504
2674
2318
2594
2270
2988
3647
4622
467
516
4550
2671
1256
3792
1544
3391
2284
4263
1025
375
2481
2817
4205
2106
1887
2455
3891
2393
2924
2329
2015
653
4270
921
2349
3268
2973
3373
4653
2190
4072
4431
1088
314
3576
1208
535
3864
4665
4080
3986
4657
668
1757
693
1986
2340
1453
1805
3458
4927
1220
4342
3611
664
382
1378
2634
1057
2747
3726
1240
4807
241
1376
2458
861
1454
623
804
3666
1817
2206
4089
2975
3719
1879
1701
2317
4100
828
2603
4032
187
4532
4477
3161
2947
1868
1524
2550
3729
849
1328
3445
1169
4842
4900
4490
4383
4548
327
2452
2611
1631
1150
2924
4880
3631
2661
3438
2404
2771
1078
4269
2956
2687
1513
4017
1006
4991
2943
972
993
4545
785
2872
1888
2397
5
4766
2461
810
1393
2951
4885
4148
2357
150
3916
742
4917
3794
4927
2056
1074
2096
2899
3685
177
1119
2519
2027
1226
4370
2440
2192
1256
2996
202
1649
2366
2344
3666
239
4751
2686
4191
4128
2727
4788
3913
2120
3436
3763
4080
3938
1567
2221
1644
3563
1395
3618
4858
3682
1105
4421
2018
4393
3112
583
2262
1239
1874
39
4973
4215
3188
3517
2108
1073
1533
2929
3084
1265
2984
181
78
1809
2204
141
4291
2821
4609
4546
4646
703
3730
1933
782
2394
1157
1314
3439
527
658
2315
2042
352
771
2372
2889
4229
2048
4606
2461
364
3810
3023
232
3206
34
4241
401
4459
4386
1621
1637
1169
3411
562
4360
1330
4574
576
1339
914
1285
903
1873
4100
940
2782
2383
3857
2932
3510
2859
630
968
213
756
2483
3787
1324
2046
1084
3622
2627
2766
4264
2068
3615
1156
1964
1691
2359
4259
3461
2570
3032
2526
3725
2834
748
2841
1785
512
897
3409
830
4795
4990
4432
3334
4701
406
1895
629
367
1603
1006
3981
4368
79
4760
3689
1195
872
2668
1663
2468
2697
1902
4632
870
515
3886
2392
1023
4610
3284
4853
2777
3845
438
3085
1034
4122
2335
2421
4868
2410
2335
4104
4443
501
1141
1400
4934
1978
494
4202
3072
4027
2113
1661
697
2753
2441
4916
2142
1314
307
1978
3597
4226
3856
2847
2911
1313
3387
526
1857
1559
4935
1690
1907
1130
1232
2742
660
1027
3298
531
2786
1058
4620
3084
820
4659
2351
1646
2328
991
2871
4207
516
1574
1167
3058
947
3444
980
877
1599
1133
284
4585
3447
3363
1997
2823
4613
3811
2852
2232
2922
3426
4998
2931
2688
4649
2268
2847
3767
3288
2936
4560
2855
3676
2830
2260
4212
4575
3772
1960
1571
3170
1323
4227
1259
3034
4432
3444
4101
563
1935
4472
3653
1904
1835
1578
4585
3519
4105
1475
476
651
2838
701
429
4205
3892
723
4057
4593
3987
3501
948
2335
3632
2297
4979
1762
4413
4337
812
1329
4633
4305
572
4213
1424
3142
19
3055
2442
265
4014
4202
3153
2496
974
101
1955
1552
1968
4677
1000
4078
730
4437
2634
1316
1642
798
2083
285
1775
1943
636
350
3913
3401
2588
3095
3103
1148
2473
1861
1490
1314
3456
639
2900
4378
2546
1777
3080
527
1783
3782
2336
1691
4853
4567
4510
1802
3743
3227
3834
1548
4208
4566
2530
1718
979
4563
1428
3099
200
1640
4203
1188
2600
2578
3247
4301
1472
4796
1714
414
4898
1345
2031
4929
2110
2357
4805
3889
4136
4320
3484
1678
2841
570
1809
4464
80
1096
250
1127
3864
2785
2476
543
3371
1606
1794
2417
3650
3246
3530
4627
1280
505
1084
2226
1567
4846
4181
1078
4493
661
3844
4793
4570
136
3841
1941
2552
925
65
3100
2396
3311
2540
280
836
3757
2814
1898
3906
4843
4769
473
2387
4094
2609
1718
902
416
3843
3262
2891
1642
3474
386
164
84
4534
3117
3500
3399
129
1831
4749
3202
1004
3074
3646
423
1854
183
4539
780
836
2699
1260
897
2125
4439
4825
1347
1866
4992
3363
697
1591
2128
3155
766
3631
4112
3733
1460
4225
4475
3485
1730
1459
328
3302
3500
4700
2054
3615
4524
3686
729
4351
4008
3254
2988
1307
484
812
2566
835
1045
947
1810
2690
3777
2009
2197
893
4776
3667
631
881
4135
4346
51
589
606
215
4528
4958
556
3279
1060
650
3000
3157
2588
1510
357
1701
1870
2442
3194
2405
1693
1337
2972
2587
3563
4139
4136
3110
3901
1029
3179
871
1660
4718
3918
2767
4676
2570
4176
654
1428
155
1170
1427
1500
3301
3969
997
1022
2333
4421
1900
1827
4418
2655
374
4640
2149
4064
3081
2700
122
4217
2590
1307
4201
4382
974
517
1929
733
3961
3084
1854
3486
2937
1536
1662
817
1294
3760
1451
3672
1965
4860
1084
1329
4959
1758
2225
908
3150
3629
1390
4664
2451
4567
3133
1714
1564
1644
1413
4126
1998
4787
2244
1802
3294
2335
2457
1366
3140
4303
2905
4357
4185
436
3915
233
4299
2846
3001
136
3932
890
1229
4109
293
256
3402
3458
1396
4049
3936
2805
1698
2849
536
1976
2977
3180
1256
219
2604
3416
2592
1953
985
2085
683
3807
977
3165
3176
2679
2564
2348
2842
4075
941
2326
1953
2326
3638
4537
954
2029
4666
3378
2932
3752
3402
3081
76
1976
3586
4335
4764
2898
551
1321
3827
2533
3504
932
1078
3047
4316
2692
2615
1919
4389
4150
2713
4596
2752
2210
4626
2493
4623
3568
3770
352
3588
947
2400
178
309
2002
2056
3858
1031
4659
4643
2757
3632
4444
2855
1350
4308
3906
4823
421
1806
3378
777
2160
2105
2494
3771
1067
427
2475
4909
2435
3418
2401
1368
3144
1292
2543
3167
3207
4757
894
4258
2049
3128
2501
276
218
4644
2772
930
4891
794
2744
429
971
3755
2913
2841
2033
2711
1148
3705
2331
3630
3475
3474
2231
1809
2707
4341
4782
3156
1654
1944
1775
3094
237
2052
4716
3757
3060
4706
2276
1631
1558
3790
4006
3450
528
684
3165
3420
621
357
918
4156
409
1323
751
2087
737
4902
2204
264
24
4388
3227
2971
3159
2425
522
3242
104
1072
2085
4833
2689
1185
267
2761
4231
3749
3059
937
681
941
169
1676
104
1640
1602
1913
2642
1810
214
3303
1955
617
732
4802
702
1544
4233
2433
2218
407
2756
1484
1070
3273
1726
3326
3001
1677
4504
631
204
1609
1827
4979
2303
2550
220
4176
2526
388
4497
4439
1225
58
645
1780
4889
292
3855
4960
1030
4533
4452
504
2346
1025
2479
2113
2725
2531
4372
1345
123
957
852
4709
4472
2202
376
1858
1978
3347
1694
2296
4730
4507
4182
2107
3230
4187
3509
4300
4767
374
895
51
1979
2246
1606
472
4505
1098
1325
2222
4297
3859
3058
4646
1053
4131
4605
1190
1674
2371
2211
182
3747
3096
4327
1163
2663
1524
417
4201
3215
2404
4577
2748
932
2736
3608
2016
1005
3958
454
359
130
1759
3083
4458
3676
3911
4070
908
4600
4909
3440
824
1050
4739
1845
3801
1688
131
4557
1484
3337
4140
4181
3608
2404
4440
3946
173
3626
3987
3431
180
2600
4638
4983
1460
4472
3107
4961
4437
3141
2037
272
982
3624
4065
3041
1516
1391
2179
4690
3761
3753
1429
1792
2142
1682
4670
1046
572
91
1471
2374
1208
3174
4281
3105
2290
625
4743
3501
1722
3367
1404
3704
2614
2815
2622
3181
4520
2773
2983
2819
2720
1401
3221
3764
4919
1284
410
2605
1398
2568
4754
160
758
874
3706
4321
2256
2957
435
1901
3636
3691
3911
221
3319
672
1924
3314
3730
2096
3526
2797
3237
4270
623
2103
4061
2305
3981
4621
4963
4506
2109
3980
3565
3131
1923
3789
1671
840
4979
1517
4427
4148
2246
3837
2318
2468
3201
3049
4948
746
1547
4252
4461
455
4001
3522
4420
1602
3263
3729
4188
92
3036
2590
1432
4501
3483
3243
4399
2402
4519
1615
4336
2808
831
4247
3815
3255
4329
1770
3954
4349
3125
771
3864
3458
4633
3610
3185
4010
4053
3566
4942
1309
733
4785
4533
3965
3907
4427
433
2001
1633
4738
1113
748
3224
4963
4620
544
2898
2631
3012
2317
3529
3929
1000
4380
775
1321
4744
1489
1850
3826
3729
1335
4630
3658
3691
1799
2681
916
4712
887
3920
597
3956
627
2114
756
1253
2938
3998
1695
3294
2590
488
4440
2657
4689
2739
3836
1805
4695
4750
268
2035
2512
3581
3603
2454
927
3345
1434
2254
3494
1965
4699
3590
2048
1711
762
1578
1226
2352
3725
2321
1104
4115
2830
3697
2120
2900
3358
460
901
3234
2829
3162
2855
1071
1891
2875
464
2443
1390
3786
1854
547
3549
3165
3971
3724
2651
4608
4431
2713
3114
897
3576
3632
3644
2198
1401
2054
4575
3461
182
2849
3646
199
4188
3107
3079
380
2690
3910
372
178
3076
169
3103
4819
1483
3811
3809
4849
4657
2742
2304
1503
2586
4748
3319
3549
4223
3278
2240
196
3254
382
4902
2557
4261
2434
4365
2795
4760
602
2633
4061
3516
1303
4896
3321
1770
2994
3947
1008
3322
4068
4375
385
3150
1336
4446
1952
135
702
842
4293
981
1446
3241
3438
2207
475
4033
3848
1900
3187
424
1190
1306
3338
1914
330
836
4341
516
835
3499
3855
612
4812
221
1834
4548
4235
3362
2147
4089
304
3476
215
1122
632
4599
4724
4170
2727
4469
89
299
2555
798
801
3274
2664
864
3540
4452
1043
4853
1215
891
1731
3494
1514
2820
3024
2723
4545
1447
1148
3800
4620
2139
4715
4676
738
1437
1221
507
4046
3715
311
4759
324
458
3711
1919
1589
3889
4478
2197
705
358
3242
461
2888
569
1163
2988
4774
659
4730
4879
3622
635
3856
4899
1632
4844
1303
873
2118
2282
3536
3157
3987
1501
1618
650
4784
2045
3275
166
783
3556
3909
4309
2317
4801
4395
1398
4138
2348
126
2116
4009
1248
1942
752
4824
4625
435
1542
2375
4689
1569
319
747
3792
137
559
4479
1549
1904
2272
1158
3008
34
229
2158
1867
3109
4031
1013
4944
2370
2274
751
1176
3536
2159
2055
733
2270
3632
3031
2982
2340
3436
4126
4106
2731
3677
837
1434
2413
2712
4250
2790
27
1804
4839
2170
4226
66
20
4868
489
3886
4939
3815
2709
1671
938
2589
727
30
316
457
3184
4683
1970
1768
3265
2518
2137
3138
3075
3738
2630
1951
4624
3051
4119
508
3449
4990
2071
1659
3186
3254
3193
2892
2628
4415
977
3184
3314
3724
1330
4738
4580
3940
975
4580
3310
918
2374
2955
227
4338
325
770
2955
3842
2969
2155
2120
56
2622
4060
3674
3171
134
3553
2322
1374
1762
4721
4092
2876
4687
1691
234
470
3992
794
3014
1904
1144
4616
656
3486
3491
4498
2579
1917
4061
440
2537
3134
2361
2713
1163
756
2974
4050
3545
4475
1684
4910
842
3719
3063
907
1908
192
4437
667
4710
1781
4899
3183
4850
1666
2319
2360
51
2707
711
3184
4117
3355
4645
4918
1227
2684
3894
3706
3209
337
3613
1157
360
3161
288
3629
3716
3969
1955
218
3409
3638
2982
4485
3150
2881
4789
1897
534
3040
575
1416
3453
6
2617
3826
62
4439
3195
126
507
3905
2027
975
1409
2096
4336
540
3039
2639
2724
3980
576
3975
4174
652
1122
3831
947
2274
45
4347
1012
1702
2898
4472
4124
4024
3513
2048
428
2046
1557
496
528
2154
3348
532
4731
1064
0
1979
4149
1180
3848
4402
47
1770
1093
509
750
1056
3971
2677
4444
4474
3233
3922
1496
3320
527
2716
1254
3975
2571
2208
3466
2810
297
2438
1979
3680
1861
1566
1237
1203
1381
3710
3807
2429
1963
4296
3043
244
3414
164
830
2634
1482
4327
3616
1068
3232
3496
4956
227
2847
4437
2825
2635
2917
4442
1123
4359
1842
1837
3276
3266
2459
2976
1312
2177
1651
1175
4259
3726
4224
4472
2836
3952
1782
3760
3748
2872
4121
2280
2490
1164
3519
2859
1747
4986
4319
3547
3603
3211
3609
3742
1637
1523
2364
2499
2894
2640
4370
539
105
698
1864
2960
1098
4804
3443
277
1751
2535
1975
842
4311
197
4422
754
139
1216
1883
791
1352
3466
732
3874
4457
2003
1613
516
4969
1836
867
2641
864
2865
2810
4994
1193
4171
3805
4763
1201
3407
4868
830
527
947
1220
288
231
1524
846
4017
1806
4994
1911
40
1564
1366
1415
1796
38
1236
3251
1496
3883
1045
2918
460
4916
3420
812
1736
2301
4298
4516
4327
857
3528
1498
2573
3470
532
840
712
4274
1779
1014
4450
3279
2101
3276
4185
906
3038
3359
3122
4611
62
4356
164
1740
2717
4224
1423
4824
488
1006
2578
3651
2613
2006
2210
3904
1855
4815
4202
3891
3122
2883
994
3077
3921
235
3359
1543
4525
3193
1980
1705
2079
1813
1725
2091
341
3492
1760
4326
1720
1690
848
4604
2239
1776
3011
3227
706
4099
4509
1170
2597
4880
691
1821
2202
4881
3116
2985
1231
1840
769
3544
1522
3024
3898
3287
1237
3062
546
3183
1150
1075
10
4714
540
3970
1087
784
3795
3274
343
1300
2123
2585
4684
785
1892
746
2077
1943
2247
3088
1220
2820
235
403
75
2989
802
4024
169
3925
618
2413
1869
4987
1801
483
2014
2939
106
262
1307
3231
1325
4954
1959
68
1823
2930
1084
3571
2468
724
1918
1468
655
2278
3560
4352
1793
4665
840
784
1410
3850
3508
2815
2953
1697
2318
1952
1098
1240
4595
3134
1426
227
2807
2243
3670
3982
145
4213
4829
454
1519
1006
1189
210
3951
1150
217
2759
3256
2448
3121
3161
4837
4185
627
3220
3999
2108
2793
3338
1600
1699
3084
2389
810
3840
3936
1081
4544
1027
4349
4871
3472
2384
704
1657
2694
784
4807
2922
3865
4647
3732
4684
2263
3052
1390
2948
2943
575
2865
1848
975
2402
4303
3146
2016
1942
2486
4418
4499
2861
3095
1337
3132
2613
4730
2954
210
1550
684
2924
3988
4446
3468
4717
4164
4423
587
1767
1887
4262
4958
844
920
1276
1755
2853
730
3379
1436
4026
4643
764
3874
3214
3923
2876
4371
86
3537
151
1184
3969
4435
652
4153
1506
191
130
560
2439
4422
2656
1068
4940
4628
2152
1728
841
2433
4753
3447
1306
2523
2852
2992
8
1971
2101
2215
4454
243
482
2756
1713
1106
3369
2003
1139
1750
4596
4233
4087
2602
1224
2476
1155
4675
1109
169
2588
2282
2280
1049
2461
246
3241
2223
4032
4227
1654
1285
1389
2105
2443
2692
72
4042
3960
1313
408
823
2713
1547
3328
3048
4215
2368
2218
964
3666
3701
4857
96
1506
1717
4536
421
2819
3425
2080
293
667
1451
2414
2738
1951
692
2782
23
4084
3129
4340
3660
4624
1385
1690
676
4704
3244
2890
2874
4036
3495
3243
3669
191
4789
4581
4113
4292
4967
2428
569
3927
3369
2343
2426
2981
163
421
109
1952
1098
4063
4629
1923
2035
4425
2755
157
2809
2633
420
3782
1112
3749
2582
45
2078
3419
798
88
3810
4393
859
2539
4761
1187
3132
3710
1198
2067
677
697
4417
267
4867
1033
248
3339
4405
3805
106
2009
4022
2615
2329
3309
1337
611
721
4210
2202
825
4016
648
2434
610
2997
932
313
4059
1782
285
4569
1309
1060
4108
1552
4625
2503
3373
4001
4128
2878
874
4649
1911
4657
1913
2004
1908
2502
2797
1518
2052
3744
702
829
203
379
4580
495
4912
1153
1548
1846
869
4602
3604
4297
186
3989
2491
537
1405
2484
2785
645
3697
4420
2176
2327
780
974
2404
698
2283
2227
464
978
2356
3903
4980
2389
2170
4588
574
2312
1974
1096
3514
3185
4370
3354
2980
3262
693
31
1902
3699
2489
2505
4771
2199
338
54
4590
4451
1529
3953
2895
4450
4765
1414
3591
4882
1515
3738
1845
3301
2256
2805
3286
339
4954
2149
308
1902
300
3933
1055
1759
4873
719
220
2426
4761
139
1549
1480
1246
121
1402
927
2720
2447
1127
4512
4013
2817
3959
1730
2658
1303
622
93
617
3976
67
248
2620
4015
829
4938
526
2199
381
4718
1846
534
4690
1197
3768
3065
906
2668
1786
328
4967
2027
3341
1783
893
4705
4281
1292
3041
2647
3120
1825
4197
1243
195
4476
2262
3489
4216
1768
3382
483
573
2133
2571
2046
2548
2552
285
4681
2226
409
1804
559
3817
2761
2436
731
3692
1611
3555
755
3763
34
1975
4035
3617
441
4745
2644
4926
4980
807
4933
442
4334
1385
2875
2836
430
1788
21
2374
126
225
3442
291
1985
4879
4346
3872
645
2530
155
481
1737
2873
2293
2923
3319
4553
1205
1885
1845
4684
1336
4838
31
251
433
886
2147
1133
3196
3866
4109
819
2980
4761
1878
3298
761
3936
1017
824
2372
2140
2984
4906
4499
161
1228
4237
4800
3296
1349
3488
4903
4442
3071
4683
594
739
781
895
1613
4579
1479
2975
906
7
4345
4076
3600
4644
1381
2899
4478
4046
1927
2104
1371
3029
343
3504
4419
2499
4728
4603
1007
1192
3663
2663
3691
2832
1497
3523
4057
1612
828
1301
3052
2360
3103
4281
4305
1100
1995
1573
1987
3487
3110
4216
4175
575
1913
2766
1654
963
2391
1906
4045
1947
3243
1535
4750
1927
2683
1338
600
1789
3284
2245
693
1804
2708
3776
2862
124
2425
3544
484
4759
547
4691
4995
3523
4264
4101
714
4679
4649
3035
3178
4165
1123
4092
524
1582
3860
2726
572
2905
1119
4858
3548
2317
2008
4543
1821
2651
4088
1359
1014
592
3661
2864
2835
3227
975
3406
3015
1940
2884
1759
4475
2711
1545
2529
2345
3323
2777
3594
4601
1014
4780
2620
2188
2681
4323
3140
2270
4248
825
795
4830
434
3050
3939
3377
4784
3538
1102
928
341
4385
2046
489
402
2062
4210
3546
1092
1959
3973
4560
2755
3381
4876
3802
1444
2293
3609
2030
3607
2149
3522
3656
1738
4829
1297
758
2003
294
3909
4651
1040
3457
281
497
111
2298
4816
2975
3921
1267
1824
3330
1683
4720
907
2634
1495
4836
1805
2822
1763
688
2335
3765
3052
3168
2456
303
2291
2501
603
3798
4855
697
132
4402
4284
2712
2540
4519
2123
2407
583
3001
1675
1489
1996
4540
1200
2160
1927
4629
1942
1481
4617
4149
459
1260
4925
2342
2889
1901
482
1248
1604
1296
1880
646
2051
880
2293
3908
4138
3697
1855
4870
4797
2087
799
752
4434
1110
4638
4143
3331
472
2212
3304
3772
4461
4812
1362
2635
4545
2998
749
3287
3617
4242
1929
3546
1055
1387
2995
248
3562
1371
212
278
806
578
3461
3163
2951
3552
618
3161
1573
449
4675
2584
681
1103
959
2816
2795
1405
1053
121
4887
511
346
95
2640
2938
1315
449
2455
1021
3830
1026
567
2939
1584
4975
3403
3115
956
3161
3470
2105
1322
1614
2516
1867
1175
123
3089
340
3087
2555
2696
898
4746
1771
2792
3328
4754
2000
454
1377
1055
4589
3018
624
3883
4254
1539
56
3789
3228
4715
4002
4306
2598
3795
4042
2725
1264
1608
3460
4682
886
3886
3625
3313
1083
1788
215
4922
1292
3730
2273
2013
4091
3052
195
3494
894
1286
1568
791
4655
3117
161
2263
17
605
2457
3732
2739
3145
2203
3349
4474
43
4595
3581
719
3062
3883
2621
1303
4954
3032
2954
2382
3220
1825
4731
3950
4882
122
37
3106
285
556
725
1832
4553
1799
2692
4657
2430
556
2109
69
77
2795
3061
378
2832
3840
892
4513
3302
3097
1832
4659
1324
3090
1994
3032
2781
4893
3835
4244
3713
3236
4517
4086
3636
1970
4051
3975
4733
2384
756
1797
3228
3696
2667
2583
1632
245
4244
1511
508
4356
129
2759
3669
1430
265
3107
3918
2007
4532
1432
2830
2815
3721
688
1034
2228
1750
1719
1740
3556
4568
2175
1426
2444
1629
840
623
3590
4784
984
1122
1938
2827
139
3484
3802
67
669
4701
4988
1545
4853
444
1647
4044
4221
247
2352
2669
3145
3938
727
3542
1990
3169
2968
2958
4062
3574
709
3950
433
3428
4858
1062
3968
3334
4786
621
2382
3268
1763
1485
794
2097
22
2283
3465
854
2480
549
3409
2492
2290
2837
1755
3149
2228
3696
3400
3228
3257
2173
2655
2342
3140
1762
4940
4752
1297
4775
2154
839
933
3347
1737
1675
2055
1619
1217
1887
2185
3821
4108
3787
599
3834
3572
4563
4620
1158
1869
3814
539
1222
410
3611
4953
4226
1139
3098
417
3340
1679
2177
3065
2823
3221
4246
4886
1452
2799
698
1605
3621
1682
277
3342
4383
3185
2986
1149
3773
95
3251
2972
1746
2232
2340
4606
267
4387
4165
4446
1255
1552
940
104
580
2823
3614
2464
1261
1903
2320
4858
1092
318
1495
3668
2542
2197
234
3222
2015
4254
2115
3647
3455
3269
1437
4469
4189
2125
3390
1514
4870
3642
4691
4811
1759
819
3639
229
4992
4677
4122
2231
3536
2083
2098
4198
4294
3961
2939
2254
4079
909
1190
2960
4661
2725
512
2082
287
2650
97
615
1857
3735
1734
759
395
838
4531
1895
1210
4968
4000
980
2106
2967
2375
2723
3758
1319
2295
2412
4285
3259
4747
532
359
2609
4552
3046
2801
78
167
3475
4613
4774
2618
972
349
954
1780
1746
2543
1116
4750
453
2612
1741
4141
3507
4396
4888
1744
296
2307
2086
2069
4479
603
946
1064
2277
4430
4440
2269
3217
3909
2355
674
2150
291
1261
1442
2807
575
3586
3768
2282
3937
4134
4512
409
4874
4113
3001
3532
4668
4141
174
931
530
75
4627
3027
3739
1161
977
2072
2355
3000
1283
818
2462
4480
3696
241
4077
2274
3337
2122
2884
1031
2345
234
1886
3631
2666
3790
3063
1367
937
3015
2645
192
3659
4359
438
4041
1076
4106
1587
4520
689
3909
3711
1437
1008
2653
2179
4143
4733
2907
2671
3990
2451
4327
4900
2045
1031
344
2768
3429
439
2087
497
3616
1871
2208
1517
2512
2734
2281
358
4943
1988
3916
779
3781
2023
3877
4038
901
2066
1602
2851
3958
317
3912
1667
4728
3533
4506
4895
3905
4037
1692
1018
1688
2261
4512
4045
1413
137
521
2723
3404
3137
2507
264
258
3240
4909
1716
3978
4172
131
4919
1545
3313
2488
786
1796
1432
4266
4333
3926
1804
4295
1933
1734
3453
3026
1742
3569
3040
4182
4019
3202
2504
3004
3811
2816
1638
1296
3138
909
4408
1400
4698
1709
3138
998
2792
1063
4376
4359
2476
803
4214
4976
2130
2063
1642
4987
2083
2558
764
1813
3320
2209
3600
1885
2042
2882
3198
4659
1266
671
2942
3217
295
324
3682
3244
1673
2630
890
3488
1949
32
4029
1251
588
4280
4508
3250
4448
524
3722
2292
335
1613
4296
655
404
629
2870
216
1176
3320
859
2385
873
2263
721
3193
2869
4817
1828
304
62
548
3739
3778
2444
2947
1064
1930
745
4427
2962
4704
2977
4498
944
1854
2984
4872
937
4278
4431
526
3772
4825
2776
4022
1032
2541
4696
4388
1208
1446
1280
493
3464
4425
4551
2352
4417
3881
185
109
1635
517
2194
1654
4077
50
3625
915
2525
4825
2575
4368
815
4253
115
4689
2761
3388
312
615
1301
3473
4466
4892
1534
2785
2821
3829
2403
2500
2763
3185
728
4126
416
2362
2752
4795
4734
2423
3740
98
2105
3365
2490
4284
2744
73
4841
2727
2279
2378
768
4533
384
3223
3319
1743
230
550
4290
3063
729
2037
400
2737
2020
3764
151
367
1344
3004
2549
1043
531
1981
1161
111
4220
2354
1671
3988
563
3787
3350
2922
375
723
141
1177
4124
4366
1818
587
3328
2508
3230
1078
2938
2604
3782
3801
4154
3041
399
4353
391
2318
2672
2819
3835
36
3925
3023
4251
817
4006
4301
710
514
1685
4643
2855
3791
2581
2010
3231
961
1107
1591
822
1994
2052
1961
190
592
4472
29
1087
2850
3259
1889
1793
4536
120
1755
4156
1893
1866
124
4089
1075
3270
139
1134
4635
3402
4693
1423
2974
3764
1314
2932
1129
2418
4038
4920
672
2715
2427
1876
1977
883
1191
2169
519
2620
1917
4952
1057
3458
3557
1651
76
1417
3058
199
279
2742
1967
3021
1672
1292
3117
2736
548
2898
1505
2855
1720
3370
482
3506
1813
3805
293
866
544
708
2518
1221
241
3351
86
3921
429
2145
3345
1406
4319
2672
3465
2154
932
663
1094
165
70
784
2605
4698
491
1654
232
4713
4222
3025
3337
1408
4400
3476
881
4875
1720
525
167
3239
279
3647
2108
1423
4668
1786
3000
3892
2986
2462
549
2240
280
3904
1272
3055
3599
1267
100
1961
2384
1928
3324
4256
174
3225
4869
398
4304
3694
1341
4285
4173
852
3718
1526
1864
1857
4116
2009
2910
3421
4110
1463
4062
3892
4553
4103
4779
3714
510
4674
2360
724
436
60
4495
847
3749
1722
1325
1904
2362
1254
3920
2223
2032
3223
776
3186
4950
1706
1679
4110
12
1378
3612
3273
3331
18
4393
4870
612
2561
4918
3731
4994
1260
2608
1887
1853
744
1601
793
3189
4724
2580
3985
540
3571
4294
4026
1125
12
1550
3761
916
674
2751
3260
3810
1200
3586
1160
4933
1115
2404
2435
112
1182
1290
4108
2819
4294
2493
1737
4788
2561
1547
3228
1100
1350
2324
2653
2458
3549
245
2810
4907
3894
3005
1081
1693
2086
1836
4655
3237
2430
4182
3776
1716
2561
2707
4471
3683
4760
4917
4702
1636
1106
4189
87
1176
2335
2800
1873
1310
4033
557
3540
1572
2249
1850
4588
2216
3705
478
4654
406
4298
1688
3066
4500
3714
3491
3873
3545
4797
3714
2213
4618
1660
4993
435
585
3770
2268
1987
4670
3325
3639
4672
831
879
1984
2775
4525
4599
203
610
365
1985
2119
1922
1482
1514
2833
4560
2341
4024
4333
1608
1863
576
1671
3036
3893
4423
2730
4864
2828
1302
3562
99
1940
4647
3416
2525
4729
1422
2891
2462
396
896
3649
284
250
3664
3320
2062
3431
3530
4440
3665
4024
3450
4304
3720
4272
3659
984
77
164
958
2475
2832
1226
907
3904
435
1295
1503
1412
4641
1167
2335
2168
349
3355
4553
1863
3239
2352
4591
3118
3568
300
4818
49
4377
1879
17
690
265
3769
2890
419
4945
1576
1513
3832
3165
353
3469
121
287
457
1497
970
238
739
2469
4543
2909
2609
3375
2233
2567
1392
1489
1724
2575
1287
4809
191
1681
4514
1710
1328
4447
127
4496
3285
2329
711
4836
1271
2130
2919
2858
690
1269
4317
3669
928
3249
850
4709
3817
629
3680
3298
4767
4210
3778
2911
2162
567
2954
3397
1269
4972
2559
3833
2639
126
2152
2438
4447
4878
3719
3231
3475
3726
3282
3383
21
423
4061
4805
1667
531
2613
2398
391
4017
656
1167
2866
2160
3958
1424
2586
1285
4276
2586
4582
823
2425
162
3185
694
4408
3865
2087
1551
1334
3521
1325
1044
4794
1456
112
3128
2902
1445
4686
825
36
4335
3014
3250
2507
37
4693
815
1674
1925
1795
47
565
1884
301
655
4842
2094
488
1731
3178
3183
1919
2178
532
3760
4606
1791
2078
1681
1269
906
392
4530
2354
1124
554
4059
4483
3919
3734
1798
2693
1671
952
55
4222
1061
505
1440
1101
3060
2550
3028
2634
3174
774
3536
3487
2425
431
921
3349
4748
501
1569
145
2594
2878
1415
4933
794
3993
2258
3180
3969
1612
4900
4643
2668
1640
3865
3694
4905
11
167
1942
122
248
2891
817
344
513
942
3700
2938
2507
4539
2582
4458
4931
4636
1859
4837
2974
3972
4374
117
1088
4794
1683
1508
2394
514
2780
4495
2014
3838
4190
513
1757
4909
3584
2462
71
2944
1758
4158
3184
4524
1431
103
2395
2631
4184
4963
2205
1076
4473
214
554
1502
3498
701
4713
931
3674
4859
2661
198
1163
500
975
4296
938
3547
2091
4055
1422
1058
4961
155
1698
2496
4374
211
498
2045
469
31
750
1169
2453
4220
948
4642
224
4991
1611
1261
1535
468
3422
4027
1198
8
3308
2523
3888
3478
4887
116
906
346
3973
1834
4263
1195
3298
917
4841
67
3371
2353
4230
2663
3337
4644
1161
1660
3386
3987
1807
411
4758
4707
4382
1905
2698
2669
3526
1421
2233
2567
2860
663
1123
231
2418
735
883
1645
4966
375
4296
4200
4605
4739
1463
229
3499
802
1099
541
1705
3752
4308
917
3138
882
1172
1918
271
3001
2929
485
2670
4815
1527
1485
1360
285
282
3888
4842
866
2008
294
2488
2174
1844
2861
796
1911
920
4983
3923
184
922
2996
1984
2605
764
1899
331
3591
1772
811
983
2879
2977
3378
1732
71
4600
278
1290
3819
3688
3471
3725
384
2406
4151
698
519
2144
4171
861
3581
1076
637
2177
93
3069
338
2145
4279
2692
2897
4657
680
4940
2667
2609
1377
2347
1780
3196
4821
1791
417
4434
3573
3417
4302
4439
82
1266
1466
467
2438
687
3870
1816
1011
4409
2146
3835
2125
1948
4186
3391
2361
2797
2970
1172
4747
3165
4184
4660
4400
3545
4492
2434
3771
462
370
4381
2876
3165
1514
1126
2426
4551
3750
4584
2910
3900
3126
1135
1512
813
4770
3550
3506
1444
866
2211
1150
2677
268
3644
3919
918
1890
771
1518
370
4098
1787
757
4852
3616
1102
4718
3731
1663
862
1793
2739
3039
256
4882
3314
419
1778
3696
2997
4172
4103
3586
247
3473
3888
1652
4916
1834
918
759
4459
4565
1181
4554
885
3718
1814
2193
2288
2790
1874
4515
2479
4050
41
3695
128
238
3761
2784
736
994
3330
3680
550
1015
4784
708
1042
4282
4199
1179
1541
1722
100
377
2365
4745
2102
61
406
3262
628
1577
1955
315
2523
4753
3743
1214
3563
2406
4849
721
4807
4046
3459
4526
4665
2317
202
1929
2912
287
3958
3954
1015
3211
3338
1431
3394
4336
2491
549
4115
69
714
165
3227
2120
1440
2157
3731
3711
1459
4121
5
2119
4923
1916
4593
3883
1744
4815
4458
2011
4125
2220
4425
4997
1601
3680
811
1327
2523
2672
3078
1818
3595
1689
4240
2899
4754
567
4093
4456
3517
4936
4188
2668
258
423
1761
3672
968
1897
713
1136
1868
2225
3622
694
3873
3882
1942
4660
4706
1087
4901
3098
3647
1096
1998
2271
4167
1784
3544
3730
708
1064
2280
3706
367
3044
2748
2396
3950
3484
3953
2661
4176
2774
2877
4861
43
688
3633
4236
3018
3328
2620
2430
4321
2945
4485
2774
1771
3068
1363
3470
4354
4997
3460
3559
4971
3082
4270
4049
2717
3825
2942
3634
80
616
4313
1434
4932
2265
4293
4478
3877
391
3126
2791
613
254
3797
2754
3419
1906
4809
1231
2770
3728
295
3640
1466
3991
3899
72
2485
4261
4472
3296
870
1086
2088
4877
3521
1594
620
1432
4392
4266
4796
4301
1039
2506
3021
1293
3174
1791
3887
4652
2530
2273
1549
3314
3768
3344
2144
4303
3538
2523
2719
1733
5
1871
2094
3202
830
379
906
2419
1544
4277
2938
3881
2469
1958
1128
4208
4734
697
4079
1059
4455
3051
4318
4549
1554
3382
3470
2370
195
3048
4545
1487
4762
1315
43
4192
4023
1644
1087
3181
4083
683
3859
1501
1698
3204
1303
819
2875
3141
4572
619
1675
4204
3603
4758
4094
1631
924
1267
2295
358
1222
4408
1624
3247
1197
2055
4761
514
365
3355
1450
3136
97
4529
4715
4497
4330
3726
4553
614
1428
2481
4211
49
302
4089
2873
3274
2821
3687
3164
29
632
3950
2481
2233
3604
4772
3093
1347
243
3810
2081
3548
320
1067
4213
244
1521
421
2519
4309
4123
2726
835
4385
4894
4490
2649
2474
1353
278
3991
2199
1168
2430
2242
271
429
1409
2692
1779
4787
1397
515
4487
3179
299
3023
1640
3113
4573
1846
2284
518
3883
1858
1827
1070
3935
1301
91
2719
4591
4358
4311
1624
4434
2324
1998
4771
3573
3086
2960
872
2314
2124
1228
4450
3374
3558
3810
3692
164
3002
470
1265
2562
240
4142
2125
4808
2086
3502
4334
2006
3173
188
4154
2254
3856
4495
4700
600
4622
4238
196
4805
3507
771
1724
1068
4149
1037
4775
1393
2713
52
734
4564
3635
569
3430
2967
2497
275
3575
4414
4947
3154
2543
1063
1385
661
3393
1088
604
4799
2682
4698
2424
2753
4250
3877
4264
3695
554
4902
418
948
1583
4026
1680
2977
4855
4555
2504
935
4933
547
1018
4705
1857
3768
1138
4714
3612
3357
465
1586
1712
3806
4747
2320
4550
336
78
4119
2343
2663
3717
4405
4144
1602
347
2082
2305
4703
2683
3206
2296
433
3080
2160
1795
3936
3959
1854
1140
2835
1721
329
3422
2221
3594
3176
878
4105
2639
4655
3684
747
2219
1342
4397
734
2690
1629
1389
3163
1788
4550
1964
779
293
3037
83
4103
653
3401
1227
3959
1761
1912
2418
48
2221
4206
1980
1081
3380
3493
360
2352
4039
2113
4549
1319
3471
1884
548
3555
4671
3397
2881
4923
1929
1511
2374
1501
830
3165
3830
2792
710
2237
119
955
4143
531
4328
1856
24
2247
2156
1913
841
907
3272
3171
1106
3306
4656
870
3402
3249
4703
1665
4807
138
1597
669
4033
3975
4999
3773
619
4372
1488
1981
4675
931
2246
4079
1583
1233
1352
2450
4214
1539
4316
469
2231
3820
4472
3003
1439
482
549
1242
3804
358
2851
1069
483
4820
2767
1077
1861
210
3924
3688
1725
3470
3787
758
2129
4730
2243
214
2349
2556
1282
3272
628
1618
3039
2718
3251
2422
686
3060
4340
1687
4317
613
719
2550
4495
3172
3317
2491
2474
4544
2836
3537
1201
4649
3719
4265
1014
1171
4520
1799
2427
2367
4595
1563
4855
2094
3651
3538
2032
2771
947
4498
4893
3888
1319
955
4966
527
2581
466
2527
2647
790
4105
575
3376
722
2606
3388
3796
910
4198
4640
2505
966
3594
792
2520
4341
388
3204
3278
670
4267
4698
4491
3978
1467
1971
4528
2791
3975
4046
1894
4960
3533
4743
2378
3948
3225
928
2594
1577
4265
4263
1474
897
300
2358
3145
755
4887
1420
196
4652
1226
3336
288
676
3411
400
337
2596
3476
2863
3071
3343
2377
726
4208
3630
4416
3570
1359
1640
3785
437
2325
4385
3709
1122
4771
3236
2412
815
3617
3
3146
3540
2445
367
625
3683
2832
215
4956
3814
1803
2278
217
977
5000
821
1003
4391
3632
2160
624
2492
4584
2381
2932
4580
648
4059
4958
1318
1870
450
2048
3229
1216
125
2882
2977
2960
3807
1379
985
2862
4261
706
1915
4344
688
1545
517
1924
456
1527
4977
1823
1586
2969
1320
2519
359
1729
1292
4687
2572
1000
144
4752
3752
1555
4151
2356
172
4132
2601
4689
3438
349
1974
4021
4567
3826
3839
2994
2498
4241
572
2921
3039
125
1782
3950
21
2996
3223
4669
3921
787
185
1381
3912
4361
2956
4449
3429
4835
4711
776
3337
1927
2614
100
1483
3090
2409
2672
121
4557
2874
4817
1015
4628
1018
2061
2562
3231
1046
1824
4479
4637
4158
2063
88
725
3664
1062
2988
1410
1206
7
3082
151
1119
2130
4923
1729
1141
4421
1579
2124
747
3729
3251
3313
3588
3454
1847
2360
1608
1371
1418
1486
4060
690
1365
1403
4985
3693
1729
223
4719
324
3667
4444
4504
2258
3356
1512
3437
4094
1436
624
1284
4391
1587
4534
2450
2940
1438
2327
1369
266
1234
4992
1999
1066
4954
1043
2338
1747
4447
1970
1648
1470
316
4938
3024
2748
1118
3584
3816
4908
314
3401
2463
3302
2499
2203
3391
2589
767
4701
2061
806
4921
1978
170
1721
3913
1405
1202
232
2942
3888
3161
2476
1420
495
4778
1135
3389
2511
898
4729
3661
3637
4213
2832
582
2672
52
4195
4547
2692
619
4128
1751
1517
3540
2762
3234
921
1680
1690
4001
4659
1632
1885
2296
2512
4196
2241
192
3513
1639
2403
3954
1565
832
1622
3328
762
913
1462
2593
3436
3221
1457
2836
3755
2351
301
4163
3694
2281
1022
2790
1976
1576
131
3339
3371
2801
2934
4861
3048
3625
4277
2267
2826
1860
7
3862
2160
2485
44
1010
4579
3937
3832
598
270
1893
3214
1207
3658
2154
3960
3248
88
3221
2595
2575
3562
4496
2395
3606
3078
2292
707
1882
3631
894
4168
2609
2968
1817
2262
3265
658
508
1981
4587
241
4935
194
4060
3937
1280
2535
924
4184
1928
1854
2411
827
2957
3813
2983
2741
4859
1216
4712
1252
4695
4155
3945
4350
3851
3526
2591
129
989
4093
4916
1765
782
1935
4533
1237
3352
813
4094
628
4966
2423
2464
1762
1345
832
1847
779
278
2733
4743
4928
697
1560
4714
17
3461
914
4453
3357
290
3242
4989
1090
368
1384
1974
2991
1068
2948
539
2949
4128
2307
2448
872
23
3101
4397
2578
2009
3061
4368
1316
845
2182
4595
2102
1069
4251
3299
4281
4491
825
3052
1946
3563
2973
2675
1974
2007
493
342
1632
2199
1633
3938
1064
1931
253
2977
2851
4226
4589
1839
1812
1238
3643
4258
4253
731
3129
1610
3306
4097
1623
2532
743
3928
1447
3452
4604
4990
165
1096
600
3559
2424
4266
1753
1180
3384
1663
3099
4345
4746
449
603
1367
1672
1816
3083
2508
3767
1465
2123
259
652
1985
1953
3768
2978
2949
3725
1407
49
3309
1857
2424
2974
4009
4393
1974
617
3685
4762
1383
4236
4135
3883
831
3478
4258
455
1478
3751
4053
747
336
3147
739
1379
2987
2758
4126
3775
2939
4438
2597
1787
3490
1440
920
2348
770
4416
3057
801
4255
3475
993
3249
299
4945
1460
2440
4394
561
1700
4365
3069
4408
3935
4950
575
3297
2283
570
3715
1675
4293
2937
84
1256
270
2794
2397
3892
2799
3099
4997
4027
165
4950
2942
4445
3998
1410
3873
2969
1513
709
1372
3725
3748
577
1112
1222
985
3423
1232
3268
2579
330
406
4605
4746
3332
3629
2218
2528
3936
3657
3729
1602
957
494
1073
4129
2678
970
4401
644
2190
2747
3642
1251
3954
1724
1738
3786
868
1489
1168
1201
4153
253
3849
4121
2904
3949
4010
2648
682
3853
3811
4702
1991
1322
957
3945
2539
1470
18
4610
2416
4567
1592
1006
177
71
1907
3546
3480
986
2038
2176
3124
3999
2335
1197
4940
49
4363
2337
3799
3547
1116
1846
4317
1553
640
1507
3947
3442
4026
1168
3275
4603
1615
4349
3359
688
4309
3679
274
4647
4999
1134
666
1221
1472
105
2471
3628
11
4566
414
76
1018
1902
2093
4672
1764
3772
4098
152
90
3440
600
1258
1993
3980
4032
1481
1230
4724
1599
33
3343
2633
990
314
3864
1604
2302
4363
322
3439
3425
439
139
1177
4784
1569
4
3317
3443
756
2989
1672
1414
3754
268
4085
4612
943
3179
4627
263
2103
2160
2413
3857
2415
3448
1708
3803
1959
755
3803
3986
658
2192
4579
4169
2475
1925
1426
4270
2115
2794
30
1481
2956
4778
3483
2785
404
3749
4719
1722
4023
2357
3408
1439
4471
2623
3144
4575
3021
1965
465
4398
2006
1748
3176
4222
4321
502
4557
4999
2396
2757
690
1524
4842
1144
4985
976
4679
1675
2912
1010
4003
4040
2751
3409
4394
564
4104
4994
3637
1267
2413
1903
2379
226
4749
2650
2925
4783
4938
4235
782
4523
4138
381
1363
2214
2783
3700
3554
441
2674
4054
1969
2715
2900
135
2172
2280
1461
3324
2967
1377
4895
4111
2569
1252
2660
1631
2572
1556
4018
459
1709
2995
2232
2900
2787
2284
3469
3578
2560
2601
4089
3558
3250
4229
2832
995
1574
1907
3008
3384
3002
3292
914
2305
4662
1176
3435
4336
2013
843
3372
3251
2333
1368
1244
1019
4091
4569
438
4618
1563
883
1452
4487
1062
1746
4006
3782
3395
799
702
3396
1323
719
4168
248
4582
4901
4094
599
3610
2303
4215
3716
2638
2479
4329
2385
3231
1667
154
3661
3215
1636
267
2749
1134
2125
4645
1967
4900
2700
2085
1084
2469
1096
817
1169
2086
2477
4192
2779
321
568
2609
4841
4150
413
4017
2121
2862
2013
4514
1668
4399
4571
3024
4032
3260
1193
2138
22
2315
1595
1201
1639
2690
2844
3913
4445
1625
2582
507
4539
780
3900
78
2831
3503
4383
2111
4159
2029
4879
139
1420
4677
2044
4299
2442
4111
4570
4370
1948
668
499
2301
3082
3273
2805
4795
2637
259
4063
3282
4775
2574
797
4440
4915
4807
229
432
4979
182
3376
767
3790
2310
2118
1956
430
3660
3660
2074
1529
61
388
744
3590
3673
3611
1184
1860
2287
738
2061
2249
3684
2243
2505
964
3378
633
1430
3620
4238
1664
4298
3028
2806
4998
402
486
3783
2774
1126
4082
1328
291
1096
584
4221
2668
3390
909
3592
4020
3040
4665
3635
308
3945
2808
3015
2281
1510
56
310
3267
1744
2048
3393
1301
2717
4999
6
1008
621
3067
1309
3864
4605
2163
214
2419
2039
4803
330
1242
281
1760
114
4240
602
172
4055
2767
4538
3710
352
2156
4333
2156
47
3662
4875
94
3670
4556
745
4486
4213
1337
2049
1634
2238
3517
1415
234
3072
2630
4136
4867
3730
245
3234
676
4988
4855
4542
3669
4691
4062
3731
4249
1796
4611
4722
2730
3267
1073
1235
272
4157
4200
4024
2160
862
4193
1658
2156
204
127
4506
1841
333
2869
2702
3089
3877
3158
4319
2873
2817
1429
3448
2806
303
2000
381
3059
3906
4880
2608
2928
3626
4709
3780
4408
4478
2766
4453
1867
3697
3646
2279
1066
3428
4814
548
4395
4736
579
4911
1239
4122
138
4878
2457
3588
2563
4152
3224
1687
4544
2224
4850
2821
1251
2883
2001
4429
3737
1947
1267
3895
4281
1294
58
136
1707
4326
1379
1774
3851
0
1388
1908
697
3250
3073
3234
1900
1306
4304
4230
128
1489
1773
3629
1658
683
4735
4766
1330
1721
2214
4369
2193
3089
4136
4943
1611
3858
1296
670
1090
3977
4714
1979
4727
4890
2614
554
4770
12
1758
1175
437
1724
3993
4546
3564
850
2577
2753
353
342
1567
4800
2920
3885
2928
4033
2110
1665
1759
3615
2179
2030
1845
2299
394
3319
2312
496
2166
3123
5
3205
2356
4365
2287
4122
1274
643
148
157
112
2271
184
2307
1285
1428
2649
2995
4076
3791
1605
323
314
1730
4455
3233
1580
3079
63
3415
2060
44
103
1493
2219
2166
4406
1469
1541
3882
146
4472
4963
2875
41
665
1790
4067
2180
3853
4920
1918
1784
4940
2614
368
633
1811
3897
902
2727
278
63
3369
2150
2360
1109
4915
4693
4411
2701
3205
4804
3799
2717
4987
396
2749
3994
3554
4134
510
2292
1575
4677
4875
3044
1244
3751
3588
3903
706
4746
731
4674
4982
3663
4589
793
1955
2889
1267
2611
1958
1563
491
3956
2239
1236
1166
1524
1987
3364
1947
1566
1133
2954
4888
3844
2181
1377
176
1265
4194
3773
1420
1867
3496
2194
2610
1697
1705
4653
2485
2265
2266
29
1037
4188
4602
2359
228
1027
1238
1586
4637
4353
181
3085
4181
4931
1212
878
2545
4888
3751
2266
742
1660
1159
2084
110
4192
967
1491
2745
3384
753
2614
528
638
1437
3744
1721
1581
4230
1079
2023
531
3046
1120
3075
3284
1158
1226
3297
991
1593
4983
4973
1352
215
1785
4705
1413
1889
2834
4188
2980
1333
4807
4536
2872
4487
1441
4589
879
456
4478
3830
4354
1412
1202
2276
234
628
143
1370
2442
2482
3549
3119
1020
4339
2388
224
1736
3605
2716
1418
2694
1031
2512
2763
3208
4443
1784
3921
3379
3137
3437
188
2140
4450
417
2455
2255
3256
2843
801
4429
4579
4857
4720
224
4169
2670
4399
2037
3893
938
4532
744
2534
3517
1607
2593
1279
1501
1065
4385
2252
4696
1637
2795
2600
446
2796
2115
4468
4095
2246
337
4312
4946
3575
4972
3914
1642
28
2850
4336
4394
3405
1321
774
3662
1072
696
1678
3601
36
460
2426
3142
1652
4219
1957
3114
2547
2645
1676
84
1310
703
1402
2891
4646
2937
182
1876
260
2124
4056
3203
3578
3313
634
1591
3951
3804
1646
1667
2443
4041
606
4218
1978
1007
1257
2117
1234
1409
2690
1572
1707
990
2057
2318
3670
3159
3641
1456
3049
869
4495
3929
3914
2366
974
2910
1367
748
3897
144
1143
2856
3257
4053
3287
3671
3124
2493
2266
2590
1705
3531
2943
259
5
3984
2351
1185
2039
4081
4526
3441
4115
2897
3240
2409
3963
3460
4601
2922
4424
4057
181
4585
2081
722
2588
1294
3281
2751
291
596
3065
2593
4985
1984
3859
1209
1217
3014
3537
476
3830
1994
2942
3654
2397
304
388
866
682
4017
332
3495
4327
4574
3249
945
4602
1962
2733
1822
2751
1436
4163
84
491
4475
1114
590
1689
972
972
3119
1300
187
4908
840
4778
2568
213
3396
2316
2724
802
4981
2135
1651
2944
2960
733
84
2696
646
3900
3696
3086
2099
4820
1816
952
192
4854
150
392
1587
33
3058
1968
3758
1114
4156
2516
3279
2710
785
2944
1593
276
518
3706
2871
3809
457
1330
2223
3747
2699
266
2020
2512
2635
3642
1760
4492
3981
4048
1071
3713
1348
1885
4855
1527
3734
2146
681
3258
3984
2638
3298
4989
3056
1287
4062
1153
2809
2292
2605
147
3080
3711
3076
2451
2418
3054
2770
579
4564
4673
3383
3985
3809
1850
3
3680
2398
2116
587
1886
510
1776
2315
3901
2550
2601
1821
507
448
4372
4815
68
1182
2242
2814
4326
2398
4925
3321
3771
940
1183
2371
4284
3969
1432
4160
4623
4058
1942
3325
3387
1850
2715
2389
1648
782
4824
1642
4114
40
4138
2589
371
4973
3378
4215
2590
222
1773
2728
195
4202
1186
1271
155
4940
1749
200
1925
3581
857
2617
4138
2114
3824
576
3044
858
2226
4944
2094
4645
4487
1770
3514
3159
89
1385
3618
4590
3003
3228
4818
3457
2068
546
3045
1551
2937
4889
1588
1554
252
3391
3514
4849
440
927
2826
1744
4345
2502
423
1225
4872
4739
107
1769
857
1681
42
1380
235
3088
2963
4783
4824
597
2705
2815
2768
2960
3675
2067
2616
427
19
3917
3147
4285
1438
3849
2914
2218
446
2731
453
649
2004
1760
1096
3202
1443
4299
689
3337
974
4568
4274
2563
2252
680
4216
941
2374
137
3522
2264
2158
2892
2268
4038
2165
1937
4420
829
1310
3195
234
2165
2046
2363
2951
1359
1048
214
200
3869
744
1197
3984
999
3862
3685
670
1613
1589
3820
3066
4052
1859
4852
1448
1612
1982
1707
4713
2986
3611
477
2298
2478
4203
4171
3837
2652
303
2625
3001
3058
1791
4439
1033
1341
2707
3882
1906
190
1747
1563
4001
271
3115
1676
3937
171
4612
1976
4576
4893
2193
2289
4946
4680
512
860
943
2505
796
4003
4662
3081
420
2954
761
4667
3257
3817
3020
2383
4620
1353
2345
4368
2745
473
2078
2320
1897
4655
4141
4774
2114
3412
2898
3309
3343
697
1376
4335
695
2667
940
4575
1295
3995
1088
853
4486
3536
824
1479
4223
2548
3823
1088
4375
998
1778
4659
4194
4868
4980
4423
1724
2162
3434
1613
3986
1422
4985
3550
3520
4064
134
1783
1035
134
2163
4587
3489
2783
3545
3672
2313
2835
2318
2918
1729
2226
799
581
836
4110
1439
3860
3032
1324
4293
3559
3759
4448
1250
863
1282
1337
2597
3642
979
2535
4781
725
1032
3480
4376
3936
4002
411
1999
2816
3577
4275
3964
478
2024
131
4259
3497
594
2010
2072
1639
1230
891
4511
4801
4842
196
1008
2522
2465
1337
3256
399
3338
82
2067
3663
4152
676
4696
1019
4661
2900
2586
4250
639
3061
1994
218
3458
137
260
2994
2577
4946
1276
1802
4210
1209
2716
2717
1513
957
1684
1770
889
917
1461
1567
1097
344
3510
4396
176
2587
3958
1922
160
4072
2011
3707
721
2969
1258
487
1532
4692
1056
1095
4196
1729
1491
2632
3819
384
4680
2970
3175
2395
1311
3757
1160
4179
3004
3862
4829
4245
4494
235
3720
4699
1515
3833
3027
4809
1726
3662
3375
4995
3248
13
1772
738
1007
1051
701
2629
922
3804
4061
1817
4186
1680
4196
4454
4796
4114
1586
2505
4164
532
2812
2981
2037
2988
4805
2251
2872
4744
1924
4381
1387
103
3816
226
2697
486
833
2160
4983
3319
4619
2872
1485
4003
717
4257
2859
3302
3890
2006
541
4715
1133
2925
4255
2281
2804
3684
4817
3118
1761
137
2374
3767
4840
3035
2139
4336
871
2999
1504
1739
2493
3623
1875
758
256
604
1147
1866
4747
3257
2384
1612
4624
2999
4036
4752
2797
794
4818
1822
1808
1714
2401
3686
3372
1126
750
259
1555
2986
3483
24
3198
1934
110
389
4962
4901
2171
3240
3050
1738
3462
2059
2729
3508
1339
4635
2277
1079
1784
575
632
4106
4411
3802
1186
3116
1367
507
1337
4540
4495
2612
1085
4516
2687
1404
216
3575
1810
2241
4548
4713
3387
3657
1889
4919
3583
992
3047
2578
216
3772
4496
2794
1523
4095
4149
519
28
2849
4037
4717
4637
4627
2345
775
1103
784
1327
4618
1178
2199
1723
1740
4269
4044
3598
1235
294
1907
4392
611
2395
4814
1909
1435
658
4435
4702
3627
1820
2868
269
445
4434
3861
150
4345
1955
1995
3312
739
3349
1697
4141
4238
2957
1631
3425
3104
3262
3781
1642
4526
315
1673
3465
2009
3619
3302
2580
1426
1823
571
2130
3258
1872
4312
1925
3573
522
780
4372
806
2301
3837
4462
4163
1513
1789
75
1801
3728
3923
1593
1633
361
2805
849
2539
112
4341
219
4222
4587
4958
4869
349
4010
4249
997
1598
2229
4400
1012
3200
1455
3929
320
2711
704
2037
4899
2249
4772
3679
1836
2742
910
3400
3062
99
4387
2759
398
1136
1066
4062
3665
3538
4993
4344
2338
2785
4010
4820
4202
2056
2746
4200
3470
4305
1770
2436
2646
4040
3958
3443
4582
3103
2844
408
3341
402
2063
64
2085
4341
172
841
4463
4547
4678
118
1805
93
2615
2813
2057
2177
353
3107
1926
14
1924
3410
1530
4382
4459
3626
306
2831
3171
1234
3354
1037
2654
4086
3482
4547
531
381
1813
4526
2565
4751
2326
1927
4220
1811
1528
2502
1839
3278
212
2719
2882
2343
2141
1558
3943
565
3876
824
2199
3289
3284
1287
3952
3436
1054
2072
713
1102
1682
3858
4218
3932
2561
1777
3222
104
2528
825
2636
598
4310
4386
4289
4882
4509
3201
4895
2026
699
4012
4609
278
1001
122
4025
1759
3952
3996
2280
2767
3503
2777
2911
178
760
3275
3008
334
4575
2941
3959
304
3928
884
132
2576
2076
192
2206
740
3291
2655
3319
1461
1962
3849
817
1859
2128
3161
4213
588
191
3776
4873
2074
3189
2071
2225
1996
351
4934
3493
3770
549
1068
1473
2402
4473
459
3636
1123
2214
4760
2202
875
2714
4838
1188
3043
3772
4221
894
4026
4786
3672
2741
261
2704
2015
2778
2646
662
4601
3598
1568
439
1614
915
4479
2181
4058
3753
4222
1439
3094
933
2132
1722
1432
4312
1624
1018
258
348
660
2381
2211
987
2401
3301
3966
2819
4025
1712
858
293
1965
4108
863
4764
4
1791
3965
3938
2756
2319
2818
4374
4338
1909
4759
1430
4199
4914
2920
4790
4254
2210
119
2660
2676
3640
1543
883
4503
2751
589
4320
4840
4383
4885
2135
1494
3912
1986
2918
4604
2990
4430
3687
4516
61
1130
2989
3910
889
2808
566
4432
186
2807
4651
4961
2095
490
2861
2223
817
2437
3872
3100
3871
1130
3148
4823
3303
971
4960
4719
2676
2221
2377
694
2962
621
3844
2604
1074
4193
3709
4359
3888
2886
1933
4635
4026
1024
4125
793
1410
4742
4778
1982
4264
4441
2514
561
862
2455
1182
2055
1250
3607
1418
3745
469
294
454
1774
4577
2835
3397
4730
2024
1884
390
1216
3655
640
69
134
4853
702
3526
3405
1322
4749
3642
2814
588
268
2889
2279
176
2254
960
4150
3826
3078
688
1707
3072
1445
764
1844
3747
1879
4101
3993
293
3731
2723
1845
4619
1366
1324
1119
2145
2821
4578
2969
3960
741
1293
3747
4784
3783
1520
1386
4314
3645
4915
2426
16
1858
732
1537
4158
3341
4794
4722
1810
1142
2090
873
4499
1255
3641
1156
4914
2977
2135
326
1803
3231
1855
936
1339
3866
3153
800
4944
1504
3423
274
1548
4098
3301
971
700
2334
2498
4450
597
758
1645
2638
658
2289
3986
649
1780
3879
4114
4945
4533
1304
1687
4666
46
3394
2053
798
1331
3780
300
4543
2721
2079
2171
1279
4198
36
3277
3742
221
2373
4378
202
78
2315
305
1277
91
4374
513
2172
1374
3412
3938
3096
202
4788
4257
3748
1560
865
146
1520
500
2389
4723
2580
1871
112
4321
4152
2494
2554
3200
2344
3204
1164
4154
4284
768
2881
4575
4500
3948
2273
1606
124
3897
4148
566
3088
528
3824
1303
76
503
1918
4629
4442
2437
1943
3195
2334
1761
4849
3636
2014
2152
3602
1911
882
3753
4502
2146
4912
3091
2992
4469
3845
303
454
4811
3758
1154
3564
2384
1545
1547
4273
3522
2710
2305
1225
97
3258
2633
2799
804
1932
757
2810
1823
3855
3236
3240
686
599
2973
4437
1466
1185
965
3111
3968
401
1745
4774
937
3679
1826
395
3436
814
971
3611
260
4739
2866
2979
1800
4713
388
1692
4815
2806
1097
3134
3506
4059
3237
3127
3333
1215
4222
3803
2591
3012
3202
190
4157
871
4675
725
2429
732
4632
2873
3505
2742
2418
200
3722
2668
1925
1442
3471
88
1266
94
3103
986
2432
1433
1194
2206
4599
4307
4767
4614
2392
3736
1997
4369
4335
1217
929
845
2920
3986
3227
1797
3701
2918
3328
4448
1353
4268
1675
1076
2112
2062
4918
4956
3875
2196
4276
3122
4282
714
4785
95
4432
3295
2463
4808
297
2835
4828
1494
3087
3966
172
4588
1625
3457
3846
2997
1253
2492
549
1998
3553
4895
3397
4405
3204
975
933
2984
3658
2273
4578
3908
683
3239
1715
1097
1978
672
1479
1563
137
1815
2484
1037
3517
4942
2277
1525
2189
4643
3704
3175
4585
1731
4581
2402
101
816
3344
4155
2621
1500
16
2054
904
4802
3676
3409
4878
4918
2484
4791
924
2016
99
1722
4815
3830
1671
3080
3867
2712
1626
3795
3251
4516
686
3871
2317
359
3619
190
2820
2124
4039
4931
2771
3651
4366
544
3119
4503
4689
4691
787
3380
13
1408
2174
1012
12
3954
3244
2406
76
1204
2314
1100
4681
2949
122
1135
1916
4477
513
3914
4793
4276
2140
2202
4448
3849
4381
2358
4477
927
4893
1054
406
4989
1959
1088
924
2954
514
1871
1233
3304
1947
984
2814
2840
3913
2734
784
2163
2337
3789
3287
1635
662
1418
3338
748
1941
2302
3592
1817
690
4926
4507
4724
2793
3303
3775
4772
2108
2218
4050
4476
1653
3535
4139
1776
3039
3821
4511
3484
254
2888
1624
4290
4461
2583
3360
4748
3753
842
2008
4607
73
3217
2771
3854
689
2848
3025
4302
4990
459
3063
3101
2186
738
3380
2947
205
1386
4533
1518
2766
2056
3642
3816
937
97
1517
900
2941
4312
3325
1639
4458
183
4721
278
4884
3664
20
3764
514
2436
2694
965
594
3578
1527
2260
4613
602
88
3081
670
1901
3054
1851
767
3353
1235
4553
2554
324
4580
1173
116
3783
4981
4848
1666
1403
3237
268
1620
1187
4779
3037
3483
4296
3969
1430
650
261
1371
2751
2040
1439
3329
764
4301
787
922
1209
4596
2807
2494
1463
1854
2267
180
1018
3270
3897
2002
1679
462
3585
400
135
3291
152
3352
1062
171
4073
3768
2978
2064
2914
3618
1107
1566
1296
2402
2345
4790
368
3557
59
4009
3662
4881
3549
3749
3660
4907
18
3494
2831
4230
985
573
4265
4364
4575
2153
2245
4217
2753
4936
1887
1382
1312
4020
1576
2032
1869
4619
325
1295
1910
11
3977
560
4411
1738
3210
4437
1830
2642
3523
2471
489
772
4097
442
3369
1668
3664
1456
3925
3818
4655
4909
4394
439
49
4825
4221
115
4551
1535
569
925
4392
3339
673
598
1035
3446
1399
2678
1796
635
1190
1897
3385
573
4637
4687
2135
1407
1916
1538
3515
3494
4089
3934
532
4611
4194
1117
357
4670
2406
888
3585
3977
4885
654
665
2736
4178
3410
705
2003
2562
617
40
3284
4209
3560
2885
2444
3606
2798
1811
3284
198
2276
1101
254
4329
2028
2550
774
1246
4569
2458
4124
4587
1812
600
91
3575
2998
3899
4691
2764
1685
571
1373
1180
2531
4294
3551
1935
2522
3489
2284
949
1633
103
2197
4181
3375
4174
514
2038
2009
2797
2629
1174
543
638
4703
3869
3154
3258
3017
1500
1303
1288
3474
1112
3526
2765
391
52
4588
4990
3556
1414
2233
2366
213
4827
3385
1122
1011
4965
3994
2083
3367
4279
749
2349
1244
3666
3983
3663
3758
230
1835
4502
3972
2472
230
3137
2251
1272
1364
1785
4585
4333
4814
1738
480
4391
1113
2809
3658
4037
235
1724
3753
590
3226
3202
16
2739
3670
776
4749
1206
4975
4429
3948
3018
2857
3846
4435
4774
1789
1424
3934
4242
4638
2267
4144
2179
1544
3565
1109
1637
2135
3642
2266
3293
4044
3056
4242
4076
4673
4229
4500
3485
13
3893
3105
4614
768
4522
2921
1140
2874
1463
4923
3437
663
3018
1954
1482
4119
544
1440
3708
971
2383
2638
747
1420
3338
3784
3938
85
1813
388
2035
4238
1647
3364
4720
1210
4563
4319
3845
744
3695
2890
4381
3084
4152
238
2162
1323
1899
2439
3434
865
4216
723
1437
1630
3817
1680
4725
719
3075
730
2421
1185
4427
2698
2122
4160
1796
307
3820
4742
2531
769
84
4329
1411
4723
1091
1507
1711
3578
4458
3949
1150
3245
4227
1186
1123
4092
2799
2436
4805
4436
2558
2206
1654
414
1057
4253
2012
1075
2894
46
952
3931
679
835
1166
475
3915
4538
3697
1907
4401
3365
36
3298
4691
3522
3471
2123
4611
1817
2454
3499
3008
2331
2553
1077
2252
1241
1736
4920
655
4384
3528
3622
2471
82
1540
3015
1470
3758
3807
1275
4244
1629
421
3472
1341
1400
4712
217
2184
3466
2899
4483
915
4766
2821
2425
1935
1334
4247
1281
4107
293
444
2769
2372
3662
2835
3521
3243
4403
1652
4988
4243
4201
4293
3735
647
2223
880
454
2522
3707
4911
4783
4583
3503
1239
4649
538
2089
1817
261
4427
4344
4057
681
114
1767
4668
718
370
4017
2820
4226
1417
4590
4307
2846
1922
2367
506
1359
4280
843
2615
4505
599
4116
598
4620
2080
1546
3812
1241
812
2262
1710
3696
131
3076
4941
1554
211
950
2955
4156
195
1984
4414
4366
3310
2591
1479
2836
2920
641
1268
549
4242
2076
2820
2504
2381
3731
659
4032
4122
4097
909
1959
816
33
2257
4733
3737
4463
1187
338
1896
3174
3996
1425
2836
2217
4950
1200
3450
699
2498
2597
992
4986
3599
3180
303
2694
4390
2229
3255
453
2100
1600
593
361
4185
3525
1492
369
3435
803
2673
2169
2842
2254
3584
1457
1776
4489
3476
343
1012
16
3307
1795
3135
1953
4465
930
4243
2668
1171
71
3824
1429
1205
1748
1703
2713
4687
755
987
1248
1322
3004
3110
3857
4239
929
3403
4525
2225
4167
1451
1832
731
2051
702
831
4057
1597
2286
1503
2317
3082
2966
1489
3059
4089
2033
2684
1610
4729
1407
53
4641
4760
4432
4732
520
2548
519
2479
1795
3402
2070
563
1086
4656
3551
1436
3657
3578
112
1252
838
2049
4437
2255
283
4941
3970
2333
321
4143
3941
3099
4106
2759
2813
4675
2084
2295
764
573
4287
1487
2810
4590
2895
3217
1877
1878
347
1088
2182
645
3040
2876
3342
1389
1912
946
946
1753
3034
1244
2346
2329
2875
4626
2725
232
852
962
2616
1176
476
4781
4321
2093
2943
4497
1596
4260
3909
643
3969
2301
618
1990
3966
1081
2080
2430
4189
182
869
551
2606
2582
3990
3658
4115
1097
4194
3222
4130
1338
729
3770
2671
2801
1980
4801
1490
2751
4484
3725
662
722
886
3334
914
3538
3432
2453
3281
3707
2501
3551
126
2685
285
4785
3210
616
736
4463
2526
1043
2072
2681
4896
1507
3852
2141
2972
3890
3591
2063
1835
3868
1363
1772
549
2744
4016
1051
3444
449
2258
2772
1841
669
2203
1785
4602
1453
4069
3500
2771
847
570
844
3161
1788
1463
987
4254
1859
4125
4581
2692
2807
2829
1553
1279
4858
172
1310
3946
1573
3321
3907
4972
2776
2599
3625
3939
2242
3634
1654
168
2728
2789
4635
672
4149
1333
4720
2926
151
396
310
2405
1842
2701
2131
2194
170
3927
4109
3572
2901
1766
1087
1776
3049
514
814
278
1504
1472
3600
3484
4347
1953
1245
3330
1382
361
2352
40
2697
3276
3810
4160
4247
3422
2370
382
2599
4410
2510
1115
3259
906
3492
3457
4947
4639
4674
3655
1579
186
3748
1076
2
4479
4021
4929
1956
1998
2760
2527
3311
115
3530
4020
4276
3937
1503
3620
605
4607
374
3532
670
4798
2035
1078
2971
1941
1695
2257
968
533
3120
548
1614
4290
3964
2266
4440
3435
2996
3278
1721
4928
2726
3448
3423
1389
1207
4923
2797
4819
3381
1642
3560
3402
4427
2804
4395
1842
451
4180
4589
3527
4739
2574
2688
3071
4195
4573
370
2431
359
279
4886
4066
435
4092
761
3048
2491
592
1284
1331
1666
3712
1599
3899
2644
4888
2131
3519
2675
1053
4726
3346
4128
801
958
2259
1845
2519
4460
4314
1919
2730
1748
763
3742
3520
1866
4119
2624
1588
2624
150
4269
4954
2541
2097
4202
383
1678
2735
293
1079
690
3503
4758
2116
1102
3808
1695
4806
1614
1470
2774
2263
3915
2443
4990
3723
1194
3260
388
2242
3329
4140
3947
4025
1251
1477
2033
513
3899
4764
4429
2073
1202
1064
882
25
4207
2893
3293
3890
3796
2314
1120
4520
1295
3171
4567
4840
627
2048
4764
2800
574
1411
3290
305
2472
2839
1490
1548
4294
4164
2850
3555
4756
3108
4652
2481
895
4310
1229
4628
326
242
1684
3690
3358
679
3239
2205
2614
3218
4106
905
3870
3184
2277
4489
3578
4070
3193
3413
2103
2117
1561
281
1382
4340
3724
3791
3
737
2313
218
3754
370
236
3723
2725
193
719
517
2974
981
2273
289
2520
277
4338
4026
69
4137
2228
4853
3190
288
993
1655
3423
4601
2914
3850
4910
335
3578
4543
2399
2896
4971
2637
897
4411
1550
4045
10
715
3446
4748
2585
195
1629
1636
2888
921
1191
3014
3324
4759
3239
4996
4886
1806
3851
2219
3098
1632
2329
1090
3126
3035
3063
278
588
542
3922
3218
1662
3794
2354
1717
1991
1308
1925
4614
4423
3950
4474
1897
519
2488
4308
463
734
4524
2975
2984
2373
4006
200
511
2945
3912
4584
3958
567
3958
690
4659
3518
862
3781
4260
1271
2975
2248
2032
372
3144
2641
884
4802
3728
4337
1067
4668
3996
2361
4127
2572
3475
261
2043
3558
1428
4142
1194
3805
1384
3595
1116
962
2099
4013
3007
2149
327
2197
1145
4577
3832
114
3704
1853
782
1796
2694
164
4407
3023
4422
1530
3703
244
2032
3011
2842
709
4260
3149
2270
2339
4447
356
4687
826
625
3456
4843
4523
1615
2360
628
2367
397
4852
3337
1955
2636
2869
3813
1254
2802
3139
2246
639
1325
2234
565
3853
2140
3043
4318
2655
687
47
1137
2418
3648
1229
712
4692
1250
1470
1192
1505
3891
228
3356
4726
4316
3789
2121
1016
841
2957
3072
1973
3508
1652
1827
797
3838
3391
5
3901
3816
3031
4108
1975
2931
4233
4809
4701
3942
4775
740
3681
4399
1254
263
1695
1042
4566
2184
3611
3602
4551
2965
449
1
299
2624
2342
3514
1609
2319
402
67
981
2184
2436
405
2504
3814
4719
4857
2361
4135
3795
2943
1489
404
4717
1169
199
2010
4989
73
2283
4941
2549
532
2861
209
2173
2577
508
237
476
2027
798
2658
3042
1201
242
1221
3853
529
4626
705
4524
924
3013
4016
4531
1846
2613
618
4419
769
2611
3931
2670
2693
4666
4529
1691
1931
367
891
389
3243
2701
3491
1400
1942
2343
1642
1846
1716
2269
1943
4270
447
2846
2025
4387
3337
1415
3234
1490
1136
609
4065
2982
1697
2899
4389
4398
638
1794
4068
88
1161
1839
2304
3423
64
171
3297
2590
3450
2935
4411
1311
3469
4343
2103
2421
4905
2899
232
2048
573
902
3390
2673
2736
275
2987
2600
995
4010
656
263
3432
2170
1110
1954
202
4162
3445
1151
1448
2891
4053
761
4615
4675
875
3926
3834
2331
4988
1164
979
1694
1830
3658
476
2037
1446
3328
2252
845
370
4332
572
2077
318
998
2152
1303
4902
3722
1896
4495
2833
1554
1378
2012
2000
1534
4877
996
3064
2489
3848
1926
2606
4054
4885
3090
4228
3926
150
3194
2374
930
4037
268
2683
3871
3794
1340
1691
3263
4581
3941
848
2875
416
1103
3779
1900
1644
4849
4492
305
2672
2982
136
177
62
1294
3050
948
535
978
390
109
3723
998
4549
1600
1332
3288
4519
2227
1978
1360
1124
1725
3924
2289
3533
1318
920
1803
4666
2591
2970
4273
2387
4972
3293
3249
1662
1597
4476
1019
515
4892
3437
966
1360
1284
1295
375
1130
4492
1221
4537
1399
3706
3461
4981
3742
3108
3873
3754
2209
2487
4402
270
4230
1580
1394
2850
4790
2126
3346
1470
1542
2600
3823
1918
230
3811
3911
4789
2255
4999
544
1268
2033
1137
145
2811
1434
4113
374
4362
4915
4029
699
1188
454
3872
3588
1306
4903
474
1998
3870
3487
4632
1586
1466
2516
2089
740
2117
1481
3377
2069
1910
2813
1130
2584
3012
1023
1201
1453
339
4453
203
2076
2427
4892
4951
1740
294
4065
4857
2432
4957
596
2746
3318
4764
123
3725
3274
3986
3210
332
3698
602
4718
3064
116
2209
4725
3279
3771
844
3106
3244
4961
2059
4150
855
4320
718
2339
929
2761
4526
4410
2997
1024
1950
3176
3010
2951
1707
3454
3559
1746
772
659
4540
2840
3473
1641
2199
4448
3198
2773
4053
485
3873
581
1673
1596
1133
1138
687
3384
2998
2719
3630
415
4405
3957
1364
3541
4721
3941
3849
3834
2125
4554
4640
4533
4284
94
3086
3118
1532
3236
1597
1199
836
4350
1511
2623
3898
3098
1433
2826
3682
2996
402
4781
524
1394
2698
3952
1160
3786
1446
2684
1495
462
3320
124
4624
4126
3014
4627
1395
2147
4757
2820
755
4851
4696
4770
3916
2178
579
4376
4106
1346
825
3643
2149
1090
4067
966
4804
2154
807
3524
3242
3794
4545
2952
948
1264
2316
833
3089
324
1528
4846
740
83
3078
1059
2182
621
4732
2683
2788
4422
1182
4310
1503
3356
2218
4503
1133
1401
4828
1269
1633
3222
4562
4676
1431
2741
2109
471
4800
2396
101
2375
4883
3448
3757
1219
834
4838
673
846
1416
4446
2871
3152
422
3756
1648
2321
3685
1601
2546
4397
2424
949
2409
4064
1815
4017
1205
3224
1361
4731
193
4259
1548
2695
2507
1678
1120
95
2298
4734
1364
1286
872
1195
44
2024
3770
2732
2302
299
3933
4017
881
4915
2163
1912
713
2597
2869
854
4026
1881
2633
830
2236
1864
1945
481
3947
4979
593
285
1227
1927
2232
3255
3785
3556
2500
3148
197
1638
3205
30
4871
3424
535
1774
105
1991
3081
1582
3266
2068
1095
1822
454
2503
3912
1420
821
3285
4550
1902
4446
1207
3487
2854
2727
727
3158
1313
3666
1609
2032
3173
1434
636
2252
950
1840
1806
1059
4868
3435
1483
2637
4584
4659
2573
3811
220
4238
4671
1773
715
1288
935
2604
4492
1293
620
86
4542
4164
1488
2499
4221
3064
2185
4543
1014
3661
2967
4396
2038
1532
218
1679
2676
1772
4894
2592
3424
1829
2161
4684
2439
1086
1889
274
3970
3954
3140
4910
2710
1177
2430
3020
3632
2747
2042
3804
2711
1324
4972
4418
4651
636
4030
911
4741
2743
2313
3490
1804
1278
286
2000
4513
2775
494
3681
4267
2314
3936
3776
4732
3124
3522
2372
172
907
1063
2863
4808
4045
3117
855
2378
3462
2856
4382
3826
415
419
2839
1671
3254
325
3665
2688
2032
1283
2561
4320
1768
555
3197
611
2967
2215
3896
2916
2996
4337
2708
3799
1748
1984
2372
750
4167
2568
502
911
4594
4660
2690
671
958
2079
118
2667
4602
3245
1843
3338
3167
1038
380
1573
2929
2263
4775
2670
1172
1143
3732
2710
938
3858
3891
3774
352
2039
4754
3660
1583
1867
3093
999
4293
1135
1313
1388
3221
1440
3198
1658
2857
1976
2939
1038
1447
4595
2819
1832
1006
1853
87
3234
2533
4975
2808
1051
2406
1891
3632
1434
2290
1914
3364
1225
1756
4161
2492
4183
1983
2837
4517
3960
3666
2951
1309
2507
490
2926
337
3986
1475
701
1706
3488
2967
3306
444
1070
987
453
4456
191
1255
4924
1932
491
3208
795
2474
2628
4916
3932
2304
2287
1134
3977
4801
2633
4668
1990
3330
2652
3410
124
1434
3945
881
216
1850
2633
2786
4880
1763
2070
4459
4069
3837
3196
4805
421
769
3675
3864
4168
4633
393
1830
3359
3111
3807
4120
1054
1215
3889
2267
4239
3818
1671
1143
1015
1547
3039
2485
4979
1674
375
2810
2404
4920
2056
2743
3879
629
409
2728
1470
362
3076
1368
3127
608
206
1033
4410
1910
3940
1840
3639
1740
4402
2497
2671
2173
3481
4262
494
4996
1102
573
469
198
996
2646
1572
2052
3395
2513
583
1095
2484
2971
1365
4274
281
2396
2744
633
2014
1589
2766
3066
818
2569
4751
4293
464
2566
4044
1246
4850
2361
15
199
1330
4956
2743
3386
4116
1913
2343
1913
2130
3736
1723
847
3339
2122
1429
1670
2986
1182
3140
139
4431
241
2267
4785
873
990
2489
4851
4296
3507
321
1044
2725
4627
1306
4156
3984
4743
3440
2912
293
2645
4587
96
4668
4967
4869
2396
4015
3316
2897
1997
3326
683
4711
4527
883
3433
3201
680
4074
3365
408
1366
814
2891
1633
350
1274
619
2907
2657
0
406
4166
4846
785
1168
3493
1468
3708
2017
536
1105
3710
2730
361
235
3467
2764
110
1394
3624
550
2926
513
4140
961
3692
4394
2211
1923
3880
1626
2070
2784
281
3225
3796
2985
478
1550
4763
3411
3888
2063
4559
1481
3526
4244
2408
4621
335
28
4070
4536
3621
4231
4931
4875
4449
2229
1881
4842
2991
4647
4459
3495
3512
402
1860
551
2416
3182
3595
1322
4031
2766
3279
1733
2014
3636
205
3229
392
683
3044
3932
2633
516
2276
3178
1294
3799
3409
2963
1610
703
103
953
4751
520
2442
8
404
3860
4014
1746
4911
4301
4812
2457
3135
1673
4861
3994
1742
3389
1827
966
370
429
138
1556
4081
3043
2405
4281
3714
2123
3223
1031
3998
1130
456
3733
1567
3172
4257
623
4209
4102
627
3690
1750
1739
904
4016
499
3787
503
2186
2210
1906
2652
4377
3630
4792
4569
337
3940
4961
1261
4870
43
466
1613
4300
3708
4499
3117
3464
4728
4494
4103
2299
1045
3683
3255
4491
197
695
4339
1672
2616
1832
4656
27
2628
2148
3994
4878
4584
96
3212
1167
1493
1631
4372
2299
3073
438
3176
1973
1674
2379
4288
2522
193
4217
3097
2489
3191
1981
2790
2061
2626
4510
4419
407
2416
1901
1402
4411
1323
1367
4792
2633
380
3697
1422
4472
2142
359
4810
88
2556
3897
112
4487
2693
741
1724
2161
684
4678
2216
2929
4648
563
1464
4914
1430
4358
1511
1173
1232
3047
1293
371
3038
2344
2497
823
545
2095
4128
4582
3463
2312
2934
392
1625
3885
4098
3221
2840
2423
361
2057
1867
4569
238
293
3957
3130
2581
4264
3899
2746
1997
240
3547
931
11
1725
1300
118
3864
1668
4178
548
2513
3131
4184
3738
4779
2436
4340
4391
323
4994
1317
1024
2308
3229
2712
2516
3699
1715
4025
3212
2963
935
1568
1436
3699
997
2302
2633
572
155
4275
296
1351
1897
1931
4249
2612
2674
3306
4583
1414
1007
3940
3477
1688
4119
1379
1308
317
2628
276
404
1923
3411
2146
4269
726
2183
4688
924
101
1472
419
4672
4315
1405
979
182
3169
804
899
4210
4196
2464
4789
1382
3663
4210
111
846
2157
432
3308
1953
3851
3189
4192
3327
323
3310
1842
579
3872
4647
1533
1038
2921
3070
130
4027
2819
3316
3309
1647
2805
1148
3772
267
2904
1009
4253
780
3045
4042
2763
2479
1509
2729
1011
770
2903
684
2010
4854
987
4466
4290
433
1870
3636
3609
4191
4287
3816
4373
298
3804
2949
2877
4211
2502
3830
4346
1216
3269
31
171
1402
4495
3185
4643
2868
2130
512
2143
2477
2078
1516
648
1589
1209
3657
4447
4117
2870
83
1476
1897
90
1731
3029
667
1007
4452
2978
4106
1539
2231
346
4339
3883
4803
3308
1833
1299
1363
1200
86
1766
2465
3663
2842
8
4933
31
2798
4291
2406
4107
4015
2233
2300
3532
2266
2286
4246
1924
1441
41
4137
1580
882
1599
1680
3508
1810
4244
4998
131
197
881
440
2246
2715
4675
1019
838
3659
1339
19
3523
298
4696
882
1993
2353
3589
1772
558
1763
1241
4833
2323
4398
3870
3644
4140
1816
535
2119
2414
987
1209
3933
780
3938
3981
4974
1935
1482
2553
3829
4288
311
2043
1688
955
4041
2823
4051
3876
3915
3586
2315
4101
1884
3890
3749
576
2940
1426
1152
519
222
1921
923
3351
2944
1379
3999
4788
2575
11
2995
426
2608
4220
4636
854
2173
2289
4963
1858
4391
4653
1930
4726
1898
3822
3948
1201
1064
3694
3572
2996
219
944
2873
3527
3142
2213
4593
3547
562
3355
4195
2673
232
2124
4592
4396
3475
1549
4056
4614
1396
4278
3094
607
4698
1256
1149
2496
719
1307
164
2801
2361
495
60
136
57
4081
3432
2342
4680
4421
3618
3488
2439
2158
19
668
2166
2649
4469
1193
4141
2251
945
3797
4458
942
90
3894
923
1789
4855
2722
2360
199
302
4130
3358
1560
228
4355
2190
766
1617
3975
2174
2886
504
2808
2729
2309
2791
4924
2309
1649
3117
2166
757
3534
4675
4059
454
925
3108
4063
3961
2579
4328
1498
3778
2981
1387
1509
4818
801
3465
1688
1573
4116
529
871
4514
3507
3896
578
627
3908
1616
163
1891
451
4607
4026
2057
676
286
3241
4794
4703
3038
2661
4407
4716
1425
2835
88
390
4925
176
4500
3389
3687
3909
4671
596
4286
4445
97
3289
2493
3391
4115
4836
3845
2524
2008
1637
3931
1102
97
4928
3285
1232
2667
4710
3135
2638
4498
700
4655
4509
2603
4099
3428
4913
4988
3788
3374
289
908
4283
2628
286
1524
635
3226
324
4448
3924
2418
4247
579
1318
4126
4004
4428
1227
3304
344
3514
3675
3870
4248
4747
3876
2421
1069
3650
3455
1400
2063
3629
1538
3991
2317
153
4620
4471
3433
1787
853
2720
0
1331
2290
3188
716
823
1252
4878
1949
1248
3599
2377
539
477
260
2824
4198
2985
723
4156
2606
500
2771
1517
4768
1806
3031
4698
146
2199
4935
1414
947
1515
535
1051
825
2058
3956
2432
1487
4706
2306
4526
140
2927
4200
4582
4342
3786
4481
112
4433
2180
287
3674
897
89
2122
366
4867
2350
4570
284
1718
815
38
1516
133
4980
4221
2266
3173
3711
2611
5
1940
4548
677
3913
1224
1709
4619
966
4754
315
4375
4152
654
4725
2942
802
313
3012
2738
2976
2773
727
3175
1776
1489
1602
4963
452
2384
1815
3302
1075
2357
110
996
3511
681
4258
3009
4839
857
1369
3815
3492
1768
4504
811
392
1454
3146
358
4990
3538
1940
4998
1155
52
3255
4022
625
2792
4825
1160
68
586
3262
4990
3856
95
2679
502
4860
3170
2084
4046
4945
3000
359
1622
3456
32
217
2620
1028
1369
3952
97
2686
1466
3868
2105
700
2139
1059
2882
870
2976
3282
2332
1199
3844
1117
4313
4238
2601
128
4825
4553
4992
3138
924
1846
1843
3494
4623
2412
3979
766
4435
1604
384
4975
2396
1463
1967
1593
3266
3347
4544
3679
818
4698
1221
3997
1621
2166
4300
227
396
1798
3867
3021
4106
4169
4093
2632
2033
1113
2731
4212
2321
1092
4451
3219
55
147
983
897
4983
207
1383
2788
3610
2364
1387
2927
2166
2298
4137
1183
4547
4654
3204
2922
4104
3479
4843
4974
2977
3349
1406
4700
4901
1325
3582
3592
755
2810
457
3212
3346
3582
1249
4340
1754
828
1867
103
136
735
1858
4838
3219
1817
2553
130
2223
1291
2210
4262
682
755
476
64
3519
4443
3767
99
1179
2859
4805
4941
3287
551
1841
749
4799
1027
3389
782
2377
4126
2816
4130
3797
2774
3883
1002
519
3547
1423
2959
2122
4601
2066
1171
4473
608
101
897
2572
305
1466
327
950
4900
2049
4731
4192
2368
1645
1039
3350
4781
1848
754
2354
239
133
30
3974
2667
1407
1323
3931
4118
2423
2858
586
3568
4011
2426
1078
1371
4421
2311
1756
3994
1173
4040
2853
4559
4907
1413
1187
682
333
2710
2863
590
4022
1775
4188
2012
2768
2975
3006
2156
2158
1384
2941
4742
4356
871
2230
484
122
1673
2767
4196
230
925
2570
637
4343
3844
731
4037
4431
203
3840
3866
4016
2729
2257
3241
1887
432
3531
167
2379
481
4919
4103
2172
4083
4333
2836
2483
3363
590
722
1393
1945
18
1417
4465
4679
4308
919
4189
1571
870
2116
3283
3443
2267
6
2093
4144
3844
4619
4793
2808
1428
3683
1804
1242
3317
4308
2481
2806
2049
2354
876
4872
2992
4697
4775
1737
1839
3981
4264
3152
2950
1220
4598
1841
3186
1658
1028
2882
1602
4124
362
1420
2929
2811
2725
3607
3261
1240
3924
2450
3925
2796
3389
1400
4305
4029
3448
2390
2185
2009
1691
3970
4522
1043
3829
841
4639
9
3344
1956
2789
1396
1061
4455
2025
172
3687
4427
628
1106
111
542
1708
528
66
168
497
2993
1612
4454
2425
1152
1945
4931
270
2179
4763
3645
418
2204
2776
2525
3433
1505
3829
1427
3494
1557
3879
51
4403
1673
1952
1420
3524
3704
832
4112
316
3093
3904
2115
1925
34
1027
4267
4423
4012
2408
2111
411
174
696
4885
1605
27
594
2704
856
2294
2575
3995
1162
464
4194
3933
944
2235
1540
1920
3604
3565
2043
3700
4232
4065
732
818
3144
4007
4206
4200
4673
4352
2231
4143
3022
1163
3236
167
394
1558
81
3119
370
3892
4758
3357
1102
3641
4561
1696
2516
282
4987
242
1181
381
4158
3435
1205
108
2293
1715
3315
165
2765
2417
207
2611
3284
1440
3629
4658
4044
1193
142
1013
2956
1829
2333
824
1307
3601
1609
3436
3414
1724
3054
1222
1726
1558
3998
978
3651
1293
4327
2875
3399
1213
3694
1567
3789
1185
4276
1657
1665
258
1643
2592
2113
2461
2843
2759
3611
2364
1410
1996
3253
115
4930
2393
3358
4704
1806
1933
1486
3915
4274
4392
3287
1240
4154
1601
4071
3213
1259
203
4374
4634
4397
2480
2561
66
1828
3307
4786
441
3927
575
3640
2587
120
1401
4031
3157
1090
198
4699
4158
2745
3814
560
4132
1385
2070
3249
7
1469
4941
1010
4700
2988
1137
318
2047
4220
1663
1264
1054
4707
3629
734
1460
2717
1416
1217
3180
3178
4929
315
4181
3158
3848
2236
1210
4061
3725
4007
38
2095
167
4361
1834
3672
2395
1410
597
772
2623
3549
3317
1453
3981
3180
2467
4189
4147
969
587
1418
4183
1853
1177
2488
1942
1383
90
284
2465
2173
255
3957
1471
3761
1719
3512
2782
114
240
322
4572
3021
3396
4044
3286
274
702
691
3046
4785
2386
3026
2498
2791
331
304
3132
4704
1201
827
1685
4781
1062
1636
792
4371
3224
4605
2638
426
3967
4217
1608
1137
1953
3413
127
4514
812
1610
2025
4062
388
2136
4583
2412
1922
4066
2324
743
1265
1453
2145
3424
1090
3518
1415
823
2872
4476
481
2043
4939
3091
2248
1028
1219
4814
686
3840
2818
2541
1291
1705
3392
4763
2430
2274
189
873
2529
3673
572
1503
2288
3124
1943
2625
2637
3933
700
2879
1019
1096
3755
2420
4299
1739
4921
3659
3917
231
1407
246
2157
4308
67
1514
4006
1405
2013
2707
817
1690
4957
4776
3932
2266
1273
2110
2785
2886
2242
2865
549
385
2610
4094
390
2160
3202
1939
4443
4178
3392
970
4303
4696
615
3782
4318
3998
4665
2558
3793
4883
1724
4647
3548
3995
4654
3079
4604
2132
1198
3905
3797
3606
869
1674
2386
80
3459
4190
2917
1974
2674
2542
807
4805
4574
3323
3374
3690
1989
3906
2118
406
254
2844
20
4146
1009
3067
204
1570
942
4012
4718
1626
2150
1243
1183
154
3259
1113
4087
3794
3934
41
2623
2230
4252
3972
3554
4760
4916
3575
3699
18
3640
97
2450
4372
1655
1150
509
1736
2565
4939
895
2639
4815
1997
1410
3763
239
1981
4729
4219
4974
4762
2881
4453
4580
1084
4697
1041
469
1376
3122
1778
1832
961
681
957
1421
2607
1447
202
2739
362
961
722
4141
4950
4719
4311
2330
4253
1031
2130
2019
3239
2970
3576
2595
3281
1980
4876
2627
2450
2529
352
4811
2280
441
71
4946
1250
1265
3833
1219
4923
3262
2843
3950
1243
414
1311
285
3397
4264
4533
1420
4926
2928
180
3238
4440
3765
1678
3983
3744
256
2706
4444
4159
3016
2593
2534
4665
3085
3512
4680
4705
3356
4602
986
3024
3758
337
3491
4102
3544
4620
1607
3583
4478
1342
2824
4001
3079
2975
2319
2302
3231
791
215
3584
2263
3420
2435
2185
1262
1036
4564
2016
2405
450
3960
3186
1883
2734
1795
4820
375
4231
4894
4999
2944
2861
3593
4387
193
4613
4624
2015
2751
3294
3755
3186
2563
1885
577
4196
2594
3111
2657
3675
4527
3576
2149
2368
4841
1351
2292
1374
2831
2760
2546
2762
1026
789
3516
4160
2490
196
1002
4943
22
189
3850
2276
3529
3262
4809
1295
262
1620
1160
4277
2962
3888
4225
1511
1563
1235
3973
4216
1952
1931
611
2389
4736
4882
1961
2807
246
340
3764
1530
4081
3663
3962
1977
3881
1525
3729
578
4050
1047
1649
2476
513
1709
1031
3353
4167
4935
3736
2319
86
71
3367
4994
2162
744
2
4489
56
1924
2783
1005
3468
1889
3762
1021
1185
4224
3388
3751
538
3347
4039
2858
4252
1736
767
2078
442
800
1529
412
158
1763
2471
2054
1989
1250
3166
1215
2628
1885
3765
1150
2107
2698
1102
4533
4305
4861
2299
449
4778
463
2084
1563
134
3312
2475
2967
3830
1655
2477
1231
1449
4273
3611
3370
1259
2800
4890
3393
634
1785
4787
3812
2105
1172
3525
41
2442
3025
3311
206
2268
3304
139
3853
3227
2256
51
954
789
2061
1380
929
4459
1679
4915
444
804
4108
2534
149
3472
1103
3016
1829
337
2641
3230
1321
977
353
3859
1195
2858
104
1401
389
2422
1516
4311
4596
3269
982
1066
3572
1059
4736
1728
4887
2759
311
1845
339
1369
3579
4355
192
3833
2534
515
914
2661
2359
102
2133
1034
1550
3648
1190
2927
4350
409
1571
963
496
2513
4156
327
3180
384
4426
1401
1764
4946
241
4108
4079
478
169
907
4611
3194
2401
1262
172
2818
4064
2746
4688
3596
1799
1174
659
273
1871
2119
2845
189
1156
1892
3557
845
1651
2817
485
2646
319
4581
4179
2074
487
2178
1691
2233
1794
3808
395
2564
2429
3944
3476
2627
1126
859
2759
1645
3739
4241
174
4237
4429
4479
2930
2572
3998
580
646
204
4038
2868
4639
2113
4311
1558
418
4163
316
4735
2000
4720
2899
4651
3816
2930
3928
2707
3802
4368
1294
4165
1295
4892
3033
1522
884
844
4047
3190
818
267
4085
1500
3284
2354
874
4070
2574
4581
932
3554
1239
3325
2520
1510
210
1601
326
1320
2483
4846
2028
4116
619
2849
128
4130
2237
1558
1833
3449
3433
4446
3745
956
1666
2349
614
755
2036
1417
1281
3138
870
2650
1861
2689
2877
1798
1443
4670
887
2960
3994
1438
789
3122
2289
1455
729
4583
71
2933
474
3362
4554
1862
4554
42
3739
2702
3562
3786
1495
2279
1274
272
2149
4389
3883
4179
2454
2303
2902
3965
990
3836
4702
2133
4919
3721
1947
4180
3308
3472
2751
3643
3090
4622
3314
3846
4227
2001
695
2630
2060
1893
3344
1231
3720
2875
3937
416
4536
4509
4069
4333
4111
2721
4362
1966
4930
4788
2701
3919
3018
687
4984
653
697
3518
4951
2230
4825
1665
4362
142
4733
4095
3210
4048
968
3910
3230
2860
103
267
3619
1164
4171
2446
1095
309
3762
498
62
4027
90
804
2444
4723
952
4603
2779
1739
1976
4805
36
3057
773
33
4134
184
957
2117
4761
1743
1529
765
2125
4227
4772
686
4308
4508
3508
2319
3685
862
2134
1740
234
502
3527
3955
4774
2025
13
164
4351
4834
4713
1470
1804
4597
1035
3878
2122
339
4958
4686
3529
2933
2866
935
4397
4814
1610
3622
2167
1880
638
3104
2821
305
4620
2170
3730
2743
3217
1316
4754
27
421
4280
2978
3073
1255
1600
3961
1714
3258
1906
3957
2589
3281
3235
322
3308
4034
1185
2429
4432
711
2395
4501
1751
3435
3707
1790
1004
3141
2567
4532
4456
3764
984
422
4458
2848
104
3716
1426
3395
627
2325
3557
3494
4730
4305
3869
3678
2595
3502
3806
602
1280
638
4539
3634
4676
2951
1627
1461
4219
4905
1070
4183
23
1670
3715
4527
1416
2621
1074
128
3137
1435
2120
3395
2817
3951
2703
4579
3857
3330
2011
3267
3394
4166
276
2631
4144
3093
2257
1511
3357
1329
4784
2350
3087
2272
3415
4704
477
1221
315
4152
2629
2921
1312
3072
2597
3312
993
3282
3191
3100
4201
621
1901
486
2756
4988
4024
3158
781
257
2865
953
924
4376
4139
2177
2330
1699
3796
3651
1281
1912
623
4010
267
3868
3052
3316
293
4201
2199
2741
2691
4791
4799
2341
2888
3395
1489
1265
4950
3909
4343
1046
2631
464
3279
1850
778
421
3159
4182
4295
1570
3499
2046
749
1110
338
3282
2886
2641
3372
4898
2138
312
3369
1268
895
2495
4260
1484
4933
3620
1977
4144
4904
974
3535
1040
3249
1714
1372
2242
4076
3621
58
1515
2551
4318
2803
2741
1235
1865
2032
1012
818
2718
1514
2625
69
2532
3737
4210
1233
4252
2747
936
4478
4383
884
2136
2406
411
3063
3182
4595
2141
3264
4738
3161
4872
982
2935
3393
2935
457
392
3335
4443
1735
3950
333
4899
741
3985
3039
915
4197
4740
4406
4094
2944
293
2368
4591
3731
1193
1394
3122
3876
1619
4508
2843
3696
717
1980
4397
3000
2616
911
725
3268
1235
3377
4539
1760
222
979
695
358
3688
123
1265
3817
4308
1215
655
1901
4561
3446
412
3947
2086
850
2109
4744
1541
2081
2519
48
3939
3576
292
3462
2131
1630
4691
3062
1486
3541
1114
3173
3225
1492
2340
2354
1167
3892
2454
2784
1564
3873
1686
737
3157
1728
2219
1062
918
1081
4793
3693
2189
3326
2403
4412
1680
1966
290
2855
2257
1253
2417
3902
3886
396
4694
3287
2609
4776
4349
644
629
105
4863
1243
419
3615
4054
2277
2255
2168
1773
457
14
2327
17
1259
3332
2470
461
4473
1426
4494
474
2564
3398
3514
1186
4703
3391
3834
2823
292
438
946
3901
2389
2357
3452
755
3364
2843
1443
2954
2354
1156
999
1473
499
2479
3423
1081
617
2459
28
4947
2430
4757
2709
4090
1440
1865
4899
2045
13
2870
1318
4827
3911
4692
1038
4703
2529
659
2320
1540
2366
2026
4701
4316
2855
502
3576
205
4922
1309
2686
2308
2725
4363
3849
1230
682
2607
3965
1039
4630
1436
2863
4652
2188
2517
3897
3256
3978
1584
3917
1854
2546
3211
1426
2457
2573
4782
3829
4396
4197
4046
1126
446
1450
2511
3185
739
2134
1522
640
3706
482
2244
4858
746
4386
3131
1365
3354
2622
1893
2826
2291
2115
2325
2453
4100
3614
3246
3036
2216
3128
3547
4822
3612
1138
1750
1509
749
4492
3083
2744
1302
4730
4165
455
3986
3163
3598
2218
4678
4699
112
1617
57
2591
4033
3933
187
102
2991
4353
3079
614
1612
1067
3350
4850
379
4460
2599
181
2509
3721
610
4583
2852
2533
3311
4995
3502
3794
3564
1976
3558
3820
3649
3572
3483
474
4707
1084
2921
4683
2929
3169
3406
2041
2420
2991
3872
4724
783
4425
3162
3130
1631
186
2207
969
633
4613
2465
2199
753
2413
1509
3022
2933
3328
1925
4251
2414
4309
1712
3404
1811
3060
4371
4390
2902
1995
96
859
2988
3302
248
3182
2493
3219
3183
1638
1168
2525
397
2744
1960
32
632
224
1021
4785
1477
3615
584
108
3229
3576
1964
3065
1049
4687
3458
4178
1352
2976
2856
3596
3324
4938
2088
4925
1000
1916
1973
2908
3254
4725
2109
3910
1359
3342
945
235
1026
2681
3892
3370
1067
1704
2440
757
2914
591
1709
113
3543
3930
2572
753
2969
2418
3537
944
2181
3596
1654
96
4703
2272
158
4838
618
4542
1408
2488
4054
3934
2034
2556
3189
2433
3707
3153
3083
2402
2160
2291
4262
1035
4231
4950
1282
3691
4136
949
1347
2016
3087
2279
2304
365
3109
583
2605
2424
1610
2489
1835
3407
1404
1763
2425
2060
3241
176
2899
3512
3047
3693
1272
4360
3593
745
3671
423
3890
3281
1637
3320
3269
3710
2491
3764
3349
4022
4486
4092
498
1397
1841
3530
2372
1681
1831
4322
1853
3759
2977
3528
1067
283
998
243
3899
2507
2711
1612
53
1719
735
1734
3663
3795
323
3079
2060
437
3413
4765
1348
4775
1439
2469
2684
2598
319
3285
388
4622
2069
3415
972
2893
4965
3203
1909
881
226
2396
2843
107
2405
1814
3129
3511
3936
2298
1812
484
4372
323
3404
4979
4726
1589
3120
3354
2695
823
147
4264
2121
4513
2273
1394
2869
165
768
2500
562
939
1217
2424
2467
4099
4286
137
2684
357
4609
3214
389
3434
2982
830
2710
1123
4725
2609
3001
4843
4712
4051
4369
4376
2481
307
3991
4618
4596
2373
3885
1278
4333
5
785
2595
1151
3915
3590
2940
3225
883
2610
2742
359
221
4359
1509
4551
2060
2807
3404
1814
3862
231
3566
4375
4531
1718
2278
808
1298
2232
1597
3107
4444
968
1063
2728
198
2633
1745
765
1634
4559
309
3557
4997
647
1715
3435
2111
4065
1698
4067
4482
3348
231
3205
1759
3517
424
1498
4869
2512
3062
1015
4028
4012
302
4802
1646
810
102
4596
659
829
2629
489
2301
29
3984
2029
343
3880
2988
272
2309
3633
1067
360
3876
4487
4873
1817
2088
3749
587
3626
2457
3959
3662
1641
2789
4138
3204
4596
1390
863
4147
1390
4405
4598
90
4051
3778
646
1284
2885
4348
2604
2968
3615
909
4744
3157
4151
4593
2590
1875
3105
826
2505
24
3362
2785
3148
1815
3039
1948
224
179
3569
1285
2464
1196
446
3092
330
397
799
537
4212
1853
643
4766
817
4783
2073
3393
2395
1224
4707
4795
465
1392
3646
2301
754
3394
3210
3275
2247
1252
3454
102
4219
2617
4610
2388
2837
1367
1495
1695
3347
2185
584
3269
878
1350
484
2641
1424
824
2148
1291
3019
2372
33
381
971
277
2380
3936
622
3595
2896
2964
134
810
4914
3705
2697
4678
524
1144
831
1681
943
3663
900
3097
2490
4020
1842
136
557
651
1237
4125
4805
3867
3061
3935
1799
2843
4581
4327
4572
1346
3855
2060
1984
993
2842
2481
4482
692
5000
1707
1576
3587
3063
1633
2769
4416
3816
2782
1815
3826
2012
4548
2544
2583
1750
2381
1637
3906
2354
1467
2417
2312
3605
2502
3861
2785
773
1959
2200
4828
1498
3866
2867
3980
528
3698
567
1134
3766
4854
865
3452
2167
4386
4150
4305
1383
2639
4963
59
965
4287
1553
1233
3845
497
3816
375
4063
2979
1678
4519
3079
218
2491
4114
2553
3577
4749
3918
3310
2205
3164
839
4196
3149
144
2942
574
1324
1160
2321
1240
4319
1590
3208
4487
1892
4932
3394
2965
242
4868
4490
345
4022
2800
1991
102
2395
2669
2947
206
4660
774
3487
4872
667
2891
602
2369
4788
483
2933
2821
2518
4147
3155
3484
3810
4028
508
4869
3022
3186
167
2368
3379
2411
4227
1818
356
1697
334
4769
4930
1861
3268
2880
684
1373
244
270
4878
1827
2665
2666
4722
4687
67
4541
1900
2109
1986
4038
2822
3716
4880
3949
311
4426
1368
3277
268
3627
1586
1972
3257
936
4496
4992
1041
509
3897
2832
4686
729
4097
3920
4046
4062
2865
4304
4592
317
438
4531
3196
3691
1400
3036
845
4151
3091
4630
4993
3135
3407
4226
4575
3867
36
3610
4737
2992
4919
4322
4537
4933
370
2089
3477
2295
1732
3798
4307
4042
1967
179
3812
2369
1811
1172
4778
3713
3831
4379
2322
724
2120
2676
3689
3548
2429
1086
1805
2185
1702
3937
2963
2322
1804
851
4821
879
4663
2686
255
1800
428
1092
2239
4155
4020
4151
553
1843
32
2914
13
2455
1802
2804
2565
827
1406
1453
4693
1805
2533
3769
4749
4533
4793
3554
1391
3508
1034
149
3114
4931
830
1270
4581
292
2900
1979
4439
1047
1486
1698
2725
1887
3670
3673
1916
1421
3170
3515
369
4901
3250
4110
2331
1748
1898
4473
2508
2259
2206
929
1615
2004
2327
2749
2878
4120
2333
3460
1085
4741
2942
3814
3444
1914
266
3941
504
2924
2812
835
3239
4048
207
142
1248
469
349
3309
4349
2139
489
4818
4370
109
2407
3815
2856
4551
3404
2622
1267
2091
1525
2077
4632
4567
2784
61
1207
2618
1511
4718
84
3959
1352
1107
3730
1346
4469
161
3565
838
105
63
2091
4311
3038
592
3066
3132
637
133
1094
1117
2693
2176
1910
1833
4006
2116
4942
3694
323
2581
1412
4222
4671
3826
4326
3316
4155
3090
4289
1719
4412
1534
2242
2838
3791
620
4868
259
3427
4962
2338
3675
3080
3687
2367
2114
1739
28
805
57
3319
1340
4625
2618
2787
2434
3105
2360
1265
4778
2318
4076
4027
718
877
323
2940
1095
4360
3340
3961
4376
543
94
3850
2370
2215
4998
163
2652
4317
43
3815
3825
4077
112
2301
502
1999
3067
2639
1956
885
2131
357
2739
4001
2403
4945
2773
985
1157
4805
1896
3359
673
3388
4125
3338
4636
4548
4200
1675
4136
430
1924
4378
2648
1080
4144
1344
3129
1953
3881
4652
289
1436
1250
474
1432
2372
4138
2407
4618
4475
3609
1123
1715
2072
484
895
2628
4398
3852
1752
1236
1838
3272
663
2051
2134
236
3791
1288
626
4378
897
1655
3653
4347
2829
11
2718
4957
4055
4660
1634
3883
4939
2211
2528
2921
1867
2843
2027
1962
1936
2236
269
1267
3738
2784
304
3151
428
980
2531
1213
1945
3404
1209
4012
4682
4672
401
3343
1093
4256
3061
4446
1177
3287
2244
344
4870
4687
2443
584
2294
536
1078
2427
1551
13
4145
3928
3751
4472
1360
3413
456
1288
1986
4587
516
4072
2854
4135
1099
1648
1453
170
4082
3337
761
4378
1182
4161
3929
2030
1563
683
3323
3579
349
1666
4049
1026
994
1268
3628
3533
2922
4511
1397
367
3206
3442
888
2059
219
3929
1123
2849
3766
1283
4613
3382
3747
473
4534
1402
4922
857
4433
3423
2889
4667
673
844
1448
1819
1920
4484
1011
4402
1429
1223
660
2424
3681
3126
3756
2308
590
4263
863
2579
2354
906
3640
4451
3228
1370
3892
4560
3430
550
59
4073
4857
4996
1625
3967
3097
874
87
4031
4611
4046
4173
652
4775
2151
3789
3758
4260
2594
1929
20
2732
4522
2420
4699
1967
3165
1673
2762
4769
1897
524
834
2208
3266
1571
4989
4204
4318
4393
1840
1959
467
2399
3932
0
3711
2875
1234
3700
2541
3135
1948
1487
2409
1946
3333
3996
3623
1201
1090
2749
4484
4125
1851
1579
3009
1294
313
4696
2222
1994
3573
824
3626
3250
2144
1989
1546
1935
253
3718
4425
1748
4290
4234
2553
2389
4397
4951
3494
5000
2791
3310
573
3661
205
4679
4796
2520
638
4076
2622
3088
48
1349
3607
1092
379
4380
3372
752
1877
4381
424
147
744
2216
205
4207
2963
4258
650
4775
4363
4545
4712
3179
4630
4479
3780
4257
3253
3265
1245
4281
2205
2682
804
3922
2841
2013
3499
193
337
2866
1245
1476
1341
2047
1894
3118
303
1959
475
3358
3200
368
4722
2577
1426
3
4534
66
2702
2085
4412
4457
3776
1879
4007
2536
229
240
1756
1727
2948
4882
2737
2510
841
832
4892
2182
1641
4904
2917
209
1154
3985
2248
252
1888
891
2751
2776
3263
4941
2092
4511
1309
653
4261
4383
4894
3941
1363
1337
1749
1622
3560
4909
20
1844
3375
4843
606
1949
2602
89
4409
4965
2655
1978
3839
3988
3388
4489
2538
110
404
1071
4830
1009
1202
1376
4828
392
3487
4094
4441
2997
1949
3440
2120
3888
2523
3413
3158
1691
4380
1367
4943
843
1475
4852
3177
2486
4564
412
4265
223
3332
4965
3611
1221
4606
4487
3202
3186
771
2212
3705
3371
2064
3210
4901
4325
612
200
4969
1188
3373
2250
4360
1506
3439
2424
594
4995
2008
1246
4030
4370
579
836
556
4134
1275
3881
4486
870
2356
4049
754
2798
4229
1783
1431
766
1433
688
2300
4417
3414
3989
1812
3986
4483
2654
4954
4132
2903
883
1949
1805
4584
3026
784
4528
4472
174
2919
1208
2759
3515
4882
4341
4505
2042
2151
2380
3766
965
4694
3639
4746
2326
483
4606
3095
2673
1866
3482
4116
1492
725
832
1374
1939
2202
3086
1316
1976
410
2236
4446
884
2566
4321
1612
2706
3565
2747
2673
4580
1961
136
164
3633
2336
3699
1440
947
2924
4832
4825
703
4848
497
2315
3536
1813
1483
466
4007
896
1153
3889
4487
4853
4787
2949
696
1001
603
3372
612
1151
505
1156
1500
3321
1724
1835
2851
4279
1995
3359
2460
86
617
159
2362
1858
4669
3491
1402
3414
2840
3355
26
1113
3237
4869
2400
823
4947
1146
4879
1603
4349
330
4319
2643
201
3081
1390
1888
3069
1127
2126
4083
2532
3847
4744
1900
51
598
4194
2691
576
4351
2157
3457
817
3038
1142
2620
2729
1952
566
3692
828
3542
2121
473
4487
706
782
1455
1393
3197
1280
1224
730
2762
4452
4201
3029
13
362
3752
4787
1607
4119
4649
2476
3791
959
3490
1785
2797
4679
4979
1209
1199
4483
1971
247
3571
730
156
3840
742
597
2902
1438
2890
3683
2780
1812
1749
1114
3548
1904
2547
4679
2271
2407
4503
2235
1006
4573
1051
1146
376
3514
94
4125
1183
2590
4754
3637
1981
3160
2282
2589
2119
3814
3184
2212
2539
3351
1324
2624
3490
2306
4818
344
977
3240
1842
3865
1892
986
4786
3464
2580
3412
3780
3857
3332
1168
2745
387
2717
2500
4613
1651
1925
458
4033
4072
1925
1200
533
4818
1034
1625
4797
2169
2541
3294
2952
916
1869
3691
3455
2979
2149
3436
4044
1491
1847
3083
956
875
4551
4265
3203
845
2581
809
882
3292
4901
1888
3895
3950
1020
2862
4103
2022
781
3134
580
2972
3659
4427
4088
4732
4248
4423
809
562
1686
965
4868
168
4489
4410
511
2424
2126
4812
3386
956
1007
4501
251
847
4570
568
2071
2525
2142
315
1812
1589
4208
98
3408
3975
2924
1507
2805
608
3909
1990
4993
54
2249
4221
3385
4609
1993
2118
2327
1498
1010
4092
976
4253
3903
2582
3825
1826
4997
1065
2039
2841
2525
1261
3065
2854
1541
2375
2321
2388
3255
4387
3887
2735
50
1015
1973
4773
470
2043
3733
436
359
1648
2910
4556
1687
4074
1585
1442
3757
3396
1678
1237
547
1814
3829
379
541
4885
2622
3081
53
521
448
2205
4762
494
1424
3502
3787
589
3159
3250
3229
20
2278
2906
790
2247
4344
3412
3551
3568
2916
3085
2671
609
4137
2019
3039
337
465
1027
1258
3087
2684
2420
2972
3006
2065
4169
3265
4739
1013
2086
1530
1122
1578
285
1788
688
2695
3962
1437
2376
3986
3507
2024
767
2504
1757
4352
3332
2256
2522
2364
4071
3127
1873
4834
3045
433
3786
3358
845
625
2827
245
168
4907
4102
12
4285
2614
565
3458
4910
2699
4876
4167
4562
1002
614
3521
3028
1679
3275
2535
3961
674
2250
993
2857
4592
3461
4223
2323
3120
42
609
1352
156
4168
3918
749
2418
915
3847
3008
4980
1719
3023
901
1984
2842
4680
99
4602
2210
4052
147
4038
1226
3858
3542
4336
2332
3426
2919
3986
1240
3019
2010
2684
4671
2533
4946
3301
1350
3877
2334
1127
3122
2069
4744
4489
278
4402
1782
1298
2880
2021
4343
107
2854
9
2924
1637
3110
1822
3378
1570
855
875
4806
312
2895
1024
978
1364
1551
402
620
4742
1381
1771
2706
2019
3740
2875
3609
1705
4422
2087
4797
1254
2829
1430
4788
2911
2242
1351
4987
4427
4976
2623
859
2985
3913
3085
2734
2850
4113
2471
183
1806
500
2822
3264
2249
3181
4699
322
1059
3915
4104
1148
306
2640
3321
3858
3794
3338
1248
1021
4173
4176
4916
3983
857
1681
4941
304
532
2249
4818
3588
3567
1098
266
2341
515
4859
2059
1371
2128
3378
2090
3910
3415
1092
240
3305
2868
4752
3011
2388
3157
2581
1942
1630
3121
4656
4411
2984
2083
1349
4089
1147
296
4416
3003
1758
3917
4106
4631
3993
844
4442
3015
4930
515
6
693
4646
1888
2558
1167
3568
4440
3913
3852
4245
3739
285
3165
4457
649
828
1786
4957
3756
634
284
2276
3316
1181
152
1982
2981
2766
2054
1878
2792
3940
2791
4484
4722
1201
1549
3966
713
3608
3755
4039
2073
4193
4
2736
4703
2948
3077
1824
4938
639
4505
1433
2300
3160
2219
647
4261
3140
1251
223
2090
4698
3218
4276
2055
4837
1080
3842
1204
3348
911
3744
1786
3512
2789
4569
3880
4551
3485
4364
1007
2521
2877
2855
4635
1991
4043
1780
1877
2668
3825
3665
3534
2459
3911
4341
725
4218
1807
1947
1699
3230
4347
4465
540
1444
2275
2563
3099
141
3695
1345
1332
490
3370
266
4136
3139
3887
3354
4503
3997
4720
1522
3709
1811
4783
4276
225
237
4643
4394
3818
4682
1349
799
2251
3081
363
2480
3318
173
1221
2630
1349
576
4958
454
4366
3503
4972
4670
1430
3684
1574
3408
1115
1779
4116
4641
697
2638
2525
2346
12
3371
2427
3427
4750
2844
4314
2043
4789
1620
3626
689
430
4134
2723
2858
3290
1751
2322
2697
4082
802
1783
2159
685
1853
677
3594
263
4047
4617
3785
2520
1805
2669
2438
682
4469
642
323
4728
4548
4491
157
567
4864
1632
2597
2197
2770
422
4602
663
467
2714
42
1626
720
4589
4256
2539
2667
4671
1424
1920
2891
4690
1233
2316
1299
3578
2304
4519
3350
2020
1084
269
4015
1789
264
712
2769
3815
2400
2039
2855
3944
1585
3137
3949
1530
4750
2849
3230
2487
986
1395
3949
3565
230
2930
4743
486
562
251
1037
4077
1080
2711
804
3063
211
4262
3482
3828
2809
4370
2454
4515
5
3288
217
277
4420
1555
82
1362
378
951
2649
2439
2066
2557
2645
2428
431
2683
2353
1159
234
3346
922
432
1863
3973
1527
4027
877
618
1987
464
4617
3467
1279
1965
2142
2876
3689
645
2316
4929
843
4760
4475
4160
140
2572
3458
4330
837
320
3825
2680
934
3287
4869
4533
4758
4947
2431
3372
4738
1069
411
2511
2472
1605
425
2533
4970
4449
6
671
3195
2488
3908
1930
4306
50
4724
2289
142
574
881
1692
4494
557
3232
412
3763
996
3877
2368
2629
3052
2522
945
4886
2050
2590
4272
1134
2652
2390
3896
1768
4356
2583
3171
1687
363
165
364
2535
663
934
2203
2631
2767
3355
2726
823
3220
1077
66
3749
3694
3250
1908
4214
2852
3529
442
1619
1844
378
430
3993
1720
4853
252
598
1413
15
952
1657
1159
2201
336
4810
620
1351
4683
3295
1933
2359
3705
4728
1859
875
3778
3870
3583
588
4898
1036
4286
1521
2641
2794
2679
1219
4621
3842
383
4062
3298
277
388
2261
2336
2923
1403
2712
1792
569
4298
2356
1023
1054
725
2682
394
4489
930
4552
773
4158
3738
1054
635
4960
1028
1585
4178
1764
2858
123
908
2317
2041
3920
2060
775
3721
2681
1378
4430
4769
1247
2444
4884
920
3285
1975
1033
3807
4998
1221
3175
547
2107
4870
3931
2998
332
2072
2340
3315
2346
1482
2800
2622
4482
1637
3455
2937
3426
3856
2584
1926
1717
2474
3811
526
4421
1572
2339
908
2311
124
2294
2272
948
4137
1353
3940
325
4037
1368
3884
2111
299
1514
4040
2476
3751
1404
3273
2286
4555
3945
4362
1143
2666
2382
85
2469
383
2020
2739
3896
2093
4287
4785
833
4988
3614
4213
2390
4878
445
1183
276
2711
2459
150
3787
4515
2330
362
4876
1544
3275
872
1073
3543
3393
2968
4423
4194
4898
505
3303
4255
3364
2667
939
3964
231
1427
1057
899
3045
4269
3464
3152
1588
4809
3138
2063
4353
753
2972
4942
2650
4293
3212
436
1936
3873
3699
3223
3503
4341
1425
1582
2425
2014
2018
4441
110
4278
4207
584
808
4683
1950
2436
4701
4558
3235
1761
1031
2198
205
2337
3544
1713
463
3404
3309
96
5
674
1321
4210
4762
2310
3984
3405
2022
897
1347
1259
4247
4500
4116
2070
4982
4768
4415
4419
1502
2582
4027
3561
1665
2246
4972
3581
4582
588
4599
1565
954
2643
2841
1702
1753
3889
2529
1946
3328
4791
193
3796
2479
2247
4356
1509
4984
4380
1725
2738
4348
2711
537
3980
1833
2346
3968
1399
3987
1532
281
3569
7
4564
3069
1470
833
199
4009
4412
1011
2685
4407
4908
958
1021
4923
1412
778
4070
2346
370
4286
2736
521
302
3025
4656
800
47
1205
3477
4000
735
4126
3489
4498
3839
4646
729
59
2399
54
1108
117
3061
3388
4202
2557
3060
1248
2464
4418
3462
4904
2187
1701
1972
330
3751
1404
260
3708
4759
4080
2101
801
3821
3660
2101
1720
640
591
2813
1874
2069
3617
2648
1150
2233
3572
1760
132
1625
3544
1954
4955
3525
1551
2049
694
1503
57
4969
1804
1940
4930
429
1986
4758
171
3864
515
1887
674
3653
4535
2927
342
4193
3783
2844
3108
4497
1847
1847
4698
1639
54
830
3063
2515
4024
4938
3098
130
4345
2502
2877
2495
862
2409
4549
2443
1407
4916
3993
2751
4887
3080
335
457
953
2540
777
1104
498
584
1722
4851
3323
2187
1443
465
4899
2821
4444
1518
4617
1821
3854
2692
2965
1262
746
2597
4123
1222
1591
3632
4602
1279
1352
1711
3431
3365
352
1245
2815
3938
1200
3671
3317
2040
2259
4658
141
1769
962
4566
4504
723
101
58
4406
1291
2337
1170
262
4074
4391
4166
4168
561
3293
4473
276
812
1104
1355
3860
2259
3173
88
2824
3764
4357
3003
4306
3548
1424
3264
2324
4420
429
1947
2147
4128
2123
4108
3768
4553
2781
906
4024
2687
2877
2857
2616
1705
4609
2622
284
1126
2331
2470
2666
1225
4406
1184
2491
4997
2347
2774
1659
2906
2217
2859
4552
718
3160
4348
3497
218
3863
1559
1666
4526
4008
709
3051
790
2697
1117
39
2414
4535
4867
4222
4346
2972
4545
1433
124
2898
3159
3994
1423
4710
983
2981
2887
4865
892
2727
330
180
1592
80
3133
4253
2062
2992
1482
4567
3293
1223
4890
2509
3211
685
83
4827
3010
4113
260
725
2633
804
2439
3672
904
3764
766
2773
2806
2417
2302
4082
164
1882
370
4000
4396
1228
3134
3303
4294
4618
4625
1109
786
21
2571
2180
1768
4703
1132
4071
209
4621
1538
2186
2946
4950
3995
64
3343
527
3249
4756
727
4052
3831
4999
4308
3359
3019
3368
4067
738
3738
761
667
1333
4536
4386
3166
2739
889
3131
3218
2376
1536
1177
440
4339
3719
4495
1569
1133
1436
2716
854
2209
4202
3203
2620
1304
4826
1477
628
1054
4386
4998
1674
2573
4264
2617
4663
3571
1620
219
884
4946
4776
2434
3433
2378
2356
734
4045
876
4738
2867
757
2897
3245
3343
4973
1761
3341
2883
4019
1254
4978
4072
3091
3982
1172
2683
721
1223
787
1542
2488
2049
70
3326
3041
2737
3269
3451
748
3740
3270
3329
2446
4343
2193
1377
3574
822
4761
895
2329
4714
4165
1478
4857
2560
3111
1102
62
3040
3371
3343
314
2096
2612
2696
3444
4571
1877
3419
1867
3599
4981
4442
665
3301
2248
612
3361
3132
766
3081
2989
573
919
2858
1672
2883
4986
532
2699
2549
1120
2798
816
2128
1475
1753
1799
2814
2318
3838
4014
1968
284
1867
1872
3161
783
1634
517
249
1511
4749
2935
762
4477
4592
3287
1757
2002
1051
4902
4727
1918
4506
1659
2756
3532
1409
4680
2158
1795
3461
4767
1358
2146
4309
765
2882
506
4417
3817
4506
4116
4738
3056
1658
738
68
940
3439
4250
2838
4138
3943
1262
4007
29
233
350
4549
2313
3410
938
1909
3529
3367
68
4196
2299
752
1873
1828
840
3744
2301
1876
3317
2217
3466
215
3668
4441
2016
1349
2614
4006
2123
741
3230
1951
1005
4959
4690
4146
4898
4237
2536
2846
2643
2655
2015
1656
3544
4236
1802
3776
2667
3229
4930
1325
554
1484
4039
4257
1956
2036
4723
1482
2813
784
3237
979
4462
528
1596
4782
4957
1426
1305
3004
3045
2797
2589
4772
4217
3901
4554
4699
2736
94
4861
846
4144
124
244
4727
4342
1049
851
1932
4237
4190
4298
1162
4853
4093
2674
2630
999
1031
2636
1455
1430
61
518
627
2239
1109
4610
3123
991
3572
3010
2039
4604
21
165
309
4954
1242
2792
1903
1278
3205
3487
1036
4166
3821
1868
1593
3572
2946
2251
2496
4596
1897
572
461
4706
2856
3480
2020
3183
2753
197
3286
2329
2595
4978
2299
4925
600
3877
3689
3951
142
3323
818
3632
963
2143
4647
2877
769
4146
3236
4127
2138
1232
4788
4505
4908
128
2837
302
1932
1502
162
198
4839
2395
3618
612
3907
3212
3282
483
4255
2955
2665
1029
4126
2230
1055
174
2020
645
1706
1020
3954
4462
2845
4309
614
4588
3734
2636
3891
1898
1651
1612
3736
1681
3223
4781
2073
1172
4045
965
2403
2870
825
912
3509
4620
3511
3015
4016
2589
89
2159
2850
1072
4435
519
2356
3431
242
2870
1737
1831
1171
192
483
4675
2400
3242
1237
2245
330
211
523
1874
3947
1078
150
3797
156
4590
4024
1475
2649
2378
3590
991
3919
4498
4607
1291
4014
737
3788
1908
814
2254
1014
617
4311
85
4302
2925
3746
2845
3501
1179
1639
4517
4017
1355
2292
4896
4646
4847
1470
3890
2913
1629
2121
899
633
836
681
679
4502
3582
311
2332
3342
3953
2325
4687
568
3913
1489
1566
1389
902
1136
221
2715
3383
1143
3073
4368
2363
2768
4713
4020
175
374
4759
1885
109
1525
4557
3679
1848
257
1031
1556
3763
563
1970
3888
2063
3691
2104
1458
2444
3798
932
308
4654
2919
798
1850
3576
2977
3898
3389
4468
3668
3039
1135
4732
340
2088
1537
3645
829
3494
2655
2383
1453
4448
3738
1980
4533
1734
125
4078
3993
4458
2524
1009
1085
2332
2453
1776
1489
108
886
2648
700
1539
2810
599
3883
3580
3247
835
795
2194
2512
4250
942
1675
3100
2058
371
2555
3405
1480
870
4049
3635
748
4504
2872
4524
1439
1268
1266
561
4900
2183
1168
1089
2536
378
1717
1287
1678
855
4793
3179
3570
4705
1584
3905
4057
921
3803
40
271
1778
3146
4131
3566
4557
1663
2258
1121
1205
3164
2866
1622
3884
4974
3518
3026
3730
3223
1502
2946
3863
1323
1000
565
3973
2173
2752
3431
2088
3211
4504
4496
2364
2192
3227
1019
2750
2805
899
4694
1732
1041
2089
4552
65
3907
4126
4685
222
3745
4852
2969
4866
1079
3420
4897
2818
2275
3716
2794
1531
2246
4524
1980
103
46
3926
1956
4733
4104
2678
4558
299
1011
584
3187
1178
2424
4799
2965
4149
302
1201
3411
4880
923
3013
2589
740
2227
2793
2655
4786
310
2746
903
4826
1924
4276
966
1879
2425
4443
4810
689
4639
2389
2489
3910
1921
459
2364
3492
321
2967
4541
4736
4365
4113
4961
1459
689
3939
4248
4551
2753
532
3512
3529
1590
2813
2520
2310
2305
4771
320
263
4427
3511
4899
3573
4573
2861
2783
4665
3777
4732
1507
3839
3668
3539
445
1938
1611
4537
3855
2007
2983
427
519
1550
496
2413
1075
2564
1686
1705
2154
627
2130
3570
4061
4255
369
4760
1197
4370
3173
3817
2464
4432
3317
1127
1926
2986
4870
171
3930
4467
757
4065
2054
224
1808
4774
3152
2276
2936
3245
910
3795
328
1106
4438
2615
3940
4886
4623
4388
2823
1526
4516
4613
3001
4075
322
4640
1248
4863
2561
2459
1507
111
3573
3741
2887
4078
3058
1349
104
2438
3529
625
2858
1986
3728
1146
3005
1848
3747
2584
2610
3693
2042
3807
2255
1221
2223
268
4524
1433
418
4744
4405
1407
211
479
2741
2481
331
829
3034
1930
3527
2982
2723
1962
4607
4277
4829
709
3079
4243
3686
3633
4211
1991
4376
3888
4244
3119
964
1253
2409
819
689
1012
489
2207
3577
322
459
3316
550
4156
2082
1914
5
1733
3753
1856
1615
1782
1938
4289
2382
3633
3411
1205
1210
2919
4019
3486
2237
4272
4202
549
4605
1312
567
4082
2094
2374
4129
1160
1649
4602
4232
2175
3565
49
209
3661
47
3601
3361
467
4553
2879
34
140
4861
2391
4097
3773
2680
4967
537
852
2830
477
4673
4556
270
4262
1099
2564
1706
3756
1970
898
310
3778
1996
4057
4712
3868
2829
1680
483
3649
2807
3181
4242
823
4543
2722
4658
3576
3286
1334
4579
3952
2379
4126
1977
4518
1344
3333
4393
2689
3357
4913
3571
2182
4383
4264
942
749
4795
270
3563
4792
665
4910
4829
3883
1473
4525
2077
1297
842
4834
983
470
3971
2283
4918
1647
1073
4767
580
3518
4199
3631
3243
3287
3349
3361
2296
4051
4839
4906
4888
3290
2131
4290
3660
468
4231
2382
3972
3594
1400
1213
1414
4891
4294
2143
4179
4947
954
1927
3136
3348
4298
4675
4617
3012
1307
2478
4151
4360
1198
275
515
2563
3485
4090
61
4663
1672
1918
637
4111
2884
2453
4882
1534
826
4338
1187
4725
1303
1835
1927
4319
4616
4058
450
1924
1959
354
1176
3862
4768
553
3846
256
2207
4081
1216
4710
216
1211
1096
4772
3228
1149
2869
3177
4805
3844
999
1836
3914
4381
3156
3681
1870
648
58
1545
1924
2475
4271
657
2535
197
477
2287
1834
2530
65
378
2472
2000
3767
490
1085
3149
142
4647
3736
1605
2430
1096
2335
315
3066
1566
4794
3919
1753
95
4213
1826
178
1873
4571
3960
957
4678
2288
1512
1791
722
1395
2073
2751
2187
2214
437
4360
3193
4938
1813
366
3761
2099
4293
181
3762
2909
3685
799
137
2860
4194
1321
480
1408
3715
801
2425
3307
1874
1552
1134
4186
1442
858
3674
2515
432
1493
4233
3257
1752
2282
5000
3362
4503
605
1573
2112
4732
4838
2201
781
4695
2767
3008
3128
3125
718
2961
4584
1556
4136
3504
1286
2569
4001
1455
3002
1523
3986
3930
2641
2172
1116
3796
4053
114
4423
338
4035
4993
293
3360
555
2908
2381
4941
1760
1610
1504
149
4918
4541
3886
3915
343
3161
3320
4033
1594
403
1132
2634
1822
3356
911
3266
3143
1568
4320
1473
3588
4190
833
4307
257
4759
3722
1094
3992
2036
748
4505
3322
957
1847
2933
3999
643
4400
478
3652
1478
2656
761
3715
4023
3808
2574
3537
3086
3652
835
2789
3997
2574
4222
4145
4129
271
2385
115
4845
3752
3545
3330
4643
3284
2269
4227
1654
1891
4623
4039
3570
3189
1851
1110
236
1559
2470
4662
2452
3647
560
2384
4988
2291
413
2962
1823
1747
4042
1615
1661
2998
2027
4014
2132
1971
73
1325
2994
4446
4754
3697
2746
1470
3321
217
1173
975
2446
1355
1541
4541
736
1606
1900
1460
2405
2789
4150
4475
2248
4347
1653
2964
2873
1895
1019
3084
1465
1402
1935
502
1248
786
1986
2697
2500
1602
4122
1774
3347
26
4413
116
3389
1944
3786
3417
4087
4379
3578
1762
2003
2335
953
4083
2799
1220
3463
1103
4659
151
798
1723
1194
4068
3553
4351
3724
3724
576
1854
1285
3449
3245
2667
3490
4351
1697
1912
8
423
3044
501
1305
2
796
141
1244
861
3416
4581
3556
3079
1766
1811
1260
3452
1752
2694
4662
2034
4619
2446
3918
1440
647
4938
4432
4879
146
4984
4478
1892
2164
3145
2200
2923
1729
1696
3202
4823
2457
1139
1981
1840
3834
3334
4110
2951
2989
4120
3591
4886
4308
2787
720
1730
3302
4001
2147
4485
4041
395
3307
3224
1113
3759
105
4382
3569
3868
3180
1360
4556
3451
2007
3032
4757
3197
3796
4983
1859
3066
2411
4301
2851
970
1890
1093
2465
2160
4669
1058
974
1259
3122
1433
4481
2414
1983
3828
4877
918
4983
1559
1085
4173
4497
4082
3761
1659
2704
3733
1529
611
4585
705
656
4952
4637
2649
1044
4406
570
2307
3902
415
4958
2532
1522
4553
607
1302
3104
1195
2337
2617
3195
1861
1899
2602
2604
1504
901
2644
4042
795
1207
4078
2945
2665
2462
3341
2843
1222
323
1147
3865
152
238
1988
3254
137
3402
76
295
1471
886
4667
1932
507
4003
1495
2587
618
2627
2743
4909
1254
3571
3705
4147
2480
4628
1667
2120
835
253
3584
4338
1974
804
3554
4670
2778
3562
3995
2345
292
1823
2612
2308
1610
3504
3644
3715
814
1712
5
575
3199
1934
2132
4882
542
2
2779
1102
4131
4391
921
4889
4062
669
852
2277
2996
3542
1848
4256
2247
1488
439
4688
1123
4890
1636
3843
2238
4202
473
409
3888
2418
1756
1509
1639
4812
2078
3994
611
3888
4613
4625
2489
1079
1031
752
362
296
935
3789
4938
1677
3600
241
3436
703
2673
4897
4445
93
3839
3456
4435
4602
1457
4030
3203
709
910
4515
4868
505
3106
4482
1253
1501
2274
426
3958
3464
2432
423
4685
2673
2276
2822
2786
3538
1272
4351
296
2550
1827
2070
2122
235
2890
3204
4706
4107
1292
4334
4104
650
3423
4245
4973
4524
3868
974
1299
1316
3321
1252
7
2129
214
846
4104
345
3900
2139
2627
1573
3050
4449
2240
3910
987
276
4828
1386
728
165
2372
3179
2692
4768
3835
192
2254
2548
1827
1426
4985
311
4681
4436
805
4344
3327
219
1978
2930
2168
2939
4468
3530
2804
2190
2964
289
488
594
3452
912
1708
1840
1893
4799
4758
2680
4785
3422
722
1562
1351
1650
1631
4490
4808
3064
2298
1947
1765
1163
4063
1642
3815
143
4981
1670
2393
2339
1246
3003
1752
2108
104
1787
4756
1685
2905
4138
1287
4856
1806
1624
2400
4499
1203
1674
2562
1036
4525
1576
3146
1327
1683
4881
3619
1021
445
2663
1487
483
3956
3268
3409
4038
2606
2628
2306
1420
1799
299
2930
839
2698
4572
3513
477
3193
4957
2462
2335
4243
106
3066
3658
4362
2338
175
4714
263
2246
2906
3905
3841
2972
812
1393
1491
2490
2291
2616
4552
591
1429
2942
2799
2321
53
3880
222
4315
4560
475
4203
4936
4390
2471
78
149
2075
609
3052
4772
4512
3170
2879
299
2403
4546
1237
4236
703
3577
3956
3433
1682
783
2472
3210
996
4472
1868
946
4924
3756
3616
3653
3433
1970
1397
1463
654
1878
4510
2030
4303
4601
3012
3732
4274
2795
4894
4601
228
3893
4442
2926
3914
4904
4776
2576
3591
4189
2396
4031
1017
4974
1475
468
622
4382
3852
2608
3805
1664
925
4569
1809
4469
157
3190
2058
807
3570
4856
4355
4476
2457
64
2936
351
453
214
4686
1550
4253
3141
1121
1940
2511
3988
2403
4905
3549
3669
2831
4681
4073
336
1171
1251
2329
4893
1089
1551
3766
2094
1694
4015
4112
802
2828
4247
2629
811
2934
609
4611
2353
726
1592
4871
2377
171
1166
3234
4770
4233
2720
1404
2065
4869
1135
4417
1088
1229
2917
4799
1447
880
1767
264
4357
3016
4835
418
3920
1591
3153
4096
1273
360
3596
3056
693
441
1079
1735
2186
3153
1749
3007
2881
974
2026
1141
1058
3935
2965
2945
3405
2163
599
4410
15
4144
3793
947
4345
4786
269
2538
1540
300
2977
609
1281
1640
2630
3632
4733
4347
913
892
4961
213
3361
1787
1004
91
3810
609
2667
4455
4681
1010
4822
984
720
2099
4615
2988
3003
364
1429
180
4947
1600
1125
420
1736
4411
1566
2413
1412
3538
226
3064
3870
3739
3040
4302
3855
4270
2102
974
3535
1082
537
1237
493
3542
3840
2661
4267
640
3946
575
1
3724
2200
3876
4207
4745
315
3930
396
2939
2767
4196
1664
888
1544
867
2076
4413
4692
3879
2492
4511
916
863
3185
2042
4564
1733
359
2622
382
669
11
2530
45
1918
197
1131
1261
1710
3091
2078
2632
1875
3990
4867
3418
606
1871
4361
2810
3818
2187
866
3967
4981
3676
618
2610
421
1136
610
3952
2611
3989
2290
1636
612
2987
4900
550
4638
648
817
918
2510
784
206
699
4690
4463
994
3544
2617
154
3584
3416
509
3666
2642
558
1728
697
4183
1762
2860
3911
45
4125
1420
2128
4158
1933
1511
1938
4732
3846
4253
4703
795
1678
4836
1910
16
4043
4209
1129
953
44
370
3345
745
917
4499
2977
4465
3686
1966
421
4273
1820
3239
4489
4454
525
1192
2693
4629
1335
3310
4501
3231
4716
4627
4931
902
1900
2061
1223
2862
1559
721
3740
3059
3935
1199
2387
3977
2520
3886
4005
4332
1969
4690
2945
492
3294
3062
1100
4145
4803
901
4955
4240
4367
4194
2984
2466
2418
1792
465
375
1
1162
3670
3996
4215
4112
2990
160
2946
518
3028
3805
1068
876
2932
538
1795
4861
2651
4081
2292
918
3958
4293
2608
2058
2467
2979
1166
3463
3753
756
4372
1297
2370
1021
4371
1968
1163
36
1289
78
1875
1504
2317
4027
4965
2821
44
2707
4311
1323
3713
4739
4390
4586
3565
4075
1431
1635
3933
3520
2036
3997
4856
1321
2369
4163
795
2361
2076
3150
2251
1755
2090
175
2686
1745
4445
4223
692
2076
2844
2046
4349
317
2164
3028
408
2039
1262
3505
3525
4490
3147
231
1906
1392
3509
4945
4596
3425
345
4142
4292
889
4524
3082
4780
4404
4873
2262
3990
1611
3572
964
3699
4646
4190
2645
589
43
4020
2438
4126
2770
4695
4146
2516
1551
3367
902
4054
2067
4535
1686
731
2303
3537
4106
1991
4998
3782
4439
2608
3987
3697
2934
3597
509
2753
486
4977
548
4055
2103
3284
2330
1601
3646
4088
1510
2977
4379
1586
4646
326
216
4989
3533
556
186
4422
1204
4001
2072
3325
1864
2245
327
2802
4214
2740
111
3550
1901
16
805
1526
3660
4817
1511
2846
1183
813
2129
3581
3768
3739
2028
1240
4428
2341
286
148
637
409
1176
706
2589
119
4546
1779
4436
2618
2881
813
2260
3694
193
1904
2583
1532
4698
3403
494
747
1450
586
2551
64
4866
4760
4402
1812
3758
1694
4979
4115
2326
2054
3523
1461
255
1819
1746
1657
3022
4260
3896
3872
4202
3201
3261
2918
1294
798
622
270
868
4524
2823
1342
3207
2784
3607
2969
4984
4984
4377
1270
40
4419
3486
1556
2040
3218
2550
211
4512
2649
4785
2577
1803
3572
3366
713
3800
3432
3157
878
322
1770
387
1386
784
2185
4913
947
2475
1962
2089
4398
1382
1105
4912
3390
753
1998
3879
4590
2689
3861
2416
4520
3315
2228
4110
3116
2729
1005
2016
1665
4419
4346
2773
18
4715
534
3785
4214
179
396
3872
439
2556
2300
4271
1018
872
4926
1029
2953
1186
3977
2360
1681
436
617
1109
1088
837
1830
4092
2421
246
4864
54
2825
4522
4695
1529
2367
3206
3798
736
1931
164
2379
4209
3380
4969
2750
4365
4609
4170
2786
2335
2987
3904
687
2621
2974
3730
3280
3067
2594
2263
3536
4873
53
2134
1267
38
1361
1034
4350
2668
2227
3010
3218
3402
1071
18
1104
4627
2046
4363
1152
4480
3085
3956
2951
505
3289
4369
200
4504
2319
980
632
1300
1770
80
1034
4147
4540
4118
4549
189
4031
3061
2408
1886
4040
3650
368
1662
2776
2665
3815
1129
3021
3448
200
4612
2971
465
3539
879
4572
2141
4209
364
4426
2807
2094
1452
606
1185
3298
4075
4573
2078
74
2415
1533
3070
1459
342
1675
2996
1660
950
627
3275
3220
4667
268
4734
5000
4347
2545
492
4406
2090
3848
1482
2049
748
3295
839
4513
2630
696
1041
1873
2880
3387
3167
4683
3318
1344
3317
1834
2646
2599
3147
4722
2540
4770
1726
4558
4729
1439
3124
1044
3355
2010
4683
1103
3766
3132
1379
1968
314
1473
3958
2730
4752
2838
1911
134
244
3688
1754
86
4767
3868
3760
86
1180
1758
209
4324
2329
1450
4438
3751
2418
2410
521
3157
475
2736
3969
1308
3020
4681
2851
3312
2491
3988
3095
2611
468
423
1740
2496
1041
366
283
4916
3264
4720
3871
3334
1764
4123
2309
749
350
2171
1108
1359
3549
4068
3783
2334
2860
4676
3002
994
1423
3252
1183
345
4640
1596
4738
2894
2480
2984
4472
4363
3779
2626
2145
2572
2537
3952
283
3171
275
209
149
2241
2063
779
3397
4681
3175
2247
2097
2766
3128
1103
3023
1748
2814
3142
907
2632
4895
2063
2922
4199
989
3874
3604
590
101
3447
1406
3505
1137
4737
3456
2627
3928
3653
3778
1755
2311
2958
4242
2912
3133
4836
4315
3409
2186
1508
3231
2226
2282
1376
1296
2634
3434
1784
4091
1515
1846
1739
809
3265
676
2935
2659
1275
113
324
2946
2966
3973
3644
2417
3305
2090
1087
4943
2630
1586
3612
1556
1632
4062
1690
2492
1294
2158
4755
3592
4506
3610
1727
4031
2913
142
2633
2092
3022
1157
4035
3078
4938
1407
1630
961
1483
1636
4945
2299
3282
2814
3219
155
2736
3420
2051
1450
874
2632
4644
1421
4300
2835
55
3690
3517
2844
4430
4796
882
3350
2784
829
3990
4576
2913
2554
3668
2504
2524
1568
1949
4713
1221
4719
3278
614
2752
2992
2849
3789
4444
859
1603
1224
3997
4844
1596
2730
2000
4626
1385
4039
2363
3863
3759
1712
2123
221
4412
3560
4860
109
642
185
969
4633
1948
3059
4955
4058
3288
394
1272
2069
2310
897
4208
3340
719
1147
2751
2962
1385
3380
4549
1129
2637
1069
765
1311
862
1304
4333
132
1022
3600
3644
4186
340
1287
2679
1987
1916
1944
1121
1383
4192
4066
2282
1553
4523
300
2524
1537
3223
4147
2880
1138
312
4669
2210
2901
1905
3850
4936
2610
1879
2577
2480
1391
1003
2511
484
3532
3444
1216
93
3419
3864
4656
2669
2278
2635
723
1153
917
151
446
1253
2304
4274
2580
271
1417
3170
2557
1724
4009
4583
3187
1565
4196
151
243
1545
2974
4125
2238
3052
4965
4211
4759
1020
4594
3183
385
3637
526
1840
4728
710
1197
1478
289
3168
2793
154
3407
2370
1020
2136
3524
1108
4619
2160
530
2148
1055
3648
2532
4168
4309
1485
2163
834
2936
4407
4677
1347
2135
3978
4814
3576
2641
3327
4486
3468
1675
3062
3017
4120
1439
2956
2265
3318
4876
1531
2994
4561
418
4584
3687
3331
780
2161
4048
3976
2173
3022
268
4008
692
4328
2186
551
1376
3278
1993
2626
2411
923
1144
3865
2400
1373
2142
3005
2958
4878
3123
4219
549
1165
1639
3827
3497
4405
2567
3967
1799
4106
1638
2810
1851
4462
2893
490
3132
2294
2504
1908
2007
365
2545
3716
4967
4098
1054
4933
2
4743
2418
1798
4405
474
1143
3495
4876
1495
4774
2484
2042
3543
728
3642
2781
4900
4984
3165
1689
2594
512
4177
815
3477
1635
2319
1218
676
3989
1777
2168
2565
2903
3904
4346
4880
4656
3250
3731
3159
4914
3784
1622
3557
3297
3684
3568
48
1587
1188
2367
1019
3725
4871
299
367
4769
4325
4997
715
2905
721
4699
3404
4405
4517
4261
4947
2826
3206
2435
2242
927
4060
1108
4601
3317
1425
3534
1693
3662
2428
274
2128
2924
105
1670
885
2976
992
850
4314
3553
2346
846
174
712
2194
3749
55
773
3571
2862
3711
3264
2218
3587
4665
1142
917
3060
4084
4016
3167
4235
3370
1789
2130
71
1235
121
612
513
2520
520
1825
1015
139
1186
1935
1460
2157
236
4025
2445
683
2663
4159
2416
3263
2159
1554
731
3443
4537
1170
3352
2292
3320
4576
2462
3082
3912
2749
2504
512
2013
4844
3929
4195
1499
1674
2271
4646
679
2046
2089
3003
4245
1355
4498
557
1789
149
3564
2856
801
2864
2533
608
3921
2903
1781
1414
806
1511
27
2081
545
1562
2799
1774
2048
3446
1904
1437
4409
3078
414
4589
594
3742
822
1071
4118
2262
1054
2220
1706
866
991
91
4316
1290
471
139
1085
2323
4751
2518
4738
1170
2450
2469
2906
1238
3202
149
3805
2472
1270
987
178
3226
3955
1158
1567
364
2859
1053
165
1394
166
2264
1439
4854
4740
1081
685
3138
1297
1952
3713
1639
1039
755
4275
4738
4131
1065
2180
4328
1728
0
4566
2304
4984
4389
3199
934
2201
2092
2643
1923
3366
219
2053
2729
23
3929
3752
4542
2560
1622
981
3387
1411
1839
1224
639
3325
788
1822
4539
4516
4232
4231
547
374
2992
822
482
2952
3238
1915
454
2884
1275
2467
3544
4723
2815
3650
4445
1996
1272
4852
2450
2534
2677
2851
3909
471
1219
908
1395
4066
138
1237
1692
197
2860
2074
2643
1967
4004
87
2377
4548
484
1236
4396
260
1215
871
4662
2562
4054
403
285
653
3180
625
2232
4213
4964
3522
4142
2115
3219
1088
1402
2748
3699
2905
2412
2281
3667
2604
3810
4381
1927
4317
434
4313
3207
4101
1243
3824
3253
4594
4718
2659
2207
243
2754
2642
1678
2958
3070
1349
1348
2114
1783
2728
2676
4709
3371
4685
2300
2990
1705
2459
2337
2988
4007
2801
416
4013
2142
4995
3772
4217
2261
1549
609
791
4154
3391
3562
312
2193
841
2828
4318
4004
1515
4293
298
4748
2502
148
4275
850
4119
3173
3000
2354
4409
822
3305
949
2046
2638
2967
1164
4855
2344
2444
1054
4923
2955
3819
2805
1281
72
3546
3944
4640
3812
1246
3956
1876
3267
4417
3317
730
2085
823
3811
2234
2085
2984
3602
1528
1704
2654
2673
2178
1574
1634
2505
23
18
4873
3140
4401
811
2705
3724
2475
1084
371
26
2217
414
1372
709
2001
4823
4701
1106
4913
2394
2890
3823
4785
60
2235
3493
100
4194
4161
1202
1154
4651
2600
652
4494
4301
106
198
3748
2222
3361
232
928
2632
1691
1489
1023
1245
1339
1980
2297
2547
752
4441
2873
4342
3991
4529
3603
1126
3155
3978
3771
2833
384
2613
1171
4809
1653
959
465
61
993
4750
2019
590
538
58
4126
3730
3675
2387
4304
2300
4176
439
384
4372
1074
750
2810
4151
4352
1690
768
1107
3735
2073
4410
4920
4104
649
95
1264
2405
3865
4356
3259
4806
3692
4833
3220
1057
1419
2292
3121
1155
3059
332
866
4959
3285
2973
2394
801
87
3091
4827
2392
4922
4667
2541
4640
2420
4207
3369
3983
2404
3378
674
1790
1919
938
4445
2987
480
2945
2274
4384
945
2172
1335
3687
4493
3773
768
322
3702
584
303
2127
2301
541
1285
3955
2688
1091
1181
1516
4006
2151
2224
3362
718
4222
4431
3068
2312
2079
4324
1962
4520
827
253
561
3659
3323
3867
4040
1587
2556
2994
1454
872
3326
4356
3652
2793
4428
342
858
1325
3587
3505
4416
2772
4257
1727
615
2544
335
1862
3279
1449
1653
1151
1488
2992
3049
385
3540
2138
97
2059
3644
3354
1508
2128
2988
4000
2782
2291
4660
1233
1746
4801
1749
234
1874
2280
3099
2884
2396
2814
57
43
3707
2281
1240
2543
2965
576
4859
1290
351
3582
42
1277
3796
4380
4267
309
3958
4841
4046
1872
4881
1926
982
4573
3519
3521
2601
2315
1686
2155
3234
1748
3524
977
1976
793
1512
2908
3867
214
4958
2769
3047
1096
1869
4846
1469
3707
820
3500
3963
1651
1173
4011
1905
2282
1459
4132
1340
1849
958
2001
1334
3045
4150
1859
2727
2171
402
2721
3019
1973
1367
1206
4094
253
1486
3145
4517
1380
4816
3373
1867
1805
388
4062
1580
1922
3802
4882
3814
3025
387
2798
463
2316
1050
4426
3388
2576
3138
2068
4206
3119
4820
4566
1795
3125
2175
2205
1521
2568
3287
4478
213
2235
898
2937
4338
1845
3497
1788
3014
3394
2108
2795
2736
2198
871
3558
3039
525
1457
2294
1341
236
857
2431
4018
2193
1441
2338
3137
2118
2466
3619
3754
3881
811
4741
3687
3999
1368
3385
3867
3835
2662
863
3638
222
2052
2395
3595
2865
159
2028
3216
4318
86
2530
12
2018
3847
2190
4250
3656
2876
2163
1940
1783
3017
1539
3660
952
4847
3492
1212
4377
1772
4322
3241
2218
1678
1423
1043
4688
2786
4352
394
3070
2912
1445
625
4939
3365
513
909
2258
2322
2819
2073
3412
383
3746
925
4850
3288
4310
411
1093
1692
3670
46
353
2625
2973
4121
357
272
777
4642
2217
3823
2336
1116
3796
2227
2165
3281
508
1748
353
2950
2579
750
3004
1240
4375
190
2657
1332
4093
1095
3797
1824
3943
4939
2023
2789
2041
147
284
4027
1455
369
2810
3220
1310
1807
2878
1093
4183
4350
402
1189
4911
3490
2143
476
4286
2761
3874
1165
3812
3311
3831
2009
2048
3826
3946
1613
1764
684
4599
3072
4989
576
320
968
2299
2135
2825
2076
1108
4411
3135
1402
4304
4808
1233
528
596
745
539
791
1956
1880
840
1494
1575
2685
711
1202
3113
852
4761
2428
2509
3480
4231
4846
52
3208
662
2020
1173
3485
4320
4369
3088
3065
995
1374
177
2340
2274
3413
1266
4227
1824
2055
2267
1731
2808
4326
4601
250
199
2947
2619
3375
1033
2679
1061
4707
4733
1714
1569
152
1337
2093
2348
4100
3046
4708
4806
4030
1912
568
313
529
4733
4654
3340
3459
3389
475
4413
2275
1306
345
2920
4701
257
3312
4537
1414
1871
2780
2990
2361
3155
3028
3662
3218
2631
1938
2293
4620
4931
1229
945
1796
3451
4854
2390
3729
2323
4334
2573
2521
3429
2956
2806
2402
4440
3696
1769
2726
2878
2875
4481
199
1985
1284
979
4755
3979
4738
4707
3183
3821
3649
619
3713
4914
878
634
2069
501
635
4296
3119
2047
3799
857
1056
54
4583
3957
2588
922
4668
4987
2761
3394
793
4944
4526
1559
2561
3257
4388
2788
1878
714
4793
4744
3276
202
3436
919
4097
213
3973
2366
1888
2905
1715
1115
550
300
535
3012
3285
2048
1495
28
1319
89
3349
2873
3322
408
755
2822
3734
4088
4184
4942
4248
1472
3483
4365
2246
3636
1434
1611
2739
145
4165
1339
954
525
3196
1083
4446
1181
2908
354
4881
2216
2993
1908
1358
2775
2232
4618
2181
2297
3088
1347
3912
4090
392
1084
3359
1681
3591
3416
2448
2603
4782
1139
1322
893
4363
856
4661
3934
81
3886
4571
4355
2490
3713
418
339
3148
2947
1945
4333
830
2047
2471
2390
3789
4757
585
3181
9
4447
2948
1854
1702
1667
721
576
1761
3292
1447
3980
4341
2377
4323
47
215
4010
417
2220
29
119
1783
1716
4583
1498
2667
1384
2191
1735
1554
4025
4124
1026
224
1238
1851
4178
1421
1171
4369
535
572
3276
4726
3850
4557
3564
4951
3856
1024
3185
2287
4014
209
705
101
1079
4630
3197
2276
1776
4785
4186
2054
1333
2166
361
1245
3495
161
4080
1302
2023
1709
878
203
2458
2322
1737
4794
3144
1409
1161
1422
3388
2811
2028
4233
4267
792
629
2530
4127
2537
1041
2635
2489
746
3855
578
43
1652
2150
722
2080
1893
2997
2999
456
355
4046
2024
4584
1679
4514
4461
1220
3461
2704
606
1653
1329
466
1655
1725
463
3170
1116
1313
4727
3406
167
3532
2104
1405
2484
4472
2907
2798
3368
2499
2800
1203
656
2110
3612
2430
1844
1999
969
2877
2334
2496
4013
4771
2196
3737
3945
1836
2411
3322
3320
2354
1756
240
3701
137
2904
1910
1068
1191
229
1654
3316
1291
244
2602
3210
3832
2165
813
3416
1549
4467
672
1169
3887
4506
1316
3874
3990
2827
831
3159
4848
3143
3062
446
1438
2599
338
3604
166
1947
2859
4461
4783
4408
4346
2394
4523
1471
681
2098
2006
2182
690
3577
366
3729
1506
237
2703
3666
3082
4646
1217
3069
367
864
1929
3507
1509
3144
881
1565
2428
45
2024
242
172
2392
3188
3699
2671
1440
3517
1628
179
3551
4865
957
1579
315
3267
4256
2955
3958
1687
1275
103
1499
4210
1674
3492
2512
2581
2352
1170
3738
3862
66
1640
3540
2419
3981
1561
434
2797
1112
2726
1643
4459
4498
1887
1155
4477
670
484
3449
877
1671
3813
1714
1174
2930
4012
3903
1712
2746
929
354
2096
2669
1978
4721
1257
2031
2320
4305
4065
4925
4870
2905
3694
3073
247
4590
3168
3296
4283
2411
4037
3455
3064
4940
4343
182
3808
4206
2058
2543
2158
3630
949
701
4723
863
4976
3086
3486
4630
1210
2680
2713
4572
1905
2848
2042
1449
3678
175
4243
786
4155
3474
4851
4739
3083
617
3767
4951
1451
3676
4587
794
2237
4752
2720
1746
1013
910
1129
1589
3238
3173
2698
1074
1861
1987
2829
811
3439
2022
4945
2032
3868
286
2968
4266
395
1749
3263
4441
3649
2037
2784
1139
2025
1976
4681
4074
360
3294
4606
2016
115
2290
1823
3788
2856
3351
3351
1246
4102
2642
3773
956
4422
397
3513
3794
454
1944
4119
881
1585
1405
1944
1812
1573
4726
4413
2749
839
3182
4516
4000
1258
4045
3229
4359
1382
3407
3557
4884
2788
3428
52
3691
3513
4750
2800
1114
4625
888
2954
3704
2204
1279
3324
459
758
1777
2602
2067
1819
3841
4412
2128
3236
2557
4953
4007
1604
2570
3872
1368
1494
3401
702
333
3502
3310
1002
4315
3440
4890
652
4009
3918
2882
3734
2680
2674
287
702
3987
3692
3488
1040
1509
1669
2854
3017
414
3819
1906
1354
1128
2065
19
3100
2994
4661
3514
2632
3984
3455
726
3541
3888
4555
2679
243
4104
1973
862
3264
1395
4659
2536
3108
3282
2004
509
1197
221
4465
2887
2175
379
1031
1645
3810
1132
2338
264
267
2185
2811
952
340
826
4498
2283
240
3587
1615
2950
4769
2433
4107
1162
76
223
165
195
4649
2061
3012
2645
1340
749
3931
743
2401
1431
270
2164
373
2891
2979
1106
4057
1507
1198
459
1993
3681
2646
2082
66
2324
1257
1675
1720
4277
486
4849
1826
907
3159
1360
2338
4748
800
118
4107
4781
9
1362
393
3414
4333
3978
2966
987
643
3971
1053
2855
1550
4415
2619
4910
116
4026
3447
3340
2168
1137
4589
727
2407
751
299
4484
738
2046
3850
1293
2987
957
172
2939
2116
2887
3935
1279
2249
2596
1654
4563
3068
1229
1517
1856
2567
3999
171
685
1366
1896
3259
2126
4276
4190
1056
4524
2661
1720
2263
869
4241
2657
1870
2482
4619
3194
1862
3337
4918
2442
299
836
625
779
31
2158
4469
3644
3921
4487
3795
3721
562
2536
1368
1105
846
3165
3366
4489
4722
4555
222
3807
1977
2726
2097
1543
2110
192
1081
70
2363
3703
1159
4930
2037
3948
2036
1015
3183
4652
2906
719
4386
3841
1933
4642
1761
2074
208
4420
1414
637
3832
1776
2185
136
306
4688
1297
1450
4890
1620
316
4646
3904
1581
2980
999
6
1514
3492
1599
2320
68
4791
2565
990
4652
4069
3149
975
3089
4899
3407
47
4151
946
3738
4755
3396
3341
9
2074
441
4453
3284
3535
2153
2574
1617
2471
3821
2392
4368
1343
397
4602
2942
1119
1512
4071
2465
2370
3801
2811
1644
3860
4807
4869
2859
3903
3067
2301
4789
2961
856
4444
3831
1301
3304
2983
2436
1701
3321
3377
2702
3330
2508
2073
1015
293
570
4821
3864
3497
1540
1128
3311
244
3280
3100
1980
2647
778
2583
1934
4412
2978
1320
65
4811
3547
4996
4378
2273
3392
471
791
2811
716
1353
1088
3180
172
1541
4861
17
3742
4206
4496
4162
425
1425
4548
2150
1343
4618
2510
2306
775
4472
1862
718
2684
1085
2426
2973
707
1218
2320
3062
1800
3230
1690
554
1049
4371
4983
4841
1481
2233
3797
4105
4363
1710
4846
2079
3651
2454
1247
4164
2154
188
4145
1000
2780
76
3652
1373
2813
3091
4291
2798
4201
2981
4041
2639
4661
4301
4185
2703
1489
2163
4209
3232
760
225
2658
195
500
3403
2310
1103
3514
2930
1475
1359
4422
2537
4698
4480
2764
471
2870
1758
4403
2470
534
4668
2571
3860
1153
508
3412
3130
1441
1316
3598
2837
1459
2615
3465
2336
378
3673
3224
290
1614
3276
354
2480
1931
1738
1570
1561
4313
1673
1687
1822
766
2740
1082
181
343
3142
1884
1199
1489
2606
2292
4761
2342
1115
2164
2455
454
2492
3257
4967
3596
70
475
2678
3987
4488
1394
2650
2273
3704
820
1613
1208
4562
1898
421
755
3740
2037
4859
4355
4999
1793
4378
4198
4233
2804
2940
3985
1499
3088
3684
3724
4254
1365
3140
2431
1943
3238
4089
3425
670
605
1789
1167
907
923
1954
828
2660
2828
3433
915
1865
3448
1717
2608
3510
588
4247
3402
961
2435
2932
2018
3421
2139
1842
2991
3932
3641
4363
2358
3507
3932
1922
328
726
2057
4683
1129
4039
3369
4567
347
2445
4722
2736
3697
4288
3037
3716
170
3754
3867
2981
75
3343
537
2013
4116
600
289
2856
1710
2249
841
3203
2142
379
3378
2977
4082
4066
3629
4107
4148
2659
1620
3980
4094
3802
3928
4491
4523
1434
2335
80
2486
977
1968
952
2303
4008
1487
3306
288
1803
1077
912
4204
3458
1114
2782
2590
4796
245
4987
161
1395
3871
1672
497
3700
865
1084
4683
4690
1598
4298
2302
1576
2198
4084
2337
1769
4123
3775
1889
2550
1423
2528
1836
4594
2623
3295
2166
2647
4673
3370
2817
1276
453
164
136
3147
3766
611
2112
3290
4580
4070
1178
2416
4467
3142
4635
1873
4879
1287
4203
2522
2715
4845
2246
4368
2887
1117
2895
3467
399
2629
4083
1479
793
1660
85
152
182
4878
2857
3727
2820
1723
1330
3241
825
314
356
3347
2059
1141
2727
171
987
4878
4432
2848
3782
4985
3988
4242
3907
3071
838
1649
2095
2637
249
3721
183
4790
191
4069
1275
3077
1455
996
2123
2988
4832
4897
4374
3475
4912
645
2557
3633
3088
3191
2866
3339
1069
3237
3498
4481
4770
1559
763
2954
3517
4453
3484
3981
3708
825
854
1533
2443
308
2883
2900
3456
118
3457
4516
1468
3527
3016
3198
2539
4477
3528
4979
269
4411
359
4049
428
1021
4069
15
612
4599
734
2441
3274
4296
3365
2463
1197
4510
2654
3792
259
3463
2195
3545
4923
4429
1263
1133
1221
1354
2363
3999
3858
322
1325
4341
2199
3447
295
3800
1820
3635
4599
1020
3185
4665
4987
144
3295
1188
2252
2244
3730
1012
4092
4936
4934
2677
2212
1639
3415
465
4768
2043
2817
4727
2308
4444
4023
2743
3749
4850
2312
4024
629
2423
4916
1651
3925
3216
4582
3323
4676
3921
725
3464
2247
1114
524
3668
4851
3568
212
3662
503
2319
2354
114
2910
198
2512
959
1512
581
3179
4582
3667
2138
4675
4379
4860
4498
4370
4642
3361
3388
2073
414
4022
1088
3840
1739
4232
721
1574
3547
4230
4006
3875
3036
1234
398
2117
797
1556
283
2885
2068
184
2766
512
3771
3149
4228
2610
898
269
2524
2498
340
3975
492
3629
2335
1674
1725
4260
2425
4771
149
2909
2346
2426
956
3606
3368
1429
3567
3988
2736
2853
2537
4612
123
3745
4186
3146
2690
3106
2665
3835
4597
572
3418
1838
2966
1521
2005
2381
1991
1057
4395
3751
3441
3549
1363
4427
3512
3099
2605
1100
1481
3018
1032
2451
2027
3500
4216
4343
409
4696
4299
1478
4257
1939
2442
2642
4794
1509
4973
4999
2026
680
1138
3454
3649
946
726
1087
847
2876
268
3372
1983
4050
387
1378
3944
4131
2874
2558
341
2657
573
2904
1018
4291
4258
1137
2184
4382
161
1632
436
4203
4497
2100
3417
66
4240
694
3939
447
4117
2152
2257
4979
2845
3254
1803
115
3631
384
1566
4946
2990
2673
4553
2450
1258
2458
2870
4436
1581
2324
4731
1272
4526
1995
4062
228
3965
1931
3837
4968
4063
982
3548
1721
1879
3632
2417
2666
2701
3420
4825
691
902
4838
2790
1164
4749
800
3336
153
2775
1058
798
1390
2135
4181
2087
3794
1438
2495
161
4293
158
4478
1481
2378
2036
192
1049
2702
3247
1796
1972
3414
4815
2781
1978
3378
4107
3643
3446
1407
4758
2888
4468
3830
4337
4355
2521
4897
3984
1289
3488
118
2696
4476
3734
1540
1457
791
1138
2231
752
1376
3464
2433
1007
1461
4242
4942
27
4935
4272
4085
4121
4477
4592
137
2809
752
167
3992
4358
1510
3382
1120
3608
3216
4060
4513
787
1145
2636
4463
2490
3734
493
1703
236
3807
2244
61
3726
2594
4189
4588
3344
266
3005
2182
4668
1024
459
2033
3030
2427
3453
898
3039
1122
1187
4833
4747
599
3790
3622
3214
3011
1002
3310
710
4484
58
4880
3724
4090
2998
926
2539
2378
234
2971
3318
2432
4803
4779
54
4980
3038
3419
1989
1354
2611
4445
3789
1456
950
2458
4615
3081
3690
2599
1717
758
645
4110
2410
1215
2506
948
685
3199
4549
3276
4677
4996
4660
2610
1725
526
4080
3223
4116
1207
1911
597
3463
2466
2802
3764
1525
201
4079
1106
2065
3450
1035
1336
3090
3020
3671
4802
2668
2658
1264
3870
2434
3171
1875
2208
1591
173
1661
1870
2117
3857
905
1580
2155
4611
3880
3045
405
2852
4687
1573
1743
4533
3751
4462
134
1176
2965
3886
4003
1457
1215
4317
4575
3170
3812
3072
2488
2667
982
4057
4499
1819
3374
4207
457
987
4893
4622
1572
3744
3208
4125
26
3798
4288
3530
3228
65
1622
4122
1876
1203
4992
3342
235
112
3652
121
2154
2410
3683
3007
2659
3676
3501
4439
2379
2064
1706
1784
825
1186
4745
238
3318
3503
712
3230
831
2606
3145
3034
689
3910
124
2613
493
188
4337
4361
1034
1029
2332
1906
350
2028
1221
4072
1379
996
1748
3922
4546
1752
847
2901
4208
1882
4690
3592
4388
1270
1045
2457
1688
3601
101
3606
3364
3081
1254
1043
2718
614
4852
2525
3889
111
2968
3750
14
2748
1814
2309
4652
1505
3735
2974
3697
691
3229
1340
3595
4007
1643
1608
1348
2075
2350
899
4968
2127
747
2969
1206
3023
3635
1826
2821
434
3801
4309
302
2567
1219
441
3866
4097
3832
2581
3552
3850
4817
2953
1592
3672
1306
3494
3065
4191
4594
4056
843
84
3295
3083
4026
1163
4916
1011
4456
4409
4705
1128
991
2913
808
30
2299
3987
49
4738
1276
511
2478
3471
3677
1095
1557
1247
365
212
2018
2952
532
2275
3663
1529
619
1602
2742
1684
86
1278
2168
1526
2629
2110
4433
987
2138
1668
1443
4220
4292
4185
841
394
4409
2409
2562
332
4738
1420
954
4095
2586
2556
1738
1950
2983
4269
3881
1495
2225
1066
870
4964
1122
2149
2203
3315
4249
1831
3041
2817
1745
1831
4845
3685
2454
287
1196
885
213
1308
4177
1838
3575
1602
2784
2907
355
4593
1120
1438
2267
2802
249
1500
3293
3507
4952
379
4922
3378
2905
359
2396
1808
516
1542
4504
1360
219
1483
799
932
3833
3655
889
3773
2429
1436
1423
1551
3525
4897
1345
2717
2065
4797
1608
3055
934
2981
213
2325
4147
3526
2003
2476
4474
1243
2074
2037
3749
422
4432
2578
1556
4777
906
168
1640
3752
1573
477
2262
836
282
1019
2535
110
251
2290
2360
1486
985
4061
2721
1840
3300
4139
3779
4865
3534
1536
2424
1742
2664
2635
3931
349
3579
98
3824
1496
3059
4659
1231
4921
3980
561
4763
4400
1363
1200
4230
2958
3065
4950
826
1342
1821
2768
3978
1742
1577
3526
1038
4716
1360
126
1955
4670
849
2926
1124
0
3248
2567
4468
3871
753
3794
3600
2215
2379
1131
1031
796
118
2601
572
2566
4780
3955
3458
4471
941
3194
2406
2800
586
3721
2441
136
446
4985
4377
2399
90
2075
4108
3879
3322
1179
508
2721
4791
84
3873
4159
538
4912
33
4693
1953
2130
257
1627
4309
2337
1535
2228
2306
371
2712
3188
3893
1135
2700
321
3012
2460
2663
1442
2398
629
152
2562
3977
4814
2601
2103
774
4080
742
463
635
635
4122
3820
2952
1151
1714
244
4968
4682
2028
3991
4907
3702
3668
4168
260
1975
1452
2270
4095
1831
3989
4598
2577
2057
3483
4578
368
1233
1931
2684
3188
972
2228
185
3249
2549
1751
4961
2578
3994
1057
962
2085
4719
4808
1688
4540
4032
4249
4037
4394
67
1280
3336
612
4810
3003
3744
669
177
3638
4067
4389
2379
2830
221
2537
3813
3584
353
2365
1209
4543
4895
505
353
3631
4035
50
4712
1442
902
4112
4810
1183
1180
2353
1631
1642
1503
2624
887
2866
599
4714
4980
3203
1524
4666
2959
2852
846
4952
4792
2517
1365
3392
3291
4556
615
1684
465
4776
4909
761
3464
2511
3097
1989
197
3052
428
1287
2146
4741
2321
1392
478
2818
3191
1259
1590
1823
4602
434
4829
4094
3429
4311
4747
3339
3885
2949
3925
279
1724
4919
1292
3458
889
1003
3758
4616
1798
1955
1874
3126
2520
2399
3302
609
1176
2251
1400
600
1234
1865
1659
3775
4942
3223
299
758
2528
2032
2244
3734
4519
101
3789
1753
3207
4944
2520
529
3787
61
1285
4020
4454
1055
4649
2607
3746
1910
2057
2669
1084
966
4919
2808
314
2947
1917
2267
1805
1061
4427
3947
4607
4403
3371
2030
4420
976
4252
3430
2431
3285
1069
403
1256
406
4165
1302
3993
2528
166
55
4899
500
3192
2707
1973
2131
3347
195
4989
2812
2303
873
679
4091
2654
4806
4799
4546
1479
4516
1366
2723
4706
4748
2269
200
2044
3909
2995
2781
2855
3647
1807
4925
688
3251
590
730
1625
3909
1923
768
3721
2467
4135
385
1557
2568
3519
2022
4796
1669
3550
2201
3756
2673
2509
1462
3897
3376
1310
3743
3198
4433
2433
612
1639
4343
1908
4037
3825
847
4785
1251
794
524
4591
2723
4791
4718
1105
4646
3085
3577
3658
881
463
3502
2210
3018
1484
154
857
490
1017
2967
2345
2298
4923
3804
4622
551
1029
766
870
3014
3270
2354
1473
4957
2810
1370
4459
4643
2180
4559
3466
2433
1644
2806
1560
2919
1825
1290
145
4914
1684
3026
1092
1205
2439
4082
4361
2940
1101
834
1272
2547
447
1830
4388
1482
350
3010
3199
4765
3540
2945
288
4083
4008
4923
780
1832
4933
3132
3752
2486
593
2171
1580
2583
2834
3155
4166
4750
3191
2672
4095
1928
3237
3940
3138
157
1377
3447
3000
3082
15
1290
1940
2034
772
3969
983
4124
2622
2270
1803
4554
2440
4045
1541
1705
3064
4177
1237
1471
398
4906
4047
3955
2308
692
3824
2711
1477
4532
2486
1843
1512
1613
1997
4328
4943
2756
2866
4490
773
331
304
1279
2708
3837
328
2979
1002
3558
953
3913
4868
283
821
2156
4970
4196
306
4991
3053
3337
2905
2952
2817
2428
2958
4740
1298
1930
1089
2126
2991
2912
2099
1588
1252
3123
3268
3599
3695
610
1092
873
672
1790
1283
1869
4583
1710
730
1576
167
2329
2829
4531
2580
2576
1329
1205
1227
4573
4865
2754
1114
1191
1603
3624
744
3690
4840
4263
3570
494
3514
1800
3178
725
4972
2186
2384
365
1875
174
3800
4560
1159
4170
3905
4670
4162
1047
1089
4000
1871
1254
2704
147
3856
1767
3688
2563
1356
4412
2330
4970
1293
3239
4825
4298
3812
587
888
4948
4891
501
748
4872
1381
4392
4387
3
4450
3733
3612
4102
2046
4828
438
1009
964
2850
3955
1395
4346
1339
3487
4283
903
1580
833
2966
810
4528
4017
2252
2607
2397
4843
3840
2556
3383
4358
4450
1435
2149
3371
4343
3199
3854
1567
2648
1231
4656
2503
3233
3669
3232
1978
3199
4837
764
1739
3162
136
3358
4834
3306
1999
2522
2482
2140
4693
1859
4001
4371
1675
3904
3686
2812
1360
891
1470
4318
1733
997
3752
3801
1474
2997
3379
1063
3115
1434
3026
540
3607
4492
1917
4706
2371
0
3834
4228
189
1399
249
372
2358
2781
2632
2643
4184
299
4595
76
4219
975
3301
294
3592
2131
4452
1490
2654
2628
883
4808
1241
1175
1759
101
669
4061
3561
3352
51
1790
3705
4138
3209
3390
1818
4421
3612
4048
1671
1058
830
2909
653
4910
2188
797
3213
2026
4296
1731
661
1214
1182
1750
268
752
4403
4156
3387
1408
2531
4844
3849
3784
1522
3261
169
2042
4831
1291
3113
2389
2584
4369
4678
2670
1041
1082
138
1726
130
1639
2643
1680
2305
2763
2957
950
2842
4566
1099
2530
2601
937
1148
4542
3031
1614
3768
295
44
4722
1503
4327
1772
1226
4353
4564
1886
1456
2204
427
800
2862
1810
2592
2309
1814
3777
4852
2080
4184
4455
362
3943
435
2320
827
4462
1524
3312
3671
3073
3316
2887
3862
1614
2546
4184
2988
1193
2757
1848
2143
2219
3979
4860
1722
3584
541
3324
1159
4890
821
3217
1410
4775
1626
3492
2298
2660
3712
2222
1173
4870
4254
652
2939
2661
4757
1362
739
537
2587
1066
96
3181
3667
456
625
4515
840
4288
879
4761
1463
3025
1396
540
534
1794
403
575
340
4277
4933
395
3176
4035
800
3531
1650
1698
2784
2696
223
555
965
1117
1755
1988
1730
1957
575
614
2130
573
1473
2215
3276
4288
2118
2536
108
4605
1314
2760
2869
797
1912
4407
644
3481
1589
3168
1228
2576
3817
581
3696
1430
3443
1729
2295
3607
1790
4228
1378
415
3948
198
4797
2598
4003
4178
4205
3893
2269
1827
4440
4852
2327
2638
214
3730
1915
491
3066
2605
4317
3895
712
3401
745
2945
2868
2332
4771
2743
1258
1406
4814
4655
544
3019
1523
1543
1095
172
734
4163
4019
4150
3542
1145
1991
2112
2952
1121
4909
3396
89
1398
3292
1185
1650
738
1642
4210
903
4730
1802
3835
1455
2465
4518
3519
2881
3283
4058
890
3076
2320
3938
1352
3796
1860
3310
611
1724
4312
3136
1691
1490
182
160
134
1800
2677
3199
3449
1113
4741
1156
2144
1902
4815
1106
1974
3374
1937
2570
4229
1760
1342
3631
2168
2927
4439
4423
333
4244
2248
2720
174
347
3415
2457
4201
1182
1538
2424
441
2732
2421
4555
4225
2568
3985
4535
4546
4889
453
4684
1903
4279
521
897
3913
4402
3911
4163
1990
1120
195
2189
407
4502
4330
2585
1963
3135
4243
4411
1333
1182
2533
4427
1436
4104
4720
2915
2234
1252
1436
3934
90
3876
934
2386
840
883
4638
1880
4689
4620
1368
1542
3644
217
131
875
2415
1083
3664
2262
3293
3778
3309
4032
2748
4244
4101
4106
4015
1945
2183
3567
2074
555
4462
323
2521
1076
980
728
4634
1474
2870
4747
2151
2102
860
2031
3692
80
3147
2188
2937
4207
3137
483
1575
3215
1085
4953
512
3767
628
1463
2176
3685
4964
1521
4247
3506
2024
3302
3636
2685
2970
834
4218
905
49
1881
3377
4412
2330
1468
2120
4203
3914
4886
1793
2055
3272
2453
4688
3791
2585
735
3879
4607
2280
671
2291
251
186
3316
4265
334
2561
2053
4263
1620
4454
2626
2540
1487
894
2955
3822
1607
3174
170
4894
1712
4796
370
4445
2812
428
3107
4570
856
787
1739
3007
1807
2285
818
281
1695
1620
2705
1550
96
1513
2146
2521
4724
4797
1943
819
1026
3388
787
2034
1909
2669
2799
3333
104
1482
4076
4082
3742
1496
1517
1174
1327
1690
3212
3365
1752
3194
3676
4564
735
83
2022
147
3770
4016
1192
2292
479
4835
3773
3655
852
3119
249
1284
4315
4237
3016
1592
1864
2968
538
4996
4717
2560
4396
4649
4159
2192
2782
1520
3713
1071
4092
2517
1191
3424
765
3488
4339
3938
113
1910
1222
2178
1785
3618
3355
3530
2788
4363
3446
927
4094
2706
4185
824
3401
2731
2244
971
325
953
1848
1152
3530
4796
2123
4227
1206
4922
3194
3525
1592
2445
1721
3924
2549
755
4864
3551
2543
2356
1645
102
3603
1774
3287
2779
1145
4839
3456
867
3097
2021
4707
1616
3149
4978
4277
1317
3950
4455
2424
4206
1829
4257
3841
908
885
1949
1521
475
970
175
333
3089
2442
2244
289
4005
977
3906
2752
927
4031
3524
4370
352
3657
1612
1933
3524
4163
3957
4216
3950
2788
2266
844
1928
3456
471
4045
2556
395
2133
3060
22
3494
2801
2227
2278
3679
1102
1645
1166
2257
3747
1765
4468
2416
3659
92
528
2027
1535
3827
767
4932
4614
4560
4003
2295
1399
816
2015
2728
839
1593
3666
2757
117
2364
1261
2693
3668
402
4986
2097
1967
732
3728
1455
952
3249
155
2202
2665
1119
2767
2727
4902
4519
1648
4355
1766
4939
1237
1330
4616
189
2175
4658
200
4311
3
2639
2694
3062
4605
4490
2208
2371
2390
2136
2358
4349
3814
2276
1416
1147
2422
339
3760
2904
2033
603
1504
3618
850
3595
626
34
2575
3116
1777
4200
181
2326
2197
2043
575
1102
1301
220
3898
1352
2203
1546
1667
1474
4665
875
4085
2999
2604
1841
217
4336
2275
2908
4087
4851
1353
1659
1994
1800
4145
4775
3687
2970
2386
460
4100
3298
2600
2642
4792
3577
2690
2641
1367
358
1753
3199
3197
2493
1814
3897
3746
1167
3825
536
1743
8
3030
393
495
2713
4186
2728
4492
1229
2852
3833
2104
2508
2550
2412
4447
3701
354
2265
105
2272
4894
568
760
2832
3093
1469
2443
2708
403
599
2986
1917
4008
460
324
4611
4393
4615
2819
500
100
3736
1828
3708
1542
431
3717
1993
4182
2863
3203
2672
666
2691
4573
2351
3885
4140
81
4453
4047
2787
2302
1789
1900
1693
3055
3038
1196
2269
1276
353
322
1974
1235
3969
458
333
2661
2731
2340
4704
4687
2869
3159
229
2809
4275
1839
3047
4619
1168
4292
1955
4952
2937
4852
2951
2521
2136
1276
1866
1570
2413
3868
4439
2419
801
405
1548
1479
243
322
841
492
4964
2946
4840
550
870
3537
622
715
4318
4073
1837
3778
2338
3316
840
613
1154
1476
1606
25
2708
1013
1827
3266
2157
1647
4539
892
2980
1822
2183
628
2597
3358
1749
4551
509
2547
934
3459
3225
476
1398
2111
2390
2867
156
4381
4840
1889
4827
2343
1990
387
4717
177
393
253
4356
4810
3567
3568
2090
4466
4050
2736
1589
3582
1016
918
3329
1611
2024
661
124
3832
964
4912
69
4659
515
686
4940
3167
3067
4613
4486
4307
1675
3239
2466
4475
891
403
2956
240
4541
66
4436
3949
2727
2969
4490
1073
743
2149
1877
4379
4397
1937
3217
4742
2721
1171
1381
814
3859
2940
2480
1019
2685
211
4427
1698
3857
2184
1393
4417
3137
4401
1607
4957
4811
2080
2865
1308
611
3315
4526
4571
2125
1813
447
1295
4226
1922
3822
2669
2080
1645
4184
4518
3351
4085
159
3964
2028
1596
1940
2048
2197
2437
3646
3108
1735
3488
573
514
4161
4238
4594
3400
804
720
3787
4068
1966
1372
1618
608
1632
3930
838
1779
3484
2019
2125
1418
1688
2680
3335
4972
2382
2071
68
1535
4014
4159
3675
4662
3406
2421
413
3373
2749
4007
1353
1990
261
3803
2490
4626
1497
2815
2396
2719
1538
3819
3816
2415
1642
2376
1927
947
746
2264
1498
3988
2073
99
4617
3206
3012
1436
3080
3594
350
299
2976
2672
965
2766
1692
4115
4651
4355
1587
3887
1538
155
2720
2003
3142
3574
2686
3527
390
4865
1410
3897
4591
2173
2273
1824
2045
2909
1231
1007
615
652
3085
4303
127
4684
388
4627
2795
1440
3241
1116
4393
4577
3842
3904
3543
1627
348
3396
1686
517
1998
2651
3191
4298
113
663
4401
888
2672
267
1356
3460
4659
3135
642
1250
4911
2015
3046
2351
3449
255
1202
3554
920
857
191
3236
1002
3502
1754
27
1102
248
368
3840
2984
1137
2811
2600
915
1710
1144
3048
1604
3917
3838
506
556
3280
2553
1788
3458
2930
1633
3713
2360
2009
4310
4375
425
4308
817
4137
3727
4121
3624
23
2503
30
2813
2107
4447
1424
178
4098
534
3218
2937
4564
3250
509
2777
4675
3292
1538
690
1916
2053
3171
4753
2147
3935
4236
4475
4233
1502
2150
1653
2952
1806
4776
2922
1960
1677
3267
3686
1741
1493
3571
3194
3974
3684
1043
1841
1812
4927
4348
1047
4333
3626
952
1439
1399
1499
4476
1589
1796
4881
2522
1650
578
1634
2841
3815
246
1930
4252
1041
3243
4325
4229
4890
4547
75
435
4022
2309
2175
1693
2234
3184
1052
4067
2977
1376
1718
587
266
3175
445
2996
4650
2974
4113
2065
815
4938
3520
3887
2421
3976
1079
3018
4968
2621
2423
3817
4433
3795
3574
1280
4453
4927
1222
2869
846
4901
357
2638
4326
4345
4549
4002
840
2143
2401
3638
4570
1244
3870
1828
1293
914
2157
123
2014
3954
405
1377
4109
1466
1915
2199
4368
1487
3678
2955
1614
4799
154
2031
4296
3374
4244
32
3408
4408
1671
2685
4911
272
2011
3907
3347
162
4171
2952
1618
351
3780
4125
4803
3212
590
3639
2321
3678
4929
2767
1063
651
1575
4999
2717
3186
2712
421
2105
1480
2873
470
2309
2065
1045
1230
1161
1951
1557
1955
4640
3859
2403
1764
4121
2816
2455
4442
2705
375
3451
83
4198
524
4262
613
3099
3758
56
2248
740
3439
1439
3292
2203
3325
4700
2909
1734
2932
1657
4753
2984
3868
2918
2780
3657
2237
3621
2215
3926
1517
1699
4511
1876
809
4810
2483
1322
1049
4452
3862
1718
3163
4572
1956
3572
3308
3094
1663
4846
865
1622
4666
1789
1309
3594
1040
291
3463
1780
1889
2445
731
2551
545
3760
4103
4030
4888
3465
823
249
3233
1443
474
4198
1418
3095
388
3878
4006
801
4176
4583
355
424
3235
2716
3048
3065
3851
4228
1309
458
1007
2454
1009
624
2595
2281
547
2272
2899
1766
881
4529
1697
3476
2539
1606
241
4173
4176
3342
807
4799
3866
1248
1280
733
1887
2564
3891
963
4074
2859
4634
698
1613
2322
2010
3903
2319
560
3243
2701
4042
3434
3116
530
686
4200
4565
1594
233
337
4796
4010
4096
2921
1162
1606
4014
1619
2721
3591
2071
2693
4184
1566
159
477
180
4021
2139
3699
3700
768
673
3864
96
1102
2162
2655
95
1585
3394
2708
950
197
2871
3345
548
2039
147
102
4047
222
241
4197
596
1950
2397
2735
3212
3468
4440
1030
4651
2676
4453
3992
2703
2494
4651
2109
881
4507
3523
3012
966
2602
4108
3638
1312
1342
2994
3746
988
2791
4400
3989
219
63
352
482
850
342
1940
653
457
799
686
4894
1157
44
3983
714
3371
460
3447
3375
354
2143
1256
4776
2306
235
3963
1473
2265
1147
4170
921
3598
3319
4117
1075
906
3102
2997
2450
2491
296
3633
3954
260
4091
2898
1851
2252
3630
466
551
1903
3939
3385
136
1273
3299
3413
4555
717
3125
905
150
894
2813
4719
1778
1694
2608
897
2798
838
1744
965
4289
1667
2220
65
1332
4238
3890
4548
1524
2746
4564
3572
3819
3996
2374
785
3938
2309
1262
4144
1397
909
3340
4212
227
4397
890
3688
244
4506
4707
4003
1257
2270
225
644
144
4691
4765
1831
4438
2640
4648
38
3136
2700
3716
1876
1313
2210
3037
3427
3510
2806
3340
3436
1025
1661
1770
479
2822
4037
582
2357
2397
241
3488
3948
2324
911
4819
3831
1891
1743
166
1414
3967
3539
3841
3111
3539
4233
3711
2876
4551
3987
4574
3979
1493
3007
2961
4383
1258
1568
4796
153
1354
3155
168
4051
4952
1169
4163
2335
177
4916
3174
2159
2427
3054
2799
3458
4544
3903
4619
575
1218
1744
2522
1271
2182
4036
2901
4085
4725
1219
1194
2175
2555
3811
1748
1959
2927
2939
4561
4071
2090
725
3495
3450
188
4673
4405
164
3727
1425
2018
3049
2623
1308
3290
3891
3914
2891
61
4772
883
3437
272
1722
2013
3644
3617
1700
4485
2187
955
4600
2348
1754
461
51
3698
3335
4920
3618
99
1011
2473
159
200
3506
2998
3600
2813
955
765
2246
3193
1903
3081
2719
3447
2059
4301
3833
2682
3819
1793
1503
4193
795
4423
1405
3581
2058
3278
2128
4393
3836
2463
4871
1239
448
4203
2972
2183
2080
2778
265
3165
4010
4614
3415
2594
3141
1885
4856
629
1339
2531
520
202
3705
332
4066
2506
205
4067
2073
4598
623
1888
775
3578
3526
1068
4461
2773
15
3515
4784
2681
821
1615
2134
2962
3248
1775
4161
38
1473
1219
1575
3276
1813
1303
2904
2513
4564
1003
2981
4461
1316
1281
2613
828
2676
780
336
3921
1441
3646
3100
2703
2768
919
241
2831
3550
1338
4235
1391
534
275
2570
4723
4115
593
4143
1826
2196
2918
452
4859
4962
343
2138
454
4695
1361
2948
4155
1537
2644
2510
1996
160
3703
4904
2503
2173
4542
236
850
4835
29
2751
1309
3011
2251
3811
898
2775
2388
2964
677
3838
2934
1735
3077
306
1654
3373
3231
1842
1162
4326
407
4229
1817
730
4790
1709
3339
4791
3371
1634
1656
4861
388
596
3729
4651
234
4105
4814
1676
4488
907
4693
3066
4017
561
3249
3971
2954
2691
3121
3198
3387
2303
3802
1355
3412
3085
4841
1082
3524
3060
4417
708
3180
680
4520
3764
2199
4418
4242
3588
3802
105
3392
3959
1384
1992
3753
191
1805
3016
1587
2597
4291
2186
1444
72
361
690
3245
679
1300
1231
78
2417
1310
3343
2198
1002
1829
2996
3677
1933
3263
3893
2565
2971
865
114
2987
4378
3959
4371
2787
4579
4522
2300
1011
2230
3411
1937
386
3564
3816
4556
1553
4717
810
285
4145
3953
2230
424
3609
4785
1592
4633
4343
4118
1605
1182
3840
90
607
49
4763
1012
2919
2529
4487
3683
41
619
4175
1014
4461
36
1030
3615
645
4730
3679
4950
3043
4247
4892
962
1514
625
1253
4299
3320
1295
3910
3436
480
4785
1740
2648
4546
1909
454
4699
417
3811
2479
312
3501
4595
3309
1706
306
3209
4823
2135
954
1131
1701
1726
418
322
916
81
3589
3925
1530
4832
2403
915
3311
4430
1186
248
916
1424
437
1355
2957
2145
419
3165
2683
4749
4605
1957
4478
1827
1013
2785
4520
2562
2101
2213
4831
208
2818
339
1875
3693
2934
402
3353
3518
2284
3079
113
1424
2941
4332
2250
3897
828
242
1689
4054
2852
3201
2896
2076
2611
1414
3741
3758
3315
1210
2275
760
3950
4854
4655
3889
2016
4293
3774
2952
2723
537
1837
2065
1463
908
1709
2492
2653
4671
725
4625
3131
2192
3112
221
3612
1973
1032
4425
4566
2731
1173
3408
468
294
3472
737
2617
3967
1441
2778
2917
1825
1194
1591
3126
2345
3206
3245
544
178
1642
152
13
3263
2836
2651
1048
468
2931
1331
2930
739
2593
1871
3328
3070
2615
3010
1118
2624
1252
2214
2256
4257
2894
4528
3359
3121
3966
4555
3223
3972
2000
13
658
251
3748
416
4427
2193
4594
1833
443
1641
2342
2067
1161
3275
1676
306
700
4711
589
3607
4396
2407
98
4225
2292
3627
2585
1360
4556
673
692
2993
4253
2877
1753
4989
4370
2209
2068
2877
4452
2487
2818
2889
2499
2787
2847
679
4387
4782
339
1501
2483
1099
610
430
782
4473
4074
3247
1952
4412
2380
1339
3546
3986
3419
2370
183
2698
1604
2378
3207
3617
2083
3207
2457
38
1920
1912
1143
246
3896
1156
3134
2990
2565
2160
968
1606
217
1536
2261
1610
1364
4911
3634
2493
1880
2441
1533
3545
1327
2044
3267
2943
3207
525
4786
616
1633
2837
990
2888
4803
4531
2738
318
4892
1325
109
4983
3980
868
4171
1564
4066
4176
3974
3393
2826
716
2891
4735
2261
1570
394
2531
1063
1093
2289
4291
253
128
1286
4268
2394
320
3118
1894
2059
2764
3634
4973
1762
1307
4847
2724
2715
3620
485
1080
1310
385
4475
3081
3638
1307
4184
2534
381
199
2820
4781
3810
3323
2336
4081
4109
3546
1859
2791
4249
4982
4042
1377
1258
4245
1611
2471
2838
3630
3034
2749
4718
1372
3005
1247
1218
644
2061
989
946
2462
3401
2821
204
4581
1194
1731
4501
2627
2312
4842
1442
3773
3754
2135
741
415
3821
3959
4381
1446
403
73
1006
3401
2417
2776
1035
4707
77
838
3643
742
1295
1345
4879
177
275
2503
771
2497
2418
2545
4492
3393
2757
789
265
2609
4185
4129
3253
2437
4614
3368
680
4470
1551
2293
4983
4823
4175
725
3816
4625
4145
844
525
1120
948
3548
4764
349
1453
941
2686
4705
2342
2248
2987
235
3528
463
2715
3961
1317
3220
2253
3992
385
1825
4444
2826
3840
1045
2676
1019
394
2059
1875
4315
172
3106
640
1692
4512
3723
951
1007
2436
1015
1480
3149
2961
3979
4631
272
990
1184
3910
79
1721
1537
2958
1645
335
677
1577
2095
3683
4331
2951
102
2199
3236
2969
3264
3839
2993
726
689
1278
4664
3944
613
245
2570
4986
1325
3522
760
169
1065
4841
816
591
4516
511
3985
1799
1621
1947
4797
2535
1152
3274
3359
3711
1580
3284
4813
2770
1773
1600
4832
2628
2644
1518
317
2960
3276
4039
2077
3301
4534
4547
1934
2966
2473
4623
1363
4538
3624
214
2422
618
4463
808
3315
4305
590
410
2802
773
3018
3614
2878
1407
1842
3748
2376
642
377
931
1127
975
3681
2037
292
3172
975
4834
2206
4925
2161
929
3964
1138
419
3325
2537
4053
997
37
3222
128
3857
2889
1878
1213
3567
2475
2756
1297
1277
1775
3713
3317
4045
2732
1262
2966
2356
749
1466
2995
3336
4940
1410
1696
3473
2282
3316
1422
4289
1116
341
2049
2542
4958
2036
2675
4514
106
1317
4320
3355
1768
2326
1192
3411
3388
1844
1249
3251
4778
1195
785
1345
870
1710
2342
4361
1904
4513
2858
336
3702
3791
2013
1894
1002
1725
2231
732
333
2179
2107
3800
1678
1886
2332
1308
257
4634
1397
2847
2436
1105
433
4103
4578
4371
2784
2363
1120
4150
115
4971
1588
2173
3698
3131
1829
3229
1070
3183
3075
1986
1989
2886
813
3086
2478
1551
4806
2495
1745
1485
962
4612
4854
2547
4268
1455
4407
607
4799
898
354
4636
4642
389
3712
2413
4539
3013
1432
4640
3218
4372
2641
3904
2468
639
2507
1886
16
3152
3110
3953
2546
4012
3885
564
1063
393
3293
2831
1374
2562
3293
1114
1346
691
2563
4775
166
4894
3916
1683
3957
4679
3841
2741
2071
3154
330
2828
910
3848
1885
2550
3547
2947
907
1430
4695
1336
2471
4230
868
3494
3143
2347
3040
4378
2731
2499
3276
4685
2446
3500
587
3834
1460
2758
4245
4567
247
633
496
4815
3154
1089
3426
3786
3769
630
4992
732
2184
954
1546
563
3024
3774
2477
3508
4620
1323
2968
4001
2550
4339
337
2890
1873
4804
2867
158
1895
3905
401
2775
1010
2081
1243
3665
3827
2583
3171
1689
3856
3032
5
3841
2219
2060
3374
3329
1265
106
1389
1431
4124
3294
3079
4934
4301
1764
2984
2264
1715
1245
4811
3884
648
8
4510
4411
116
4821
2570
2837
2445
2222
3154
3293
3848
3651
3404
1484
3351
1476
2806
4336
1862
1431
4132
156
3118
1950
2772
2944
388
1690
671
1159
4569
3480
1685
645
2247
4370
3849
1536
4986
1619
1782
1310
2424
2405
1820
2641
916
4861
44
2823
4884
2382
1502
3365
374
1331
682
486
3039
3853
2817
4642
1185
482
4660
1483
4134
1482
2393
374
1051
1796
4604
262
2924
3647
1282
1997
2708
1104
4757
4134
4167
223
2856
3215
4940
4594
1938
3074
3303
4120
638
4196
690
217
22
707
1297
2970
351
482
2420
380
1664
4235
3189
1422
1934
1305
3598
2856
148
4048
3005
3575
4109
4876
4937
4207
1294
913
4197
4438
3084
3746
1495
1075
961
2804
3553
1404
1929
3371
2034
4846
3998
1165
692
3566
2271
2725
2264
1448
1123
87
3550
4974
1839
2869
1469
121
2577
2670
1393
4507
4236
2090
3757
171
80
1219
3668
2151
2593
326
3487
1059
4112
2061
2268
4978
1331
1527
3245
3830
1896
900
2105
4021
4442
3144
132
4794
2806
3978
3912
1595
247
3606
3184
3315
1776
767
4175
2875
4165
4103
2801
511
2506
332
4947
1361
4111
3487
4968
914
1611
3827
755
458
4482
773
4601
3601
574
3128
1684
2108
147
482
4612
54
507
4950
3993
390
3252
3464
1630
3314
1465
4420
888
3939
683
3171
2713
3268
3017
243
1600
859
638
315
3728
2270
3311
3305
1040
615
3952
2907
4076
1418
1732
2779
3109
4930
243
4573
3627
4329
3303
4646
3664
3245
4678
609
4822
2518
3356
2326
922
2818
4339
3826
3919
4820
3401
807
2239
108
350
3650
26
4776
347
3128
3234
764
2067
4217
1046
388
4366
2486
1007
4340
4553
352
444
476
3376
2644
4290
3997
4504
2634
4610
3013
425
3901
2799
1902
467
8
411
4680
3543
1561
552
3523
2184
3368
1070
735
1679
4014
2657
475
2484
4154
4287
1779
1309
4652
777
3115
3689
1142
3184
2192
3034
4869
1702
2351
458
1849
3695
253
3255
3855
4015
4776
3002
3509
4101
4667
2838
3864
4224
4229
4166
1014
3668
2125
3272
3048
1059
48
2408
2013
3121
1475
4111
4128
1293
3006
4335
1075
1864
4818
1086
2084
3573
917
3957
2684
2731
943
1789
4942
3424
2512
2402
3971
198
3758
1644
2325
1512
3647
2728
3353
2511
1817
4218
4607
1480
4177
4023
2925
2735
925
998
3913
524
4882
1877
1006
1379
1645
661
4039
3701
4453
3678
1292
977
2466
2332
776
721
3919
445
3972
4079
753
4860
1445
1014
2544
433
4461
1277
2994
3762
3132
518
670
2212
1484
4005
2946
4460
1990
4938
670
1882
1104
3334
3825
2160
4273
3595
2733
2441
3238
3645
1274
2765
4460
4492
1833
221
3984
1661
2008
2614
773
2084
4698
1091
1936
2163
2923
3623
3357
810
2984
1754
4534
3807
3238
4588
2584
4849
2922
3736
1540
4243
1083
4441
1225
4856
930
3430
3330
718
3345
1353
1527
3509
4346
3798
336
259
2720
3347
2588
2839
467
76
4829
3960
4627
2112
4399
4930
1010
3221
4431
4202
300
2658
3692
1680
4375
738
4205
2732
2034
2166
4653
2093
2253
838
2901
2529
3994
2298
4984
4429
2105
1435
4288
4718
4563
3354
953
3135
2268
2345
591
842
1319
747
496
3772
4573
2129
2027
3504
1629
2672
4138
4006
2651
1855
138
1028
4910
2076
771
259
1136
2893
1525
136
830
3197
460
1257
1200
285
966
177
4160
3936
2029
2507
2015
3466
1739
3250
1946
3895
1657
2105
2679
311
2315
2375
4094
618
1363
2459
2694
1215
515
3542
3542
639
3669
857
3223
3606
1229
4527
2420
2813
3468
2325
2070
1585
3813
3589
2369
4454
2634
4164
4358
4803
2919
3935
2069
1865
1335
269
4941
592
133
1637
4357
4962
95
1434
2172
1169
2379
957
3717
701
1727
1201
3075
3945
3164
2920
2559
4052
2266
623
638
3992
2030
4343
2539
2884
1850
329
4992
214
3283
4116
168
3732
1389
820
4382
3042
2439
2650
1923
4186
136
4208
2770
3330
743
1195
204
4120
2778
4632
1870
1402
379
4580
651
3254
771
1166
3037
342
2030
3133
2813
4762
4212
2833
1175
4914
744
3859
4182
3680
759
516
3519
1720
3539
854
2856
3161
3161
3292
1720
444
909
1373
1347
870
3964
2440
471
854
996
1487
1825
4956
1197
3398
648
3585
4748
3603
4401
4828
16
132
2235
1676
2953
849
162
325
4760
718
341
2440
4811
2504
3723
1714
4690
3912
2498
561
493
1288
9
3091
2136
4517
536
2965
705
2071
3204
2052
2599
2128
2836
3006
166
3987
1936
3446
3310
1773
2099
3021
1794
598
710
3618
3702
3964
4945
2257
1779
2255
2767
3473
3666
87
502
297
485
305
313
3965
1546
4302
4817
2802
2488
51
2179
4353
278
4003
89
2034
3900
4538
1350
2705
1694
1328
1789
1172
2541
2883
4454
4986
883
4508
1936
2630
4711
1536
1410
4124
2825
1389
4468
4533
1594
916
1049
2878
3462
1371
528
4242
4922
2874
1128
1159
1384
4888
776
1987
2030
314
614
64
2248
4217
1151
4250
81
1359
1291
4402
4341
3743
3791
2917
2398
3798
4353
2549
2729
4203
648
236
3843
2542
2750
2709
1554
3482
2827
4241
173
4970
3924
2078
4127
401
2107
4787
258
2480
2779
955
1080
4517
4610
2157
863
4327
14
1759
983
1764
2287
260
785
3105
2466
3686
2947
2753
1693
3287
1792
1171
4334
4943
211
1010
1601
1191
1038
290
3926
828
4648
1539
524
372
2104
1166
700
4891
117
2963
4093
4586
1905
2595
485
2337
4633
2714
4280
3648
1276
3704
632
2775
1808
655
2330
4893
1322
4531
2860
3262
2258
4198
887
1928
1273
2489
1729
1113
3271
3515
4240
516
277
4057
4409
1787
488
2554
1826
497
1101
1901
4146
97
1479
3416
4305
3185
2507
3032
2655
3458
2721
2089
1421
4568
1676
1133
2040
2399
2008
4819
4432
4582
3015
4300
2350
1766
832
1286
3266
4855
1526
881
2092
553
1637
1829
4356
2023
1867
3691
2997
4119
4074
1138
3931
1113
2410
4692
2371
1771
4176
4529
4917
1103
1540
3798
1393
1731
4907
4587
3815
4069
1789
858
2417
1518
1501
189
2160
900
1603
2099
4338
4140
999
1839
3291
1643
4775
4465
3925
2159
4950
1450
436
4046
1281
683
471
2800
2998
1764
492
4031
385
4428
1697
3429
1846
4465
1041
2364
1681
3606
1393
2523
554
3199
3981
19
1979
3590
2401
173
3998
1201
2118
2554
3298
969
2487
647
1523
2511
2762
617
880
1134
2808
3734
1206
1242
3059
410
3587
1191
3570
4845
3043
2114
3194
436
1103
2066
417
4874
943
854
331
4942
757
2434
525
3003
3978
3657
1788
4949
718
4279
1119
4765
1620
2252
4092
2075
3928
101
1424
2420
4375
1777
4865
2518
3849
2045
4110
3591
4323
672
3355
2128
3625
3832
4862
4036
702
2592
209
96
4848
1033
1095
1792
2777
4772
1628
2437
397
1449
2927
1659
212
2943
70
2981
1073
1587
250
2501
3288
4739
1130
2186
418
1651
3235
1313
3405
4668
4573
3073
1030
4439
871
862
3110
1441
269
2949
35
1371
782
1541
3539
85
854
2010
958
4030
2518
2082
3487
2713
1587
4341
68
1168
2969
1366
4898
4471
2369
4391
1981
4851
637
533
426
4350
4774
550
1198
146
4704
4706
285
456
3757
1060
869
3983
4914
1589
4029
4658
4591
4406
4290
1024
4767
167
1525
468
2038
1599
1233
4916
3477
4513
2292
3875
2952
985
34
4863
2650
3819
4624
2943
2634
154
2411
839
1089
2251
4359
4441
4012
2849
19
4304
3103
1493
4686
2495
3353
2000
3162
3552
3301
81
2675
3172
350
4611
1286
2456
736
53
4803
2845
4667
3296
1128
2119
4884
2147
3082
4948
1182
364
3463
2632
662
87
2233
1192
849
3287
4888
2775
3170
4514
2606
1665
3327
3851
220
4022
2826
2905
461
2514
1534
3189
151
1497
4350
599
751
484
339
2165
929
2818
2821
4918
245
3709
4135
4901
4617
1269
982
2573
3222
1279
578
3223
1433
4805
4962
1359
3529
1426
4506
3880
3921
544
1577
1935
1015
1582
2884
1706
3155
4441
4982
4510
3920
1128
1867
538
250
637
3953
828
4299
1327
4380
1042
4923
2259
4072
4329
4952
2063
2087
1473
1686
3024
2919
2928
1711
4378
4335
2464
990
1249
1150
2970
1747
328
483
2272
1408
1207
1296
3112
4944
2061
1096
3684
4877
586
1441
1059
3307
4728
717
259
2115
157
248
4016
3554
319
825
2240
2092
3987
3799
3877
4796
4066
576
1896
1710
3735
1981
4901
2330
647
4379
1682
4697
1591
4308
4226
183
3422
560
4854
2527
2728
3970
4724
4838
2357
4568
4005
1739
2500
4902
3587
966
2904
2805
4578
2958
119
4165
2248
1603
830
929
1694
2793
3654
2562
3018
108
273
1522
2091
1596
3847
1734
4408
167
770
3734
3875
4338
2819
1079
2112
3087
4704
3159
4072
3111
4214
4702
4327
1380
1387
1703
821
209
3789
3440
358
1603
973
2560
3526
1275
4863
1600
3357
296
2
903
921
3970
1509
2449
1436
276
2206
3040
3076
3589
3381
3681
3004
19
4971
1295
1938
295
1403
971
1009
1587
1405
859
4454
2234
1026
2558
972
2295
4141
2198
3127
3679
2344
2748
1797
2181
2866
3025
4616
1570
1478
3107
3995
2192
3569
3291
3544
4499
43
4507
860
4077
4344
3762
4326
3524
3773
424
3177
821
253
891
4565
445
3992
4326
3163
2594
3222
3029
4373
2393
3129
3064
3057
857
3921
900
4643
1874
3015
2453
4533
1264
11
1010
3677
3268
927
4923
2645
1682
1471
2326
3687
1384
847
477
1980
1521
2838
3310
970
4998
3462
4884
2798
4781
3280
434
2621
4347
1078
1125
316
4072
1932
2229
775
4038
2039
720
328
1570
52
612
4683
762
1849
2289
4238
2940
1898
3487
20
1124
3763
4719
4195
1204
4324
1144
1601
23
2184
3821
1890
4368
4101
4398
4248
366
2106
601
1850
4127
4725
539
1820
1244
4234
2742
2634
3638
4233
4637
2534
1741
605
4956
1707
2295
2993
3074
3008
63
3705
4282
4872
3205
1624
242
1092
1676
2569
2879
506
784
2060
2236
2766
2515
2444
3559
3207
4943
4528
4881
1601
4937
2527
4153
54
351
3819
4320
988
614
3994
3333
2175
363
4317
2335
4578
902
4268
4705
3616
2878
2343
2364
2349
3419
1158
4784
1084
466
580
4949
4214
1487
1232
4803
3599
3809
2778
2676
1814
137
1978
3782
60
4834
319
787
333
3220
1965
2409
2648
4113
3145
3118
4976
3252
143
2857
203
3705
871
3696
2207
570
3497
4375
884
338
3607
3057
3154
861
1519
1113
106
2932
4485
1771
3643
1791
1364
3432
4543
412
3494
2453
689
3752
3103
2016
4711
647
2234
992
3582
553
4926
2385
2906
2359
1886
1069
245
731
1290
2039
939
2426
2210
2086
181
2291
1861
2808
3155
2421
4353
685
4921
3214
4432
3688
155
1843
598
3468
3514
1734
2139
2487
4209
3052
2417
513
335
1006
1279
4307
1854
1109
1993
1268
1729
2385
1119
2051
2607
2986
1414
2797
2116
2342
1666
3404
1798
708
4337
3972
2397
4529
1101
948
4490
1188
603
2604
3383
2340
2277
2293
4329
3069
3907
1958
1998
2390
2394
4872
3243
4808
1692
325
2796
1061
2484
137
344
1085
1950
190
2125
821
143
4772
2238
3011
4132
3140
875
146
2370
614
3567
1994
3607
4635
476
3743
1523
3208
2915
3763
1368
2719
2970
3282
1101
268
1035
2907
565
2090
1432
3471
1978
3150
281
5000
2382
4805
826
3765
4735
3086
364
4550
1299
2191
2274
1261
2982
1726
1105
1073
152
2277
2601
4646
755
2161
4981
1468
3208
3749
4942
51
3571
342
3642
1380
3345
910
246
843
2436
114
4483
666
4041
4363
2376
2564
1155
3939
398
3275
360
3922
2026
1697
4991
4469
1759
3752
4136
2424
565
4479
2588
402
3981
4645
2258
3814
2593
4751
2740
876
139
4408
4585
1937
642
3373
1120
2112
1968
1208
1989
263
2304
2410
3648
4734
4549
3562
2001
916
968
3447
2115
3930
3977
911
2612
1845
2122
2400
114
2682
3477
3294
2693
752
2281
2956
4718
4510
2788
1783
211
1246
435
4333
370
4029
797
304
1200
1024
3171
3313
2561
4262
3506
4620
1044
4949
3984
869
735
2548
4032
3907
4511
3851
2979
696
2934
2974
4777
643
2715
4350
99
3201
0
4949
4333
2894
221
59
1997
1628
1386
64
962
605
4948
176
2624
2323
4910
4449
2495
4719
774
2618
4296
836
2232
2274
1824
3814
4066
3152
1051
3180
2984
4878
316
1124
3294
3165
2916
3337
3285
550
1071
956
4749
2182
2619
1897
3084
4079
117
3287
2199
2731
91
1960
2405
4384
2630
1930
3290
3878
3226
2414
4678
1620
1375
4030
4943
4907
4894
4493
1987
301
2693
4681
4192
2018
3395
2378
3981
3118
2030
3721
1225
2725
559
3477
1536
4076
459
3818
4717
4407
3032
1949
1004
2865
1003
2236
2930
570
3004
4786
1132
3824
409
2582
229
4535
907
2337
4959
451
1719
3907
3732
1483
2742
2042
4120
3312
4851
504
4181
4278
2379
2769
4441
3756
3699
4379
3663
422
4638
1283
1906
1193
814
2981
3208
3136
1810
5000
2679
517
2940
1555
1467
2774
595
1270
67
4477
347
3454
1520
1639
205
2375
617
346
2036
4570
4461
1093
117
4787
1317
2450
1622
3070
1308
2484
3390
105
2133
4558
16
4639
844
1807
4856
2871
1592
2081
3768
271
1884
454
1208
1446
3970
812
1495
1866
4299
2502
1054
3683
4363
2223
533
805
2265
2002
3775
323
4986
1666
4962
3301
3492
2638
1967
3617
3199
4354
4441
653
1526
836
1009
1307
4261
3753
2343
1870
967
3258
3067
4996
1826
3136
295
4618
1680
4988
2219
1356
2419
136
4742
385
3317
4199
3733
1382
616
1431
1296
1585
2686
4541
4436
2992
3035
10
4734
960
81
2096
2838
1819
1425
1425
2254
873
2663
4579
1515
4296
1885
3877
3314
1662
962
4458
1039
4428
1725
4903
1944
2539
2718
3398
1857
294
1977
3281
4378
1370
1760
4597
1267
2260
965
2110
4988
3736
2567
2614
2468
2967
4160
3570
3435
1863
430
1950
4495
671
213
1812
2863
4820
1213
731
2461
2117
3750
3633
1883
127
1744
511
4743
651
969
656
1429
540
1182
2537
3413
3046
4644
4335
465
1971
1825
2845
2440
1576
173
4929
3842
292
2084
3645
3600
1802
828
2323
119
1378
1650
1323
2897
2206
2720
2792
189
3207
2421
4901
1540
3865
3124
2032
4565
550
3917
3800
1662
1324
3728
1009
608
3855
4307
4631
2524
4786
2074
1416
2151
2801
3963
1547
567
2613
1928
1594
832
2415
1875
3009
3536
742
40
4939
545
654
3273
4116
408
1105
2994
148
4704
3887
4543
4301
4430
3037
3461
648
2105
3332
4526
2002
3083
2612
4625
4391
3760
3906
2787
1850
2612
133
1896
745
3164
1706
3782
2522
1589
3580
1146
78
2873
3588
98
1044
4720
3209
1443
396
504
2495
3184
4596
4043
4116
2980
626
3609
963
487
3663
2386
2741
1597
557
554
582
567
2316
437
2397
4278
4972
4326
807
1729
1366
3638
1868
4827
4967
3192
2958
3470
4074
4569
3963
1097
4104
2100
1358
1289
1917
3282
989
3232
1464
4793
2088
119
3347
3401
1263
198
4491
4669
1171
1857
4268
1025
3376
271
2282
1246
4672
3263
1565
4244
3798
2956
3682
4368
2568
1525
1773
1377
4076
901
2655
2687
3681
1458
2914
2265
2255
4910
2561
794
4239
422
2078
2062
913
686
1817
4157
1973
4567
3843
1784
3249
2851
4677
4200
2563
2506
686
462
4080
1644
2643
1214
2855
2091
461
4384
2941
2819
577
3689
1146
2239
4583
4711
963
1893
2613
3163
2110
831
2803
1105
452
1865
3356
3613
4787
3989
2635
1475
2114
795
4508
231
4151
1782
1205
736
2379
2418
3994
2834
3014
1186
1871
1591
4491
2599
1014
2503
2460
2626
3385
233
3379
3361
3950
4470
1648
2850
4651
1884
3628
2522
4443
4266
694
2943
3923
2734
3625
3019
1028
3581
4636
1327
4467
3878
3486
4065
1497
3507
4131
2370
1310
1158
2384
513
763
2748
107
1912
4731
54
145
2803
2872
2480
2345
1761
984
357
4849
4058
4450
1205
3405
4057
1349
3142
2642
1357
2713
3379
2837
42
2224
2463
2009
4111
265
3704
3966
4060
3919
1072
4223
2615
3681
4970
1778
3946
1523
2723
4486
525
2313
2518
2012
838
2221
2266
3857
4668
1502
2452
2896
1117
3803
2901
3280
1618
1383
3621
869
3607
3987
3201
2322
2318
715
4631
99
1839
3025
4201
164
3204
2766
915
2426
4380
386
1892
73
687
2875
3190
2242
192
862
2259
1063
1439
823
341
1844
4181
4882
3711
500
589
589
3583
4705
264
1209
1163
2103
1476
3585
2104
600
4162
4316
276
3266
1481
3860
2407
3462
1469
3017
3764
2109
304
2817
142
4336
4456
3961
4250
2123
126
372
3211
831
2234
869
3975
3122
1481
3037
3989
2346
4807
2165
2801
1583
1938
3138
79
4242
3312
1174
1254
4144
9
4345
1577
2712
2213
823
454
4137
4639
3329
752
4818
4754
3399
4366
2786
4651
4425
2385
4152
3532
4116
973
4372
269
2792
3943
3237
3872
297
3199
2561
3426
1626
2839
3795
4768
3718
1002
4559
2731
3253
4789
1891
1423
108
917
1466
3043
3695
1661
3296
4377
783
4004
1412
4904
3638
3838
4865
2251
896
2767
238
4596
1966
4387
2831
63
1879
857
596
2813
1976
3364
1780
4757
222
4617
593
3921
1546
56
188
502
486
1046
3873
1609
2639
1641
2253
1639
439
3699
4535
2108
3322
2356
3687
4620
286
750
2237
3207
1905
4311
4730
290
4242
4926
2470
2040
4204
4187
1868
254
3200
163
4951
3029
4025
1125
708
2093
3331
4807
96
4090
3755
3205
4871
1154
2840
3195
4139
3018
769
2908
3369
2303
3511
1274
2208
4664
1711
477
2214
2899
555
422
4499
13
168
827
4468
4288
614
4830
2377
3227
245
4938
881
3886
574
2794
1260
4885
1542
3983
2503
3876
472
3753
4651
3646
2162
1116
4753
3777
2443
4693
4640
306
2844
4693
3794
96
2871
1662
15
731
4956
4629
4673
1759
803
1470
3143
2351
4184
3309
2316
3376
1736
3782
2845
392
3798
2302
4955
1368
4552
298
503
2820
3342
4599
2632
3203
1906
763
4387
4386
1185
1350
2568
4404
721
4481
4203
3477
942
209
3959
2080
3894
4828
2093
4458
886
4659
4252
3144
3661
3448
3275
230
1175
1064
455
1862
1979
1020
4019
257
4408
2182
2991
1996
1897
4967
3480
3308
2144
4470
4303
333
3335
124
2402
3289
4744
4495
4122
3080
2739
1313
1302
2702
255
18
1852
4953
4572
2661
3864
4468
1375
976
3661
3319
4994
4886
670
2515
4655
4522
12
1334
4487
1988
3423
4965
4424
4650
1744
2532
830
4913
4184
2076
2827
3372
774
3203
91
3516
2789
823
3598
2883
3255
4527
3027
630
4375
57
3598
4396
3593
2539
646
672
3057
4023
1237
3995
2818
395
3642
1847
242
3448
1258
3067
1011
3720
943
3253
1320
3791
1873
926
259
3599
1052
4812
1180
350
1641
2687
1659
1211
374
3920
3981
2354
605
3691
1728
373
2950
3395
3077
233
939
278
4573
2126
3553
3969
3444
2281
4869
1435
201
2968
3994
3313
2299
2343
2259
1783
4832
695
1183
3531
158
2542
4430
3917
1348
3499
2757
2659
1892
4804
93
4742
4104
1193
3897
3196
1436
4947
1615
3413
4082
3527
1764
4022
1064
3281
2285
849
4509
3679
712
4731
188
445
1665
3330
862
4428
4209
874
4793
2434
4348
1550
4073
1334
4705
3973
3177
471
1417
1844
979
2074
405
2973
2328
3458
2336
35
2354
3940
3725
1993
2722
168
706
1490
667
3456
3681
4668
3014
1040
1997
3320
907
2991
1148
2261
1958
611
583
2316
3491
1030
1775
476
795
321
1391
1646
2702
765
3923
3571
16
3204
1090
1605
1250
901
3508
2532
173
245
900
4630
3071
50
1088
170
4501
3426
600
52
4688
3380
4819
719
333
1917
2239
612
3917
2636
4489
1924
3075
2721
4308
1271
4010
284
4748
3958
2228
978
4323
1767
4240
958
1155
4041
2832
3608
1644
1694
717
3016
1912
1860
1515
2330
3629
4390
2611
3147
3581
1446
4709
4126
1152
4882
432
2882
4997
4941
3442
539
4166
2391
4532
491
3017
4666
4799
399
2908
317
4416
3454
1365
3412
3454
3353
3466
168
3484
4991
1862
4584
946
1060
370
3812
4369
4487
1563
3446
74
3766
39
2131
3224
1424
2323
1344
4604
3934
2152
894
1046
976
3394
175
3751
2161
3621
3073
3673
3209
265
4196
765
3680
1029
4547
1939
2070
3192
3564
2400
4126
842
1432
1742
1155
1762
2878
2675
3233
3522
1215
1368
3604
987
404
4747
1278
3285
60
2894
1730
3659
4844
549
1139
4658
2852
3342
2131
4500
3798
2827
2558
3496
2875
2509
1257
4865
2269
2892
2179
3938
4031
1215
4739
278
2706
2295
719
3086
2881
957
3609
4445
4946
3228
1260
3599
98
4100
4682
4072
224
2406
2396
1512
3346
3046
3713
4024
4000
3612
3041
444
1813
3817
4242
687
1747
3049
4232
2594
3989
1652
4555
3367
1493
2106
1636
1405
143
543
839
2608
3667
960
1767
4176
400
1499
933
2183
845
836
203
2850
3758
4335
3203
1102
3689
3461
329
3359
203
3007
4032
473
2412
2913
2151
3720
4650
2821
3748
4157
3233
4971
2702
3552
555
1500
304
4130
1365
2556
2230
4196
4161
4014
3692
2560
4983
351
2297
2142
3003
3211
3444
4144
1723
2324
839
1744
3558
2501
1952
3190
1499
4367
4058
4765
1806
974
3651
1395
979
1333
3348
3214
227
2350
1835
2514
67
255
974
3726
4420
2588
2531
4309
4617
1909
4723
2253
1245
2037
3893
4861
3194
4265
3076
4156
4242
1161
4690
639
4476
3284
1428
4220
4489
1969
1496
4646
4863
4168
3322
2440
504
967
4833
2276
4075
1011
3460
984
4251
3964
1593
4568
3401
1103
664
4654
1896
3897
2276
3362
2155
4293
4978
1579
2611
3351
4417
212
4111
1559
4525
2811
3520
980
4490
3928
68
4240
1658
3391
65
1172
3972
783
1832
1518
4701
1016
4132
2175
1435
2486
1028
1076
2471
65
2535
1951
698
2862
2356
3874
821
3928
2367
4920
1585
1626
3945
1290
4340
2494
3381
52
2927
251
1229
329
370
4174
2304
4373
3838
3736
1514
3579
3835
2347
1379
3957
1903
1822
3785
2438
3356
4068
4548
3798
415
311
4947
2729
3832
2383
4265
1597
1725
3068
548
3132
181
715
3735
1472
4326
1974
1270
2454
513
1104
2019
4853
4066
363
4245
3844
34
2354
261
4052
4599
4630
1473
61
2587
4145
1928
3978
4170
1282
3139
4203
416
4424
4941
323
2776
139
2646
3144
3689
3611
695
3125
3907
195
2773
1865
3512
4359
1239
1587
3390
1333
2916
2769
3197
3566
1524
2831
3190
3048
3533
836
1305
4445
2996
895
2837
284
929
2808
3799
4779
2425
0
2494
2809
3091
4276
2072
865
1877
3744
3111
83
3443
2722
2586
4400
1804
1505
3782
274
372
2185
4919
4189
4884
1524
4170
3238
4534
4440
810
1759
2949
4022
2752
33
933
3367
668
4976
2788
4105
3936
4204
4513
2442
2122
4192
892
3975
1697
790
3104
2639
367
2307
988
2742
2668
264
2423
2981
3596
2109
3184
3771
2171
699
373
3053
3153
1553
2648
1654
4462
3383
4980
76
757
1904
2559
3203
4384
912
339
810
1102
284
632
2518
548
1615
2
1719
4137
1044
1086
4995
55
4850
31
4297
2543
1786
3722
2412
2853
3210
4272
2744
907
4509
1506
1656
1962
4541
4371
2386
4596
1881
3910
1678
3787
2154
4099
2969
1219
2622
1239
401
2257
4169
2669
3728
4652
2670
3762
2224
1813
740
3235
3891
773
3991
2930
4712
636
514
2723
1635
4882
1596
1811
453
613
3443
1637
2098
2576
1091
4054
4181
3425
813
2071
1997
48
4521
59
1241
1553
313
2744
3648
1728
883
2278
4074
3863
3862
1671
1345
3914
1311
1873
2267
2022
391
2712
4261
180
1533
2140
1729
3824
4691
2401
1880
4601
3983
3942
1980
3250
4934
4446
4549
3630
700
3931
2811
3438
2750
1133
1009
27
3238
4121
3946
1148
2487
481
4919
841
1883
3101
3998
4814
4037
446
526
1353
3066
2910
221
1858
1367
4120
1695
2297
629
4966
2889
3279
4051
4993
1608
884
1052
4594
4498
1891
3088
3575
3984
3137
2256
881
2626
4679
2370
2165
1073
4097
4172
4452
920
4770
2327
3473
190
221
3185
1252
2844
4776
4670
996
1706
4346
3927
4455
23
1048
2504
4070
4878
875
671
1668
3515
4782
753
335
4220
3756
772
3631
2570
2955
2383
4398
3294
3651
737
577
4860
2472
4211
4965
4541
889
4293
3635
3056
735
988
2819
4640
2235
395
387
2578
3704
1026
1773
4757
158
3776
1767
4083
4895
1047
330
762
4984
3153
3396
639
4742
1509
4573
2499
4426
2297
3158
2587
869
1099
4932
3265
4292
1989
2182
424
204
1768
4817
2638
4147
4211
778
679
1893
3641
452
652
4983
1827
2985
2143
4034
4327
82
581
639
1574
3621
2158
2738
1130
2053
777
102
3352
2254
4412
3839
3312
2060
2815
4872
3752
22
748
1380
4084
2636
1323
1734
2503
3575
4966
2252
3324
2643
1505
917
813
893
2681
2589
2877
1775
4072
2521
882
830
4716
4522
1190
2839
2410
3009
673
3659
3711
73
3740
3524
4029
74
14
439
4327
832
1278
1769
1065
4565
3568
1132
1645
2110
3266
1851
123
1216
4919
2930
1129
2832
4876
4365
833
3319
2465
3345
2805
2782
1287
2036
1764
270
2982
4870
4392
161
3821
4362
53
4755
2057
2299
799
3505
4102
3446
3194
4493
4953
706
3714
3365
1271
725
237
3154
781
784
4129
1802
4601
4188
697
669
1361
4132
3421
1636
4220
3171
812
3885
4346
571
1788
3387
2751
2059
1181
2040
436
1851
3078
505
4479
1523
3576
4300
92
1465
1805
613
4812
1473
2131
3472
920
3816
37
2165
3308
3010
1708
407
7
4308
2874
3104
239
444
4115
3964
4890
1489
2008
2167
2401
1479
218
3412
2956
4867
3141
3695
674
3054
1411
1024
4278
4874
2235
3440
2114
2832
3860
2698
4296
2620
2597
2355
2125
4185
516
2533
4768
2220
2444
1262
2513
4617
2218
2134
2027
2701
224
3259
3881
1054
1681
3278
1749
4289
4066
164
274
886
3323
3537
3721
4311
1545
3680
2653
488
3356
1737
3518
2720
1910
4567
800
4644
4209
2078
3683
3585
349
361
4058
2393
1030
4266
1056
1302
4235
4440
3408
2762
1499
3730
4999
2528
1987
2710
3474
3064
4645
4006
3633
3712
1437
2988
2038
3307
2923
3201
3003
4219
3276
820
4026
4583
3273
4128
2381
2873
3184
3551
2882
2473
1869
2318
2494
113
3831
1078
1196
2909
4147
3371
1593
460
760
2144
2194
646
2323
82
1830
2313
3121
1390
4932
185
3077
4649
3038
4596
4786
1331
4223
2487
1920
1908
2373
31
1225
744
194
1592
4895
2762
2362
2182
151
3482
3368
2090
1694
2927
282
507
1163
2958
4785
748
115
676
1610
2129
4374
4152
3392
1535
4326
1250
1948
2672
1213
3063
449
1667
346
98
3605
3255
2511
3098
2635
1994
1185
4348
4926
1736
1645
3462
2529
3796
2537
1807
4920
1427
2090
3335
2162
1382
1757
1678
2215
4098
3868
2365
2709
4861
4153
2007
4750
2964
4013
1020
2069
3135
3744
4428
1288
3484
3222
2252
1812
4925
1449
2159
666
344
2053
2821
1643
2395
1700
2570
2782
4975
2284
2802
959
2260
1586
2111
2108
3924
2088
2812
3760
4736
369
2147
4144
1436
526
1234
4321
2424
1007
236
3243
4460
1460
148
1912
943
4836
1438
3314
3466
3246
2096
4742
4704
1567
4407
2636
1018
4015
2545
4339
1793
697
4141
2380
1316
939
4030
2761
3834
3123
1676
2106
1068
4175
2228
2362
4018
3193
2001
3315
2600
4839
1569
4218
4155
795
4632
3539
1467
1939
4636
2451
3319
3364
2725
4896
4990
3737
3936
67
301
3812
3463
4050
3832
545
4226
439
2023
487
589
1015
856
817
377
1913
4620
3214
1919
2377
3201
773
4283
85
3751
3698
1222
3087
3368
2732
1909
1382
274
1259
3822
913
3455
3676
3164
1634
644
506
2199
1918
2380
4031
2823
4680
45
4578
1338
631
2091
2349
3131
4068
4459
3323
105
1206
4886
2854
3439
2367
4909
4150
1797
2022
4895
692
4896
500
4893
3167
1823
4315
2439
497
1019
4526
4466
1550
3769
2481
1981
1257
595
3050
2698
2957
3411
4937
1811
2181
1923
3049
2845
4365
4688
3801
1789
2917
1681
986
2971
1200
1661
2274
4286
829
3917
278
2080
316
2614
4239
4825
2775
3038
7
4475
1128
4487
2091
4418
3273
2608
2848
3532
2146
1341
4900
2600
3301
4774
164
1060
4566
3094
4424
2913
2022
2915
3736
4564
3499
1249
878
3740
1531
4103
4028
1267
703
2961
1799
2407
4786
3121
1456
66
1291
743
1834
3387
2791
2420
3812
4207
3501
1523
496
2870
2535
544
1106
1879
1985
222
4053
3731
264
429
4193
4453
1375
2577
4731
1782
4065
2299
597
4978
4208
290
4932
3027
812
2145
1125
947
2644
1076
2521
2740
3641
3981
4259
41
4691
3595
2770
4888
4860
1857
2023
4944
1581
4846
3547
2291
4432
239
185
1156
4347
2799
4937
1811
3872
751
1041
2805
4907
644
1155
4813
4181
3723
182
686
673
3455
2447
3992
3602
3816
1151
823
4460
21
4301
1732
3953
41
2604
2560
4461
3289
1262
164
4665
2415
803
3574
2975
3658
2006
1277
4214
4353
2587
4446
3607
2696
4843
3800
2685
632
225
4739
3329
4857
78
4946
2265
2193
1820
2010
1909
140
1383
982
801
3508
3612
1266
216
4897
1899
4195
929
335
1492
4328
2281
4323
4555
3645
3434
4424
3554
1552
1623
4777
1692
3224
3754
4969
4012
4696
436
4238
624
4234
153
4073
1542
3966
3834
1203
931
820
187
1004
3653
1534
3447
331
502
4117
1533
3730
675
2009
136
191
2140
1250
235
1619
3429
1209
1442
464
1551
4401
2735
3702
4802
2755
2861
1334
3514
3547
821
394
1336
380
3689
3479
2161
3394
4438
3120
3271
4303
3714
4733
1142
4650
3617
3851
4193
1852
811
2152
3103
4353
4898
4486
2889
2282
2763
4976
2755
3687
2262
2877
3971
2904
1753
4642
3519
2006
3204
982
3552
2027
1166
236
390
4784
1948
3141
2549
3365
4641
3763
3237
1307
4628
2678
3313
3904
2196
356
419
2305
2245
4073
2051
3762
1654
4543
1531
3974
4735
220
1371
3591
1435
1523
4727
2425
3146
3691
3186
725
1946
993
1627
2703
750
3554
3633
4269
4417
3383
554
96
2255
1583
3241
836
4533
3028
521
3111
2615
1700
4663
563
1159
2214
2488
4734
2626
1752
4229
974
3841
4338
3514
2821
4273
4157
2539
3016
4073
3394
1695
1773
1155
3638
2087
39
777
4532
602
1236
2094
1053
3564
2880
756
2274
2736
1617
1000
2696
1783
3259
4886
3792
1571
1985
657
1847
3882
4057
225
1355
3559
771
2992
4258
2206
59
1474
7
1568
4768
2537
1871
2441
4921
4233
49
779
2545
4788
2022
4985
596
4434
2321
3496
2374
727
992
2473
3216
712
677
7
605
1974
2793
1040
192
1922
4950
3713
2517
4296
1598
1534
657
4360
2805
3106
3420
4860
767
1477
4197
3542
758
925
2334
766
7
3671
1377
3367
4055
2814
2459
4988
2125
1815
2264
2559
3
207
1911
4504
3451
3101
3494
2392
1811
3060
169
3202
4495
206
2047
872
1736
2329
3093
274
2750
3622
1394
642
4127
3093
3262
1408
332
4652
1687
3243
1238
294
3134
813
2099
3648
2910
2857
1428
774
3867
3968
2187
214
3411
1353
667
2490
2530
1269
3783
3695
3006
902
1899
3313
2644
3894
4617
2389
4385
3341
3586
1062
4586
3702
1492
4725
2209
4328
2364
239
1852
185
4418
3551
1598
829
1546
2817
1705
2630
1937
2615
2012
1767
930
2722
4083
3369
1523
1643
2693
481
1799
2
3082
326
3734
4011
2618
38
4210
589
3771
3032
3542
1080
3802
3591
4609
4258
4476
195
1878
1087
2254
1139
2976
2530
3
757
1963
2640
1687
2847
4581
1177
1045
3188
1700
4486
1587
529
2619
4765
61
2805
2475
2438
1435
1981
2062
1159
4609
1166
2787
23
2445
3398
119
3105
2025
3286
1636
4576
4768
2635
2759
4852
3264
2038
1802
783
473
1501
4242
775
3767
3676
3155
326
2709
3863
2549
1274
2982
283
507
2120
1364
1344
3423
3640
3601
769
914
1319
4829
0
768
2398
2632
447
3037
1060
3859
2379
176
2594
2650
386
575
3343
387
483
4048
1930
1064
3124
896
4726
4484
2637
3932
3207
4956
1533
4722
2260
1374
1731
370
2869
2812
3159
1688
2274
4105
1947
4378
1306
1893
1324
4035
488
1018
2353
3181
4340
2228
2803
4265
4884
529
2445
2886
3633
1555
2116
211
2292
1240
4982
229
1643
1019
1757
3188
1930
3109
2728
4880
4170
2288
890
2955
4074
1395
4206
3235
3425
1313
3482
4376
3123
2775
3513
4124
1669
1933
168
4381
1279
1097
3665
1079
3412
1297
1021
2834
3140
1934
3731
2426
1540
758
3414
4699
269
1645
4092
481
70
397
2553
4425
1023
2035
3432
3028
1555
1145
689
4419
4713
398
3601
1285
3352
2995
3141
4431
1886
2632
695
1091
4232
1678
2735
997
4638
4663
3630
2155
3546
894
3944
3479
1545
4406
4151
3330
2191
1500
4674
1928
3655
735
2599
3718
1127
491
2854
933
312
1095
2717
1603
4035
1971
2749
2594
119
2770
1014
3146
2026
4758
476
696
3191
1172
2521
566
820
2142
60
440
304
2707
2913
140
3554
1963
2997
1737
2109
3733
473
2010
3357
4524
2079
4665
297
2064
2732
1089
1631
356
4325
4460
1627
151
2022
220
1592
3993
1087
3768
165
4011
791
286
4026
703
3869
3869
4866
1535
4028
2793
3654
2015
1797
1610
3345
4813
3601
669
4480
2636
3921
3239
4480
1798
3050
3597
3624
2025
4807
3509
4235
2592
887
2717
1844
3192
3815
1882
4497
4932
4009
1776
2314
904
3486
3601
3667
1472
2021
3266
1094
4274
356
2495
1068
2960
2375
2615
3117
1469
3988
1613
1451
3792
4463
489
1277
1396
1250
1661
325
3023
4370
2686
2904
4159
3083
4048
4260
697
3521
1232
855
4740
781
1366
3345
388
1881
3364
2889
4662
2308
3328
880
4342
2919
3758
1473
4178
1834
4545
1976
4027
4082
3830
4572
1304
4304
3166
1191
77
4365
4144
4889
26
2715
1756
3322
2961
4073
787
2104
1993
4078
3147
948
3536
2467
2449
3088
3486
228
806
2754
126
744
1471
1845
1312
2375
889
4300
4950
4818
388
2153
4513
1409
2219
1918
3894
243
3727
4052
4750
2937
1030
3664
1049
4920
1784
1204
3366
2109
4319
2119
1317
2966
422
4339
2873
393
4893
343
3949
280
2231
1818
1493
4285
181
3296
3231
1295
949
4712
908
2768
2559
4830
4604
3870
1294
4011
3694
1177
18
1209
4891
2508
2554
3646
180
3131
2031
1881
2197
2346
3986
200
2130
4062
4971
2206
1419
823
1035
404
1137
1822
469
2643
1765
3759
2392
4022
873
4724
2341
3471
2349
381
1559
4064
1095
1602
4964
3739
748
3021
3235
3245
4779
2341
959
4379
3650
1130
4650
2285
1351
378
2177
4864
2557
625
2471
228
4984
2917
4167
4156
3098
2678
4643
1403
1866
4318
175
2319
950
3920
4507
3401
4185
2221
1705
4849
764
651
23
2635
2234
2596
1764
3705
2338
732
1478
4119
712
1659
216
4620
4433
4450
2989
3805
2022
4439
3457
2642
2712
2504
326
4521
1679
2570
1449
3263
2306
1639
4074
3551
2292
4507
3765
1274
3693
2180
4468
3740
3179
4942
4227
2786
343
3800
282
2378
52
1638
3723
3440
473
3645
1320
4247
2774
2254
55
833
2683
1416
3675
3400
2954
602
847
4137
2428
2296
3170
356
651
4555
2705
2363
4479
24
781
4458
4404
4499
4022
3097
602
4823
1169
4562
4120
4638
3404
4266
1358
2037
1268
672
1768
1209
1994
3511
4948
3938
4217
973
3193
841
2979
3042
4823
519
3258
4694
1509
1745
2805
1337
4202
3593
2221
1088
1688
4416
2492
168
2640
4331
2546
3786
1324
3152
2224
2197
3010
56
1695
314
948
241
2234
2387
4797
4736
2101
807
677
2293
3854
4807
3598
3781
223
3920
2696
1864
3256
1143
1720
1928
4315
313
1384
4373
642
2331
2410
902
2711
2884
1092
4645
3162
1236
3714
2152
2042
2412
2430
4312
4031
805
4351
2085
3384
4935
1030
2118
194
108
274
1934
3940
361
2188
3964
2602
4343
1464
1740
515
4461
3970
4656
3871
3568
3084
1185
2789
3381
3414
3256
2758
731
1389
4157
1246
4048
4293
3350
4917
3646
4371
4178
663
730
3538
3977
1524
2424
2635
918
1626
4613
1843
2994
378
4393
4376
3279
4571
3339
2076
1057
4136
543
3787
650
2753
3653
390
2502
2176
3938
3324
3580
718
3519
3700
3792
3573
1844
4665
2619
1486
644
2722
143
1374
1418
4320
3062
1650
4950
932
1808
3916
3404
2023
1729
1621
1198
899
460
1704
3947
1438
3483
2850
3137
3131
2779
2369
4298
1014
315
4744
4926
1176
4434
4832
4516
1961
1768
3617
4796
1718
3380
4274
1972
1210
2733
1381
3128
2217
1866
2044
4213
137
2231
4641
4853
3171
439
2848
4424
4835
2999
2752
3519
3259
2689
466
3782
3394
332
611
1403
1130
4907
4285
3989
463
2895
1858
4172
3351
1165
4383
2068
250
4059
1620
3740
2415
3894
330
433
2431
2759
3093
610
571
2612
4961
1143
4694
2104
991
2182
4678
1396
3679
1765
2652
578
724
1153
53
3557
818
3574
2436
1426
836
736
452
233
2701
2774
4804
3368
4201
1840
3491
3203
2697
3710
3750
424
3702
224
1163
1011
4449
2039
1005
1891
1338
2782
1612
2695
1771
2470
4684
2089
1181
3218
1091
474
23
1810
1631
2982
3217
1573
3204
115
4425
687
2560
590
3890
2939
3326
4983
1284
3187
1067
160
2050
1255
628
529
736
1963
4037
3691
2196
2582
350
1406
1544
1195
1212
1572
4394
45
4746
3996
1268
666
1012
1264
3307
4747
698
4879
203
1814
2061
122
2076
2413
1526
4103
1670
372
1809
541
1274
4036
2687
4883
1644
2067
317
3899
1644
206
2186
4953
4359
895
3723
4893
3083
1141
2869
2246
324
1419
552
1141
3442
3593
4230
4119
1644
1522
4988
3229
3365
11
2848
4087
1178
1096
4233
1904
4476
2201
105
2968
3948
3335
2015
1269
3447
317
2550
152
2664
1250
2473
2907
4201
2715
4392
3909
4526
453
2348
4610
588
4715
4109
1565
455
1928
1596
2106
2038
3633
427
1788
2427
3848
840
2938
3116
2447
1027
1100
3170
237
3858
2231
2282
1678
725
4513
4651
1798
1553
1332
3506
4770
2483
4995
4452
4914
2451
959
704
679
3934
1117
4917
2973
2990
378
3179
4453
3463
3342
3637
3208
3743
778
3180
3560
2613
3908
3146
948
3684
1100
3159
3427
3565
4378
354
337
74
4105
3192
14
1132
88
4131
1483
519
2230
3194
3128
2151
2726
2460
392
3678
3659
367
4432
313
912
4260
2825
4194
2781
4983
615
3512
3030
928
1815
672
5000
4970
4147
1201
2405
278
4963
3227
3925
2091
3655
1984
2883
2890
1662
4508
3754
2976
1019
129
4456
4062
4650
4805
1646
2331
4014
751
796
4064
4762
3807
2846
4837
2612
4773
3631
432
4899
3957
3848
2350
2030
49
525
2111
3319
1115
3015
3037
4051
3726
2541
766
3348
4313
4227
920
4410
223
2159
4217
4794
3664
2748
4546
2110
2877
2843
4937
4850
1146
628
2813
2753
1875
3798
3963
3739
2949
4435
4193
588
1904
3034
705
4138
1022
2670
1309
4168
4882
887
42
1136
601
3351
1530
4926
3329
3475
1043
641
3270
3403
779
4945
3254
1451
292
4502
3970
1633
998
4732
55
4319
478
2545
1495
1272
1015
589
2472
3523
2102
766
3713
3117
1401
1062
2863
1588
4728
4252
848
1789
3881
2314
1877
2096
2141
2634
691
2854
1245
1047
1767
4220
501
512
4959
3999
1529
817
4313
771
4192
3752
4618
3335
2131
1212
1266
144
2298
2850
2856
1088
3211
997
2337
798
4218
295
846
4502
4840
4759
3781
3190
3751
1600
4692
769
2094
4980
2577
3987
3102
2711
1673
4510
2571
4214
734
4011
805
4536
4300
1341
4919
2801
2357
4388
4336
3957
1638
3770
1918
3807
3811
4997
512
876
890
3835
399
4387
474
2410
3530
2057
3451
729
2295
649
1437
3288
4876
424
1656
3832
4108
3255
1918
1891
1332
1492
980
4048
2950
1077
730
669
1011
3819
676
4524
727
3668
4906
2886
2187
3083
2901
1797
4750
4232
2281
1872
2600
2573
259
1613
1258
1951
1261
4263
2425
4983
3170
2091
3803
4278
568
2344
4919
2451
3741
3012
2627
4094
885
3597
3668
3162
2365
3893
902
2068
3017
108
4390
866
4727
4433
3749
1431
2271
1469
465
1863
2241
879
1878
1651
604
2656
4965
1974
4494
338
4140
3948
3350
4949
2463
4142
186
461
4370
1361
3882
477
3504
4881
4469
3505
1873
4971
4573
3223
131
3070
2798
1762
3078
4111
4653
916
2085
2951
2476
1090
682
1966
4048
4788
721
302
4418
2076
1222
2526
4946
1552
4035
2143
2628
1802
461
4654
3682
4723
4571
160
4402
3257
1360
3185
1634
4496
4696
1290
4814
1438
725
511
4213
2628
3884
2035
1339
865
1270
3250
4983
1828
3962
2464
2199
4856
4061
3119
2540
2262
1448
1453
4843
4265
2691
2872
4798
432
1437
1154
4871
3595
1965
1719
3323
1140
2881
3797
2252
3320
4636
1992
4529
1277
3381
1559
1987
4806
1181
4212
1297
3450
1835
3053
352
2746
4810
2025
3854
1154
4012
1188
3145
2671
3486
2957
2474
174
2050
759
2115
8
2241
4020
4848
1360
1122
1799
2094
4751
1469
3431
4354
2792
3833
4291
3763
1936
3573
3135
3911
2597
2100
674
4701
3535
4764
209
361
4108
2724
1373
35
125
2814
3610
4320
4767
3600
1678
4033
1412
126
667
1969
2011
1355
4840
4074
1241
3981
3063
875
2871
1088
1965
2233
4289
2105
891
1897
2320
1122
2343
779
2271
10
1351
325
2398
4485
1507
115
201
4612
3276
1698
1077
336
4307
4250
3425
2294
2020
903
3184
3430
73
3485
4730
126
4910
3113
3586
1330
157
33
2279
1586
2612
2678
862
381
3446
4698
1071
4324
4927
3070
546
1305
1127
2900
3415
4710
2940
321
4806
4375
4430
3619
1762
2201
334
1188
3702
186
3727
4340
4124
2657
3692
1040
1492
4701
3608
4272
2744
3902
2508
779
933
1604
817
4554
2899
1342
2920
3054
687
2922
22
2819
2254
3754
1085
4457
3304
1675
2162
4394
3129
1655
894
1115
942
1682
1288
2886
1330
278
3099
4214
960
331
2319
2058
3080
3007
3151
4462
4985
1145
3301
2005
1429
890
810
3773
2360
2684
3949
2839
1788
3084
4403
1133
2606
3314
772
3015
4673
3512
3100
1468
3375
1204
2333
3821
1366
3893
3846
2572
2488
3645
3657
3773
4554
85
1060
2572
2864
4254
1150
3814
348
4454
4634
3491
3204
1160
3329
3636
2457
2617
4510
2000
2906
3317
1446
1339
819
885
1345
4437
1377
4613
1262
452
1593
1924
284
4526
3394
4745
2568
4605
1609
2133
2724
2562
2675
1341
2369
1376
4516
2369
2525
1647
917
1138
4914
2801
1938
4955
4536
46
1811
1571
3309
2425
2459
713
4246
1010
4542
763
4978
893
251
2572
1393
2909
1807
3440
2766
924
2339
2799
3647
4884
1143
2712
3586
2234
4268
3649
3165
1811
4235
4741
6
975
4167
2862
4399
3022
3652
4361
2267
3139
3704
3602
1191
3397
710
1791
499
811
4040
1821
4968
1629
4050
1489
2750
3687
1022
3700
494
3845
4467
1261
392
393
3463
1269
2275
1568
3184
3983
2823
270
1216
1572
2484
4595
3128
2574
706
608
3974
2750
1526
1307
2455
1629
3089
3667
206
2236
4074
443
1051
2990
100
590
3547
733
2384
4932
3886
4394
2939
691
68
3130
2757
712
4669
190
1974
4490
1083
913
2598
960
3092
3520
4051
3064
1305
1645
3453
4255
1998
1985
4303
2120
37
4659
3800
4674
1934
3277
2617
3964
2446
3025
3701
1516
347
1760
1842
2974
2752
466
3462
2992
3508
1659
2381
35
2321
3193
3011
3819
4331
333
2358
2101
4119
171
2327
1241
3240
4797
2699
4115
1012
4873
3327
4281
4364
953
1785
3155
3487
2000
4991
3103
393
1691
1677
2414
1503
4141
3984
4246
1405
3561
1507
4892
2749
2929
665
2121
1606
4140
4623
3661
2141
110
4756
207
4979
1028
4480
4449
3140
3792
313
1835
4261
736
433
308
1254
1725
4670
3707
3355
2617
3302
4665
1617
3722
1457
222
3795
2920
1513
2181
2230
1331
2104
1899
4078
4581
3981
889
3604
4276
1145
3804
4002
1629
292
141
3368
3134
2885
2853
180
4601
620
1166
2184
4815
3598
4726
3928
4239
3505
820
1521
1399
386
1975
115
2682
2240
1880
3134
3655
425
3921
4079
1662
3976
2431
1890
3452
885
3067
1337
1721
2856
3833
3978
793
1077
1113
1348
719
1885
1020
2933
3345
1790
4483
1416
1798
4900
3318
1421
2934
3795
2361
4562
4876
1907
4438
3645
3554
2794
3590
1804
653
3036
733
1763
529
3778
308
3894
1334
41
3555
2473
4410
983
905
1245
2417
342
1564
1038
2596
2141
4501
1640
1514
2455
2885
3353
4598
93
3373
2330
1447
820
4119
3540
447
2988
961
4185
4513
4690
987
4120
86
1550
4626
1606
3265
3579
438
1378
620
2907
1674
3405
1973
4204
4546
131
3632
1073
152
1219
1748
2594
3373
4865
2988
549
4969
3258
597
3760
4228
1201
1713
309
1453
1518
4162
4113
2248
2512
1374
1515
4104
1570
4833
799
1030
469
166
2807
2910
3632
3657
1954
2287
1493
3305
4952
404
1127
81
2478
3360
253
4106
2865
3352
753
2683
187
1289
143
3627
3983
3458
3861
3009
855
2237
3251
4499
4439
475
1086
370
3579
2608
2905
4761
1025
3377
3179
4687
1721
2691
3414
2694
2203
3911
4170
1597
1041
22
4350
939
3531
2135
93
3353
3780
1887
2433
2767
45
503
2208
2783
1107
3064
2388
2577
2235
794
2455
2068
449
2141
345
2956
134
3408
2131
891
1169
590
1456
2193
186
4199
3233
4348
4143
2368
2309
4365
1066
804
4446
2395
1439
0
3224
737
3317
1779
1453
239
3971
3204
4170
2045
4566
1785
4059
2070
1521
4973
235
3673
4631
248
4855
674
4462
2788
182
996
1547
3911
4713
3434
2533
4575
4245
323
1135
2225
1068
1360
1005
870
2675
4834
1656
2327
555
2821
1854
2313
539
2235
1010
4448
1970
829
3809
2740
4300
3154
3353
36
4929
210
603
1761
4509
3444
604
386
3672
724
1604
4483
1371
4667
682
1064
469
2237
4150
4002
1696
2034
4644
2202
1184
4217
1112
1624
2061
2851
267
3319
1107
4189
4682
4985
539
3830
4664
4818
2392
4162
4452
4162
3956
2711
4003
4164
2213
3770
3725
3557
1436
2909
3124
439
2751
49
3897
1495
2240
1599
2628
77
2135
2392
819
62
863
3074
1486
2905
9
4154
1454
4974
3913
2836
2486
2844
3533
3013
1362
3989
3582
2323
4947
4399
4630
1456
203
4882
2122
1038
1119
4338
360
4393
4921
2773
569
3350
290
440
2374
3235
1431
4742
3889
2131
1378
534
3615
4407
2180
3297
3806
1754
4194
1381
2999
3706
4410
2450
3713
1963
612
4557
861
3049
3985
4049
4902
4849
1328
4884
4745
3272
1374
2613
4654
3585
2573
601
3807
2851
772
1227
4164
2546
4664
2692
1864
4926
4884
3889
2296
2148
3047
3670
818
1102
470
668
2114
1642
1546
2474
4445
2574
3809
3
4167
809
1461
3041
3618
2285
4670
1742
2992
4860
1588
1526
875
333
1342
3188
2599
3358
644
2512
3620
3892
2437
2990
3809
946
2585
4816
266
1469
4052
1388
3713
1968
1406
999
2169
4088
3825
3260
3452
3246
37
3026
1884
2851
4209
2113
3746
891
4682
2626
4937
129
83
2600
3330
4366
4141
3285
3652
781
1778
2108
811
2324
2075
3316
313
4925
491
3793
4880
3803
581
4386
4964
3076
2613
3890
1892
2963
3290
3591
4951
2063
1168
3557
2433
914
1639
3052
1545
2262
4066
4088
4869
2970
1739
1889
4219
491
2633
1618
3139
2867
1590
319
722
306
4875
3936
3996
4282
3506
2091
1989
1132
3600
964
944
3387
4895
4534
585
974
1371
1686
3534
4708
1698
4065
310
710
345
3449
4440
3911
1249
4747
3420
4046
1695
2181
3317
2005
1765
2064
2776
338
1602
4964
387
4462
480
1955
1397
4459
4442
3741
1416
888
1953
2962
1947
3444
866
3373
3412
1716
1899
1100
4785
754
1721
1317
4287
2113
2284
2088
1949
1511
1692
1818
694
1755
1812
4268
3523
2062
1198
1956
3696
294
3908
3666
4163
207
474
615
3022
473
4371
2615
1845
1362
3321
42
3882
3334
949
700
4800
4198
928
3281
3835
939
2438
2199
3059
1620
4708
4411
597
2374
658
4004
2382
3656
4801
3799
1946
526
3760
4766
3619
972
44
2172
2469
3893
2734
2974
3466
1855
2987
2568
1442
4319
790
2218
3165
1307
753
4967
1443
4997
150
4115
2316
1622
2503
3207
1099
4698
1311
355
4275
1657
4434
865
1479
3007
498
761
4974
2665
4034
3489
4263
1992
1440
1642
4998
187
2379
34
3288
1731
3545
2286
1394
970
392
189
4945
448
1454
3932
1157
3907
1120
932
4894
3546
2017
2456
1563
4524
3751
361
3262
1274
2251
821
1131
2769
4708
3047
1059
2797
1434
304
879
1793
2872
4
2855
919
4861
3951
1369
3026
3029
3351
2447
2896
4133
4749
3809
1942
1263
3053
1566
2048
2663
250
4950
1081
3490
241
601
2915
232
4104
4957
4540
4825
3487
377
1946
3519
2004
2785
4005
4842
4705
1557
3607
2440
2275
2170
1023
1830
2775
553
1839
1588
119
2621
2474
3499
4637
3861
1482
4769
4330
3183
3225
2878
666
3632
2142
712
1960
614
2672
533
1515
80
2637
3494
1325
1739
653
4856
2629
1374
4783
2733
1727
119
3920
588
2217
3607
206
4127
1642
1333
3923
2782
1163
1294
2555
4681
4904
2115
1044
565
3709
535
2539
1477
1637
2964
3117
3074
1719
2347
2537
2049
2260
4340
736
3554
2596
1203
3108
697
200
256
2235
1166
4961
3600
256
2823
935
1754
3961
1480
438
922
2838
4551
4417
3808
4550
1054
3001
3758
4242
1174
1463
273
3772
4343
322
1283
1852
804
4868
1794
3675
4204
1116
733
3342
2853
3180
2235
544
1868
1015
1356
2166
3161
1236
3502
1635
189
3252
1882
926
4790
4551
4901
2263
1141
922
1619
978
2816
4238
3544
1672
4086
542
2639
4262
2713
4998
245
1879
2582
3691
3650
302
1288
4751
984
3231
158
3966
4209
2312
3799
4887
4038
1740
2688
2804
4490
2678
2578
2938
4396
158
4419
900
4806
574
361
1342
2728
98
1578
4625
3517
3924
1693
3586
900
1148
1839
1712
3114
251
2940
420
3406
2916
3848
1466
4069
2921
3292
4907
2203
830
3617
2060
1348
595
2672
3149
592
1808
3529
3304
819
3920
4964
1032
2197
4566
627
3412
4327
591
680
2451
3868
669
608
3848
1336
329
2864
1043
2021
1405
2636
4439
1331
2316
1531
4347
241
835
4578
881
2296
1040
2125
3423
2760
3228
108
1494
246
1725
2277
553
1888
3837
1818
3908
4302
3754
1656
995
2778
1852
1314
2880
3188
4121
4473
1365
2798
4336
1622
2775
3449
2644
2858
4413
3013
3952
1168
213
4898
1701
2588
3150
4008
242
1951
3359
2161
3134
677
4195
1819
4329
1650
3420
3766
1791
2638
901
2087
897
843
469
3700
2683
1543
665
4311
9
1761
2055
2617
4243
908
1641
4873
1029
4739
3318
3917
3333
266
2145
2143
1983
2424
3395
2337
540
838
4777
4789
1722
4591
4168
2385
4157
530
2576
3043
2222
2809
3704
4175
4581
4430
645
2056
3106
539
2762
1432
2834
3645
4609
3408
4690
2163
4241
141
2074
449
4788
349
3342
3262
1086
4812
4518
2588
1149
340
2339
4045
755
148
68
4848
1123
3316
3625
4959
3074
2792
1087
2728
1350
2112
2665
3135
2607
1178
1447
2279
483
1215
1166
1228
3687
2546
3113
703
1240
3967
2938
600
1189
4243
2969
2606
2526
3144
2010
1697
3266
1396
2054
3353
3161
3156
4999
942
2775
1906
95
1653
1208
1185
2245
361
2024
3160
4818
1828
2645
834
15
65
727
4297
2524
2518
644
1377
314
751
4921
3151
3901
3597
3468
510
3363
851
2864
421
517
2912
1092
3923
3401
283
2281
2380
427
1186
2497
3563
3795
1141
3930
2661
524
3469
4100
542
3243
2550
2950
2019
2676
4418
4439
3646
2535
2735
4718
3644
1441
3576
3719
4434
4990
2911
517
4598
3792
277
4180
2645
1694
216
2546
710
2409
3498
729
3899
1177
4646
583
1316
663
2941
2435
794
3953
4142
4713
3053
3571
3089
4131
4455
2674
4168
3077
3708
2977
1037
1357
2215
3599
2877
1953
4751
4976
1629
1588
3679
4566
905
4214
1201
865
2954
2088
309
3456
1434
2806
1625
2049
2065
3306
2845
4675
112
178
2077
729
3602
1956
2990
3414
4549
902
4806
4661
4402
1632
4124
3271
2968
4714
3172
4554
3845
4622
756
4949
4347
4264
4207
4702
2853
3264
527
162
2942
2567
4224
4866
1689
1480
1858
1585
2098
257
3851
2497
3644
4127
2095
107
2442
4519
4584
3548
3387
2961
1254
3655
1255
1229
3503
3349
3903
2367
1969
1571
4551
2742
969
1048
3266
303
4174
4959
2467
1891
2435
256
957
4603
1545
252
1256
1510
316
861
1262
2432
980
2153
3060
3375
1208
4095
1797
4014
4203
1577
347
3883
122
545
3144
549
4544
4294
4861
2346
4730
91
2273
4320
3434
1530
4429
2220
4746
3813
3004
1557
586
4454
987
4317
4069
2056
2671
3912
193
2991
979
1899
4495
4189
3757
3860
124
3245
949
796
2094
3964
4637
2309
4498
4615
3332
4175
69
4918
4545
3582
4445
4197
1951
3533
1542
273
2944
738
1027
359
4860
2405
4937
1504
3064
686
3007
1562
4834
2560
724
4690
4574
122
227
898
396
3341
2385
4980
1387
823
4893
2361
4310
465
3495
932
1778
1434
3466
711
445
51
4406
1346
1434
1881
2891
4737
3865
89
991
4377
1636
4537
4778
456
1126
2763
2269
779
516
4088
1977
1014
3792
4324
63
3919
3124
3131
1517
3377
512
1181
4917
586
3890
971
250
1472
4587
677
2929
2712
1881
2643
1586
2478
2411
1176
3807
3461
1835
352
3822
1486
1230
2605
1420
3975
1464
4931
2254
3778
4943
87
10
3501
745
1532
408
1974
1475
4852
1061
3845
293
3333
2694
4254
149
119
4178
1037
2558
238
714
2432
2920
1578
3972
3414
3825
4817
4155
4964
3504
3838
483
3712
3619
3544
2912
1117
1255
4879
3934
2574
4015
453
4650
4916
3852
762
4372
3314
3763
2014
461
511
3633
4621
942
567
708
707
96
4005
1675
2415
4792
4397
2764
4707
3021
2902
3412
4062
2269
4128
4813
2492
4929
1800
3778
4808
2318
860
3373
4438
2662
736
2755
3661
3901
1951
2796
3004
1648
2214
415
4959
4742
0
4972
3924
2016
817
4875
115
2411
1920
2031
4344
2156
4271
2061
2186
3981
2988
3128
2496
3644
4585
4617
564
2716
630
1552
4439
1825
3182
3724
3754
1166
4503
113
3869
2231
1891
4414
542
204
148
134
4464
1392
668
597
3120
3661
2014
3132
4465
624
1536
1543
503
399
3181
3936
4927
2683
2601
506
2417
3430
4560
2155
2823
4935
2007
1383
212
1166
532
2325
1784
4368
226
3388
1772
725
646
1064
294
4269
482
309
1358
4337
3279
2420
4658
4802
3068
4388
733
1660
544
4144
1095
585
1110
607
3567
353
4332
1007
4503
46
4303
2441
1345
345
1353
355
2067
4328
1749
1678
3224
1971
1691
1198
1657
3880
3167
3998
4243
1865
999
4368
1747
3531
566
3822
1010
3414
4836
470
2624
2305
1339
2666
1948
1276
3774
3239
2350
1718
431
4512
929
1180
4943
3383
304
3738
807
43
2054
4304
3494
4355
2573
4723
2583
1341
94
3172
2448
3155
544
4694
4174
3626
2623
4894
4756
1566
3007
4135
4171
3767
2109
4717
265
2779
2425
1010
3086
4671
4572
2239
2909
4869
565
4813
404
3740
4697
2099
4837
4312
3711
2509
1948
1370
3136
180
1381
3599
1592
373
3934
2807
4368
3592
1765
3821
4929
1359
3551
3226
1078
3514
1469
2640
1031
1697
968
4902
2715
4160
840
143
4452
4326
3449
2125
1224
1939
4370
4925
4536
4925
2521
3436
1064
4995
1891
3484
1120
4655
513
918
175
3996
1431
1676
2670
2973
1849
4033
3690
1860
1372
3178
4011
4752
1606
1408
2629
1793
1702
713
1386
4391
1362
4676
4797
1030
4010
3777
3727
3446
1902
2805
4523
2029
2499
4129
401
4012
728
2499
1362
2783
4800
3614
2150
92
2744
804
1761
1646
4640
3126
805
3138
872
3158
3549
3226
4521
1001
1603
2524
4451
1750
4049
4285
4847
1618
2092
756
2187
257
198
3608
1709
1097
13
1825
3459
4458
2735
4217
1691
3848
2849
899
648
722
840
2228
4004
4370
3458
4943
3157
1823
1512
2721
1709
1072
1905
4815
798
3455
4983
4776
3863
642
4915
931
2721
4755
2836
1669
1982
1638
2624
2495
2298
4656
3380
4170
3512
1508
876
689
4637
4742
3215
3533
3409
3179
2073
430
3389
2086
2312
4071
871
3552
2369
610
3132
3165
4890
3487
138
3294
957
3136
811
2067
2435
3868
368
4269
4999
3056
2179
3940
4180
2333
4876
4450
1862
2537
4920
205
2342
1290
1764
923
2054
561
4009
1687
92
1903
853
2625
2857
4180
145
2526
1223
816
3697
1190
3217
4318
969
1522
570
4672
802
2449
3127
3265
791
101
1002
4499
989
3317
4871
3986
104
1225
1383
4694
1109
1033
567
3382
2666
630
2340
886
214
3307
1320
2547
337
1185
3376
2960
41
3008
4728
1054
133
2652
3535
3102
1835
1394
2063
2617
1729
1805
3142
3238
3418
4954
119
874
1359
2732
1334
2039
3913
3125
1715
3108
4176
54
1805
312
1544
11
3523
4869
31
831
1641
2877
4418
2622
4698
4219
2151
4105
3193
825
4014
3709
1118
3602
3762
3590
3820
3334
3978
90
400
256
1839
3781
640
2404
3481
706
102
2631
3289
3226
2935
419
4029
2627
41
2143
2342
2811
2714
3797
3860
2551
1837
3427
4975
4600
1507
2403
4733
619
4165
3376
3681
2299
785
3920
2510
4651
4344
1938
2872
2988
2953
1074
2315
2231
4415
2695
4211
2745
2073
430
3415
3899
368
2550
2479
5
3087
58
3155
1933
1414
288
49
1375
2791
1819
533
2114
2214
3623
2102
4540
955
1934
3928
2358
2319
963
2330
4473
1071
2970
3158
4115
732
2383
1345
4604
4645
2143
811
3872
4615
1748
502
4300
3742
803
1253
4964
1560
1972
3103
4826
2874
4739
3681
4165
740
3018
1772
1142
1068
4944
2464
2879
2378
3993
4367
4333
658
4261
1858
3448
3469
556
3986
833
1075
4380
388
3060
4480
1072
2780
4309
266
377
49
1856
4453
826
2296
1792
1417
519
3401
4067
1600
1862
2527
761
1466
2240
4034
83
3158
1215
2930
4666
3238
2779
891
928
767
556
1406
4191
361
475
3400
1391
1895
806
2418
4010
2896
727
2035
3714
2900
200
4208
4728
2416
1971
2037
1032
282
2820
2348
1467
4667
3870
2734
4394
2704
921
4273
1865
4918
4419
3680
2561
3154
4425
2656
2924
2401
2414
1965
2254
526
1575
1090
1638
4792
4375
3028
3092
1600
2268
1971
3840
4432
2491
2603
3017
4535
2281
1515
4584
517
1825
2406
3704
2896
3981
1538
1369
3374
212
3986
1177
445
4085
1623
587
1701
4220
4600
4485
372
271
4168
4162
416
2956
921
4674
1642
3178
1560
4819
169
773
3386
4173
1460
2831
1544
4776
2269
1291
1517
3839
2511
2732
1207
1021
389
928
4825
4994
1443
3416
4426
3351
2280
4326
527
2557
2898
98
2299
1700
4988
452
2057
3381
2126
3353
1261
625
346
2424
814
3177
542
3521
978
4398
3093
3274
3851
3678
3624
1075
1795
2755
1071
187
2368
1613
1186
1695
2269
229
1996
1667
1095
2684
20
3567
4043
2193
2038
4354
3667
1034
632
4047
2682
4241
1960
1200
3655
1765
2483
4445
3574
633
4347
864
1976
1830
2404
2207
1367
3459
4874
3948
4315
1064
1141
2095
3761
2919
188
3269
1075
3580
305
3027
4333
448
1435
91
317
4855
4362
3603
3671
3397
4901
1157
2565
209
3952
1558
1874
3265
1484
4748
264
4432
4921
3835
452
1390
3313
1501
1879
1879
2473
4202
2618
4664
2344
2462
345
4816
2853
279
517
3758
3196
3426
2356
4090
4596
941
250
3397
1210
1697
3869
3185
4581
4066
4683
3940
2686
1217
4192
1634
4631
2277
2537
2092
1313
2757
1759
4516
756
1263
4797
2647
505
3932
2594
3056
1625
465
2616
4468
55
3545
928
809
171
1058
3190
2935
1564
3765
2563
2685
3411
4762
4480
4469
844
3692
3779
3848
1178
659
4370
3843
1794
3817
1505
1206
2568
4992
4775
713
3110
3481
3376
1174
2924
4143
3142
2720
3261
681
4473
1899
4259
4127
24
144
572
4251
2522
2280
3349
1763
1189
1036
4221
2855
2428
3917
3112
4129
4775
1897
2565
2088
2598
2151
4171
2838
360
4160
4540
1232
1998
4259
4930
4206
242
1421
1277
3708
4387
1096
2300
3660
951
2752
3043
2481
999
3036
1239
2439
3768
2232
2325
3542
2435
2661
589
2520
3024
2471
346
3072
1034
4134
2056
2497
1754
4869
1549
824
791
4300
4843
4853
3519
4349
397
1934
3615
3402
2623
20
4589
11
4486
1098
4087
4676
4964
1599
970
146
3734
1167
4487
1151
2475
3413
1802
1865
4509
421
354
3445
483
4000
4554
948
4282
872
4575
652
4305
2100
3111
3824
217
1276
1083
1449
666
3999
3135
3770
3503
810
415
696
2196
3178
4788
484
2713
4194
2760
1848
3593
2817
1062
4237
1355
4442
2912
4706
193
467
4060
2015
3911
479
342
1605
4929
3771
1562
3062
1348
4164
4119
2465
4721
2126
1179
979
3065
2701
3411
2898
3479
2580
2317
705
696
3363
3611
817
897
3649
3493
4272
135
3121
4331
1116
146
145
2710
1264
856
1089
3843
1242
1724
966
2644
2127
4308
2791
2373
1171
979
1731
4782
4315
3248
3172
2487
137
3026
4591
2
4045
3218
429
340
1030
896
2485
2260
460
2620
4269
3174
3564
3729
1690
4297
3478
938
539
1640
4600
4330
4938
2284
3349
151
1903
4790
4007
231
1473
3528
250
471
3727
25
1155
4916
2451
3536
293
3830
3513
1814
4274
4064
4858
2043
1524
4864
4624
2019
1205
1303
3290
2152
2918
4143
4746
3404
70
2057
3290
624
959
4652
482
1975
3184
4340
3162
1163
4418
498
4661
1740
3443
1542
2906
3182
4578
1979
4458
1416
1950
4027
4408
4192
2671
4133
3457
4679
2137
2677
3371
1727
2189
4272
331
4547
3851
2348
4500
3080
851
2733
948
1960
3230
3056
4974
1710
4532
1190
653
415
3606
1085
2575
1501
4422
1739
953
1138
1567
806
1451
3462
4420
2864
2120
2950
1508
4853
2833
4172
3801
2168
2389
912
1141
699
3524
2397
2201
2251
54
1810
4333
1396
1406
2145
939
3588
2638
4106
3002
2766
411
4146
1903
2380
4414
4601
1040
318
81
4338
4736
4519
1928
1898
997
497
4687
4425
2819
87
936
4272
2725
1115
2772
599
1801
935
4168
4972
845
736
731
3646
3623
162
1036
860
3277
866
2369
2382
3089
2829
1937
33
4911
4114
637
2473
4140
2156
4752
4953
760
708
643
1229
1253
131
3725
2046
4106
1114
4986
4311
4130
870
1511
532
2700
3984
2727
4072
1415
887
4783
4939
2845
2549
2711
1707
3190
2080
2353
3834
262
3165
2609
1885
4634
2269
4321
2953
2100
3344
2219
4217
1785
539
2145
739
4050
2519
1218
2989
121
3056
2198
1266
2109
3886
907
1648
1170
892
4095
718
234
2320
149
106
2420
199
3384
1136
1696
267
2021
528
857
90
127
4258
1470
4463
4659
1903
3312
4240
503
3878
3195
3732
853
1898
4134
173
3176
559
1242
2163
598
1140
147
2453
1436
464
4792
2886
2356
3486
82
1080
2155
3501
2143
1772
4818
3136
2976
1656
599
4339
2378
3616
221
2591
3021
4323
4080
1355
4532
4461
1842
3891
4945
4024
3790
2996
146
868
544
4374
1559
337
4671
4069
335
4024
758
3796
3496
4698
2763
2105
2915
3947
317
893
3506
3907
829
2970
3352
906
2652
4939
3705
4468
260
4598
3564
2866
1584
3503
4706
1668
4453
619
448
562
2241
383
4186
3517
2095
4521
4060
2648
2893
1527
3401
1459
4
4467
1740
973
4071
3321
970
3853
2956
289
4077
3693
2674
1734
4334
1830
2871
2892
2620
3718
2041
4577
654
4611
4344
3208
2500
2251
4043
3723
4533
332
3177
522
2472
2075
2800
3881
1394
4330
734
4843
3729
1798
2046
699
2415
3947
4532
3524
4644
4225
3825
4614
2754
3295
966
4300
2292
2233
1323
2437
4146
191
754
2105
4787
2552
1091
2728
1774
4168
2771
948
4438
2168
3805
3199
2265
3242
1698
3676
3490
4167
1087
2578
2597
3405
1593
3400
3483
167
3375
4763
1707
2769
676
1175
3592
72
283
3870
1151
231
1326
1966
3333
3331
3697
899
2367
3263
2236
2204
4263
1623
559
1220
3126
4240
1746
1381
2841
2949
4416
4945
540
955
2394
2333
2677
2496
2571
536
1425
4151
2228
998
2581
3328
2692
2401
106
261
1283
2938
453
1901
2708
4331
776
847
47
1444
3333
425
2447
3535
217
4661
891
165
4616
1817
3827
1865
627
3324
3675
62
4032
1914
3698
3702
400
825
4090
2288
1984
998
1041
2738
137
2674
3543
672
4722
1944
2147
203
3181
1152
2497
517
3217
78
401
4631
633
4777
2366
4038
3025
4214
1321
2545
4199
2491
3631
1223
268
3636
223
4654
2860
732
4073
4876
486
158
2394
1602
2976
3984
3701
731
3758
3344
799
24
1024
3182
2363
1682
1987
119
4507
376
4477
56
2662
3851
467
991
3330
3578
2180
1965
4468
3764
2944
4328
3576
3482
394
239
996
4587
4629
316
3185
2716
4387
3035
1910
4179
1919
3774
705
55
3226
4945
947
3711
2523
2211
824
4776
1651
1207
4978
2089
2517
3857
1865
4296
2822
2850
3590
324
587
49
2187
3187
3754
4652
1673
1383
3168
1016
1983
3318
4825
2905
4686
1696
2345
1275
744
4619
1480
906
4303
2386
3841
3699
15
1398
1461
55
3439
3966
4415
161
2754
3519
1748
54
1101
442
4150
3442
3676
1863
554
1182
2749
4309
3704
3777
877
1968
1271
3075
4721
856
3547
4054
3054
153
1680
4759
1192
4506
1579
4349
1055
2919
3284
1194
3812
539
706
2553
4650
2320
4711
3576
1983
2245
1175
2883
2669
1296
1782
2771
1572
2456
1823
1181
442
4478
4233
42
1499
70
969
46
4981
3466
3371
3930
1523
81
259
2631
2229
3016
4072
1112
209
96
84
1711
3944
2834
4385
2121
63
1293
4136
2370
2652
4107
3685
1202
1105
3472
2867
3675
887
714
3410
2883
3268
3252
1451
481
4725
974
3798
1251
170
2121
747
4627
4431
3337
3718
2014
1594
660
2165
214
4443
2763
3320
1398
3300
1919
2488
1008
1554
1424
1828
404
4060
193
3738
3633
3084
3372
4263
1973
2567
1099
2850
963
2518
338
4494
3706
94
3419
102
2223
4813
4510
2280
1414
352
3589
4947
2186
3098
4949
2774
1594
2163
181
1726
620
3363
499
2073
4430
4767
2150
2967
4079
1131
184
656
4827
1186
2080
2140
4988
252
580
2961
2531
3843
2735
1101
275
2185
1489
874
3932
2485
1252
4600
198
1921
746
2347
4708
1846
3282
4200
2327
1715
10
58
1588
4569
1100
4779
1722
2525
1585
3349
4454
1602
3708
4850
3392
1883
2392
4393
4646
4680
4139
693
1819
192
1884
4904
12
1725
3488
2368
4384
1163
4259
3931
3329
4821
1021
1627
4840
2896
4998
596
864
35
325
3729
2090
2578
2795
478
2982
1887
3430
4494
4427
518
1941
4967
3861
1691
1050
886
2037
4461
4612
4635
1624
908
4951
3529
2381
3470
4326
1979
1993
4342
899
4830
161
631
3658
409
3086
3242
446
4918
3465
4185
398
3218
3541
1715
2065
1973
2840
1624
722
961
3385
4048
1559
3521
2994
194
3594
3088
1363
383
1317
36
4510
1590
4793
529
3584
1176
1587
2411
2069
540
3683
4570
3863
2356
298
2256
3873
3348
1796
2850
3231
274
1042
2585
28
1131
2235
3355
4978
601
4701
3766
620
3279
4464
501
3017
4413
1783
1595
2264
3138
3389
700
3103
2353
4639
4488
3059
1500
912
3767
4472
1691
3537
2604
3120
4811
1248
1067
2697
4697
557
3655
2944
1216
1532
1063
2769
4872
4435
3654
409
3266
296
2942
2406
1763
2086
4122
4580
1079
4820
2334
2260
4980
2542
586
1469
2675
252
175
3017
1922
3269
3171
1194
1340
1530
2354
2414
2536
3578
634
4787
4488
3013
3339
2710
4679
909
3622
1394
3148
2616
859
3988
823
949
4258
1411
3412
2641
1662
2745
3516
3049
4417
4592
1070
4190
2928
2994
1052
2952
4935
257
1239
1273
4190
1141
453
3511
4189
2137
3634
1190
4673
274
250
4755
3212
3508
2308
1505
1988
1342
18
1778
1244
1803
3793
2467
3236
4468
149
1867
4844
1541
4356
3673
3512
489
89
4384
3329
2508
365
3209
1720
1921
1777
3166
2419
4494
2362
847
838
3365
879
254
4357
709
3758
2826
3366
3703
3139
4333
1204
4516
1885
3161
2613
643
255
1161
3099
3778
3348
4524
1317
944
296
3173
3581
4655
10
467
2515
4763
4795
1242
4103
3934
4289
3362
4733
971
3128
2115
2965
2811
2567
4290
3939
1189
331
499
4162
780
2710
4203
1492
650
346
2853
4208
4957
4260
2395
1635
3238
1913
1588
4309
1705
3892
1061
4922
3484
2457
2785
2294
2476
101
2755
3378
2089
3616
1545
1334
1648
2591
2787
3730
4332
1516
4930
617
3498
1742
2890
3657
2677
130
1372
1788
4975
897
196
3996
3575
4294
3792
636
4870
2741
1470
2354
912
2010
4987
2577
4311
4885
1605
3119
1765
4278
1051
2046
421
412
1898
1873
1790
1053
2504
983
4477
2552
3599
3653
1842
995
3129
2769
3830
1575
4514
3771
3332
934
994
3619
2311
1889
2684
4942
3131
693
407
1472
3655
1941
2875
4106
269
1437
2044
2877
768
2071
2061
1092
3378
3801
770
432
4599
2834
666
629
793
3864
4266
4397
2965
4175
2268
4913
518
2227
3063
245
1778
1440
2107
4413
2916
4055
2117
4238
4697
133
2160
646
4667
2840
2472
2323
2610
4640
123
773
1587
1232
2091
1422
433
913
4505
4629
231
1806
1402
1043
202
1639
2969
2047
4518
2831
3356
1787
3357
3614
2281
4400
2812
2337
2421
1956
3156
2648
1216
4761
1905
4794
344
1552
2948
3534
2543
3560
2972
771
1361
93
1310
3647
1816
191
69
3002
1777
3546
3172
2190
2910
210
399
3014
3428
3062
4269
2350
1768
4473
1517
4423
4133
1799
3381
1065
1742
2497
3341
896
3521
4601
2143
3534
4116
880
1564
4154
4907
3142
4525
272
3637
3831
3194
3605
3884
2474
4139
4292
1449
3732
1206
2099
2331
1204
2111
3487
3308
1302
921
279
2613
4101
3683
768
4647
1860
4748
2936
3250
1147
1304
2375
1889
3661
2654
168
3703
2960
2125
3227
3885
1789
373
230
3307
1166
403
1611
3854
591
2206
109
307
1055
444
2133
4382
2934
4976
4218
3581
4292
1557
3161
2052
3600
4019
1745
1479
3717
146
3409
1467
4826
3726
1131
1732
1012
3030
3776
220
1621
4956
4375
1645
3920
2808
3129
2888
1329
4677
1676
1130
2112
2308
500
4995
2278
1
4298
1164
649
117
4709
3324
771
26
4322
3913
4413
3366
522
828
4287
1485
4394
4361
643
3634
3248
4810
2492
2641
4115
2180
3093
3918
2738
821
1357
2297
1720
894
3831
4039
4247
144
3393
71
2087
1389
2859
2096
4296
1559
744
4149
3687
3094
4671
1278
693
727
579
4039
288
4026
348
3892
4960
6
3816
3878
2641
1707
1131
335
1683
367
1975
651
4437
2388
3999
1103
2952
1708
1879
3570
3194
2168
1099
1053
1454
2076
746
2118
248
2394
1167
4335
152
4610
652
1667
4316
413
1867
4175
1875
2177
1806
3408
4475
835
4450
3910
1315
2877
4844
2401
880
1569
1463
3279
1758
3795
3438
268
4286
2459
2830
267
737
2264
1347
272
3154
3825
3566
4348
3568
2647
585
1407
4894
1645
3457
1859
4960
2099
1708
2009
1836
4087
336
2895
3453
2145
800
3497
2537
398
2965
712
1358
4540
658
1620
1126
862
3291
2584
1671
795
1702
1823
532
1322
3440
828
2416
3654
19
3669
3299
2254
766
151
2708
909
4432
448
1468
1484
1189
1533
2812
3723
3042
4329
3080
3409
2610
3914
328
4953
264
3434
2256
1268
3786
4421
4259
910
394
2176
2170
2360
3611
4979
512
400
4122
2565
1412
308
2394
4838
320
2088
3285
2395
4745
4015
806
2092
4143
2343
4815
4708
3357
3892
104
2272
3266
1767
2700
260
4428
2722
1825
2887
3210
4325
3124
3589
1316
2708
4281
782
2454
4822
4795
4839
3651
2556
4992
2793
3865
112
1987
2514
3383
2913
1495
3092
452
1649
3256
2207
2664
2134
3253
2466
2052
434
681
3478
4325
1602
4100
734
3770
141
1348
2579
785
3827
4236
2392
4588
348
534
1719
2990
117
274
3415
3074
561
4711
4578
2465
3965
1995
3830
3627
2653
4232
2626
2005
1708
874
4426
283
1254
1828
3252
4790
2154
750
4551
1606
2194
2802
1804
3260
923
4168
142
1121
3002
676
3446
1314
3925
851
4924
3100
3227
2256
3519
63
4217
3857
4340
2061
4567
394
3209
2735
1466
4070
3582
2161
908
3406
4526
4257
1939
4751
1640
2959
404
2250
2923
3046
1474
1978
749
4040
4984
1219
326
2628
3754
304
119
4439
3180
6
4694
3516
4279
3901
3250
1636
3251
1486
1222
1274
2012
4362
3827
1290
4678
2354
2967
2830
1096
2687
3251
2390
158
2847
314
4662
256
3059
3737
2363
3393
100
729
4191
3657
4218
3536
921
1297
3922
1503
168
1473
4630
4595
3478
4111
2757
1710
4208
2372
4554
651
3305
499
1328
1127
2041
3514
802
3218
506
3939
3012
1252
1916
2385
3067
860
4348
3660
4017
3889
1441
4753
1037
4995
1640
3058
2626
269
1514
2615
945
2523
4777
3771
3834
1575
2290
759
2337
2602
4365
4942
2249
3154
460
82
2130
3381
964
4846
3811
1835
2238
1105
313
400
2979
2479
2622
1283
4230
4700
2286
268
2771
4132
3642
4963
3645
924
793
2710
4748
698
544
3211
4364
2225
4658
3559
2966
2278
4801
183
3274
2310
3238
2143
1767
1956
3960
1125
328
2759
1331
4367
1935
3843
4893
1790
182
1391
2757
16
1203
1519
138
1199
1176
491
2386
2830
515
3943
3357
4354
4663
3516
3105
2699
1033
2036
1985
2072
4934
2119
198
1872
2162
213
4363
306
2532
1554
1282
2550
195
136
1415
2420
3573
3010
356
803
1103
3733
336
159
3453
1222
3139
2707
977
2933
3477
762
3624
1554
438
3094
1365
3922
400
1020
1697
3551
955
4200
4735
1363
3134
1013
1877
248
2899
4977
4674
1980
4406
4481
3421
4886
2043
3023
2653
616
1435
406
2850
2090
91
1613
748
2006
4547
21
1031
2552
2532
3572
420
557
228
3707
2901
4884
985
2065
3114
2283
4457
2358
4910
484
1031
2835
1658
4502
109
1879
63
1334
484
1785
2975
4168
4127
4395
2320
3497
634
903
645
1270
2424
4111
453
520
3279
2234
3950
685
1049
1790
3197
1768
1207
2829
175
1906
1299
4553
2893
2550
4117
1359
3730
3304
2127
1289
1417
1561
3988
964
3569
16
4897
366
4266
4515
78
2758
2625
1952
4011
3453
627
770
4120
4114
182
4173
357
1948
3458
3356
923
2789
753
1084
853
2034
2531
2283
4334
1149
2579
2937
1980
2738
346
864
3916
1626
3261
4259
3839
2559
2107
4251
282
3425
849
3053
2093
2687
4137
3655
4738
2498
4101
4280
4719
2579
1610
3246
3272
336
4255
3860
4541
791
4309
4277
4730
4854
3503
4183
3674
1101
2934
1196
4367
1329
3616
2722
2386
1937
291
3608
3427
1002
349
4043
4392
1460
4418
1638
1994
2032
199
3296
4713
4401
2325
255
4793
1313
4577
2388
329
3080
4941
2302
4493
2732
4132
1512
1665
2925
255
4951
2653
128
4909
3616
3209
73
2892
1674
4623
4992
2210
4767
188
1337
35
2942
51
269
3133
1683
3351
593
168
2914
688
4557
435
2686
2543
4618
1491
4620
153
4724
3708
3792
3760
4448
1116
4998
4234
4515
2601
155
2224
1051
2140
3397
4351
3459
2661
4932
3874
1002
3086
1292
4694
1199
513
1564
2877
219
4840
2726
1744
4960
725
3532
4066
2245
1029
3584
3245
638
1670
1739
3734
1892
1783
3221
4797
1310
288
861
21
1988
2568
4309
4181
1172
2366
1922
4512
1591
817
4940
4399
4637
298
3618
1692
3323
178
1390
3196
2118
2343
1519
4284
3383
3629
3201
1205
867
4517
3440
2523
2011
2001
1478
1371
3020
2712
1222
4419
2049
3890
833
2180
2963
1855
3464
218
3772
2196
3676
632
1430
3692
402
3192
1530
463
443
4024
850
1531
991
1605
3461
736
4736
68
593
1814
436
4923
1765
2058
2056
2508
4761
2641
4853
1687
1711
2762
4776
916
3341
1713
2875
2814
1400
4645
3710
1078
1471
2824
2288
2354
4958
4353
1194
4427
1225
995
2394
2011
4704
3170
894
506
2310
4079
13
3201
2303
4273
21
4160
3355
2944
3214
296
4843
3501
102
2976
4350
3414
263
2968
992
3801
4593
30
743
2155
3481
2047
1787
3660
1299
4563
2782
584
325
2747
1588
3062
3027
3371
869
1351
564
4590
3294
1487
1885
1798
3780
2428
1109
4949
3429
1067
4970
3610
2101
1273
3403
4002
1682
2357
295
451
3197
2627
1482
133
4029
1037
4159
1661
4701
110
2277
77
1131
496
3458
2857
2109
2355
3219
2653
789
1572
3112
1682
4749
2361
3165
1162
2177
3814
2178
4522
1460
721
1572
2
3286
158
2632
1804
813
4357
4493
4367
4227
12
1072
2494
800
4453
1633
3561
3449
1888
3835
3094
1955
3450
3708
4521
61
1552
2217
4445
4764
4424
2179
1107
2794
4502
1998
4238
1811
3462
988
1546
4394
3229
2157
791
2214
691
3678
3565
4855
1550
4354
3269
297
4826
4872
1426
1345
1385
4257
1416
94
2610
1375
1670
3511
1319
1483
1986
4986
3107
2681
4682
3403
4433
3169
2209
4254
4740
1068
2085
915
538
234
3430
1258
3195
3297
723
4170
1417
221
867
4768
1240
631
1734
2737
1163
4076
314
3662
4149
4469
2351
1727
2312
2009
2265
3421
111
1293
1106
3681
4497
1854
928
4166
3306
813
2407
4203
3290
1569
2506
862
4994
2713
4317
2951
3922
3511
685
1207
3277
3943
4222
1659
3470
3941
28
3045
2295
2172
770
597
1342
506
577
2098
1911
2477
4085
3140
2747
498
3387
561
4807
634
551
2097
4562
594
485
991
4744
186
3906
1294
3528
767
1232
150
1869
4869
2160
2843
1930
2372
2940
3559
1927
4276
1642
484
997
1334
2815
642
3465
4479
1072
3178
1271
675
3981
156
126
3309
68
336
1542
585
3231
1678
1933
3600
62
1617
4573
4890
762
3642
1918
2673
1652
82
549
3228
1873
2143
4679
4956
2981
3078
2515
4637
589
4843
4337
3695
2400
4342
1321
4302
1897
4193
50
1188
838
82
2650
520
4597
3065
4880
203
4375
2595
578
2210
3811
452
1665
1342
728
4708
188
331
2845
1775
3548
461
2253
1376
821
2869
3718
473
3309
2518
2
4190
3588
1183
3332
1515
3632
1927
4849
2642
4609
3502
2777
2994
4078
2683
3890
2125
1367
745
3420
1882
3027
2028
1996
941
1838
3563
3939
3408
309
2847
813
2246
1278
2239
1307
3407
2276
4273
3874
597
3799
3973
3007
4246
4287
4534
210
2285
3025
1711
4717
4077
1561
3434
1301
291
1133
1948
1385
2523
314
1581
1277
4061
738
1962
4
4741
2506
4554
1528
2559
4886
2385
1556
3792
3028
4447
2845
3546
3005
1018
617
3350
3494
1734
4221
77
1197
2163
4022
4176
1627
1560
3454
2450
2075
2118
2067
35
4335
1275
347
791
4166
2188
198
1111
4564
807
1546
418
2118
2712
296
4605
1665
313
2140
3174
2805
3381
2953
918
988
4382
3881
2635
1000
3671
3605
4591
4598
4968
1449
1041
2563
1771
402
4417
4459
3566
169
3137
530
3576
3636
3143
4002
1177
888
440
611
1793
4182
1613
4909
4177
1669
4673
2958
4257
50
1087
2300
4287
4042
4742
207
4585
3825
4023
1500
1525
1520
1662
970
3124
2527
248
2959
4264
343
2103
491
1273
4745
1228
4407
1517
341
4262
2657
1951
4473
2616
409
2174
1993
4834
2731
3497
4432
441
1319
3302
93
2190
2641
1273
4538
2122
582
4505
2329
2538
1801
591
2775
1769
2214
890
2882
2256
4006
2917
4617
736
3431
2694
4232
2951
2434
687
4794
140
2240
1902
2862
1395
3317
4072
3404
1572
1695
1441
2139
4531
3757
2764
2535
3199
479
3387
3871
2256
3527
1103
3502
2264
2101
3475
4124
4725
3722
4530
1907
2633
628
1274
130
1152
4278
4135
1250
71
243
688
1579
101
4281
3830
4784
1091
3476
4543
293
456
3255
2461
4079
2343
3454
820
4249
1124
2138
3830
2505
690
3583
4079
13
4663
1211
4357
171
4521
2794
4384
924
1422
3683
3756
251
3468
4043
3797
2337
3361
4638
1594
2088
2940
1031
1474
3278
1738
2648
2470
4320
1423
718
1256
3558
1770
4670
2406
1012
1995
1064
4904
2096
3060
1398
888
3513
3158
2277
2164
567
2398
2833
2356
3802
464
1683
3970
114
1800
1138
1797
2350
2009
640
1204
41
2671
2753
3073
766
2432
1673
1687
692
630
4324
1692
772
650
3192
1675
1108
3200
3491
1736
1589
3725
2720
771
818
159
3588
1872
2004
1444
1597
813
2273
4744
3348
2959
4632
523
4405
294
3479
4354
762
3896
2418
2003
1570
126
2381
3087
4063
4995
4209
4628
275
1144
2684
4853
1668
1557
921
3835
4485
4728
1549
3248
3535
841
4623
4364
4780
1864
3114
227
1250
1650
4433
2579
2940
961
3767
3149
3266
217
600
991
3762
3321
4926
1684
4412
4627
964
829
3156
3411
3256
886
1212
183
1041
2933
4098
421
3967
3737
4720
859
3282
722
1805
660
2423
1713
2508
20
4188
4132
3317
1596
1101
806
1651
733
2509
3309
3064
2318
1270
4974
4696
1403
2480
3567
2819
1688
2956
4081
2513
2640
1895
3371
3115
2075
839
3463
3913
3017
1289
372
1411
2170
735
4448
780
4751
1921
4060
1650
2400
2237
1592
3187
4721
3713
4541
196
2483
4867
4526
3535
2506
4615
1634
2323
4103
4547
3771
3398
637
4763
3744
24
4174
4409
2485
4412
3120
3168
1248
4022
1826
905
2207
283
241
318
782
2067
2323
4357
1334
3844
1674
1797
1356
2973
3572
4859
2528
1549
1873
3607
3280
4823
1233
345
3954
26
2324
307
3414
1692
632
4399
3120
4153
3714
132
218
917
3855
3998
4580
1318
4901
1885
3920
2339
1653
2742
4363
4899
4060
3598
4729
2487
4244
3941
3654
878
4084
2091
4395
3195
3432
4723
1017
2992
67
79
3763
2189
3939
3732
2697
269
3594
291
3265
42
500
4135
4970
3582
3060
4480
1028
1873
3856
2660
707
1202
3984
859
76
3299
75
1207
528
1032
3221
4794
3708
2362
3725
2549
3338
2958
4335
31
1692
2846
1075
1393
2577
2061
1860
1323
767
3366
4591
1341
395
105
205
2589
725
3148
4472
3715
4354
1429
4897
993
1325
3446
2224
1884
3784
2095
700
4241
882
952
1160
1417
656
2644
333
1431
3331
4197
3711
4162
4083
4215
2139
1482
2523
3356
2478
4157
1308
1863
2212
856
394
3091
2190
1859
1918
447
2030
3076
2949
4547
4813
2034
3343
4851
598
1453
3652
3107
3910
3212
1874
246
2422
4420
281
3632
4657
523
2441
3720
464
3421
4521
3274
1436
1242
4999
1552
2125
3794
4563
318
2040
2942
4643
4813
1005
1486
4123
4029
1697
433
2621
3340
1861
2482
1499
1715
4810
4671
2793
4182
4444
1025
3316
2018
3968
4766
1160
4631
1766
4424
2924
1483
3461
1028
4078
4245
2769
100
146
2869
1294
2208
4322
2041
2957
4086
2760
3222
1106
4117
1001
146
3884
2863
3247
3222
4624
2453
1562
3286
2253
3570
2922
4591
2141
4515
1953
3111
127
2758
746
3000
1190
3224
3706
2772
2306
1355
3349
1634
2876
1442
3535
697
4409
2275
205
3126
1464
3596
1518
2266
139
1860
107
771
4837
3947
3207
1384
3536
3931
4132
2783
1875
2798
4082
1937
578
3708
1675
4447
4674
417
1028
1044
4013
1597
4470
1580
4121
2613
1518
4551
2588
3597
3301
4132
4578
3417
3439
1984
4156
4796
706
3441
4054
3866
3016
759
4009
3956
3939
3971
2887
4304
52
4928
1982
4593
637
1089
4939
1144
4024
935
2317
3570
3612
3130
4207
1303
2007
3615
138
1554
3513
901
1473
2371
1550
3310
4623
3910
1199
4803
1475
2672
1902
1965
977
2935
176
1457
3923
3383
1152
1968
1762
820
902
3382
1566
2620
607
1527
3634
1478
4874
656
3056
2361
2648
3246
571
1359
3639
3250
4508
11
3891
2991
2320
2853
4735
2715
2722
738
1408
1199
1661
3521
3423
1209
3890
4905
1685
835
4697
4747
4681
4861
4161
597
2179
1270
3911
3732
914
792
2705
840
3860
2892
1581
2845
4180
1590
3737
4447
2528
3628
958
351
3203
4106
4292
3524
3663
94
1276
3171
4083
470
2115
4464
3076
4845
3569
112
227
804
4226
3731
3121
3276
1924
3648
4740
1527
4903
4720
519
2374
1275
4056
3555
1036
4870
4053
1739
4814
4438
4834
1519
3665
1874
3299
2377
3103
871
1986
474
4363
1035
3236
4524
3190
1029
3037
738
985
118
2386
3055
2682
4
448
4024
1775
2762
1917
2011
325
4095
2529
2954
2857
4036
53
4167
3504
3391
3477
2605
1768
3943
1521
3649
1633
2274
4527
2149
4785
2458
4950
4505
4813
3756
3777
1456
4556
2908
1335
4406
1559
3427
1085
4637
1211
2634
2926
2753
2486
4122
1612
4513
2067
2808
460
4494
3628
1799
3557
3741
307
2359
339
434
610
1913
2751
3126
4186
1044
1690
415
2417
639
1858
2575
3212
2696
4851
4896
4116
1946
1295
3565
4798
2319
3477
4584
4773
3044
928
3320
2369
3559
923
2960
3609
496
2802
3110
3076
3309
2745
4703
4237
497
1698
2179
4930
1199
197
2400
180
3561
885
3897
1514
2138
3596
3163
3935
893
3893
3324
3691
2578
4190
1772
659
2113
1379
814
1948
2112
4047
2013
2665
3330
2686
4683
2767
120
3634
1415
3136
4391
3316
4644
2053
4398
3849
2866
4320
2541
4990
4423
3843
2756
582
4020
4365
2416
424
1807
1323
928
4545
3298
1947
2791
3098
2071
1991
4424
3669
3958
3292
4389
2659
412
3163
659
4015
1925
1273
1228
1150
1973
2311
2312
613
1922
1822
3735
3047
2410
2880
16
3667
3182
2693
2111
465
3549
2377
1909
3782
192
3669
4201
4985
223
3969
1346
1628
50
2053
1367
9
1281
3095
2117
4223
2611
1491
3481
1013
136
1285
3215
4748
4938
1939
3419
4338
1851
1981
3976
4697
4237
3987
3502
1028
3173
1800
484
4164
1664
275
4608
2383
3326
2215
32
1367
4275
2394
721
3902
2636
310
1290
2452
2087
359
3082
4096
2495
2737
1742
147
2968
3974
3377
2087
4408
2135
2183
1309
2089
3849
969
386
2669
4160
1814
3338
1253
2994
2052
2782
4679
287
4689
4663
3637
2366
4733
907
4599
89
3739
161
4017
1614
3749
4383
526
646
4852
318
4050
4205
4851
4142
154
3068
4730
3697
3711
2318
4891
1512
2055
1070
3764
472
133
2743
2484
427
1782
4226
2942
1525
4170
2241
3225
3096
209
1308
3380
414
4877
1623
4413
649
721
4826
839
4761
3585
4808
4448
1320
3443
287
4139
1121
868
2563
3882
4824
4797
1047
4753
1569
2596
3112
3695
2082
620
1240
3777
4762
4688
3493
4758
1456
4910
859
2312
2600
3876
425
492
2461
3798
4120
2658
225
156
1324
1282
2980
969
2441
21
620
2389
2889
795
588
4859
2375
146
3056
4379
1114
4317
2168
3647
4629
2630
2129
2848
2484
1088
918
4638
1767
3599
2845
3449
4058
1024
148
1467
2871
573
3467
201
890
3450
167
2373
2956
2878
131
1372
2819
207
1582
4721
3454
290
4590
1632
406
1070
1200
4791
1142
3099
3826
2906
4027
260
3160
132
1175
885
1792
260
2009
3905
3538
3210
237
184
2361
1092
790
281
946
4634
4002
3584
2644
3744
3750
1735
1347
1752
626
2694
277
740
2629
4733
3312
572
1762
2206
3359
3937
4408
2777
1762
3025
2375
2864
1166
4030
4136
3109
3910
1366
4307
928
3209
2332
107
805
4323
1274
439
4396
918
4122
4527
516
1218
750
4880
2993
1916
3514
130
147
1738
3019
1267
4644
2127
2196
4837
799
2623
2268
3207
2982
1035
105
1885
3687
1895
589
4760
3291
4752
3609
4440
2954
4548
2843
1815
767
4319
701
4202
3405
2132
3784
739
3187
1069
4972
3887
4149
2242
1522
4290
1948
2722
3407
2513
2694
361
1614
3792
2874
2867
3417
3523
1865
3195
1823
202
2020
1723
941
3686
353
3163
4643
594
3837
2563
3684
701
432
3919
1660
292
4950
1849
451
2570
3769
1420
2383
1421
1050
4010
4671
2880
4680
1921
2712
4324
3400
1740
3676
4384
3824
4998
438
111
689
180
1584
4938
4277
2177
570
855
2370
3350
3228
4324
2660
3097
2843
3430
930
4087
802
227
4307
152
1940
1007
4621
2967
3527
890
3880
3247
3
112
4947
4758
850
308
2305
2716
4256
4133
3249
4670
4486
1429
1859
2069
1410
3404
4162
1134
3491
534
2099
2453
542
34
4505
850
2906
380
993
812
3264
4675
1947
58
2450
1259
4673
811
434
4470
895
1770
2260
2550
1834
2088
1690
1027
3459
2920
2465
326
4241
1131
2792
405
780
559
4273
3195
884
2152
1850
2680
2244
3209
782
852
641
2129
3221
1714
3071
3323
1616
1661
2614
2302
3369
725
1981
4947
1358
921
2579
2119
4975
2521
2730
1258
2732
2503
1098
4
762
3710
4379
2109
3028
2099
3467
4301
649
3578
983
3916
3118
4150
1678
1853
1290
1141
2958
3297
2439
2363
3421
2238
217
2279
3360
4710
4608
3666
1501
887
10
2152
3059
2793
4588
1090
1888
1456
1429
3199
954
4724
4488
361
2374
3525
253
3019
4771
2804
4477
3536
1273
4424
4019
4962
577
4619
2829
4658
3535
3182
3001
1100
3897
934
2612
4020
4008
3329
629
4813
2831
2545
3683
4856
2645
1509
2559
359
3304
4064
660
1548
3225
799
3820
3203
249
2842
2891
2843
789
2452
3854
3932
1927
2520
578
430
3168
1047
3176
3429
2491
4105
3268
1040
441
2905
2590
4342
4947
1128
879
1008
3227
2663
3407
1927
4601
2610
3768
1778
3923
1709
303
1845
2746
3357
630
4722
1519
4025
4520
3965
1564
1764
4095
4687
3540
627
2095
3171
4464
2756
2652
1738
4886
1879
4586
4152
3347
3158
3582
545
4468
338
40
4712
157
2373
2197
4907
4055
3113
4374
4472
3340
762
398
4935
1456
4670
3996
1035
2660
1739
4097
3561
679
1799
1435
1877
2671
4685
2114
3005
4787
4063
2938
4766
4647
4171
1895
1904
3921
3970
1781
4620
4577
362
2694
2625
2622
3965
442
4756
2385
495
1752
3737
4274
1762
2701
2740
6
2425
3125
1110
4031
4620
1579
3381
671
2928
1357
1324
3141
4955
1893
3883
642
3921
3870
4351
4002
4066
3698
313
4776
989
3295
1919
1314
4876
408
3459
2578
3248
360
4207
395
3268
3199
3543
2679
3620
1492
4272
3187
2055
3465
3927
3350
4823
938
3598
2065
3756
2521
4667
1068
3733
509
3474
477
2174
1598
4919
2950
1562
562
3768
1737
516
1598
4137
4091
390
2504
2756
1285
2699
1783
666
3740
4428
2948
4243
213
1993
4905
2480
4932
4287
3240
2809
4330
3450
1385
3605
2614
4098
98
1664
4159
1307
2513
2084
3428
1134
915
1133
2367
2812
971
4940
2998
480
1340
1492
2136
4932
1072
2781
3566
766
4991
3106
4632
1165
2377
1870
160
252
4695
3245
2727
1789
3879
4895
856
1969
2646
3237
1370
4839
1274
4848
1860
39
4433
3572
374
1988
2907
2731
509
1245
2331
1105
344
4556
1903
729
3113
2524
4853
497
3227
3646
43
252
2668
3884
437
1263
2962
3718
3987
4310
3919
1801
2959
4142
1920
2678
2363
2077
426
678
1772
969
264
1029
2888
47
2263
3154
297
4727
2431
3411
3978
3036
1027
1788
2026
4656
4362
3236
409
3035
101
1981
827
1429
205
2692
4456
2765
771
787
3377
4390
1412
4498
1713
1132
1789
3593
4935
1749
1776
3030
4418
4659
3431
2654
108
4988
3210
1018
4230
4547
4065
2184
2935
4550
950
1395
735
974
1911
3071
3543
3507
4983
4728
4490
3925
3551
991
1607
3063
3089
902
1186
538
4595
1222
3906
490
89
1891
4755
1457
1970
4089
1343
4007
523
3740
3105
1267
1924
826
3527
4798
1796
4382
1201
887
1576
1829
1575
692
3325
4297
586
890
3592
3083
2153
889
2894
3062
355
503
1976
854
2678
2338
1981
3516
4746
4106
568
1228
3331
2989
2770
1876
1049
1108
2102
1467
1156
225
2918
1304
2302
3911
3650
4755
2086
405
3051
2801
3540
1301
4274
1550
2289
2509
2260
4115
2148
456
3699
291
3327
1814
468
278
1064
2555
2963
4718
2025
4432
714
566
4902
3614
1941
1329
4066
4596
349
4509
3853
3168
5000
2063
2619
3296
2743
1236
105
2637
1451
2645
3473
3031
3186
1573
2747
589
4732
2182
3734
2315
2783
3999
1839
1900
1705
1226
3299
1792
4011
4415
2197
4955
2468
1815
504
4556
2233
2092
274
3487
2313
1228
2785
4113
1034
4517
3635
1098
474
1408
1543
4169
692
146
4165
3536
1527
1416
2718
3186
2368
193
2801
2506
4355
2388
2260
1839
2647
3516
3838
4494
975
3515
4944
1474
1268
3916
2261
2422
4990
940
4618
588
1964
165
4837
2774
4755
229
3654
2760
984
2708
1367
3178
3961
374
2489
840
3186
2971
1685
417
4975
632
278
689
3917
1994
2446
119
2086
474
1907
2324
2999
1808
4415
1040
834
2481
1061
2734
2703
2027
4543
710
1669
395
4397
4339
3022
2878
2618
3978
183
3193
1997
1384
560
1980
1241
1632
807
4963
225
1437
1487
2508
3743
817
2557
1730
1916
3792
2778
620
3026
3619
494
3724
2260
2293
3769
396
759
4054
2648
1060
1317
3996
4960
3408
4864
2741
3096
3680
2814
2606
4726
1219
1585
2397
3801
2799
4872
2690
4863
873
48
3203
3159
2164
1969
1810
2399
865
2686
2606
4752
2052
1985
2580
2689
2382
738
3118
1521
1776
1651
4951
1922
2748
867
3066
2096
4149
3822
1356
376
4412
2410
4006
4993
2867
4724
695
1799
4891
3010
987
345
3431
4441
1451
3557
2377
4538
2855
2662
3205
4405
1388
3872
1073
924
1856
3831
4641
3272
4174
2766
2828
898
3130
4116
3599
1057
4328
2802
1456
3859
2311
2762
1960
2840
2900
4998
2333
1750
474
563
403
2327
4547
3835
822
2958
2276
4377
2934
264
2905
3568
4077
297
2343
3602
1632
1152
3341
797
4673
1153
268
3502
2264
2881
3000
560
264
2321
800
2797
3245
821
1152
1887
3038
246
3639
2000
560
1881
772
4865
1219
3818
2303
873
239
1115
2358
1003
3052
4735
3765
547
9
4918
4910
2266
2445
3707
4800
3759
347
881
4351
2651
4068
25
2862
2996
1667
1284
2673
3697
1755
1368
4933
3365
118
4520
983
4208
3186
1409
4281
3953
1688
1741
300
980
1701
1305
4127
2061
4617
834
2756
1432
3198
3174
1836
3202
807
4553
1100
1089
1030
399
4624
3626
2361
1738
729
690
1408
1626
2808
1401
148
2283
2637
4950
2338
4866
2347
3436
3471
3656
3075
2592
1345
3092
2112
2147
3026
106
4900
2662
726
391
2699
3327
945
1988
4942
1047
175
2988
2878
2703
592
2411
2380
2285
3581
4708
3046
2626
2639
3416
2177
1548
1301
145
2767
3612
4584
4510
4533
4189
267
4364
756
2635
4737
4123
265
4361
1991
2878
4501
2050
594
4095
997
3753
3094
3340
4047
47
3882
898
2119
4404
2657
2881
1438
3299
1604
4445
1017
4976
3860
3792
2909
1134
2455
4153
3533
4822
3066
3184
141
2898
2749
4979
1468
2172
4907
3620
3591
3695
2246
2178
3288
4175
2007
3639
3415
3002
2360
4985
3575
2398
3606
2391
4986
840
4521
1480
1056
622
524
889
1438
2290
4142
4738
3329
4775
3772
1710
4429
4128
736
3569
286
4477
3816
4194
1028
3754
4136
1318
2257
4897
4129
2456
3119
3571
4614
3708
114
4976
1950
2571
2800
407
2944
3218
4708
3828
2397
3576
865
4310
2924
4554
4415
283
955
4904
4275
1634
872
1778
971
3687
701
3102
3075
2404
2753
1728
3622
3260
419
1478
1068
4447
1537
4022
462
3548
3218
3115
4479
217
173
1657
4465
4095
3504
3476
2792
4207
2792
4577
82
509
2372
2051
963
2390
433
4961
2256
1025
2637
1942
193
2642
1438
3685
3832
3135
3795
160
2916
2842
2765
2722
2811
936
4510
4895
4710
1227
232
2928
2769
3705
4720
38
622
232
2838
1272
1551
4339
3245
4203
4863
384
3469
4851
670
1076
847
4902
182
2076
1601
1740
1648
3926
1525
2889
566
1040
4888
649
4659
3553
1257
2327
3107
355
3962
857
4747
1861
3622
461
776
2593
2807
210
4001
52
923
809
1500
1077
4088
3304
639
2269
1293
2904
459
2931
562
3064
1534
1471
4885
1702
877
1364
3959
3997
3702
3854
708
1997
159
483
3087
1835
2155
4235
2554
266
3203
2783
4321
2525
2894
868
3532
2213
3498
730
3985
998
2684
3773
3998
1650
3025
4670
1082
4590
496
3505
1281
4510
2825
4199
4771
1257
4451
3021
2752
3039
1290
4795
2795
4348
4062
4845
4750
2301
4476
724
1279
3328
895
1517
2411
1574
4888
642
2245
4648
4022
881
832
875
2852
1214
4190
1489
3498
1057
2658
822
4068
4667
1572
2003
2789
3379
4007
2223
938
1466
276
178
1885
3717
352
1772
3918
4308
2694
2325
1390
4626
612
1794
2599
4885
4106
2371
2220
1762
3899
1826
110
25
2428
1564
1243
2371
4402
2646
4763
2292
1278
1018
4182
3459
2118
4311
4286
2121
4686
3592
859
2478
1066
3564
1640
447
2264
915
2467
371
2781
4852
2206
1551
4330
4468
2775
3392
4390
2719
2998
2092
134
3353
3518
4259
3140
4110
4969
703
2577
2064
3979
2525
2454
1455
3085
4546
900
4446
2041
2552
2098
1054
1411
139
2895
1748
1351
3989
1997
1285
2691
1984
2317
977
1403
1632
2725
1770
3513
4838
3099
3110
162
3868
296
4384
3855
2471
3632
4004
111
1734
2760
2373
188
3015
2382
1331
4868
4088
593
3976
859
2673
2590
2630
3226
121
368
1715
1436
2040
212
720
584
1305
4057
2817
4624
706
205
1626
4817
645
1880
4688
4827
3045
3196
2583
4691
3069
1300
3394
683
2156
1151
1869
3909
2344
2814
1603
2445
4418
1272
801
4517
179
2346
2837
1086
3000
4731
4472
3547
2156
4934
2576
1621
1849
4864
1057
2511
1948
2462
3539
4040
1447
4353
122
764
929
3772
1298
501
3008
4026
4806
4805
3874
94
4033
4310
3137
3254
4661
3022
4800
76
4174
3966
4181
1093
249
1014
1948
2797
3887
4565
727
3808
2212
3212
524
1301
736
538
1806
4543
3826
467
259
1179
1745
2258
705
4427
4799
15
1284
2517
922
2013
970
1486
3987
4328
1041
2581
4559
1140
2676
469
769
2302
3561
410
925
2865
3575
2462
1216
538
2212
1104
2336
3842
3105
781
2359
1339
1373
4824
4133
4888
4180
3365
3271
4994
3706
2840
4754
3312
3784
935
214
3767
2529
2162
4105
4105
1514
4969
530
12
3718
3497
3078
2561
3424
4783
2324
4620
4548
2229
2565
4666
1601
4694
1881
4452
2517
335
296
683
2209
953
4540
4497
3890
4866
1265
3039
3537
2630
3163
1656
4104
2078
636
2025
374
82
4897
4080
458
3124
2206
3030
2085
1304
1677
4793
1431
3565
4218
720
2190
3101
4098
464
1338
3798
2091
2384
3165
2149
3913
1049
3046
1601
3669
4513
2882
3243
1234
378
3739
905
2871
3707
2328
4669
4183
1486
1379
2690
1403
2170
3154
4445
4846
3730
4494
4944
1332
4543
2064
4129
1799
135
4767
2157
3900
649
3922
1596
1549
834
3704
1626
4706
2450
2095
403
906
2910
4748
358
2126
1625
104
3041
916
604
4351
4541
2749
2062
2429
4493
3606
3839
262
4498
3813
45
877
273
2960
1042
2550
1857
4552
4183
2168
3743
2527
2060
321
562
1028
1558
4723
1548
4926
2072
3522
3983
4131
162
4697
4669
3731
4125
893
2295
796
1778
3081
2515
2389
1693
2552
1747
1751
4703
2654
4268
2222
828
483
4278
2339
3256
75
949
3157
2139
4503
1549
2276
1780
93
821
556
2375
2346
1552
4638
1469
480
2071
2483
4304
815
2463
984
1444
47
1343
882
3314
1603
2136
3796
3288
4348
701
2967
3632
1319
3737
3120
1839
4171
1786
1561
569
435
529
1928
3612
527
3318
1110
4695
1309
117
1152
3205
2153
877
3033
2604
624
3137
2087
1706
4769
4318
2740
791
4036
356
515
2283
85
3164
1989
2125
3003
2826
2321
466
1024
2046
3002
819
2512
4927
2679
382
3804
1018
739
1564
1317
938
2359
1128
3914
2079
1378
3272
1873
4611
551
3690
3784
2281
2504
1456
413
4522
57
2585
1007
4939
737
245
1430
3441
2875
2140
1347
3161
1900
4826
2141
4064
3035
3483
1180
4418
543
4005
135
3313
2674
4401
4673
1827
2653
3734
3053
81
4171
3275
643
1361
4392
3966
4106
4692
1060
1594
2704
383
2036
4552
3310
3814
835
3793
1539
2393
600
3080
4193
2095
4921
726
104
4275
2333
4690
491
4552
4140
4275
1170
3151
1473
1418
2374
4790
2381
343
2849
3577
1289
4675
2435
1921
4049
307
314
4917
356
3369
916
2156
3504
4611
3577
1197
49
2129
288
1964
366
3572
3157
3142
3366
970
4184
3924
3355
4714
443
960
4882
3540
1128
4131
4375
2538
1942
1687
4553
3158
907
2181
20
1521
3407
3597
1999
994
2647
2145
4865
396
3505
4695
3536
4934
790
1438
3786
4645
917
3185
2968
4432
671
1948
169
2883
671
4049
4792
1425
783
769
318
4041
784
3003
4145
3476
239
762
4383
4176
527
4784
4787
2269
2820
258
3899
2696
2058
963
3338
3030
4542
4514
3579
2390
246
2490
3103
3329
1920
803
3579
2452
1263
29
915
2588
4787
2146
1298
3438
692
4042
1966
3330
707
3481
1149
58
3174
4117
1645
159
2769
491
1445
3575
4798
1024
3897
1743
3687
3446
4248
3997
1544
4584
3059
4520
422
1923
4541
1332
2942
2287
4303
4371
1506
4209
791
208
1951
2810
4591
1330
1209
547
1955
4744
1667
4879
2960
3126
4504
4983
2845
4433
1505
2031
412
3655
1020
172
1030
4498
4958
963
3146
2647
673
1752
4904
4513
4453
3941
392
3545
4683
831
1365
670
3426
4811
2616
1262
2697
4397
1387
1061
3954
601
249
2401
4407
3460
1084
1287
4642
4266
4770
4746
1592
2398
54
4514
4966
1385
1506
2990
1714
4846
2215
38
2856
1628
3244
3495
411
2108
277
4365
1788
2102
2474
368
3190
2338
4063
4780
2100
4754
1855
863
4885
2599
2328
740
1926
4659
1761
4591
3457
2062
4441
3889
4857
3674
4691
1128
1607
223
2427
3310
1022
1034
2827
1862
3330
89
3012
37
4091
4476
3823
939
1474
2066
3682
4693
4612
1138
2387
2349
2481
1959
2269
981
2257
4833
2
3819
1917
3343
4427
646
3775
985
27
2730
1505
4064
4824
206
2244
3615
1135
2518
4669
627
3133
4364
179
2776
654
4147
4402
3822
277
201
3067
2586
2886
501
3563
4888
3456
3242
2256
2553
1839
3127
3351
2439
1794
2661
1350
2427
4299
2828
3042
166
3191
2979
3193
2356
2930
3890
318
1610
2727
2066
2634
4306
1607
3597
681
4981
3788
1617
3082
4967
4535
4370
2396
3695
4151
1262
2104
1355
3198
3016
4888
4261
2183
2394
1163
3649
1722
4812
3182
4825
503
4187
368
3258
1819
3690
3715
2174
1168
2195
370
487
566
4390
312
808
3541
460
1742
3198
571
2872
3250
1460
2536
1785
2905
1526
3633
2306
3559
4524
1286
3513
3135
2742
2450
3665
3421
1120
810
4397
1910
1027
2153
2211
3319
2041
4935
3541
280
2528
4256
4210
4976
3736
4651
53
1054
2130
3897
3242
2748
2836
3952
2082
3791
2180
245
3835
922
3001
2732
3666
2905
4476
4352
2641
4021
3916
4657
1445
2155
1622
1795
232
707
4759
3194
1032
4184
1081
4895
1693
2140
1753
2228
1308
4550
3800
1611
543
2825
3590
3969
3209
1272
2056
4260
4561
987
3794
4487
3578
3101
3528
519
3058
4446
3671
4707
1891
1570
1926
515
3715
2555
3037
3459
3330
2587
2925
4854
2234
4799
695
2606
723
1341
4095
4921
1673
4645
2320
4451
3486
3744
2765
334
1103
4253
1508
4715
1663
3861
332
4388
291
3911
744
3466
502
3073
3295
4777
1380
357
3671
4123
4311
1620
3583
1547
4967
2678
4960
1963
4534
2216
2931
3086
389
1801
2298
1509
4110
3446
2725
785
406
2212
3165
3242
3814
1313
14
4228
2637
4615
1237
3795
3650
1595
2485
2687
4812
393
1617
3856
3168
1638
3271
2463
1567
1246
4665
798
2616
1643
4787
1731
3105
2144
4971
1688
2796
2840
4485
2151
1845
4283
2404
120
2053
3144
4819
4932
2940
3244
945
842
4113
2225
3964
28
497
2503
2958
1098
863
1007
4528
3428
3279
393
3819
320
64
1285
310
4014
3454
4909
4409
1562
4609
3381
255
943
4973
4750
2952
4206
753
3204
3594
161
3980
744
1385
2676
676
786
3550
1392
989
2171
1534
993
980
6
3623
3149
1449
4196
1015
1639
3444
571
171
3672
2043
571
3836
3829
1841
186
85
596
219
1751
2645
4439
987
4583
2100
3401
4896
1911
2887
205
227
2856
1251
720
3915
1083
4194
1837
2959
1396
2221
4018
1740
1780
845
1397
3661
1209
1485
1939
2887
1516
4744
2262
3784
4996
1764
3170
2265
295
4125
2645
330
3628
4901
4479
693
876
903
1935
624
4566
4373
4093
2036
3414
3998
3015
3046
4099
947
553
972
321
2620
1858
2524
576
1062
4045
426
705
2774
4412
4938
748
3450
2225
4101
714
4307
2766
4677
1336
2809
637
4972
3481
9
3537
1173
2771
116
1144
4641
4470
2131
3025
3002
3159
3927
3384
3913
3602
2952
1855
2634
1965
1338
1314
2686
4329
4770
3436
3109
4011
2604
4426
3275
2746
4997
868
502
4473
337
2637
1494
4189
4180
3334
2195
2469
4909
4290
3861
4085
2684
4775
1346
3611
893
2885
3760
3002
82
3566
2291
1806
6
3301
3891
2612
4784
3360
3641
1162
4858
2450
642
4617
1103
2786
1084
78
1359
1628
2219
1835
2281
700
4395
1366
1141
4337
1213
3149
4466
977
4395
547
2212
2089
3488
3539
833
2798
1473
1040
734
674
1439
4145
4392
4181
1769
4163
200
4763
4529
538
2790
558
4500
2790
4066
213
4483
4665
647
893
493
674
2122
2106
2870
2687
4827
4827
2593
4174
2662
2090
1189
1837
725
4275
216
1528
3989
82
3584
1570
1425
2433
1084
1646
1502
3810
126
4069
3971
4213
1818
4072
4142
1992
895
4965
1889
2143
2517
4787
3640
594
1916
2191
4267
3526
4092
1292
3621
2987
870
2299
3541
188
503
3122
1281
3337
1982
4337
450
637
3790
2953
2010
3759
4856
4665
1502
3120
2596
4015
4032
2490
3693
3557
3640
4614
3807
2753
428
266
2778
4916
3788
4663
3393
848
427
4971
4899
3281
2347
3328
4422
2009
3022
1371
861
796
3080
3145
993
3104
4993
2833
1204
4962
2649
2847
1093
4144
1335
2996
3057
194
337
3014
710
3588
4028
332
1360
433
2797
3812
2432
1719
2064
252
4340
1317
1874
1066
838
3057
3444
4368
2529
1866
2877
1005
2842
366
1247
2591
1254
1315
1815
1148
2566
258
1992
706
4018
3970
1820
3324
3197
3095
4817
234
1338
944
4508
859
4094
1785
3125
4226
4992
3481
135
1157
551
3145
789
2063
3775
2973
3741
4313
3564
24
4103
996
4079
3145
4185
3623
435
190
158
1728
1991
446
2176
3785
4397
634
2391
4476
3959
4112
2522
2202
563
2550
2275
2788
129
3380
3944
4931
3291
859
744
671
3611
3358
3615
629
1886
4476
1660
2472
1191
1007
3006
1680
2244
1190
1359
2096
4446
3659
4908
751
626
2630
59
2498
2650
1796
599
1789
667
3847
2263
2054
4597
4356
413
2135
4103
726
1234
4591
904
68
4823
4187
614
3097
3138
4300
4297
3681
390
4716
3438
971
2290
4144
4778
3891
2731
3393
3477
543
293
3470
2283
4481
699
818
4380
1326
3689
1343
1678
2122
249
3333
2221
3279
558
4337
2824
4811
3608
2784
3341
1601
1989
4881
989
4134
1271
4937
3901
2753
2447
3573
1752
3086
3637
720
282
1596
1953
3969
4620
3419
3420
2784
2328
730
1539
4992
3577
3194
3735
251
3344
750
2507
3364
2228
4395
3444
4417
4176
1586
2695
2788
2179
2609
4910
1580
3908
1867
401
4199
3411
3026
4324
2309
2894
1171
3302
3036
4362
1413
2430
1630
2555
3727
2134
4125
2779
2177
3828
4573
4757
2164
976
356
3950
3767
3098
182
1731
3904
534
3103
2743
4807
3547
3018
1456
4905
560
4476
3051
3021
4406
236
793
1744
4877
909
4266
253
2480
4092
4966
1970
2590
4030
201
2600
3402
1834
1031
4087
649
2622
2409
3832
1954
212
4021
741
543
1621
4596
2250
2109
2962
505
106
1246
285
477
3705
2110
2012
1924
1485
4012
4456
513
4514
2392
2215
2363
1792
3143
1748
2127
1045
4593
4482
4531
2858
2467
1679
2692
3003
3303
4374
2231
3633
1533
991
4296
155
348
1171
1064
3522
2962
4327
1393
2076
4804
3003
1479
1947
4257
277
4680
3315
1392
4225
284
3403
2598
357
4598
233
4730
3224
149
3349
2985
3024
2087
2134
4758
4270
4897
1072
3342
2143
4758
2951
2153
1919
3684
1089
1336
2492
392
3908
1992
2802
4020
3199
1959
1054
3677
3721
2437
2089
1534
3675
65
3490
3467
3611
2627
4264
1507
3055
292
4252
1295
2527
2204
2504
2727
1142
861
4120
2601
1781
3998
1989
3800
4598
4313
164
1031
4703
1734
3486
4818
1053
3626
1979
4847
378
4380
2695
3781
3554
609
154
4917
3107
1110
942
2301
2379
2338
120
3535
1439
1323
408
2950
1324
1058
15
1650
747
506
2598
3024
1106
4713
198
3369
3000
1096
2397
4479
3961
2992
441
1914
3814
3288
1798
1993
3979
2566
3889
449
1617
3157
4764
1382
134
3304
4284
208
3937
2342
53
3258
695
3221
67
3891
535
2131
4822
3355
4706
903
2549
3902
756
344
4570
2674
1152
340
3197
621
1783
3122
4366
2003
2786
3185
4815
672
646
4239
753
2023
4607
1561
4075
1946
2531
2850
4194
1231
2684
1261
468
3453
3847
4952
296
2886
2028
1472
4673
3769
813
3299
2337
2242
3642
2126
4761
4329
4295
425
1521
219
4790
3540
2797
4431
1529
2978
4988
4027
634
429
319
4431
1092
1813
3362
2778
4549
1777
4348
3263
1948
1271
187
3477
260
3376
1634
4968
2627
40
4013
719
3218
3513
1064
1591
2083
3657
1790
1697
4796
3363
790
3064
4140
2673
2650
4746
2682
321
3443
2985
4279
2745
3628
276
863
4929
2554
4495
3187
1083
3520
2685
3112
2579
4617
3658
4254
2279
3904
4483
4061
4194
722
1253
2021
3982
461
4689
228
1151
2747
3222
2876
220
390
708
3194
939
1493
1763
3958
2127
1635
3049
1755
3665
361
4503
3071
3346
2960
921
3386
855
2799
973
4848
1065
2602
448
2431
394
3653
4156
3085
3761
3038
37
820
1279
877
2648
1105
2437
1670
4864
3719
145
4878
362
2101
1918
4534
2209
1397
1
4774
3303
488
692
3230
2168
4640
2873
4376
1845
4366
1648
2384
1505
3107
1813
1340
2098
3885
818
507
2757
3521
3946
685
3706
3321
2571
4805
4187
2549
1801
1246
2922
4532
253
3100
3330
2284
3183
905
4298
4355
1824
4159
212
2443
4526
3016
1980
1441
1200
4252
2783
1332
2667
2004
3627
2119
873
3392
3269
358
2168
4652
3625
3860
1091
250
1223
4342
3179
901
3436
1839
2512
2490
4193
266
3405
128
3149
2585
3399
1648
3852
1129
1573
4531
1773
774
3717
300
910
1304
3204
573
4137
4858
234
4445
1664
218
185
2184
2625
2157
4712
4079
340
738
3696
236
2236
1634
3073
880
75
26
1608
2389
394
2102
2449
871
750
931
238
1209
3708
2758
4506
525
4918
1130
2427
2067
4509
3232
1602
4991
3923
3165
3026
1986
4729
3515
1621
1414
3188
1383
2545
4640
3142
4253
3715
4689
6
1963
2087
271
4316
2814
2579
4633
197
1287
3955
1574
72
3934
1072
4305
2851
2772
2640
1506
4605
4842
2196
1857
2484
3767
4293
1548
2677
2346
1042
3509
890
4966
1169
4695
2792
2290
2302
2558
2996
1870
2409
3587
4459
2245
4938
2197
2115
2392
3667
907
2734
3872
731
1121
2186
247
882
824
3847
1098
1410
3236
312
3596
4249
220
923
3756
665
826
2881
4470
3869
4309
880
677
1356
520
4166
206
481
2719
479
3522
1832
2760
763
2202
1894
3102
3138
2564
68
244
2383
3348
4309
2281
88
2057
2208
3386
2589
3426
4435
2778
4107
3737
1637
108
612
1134
1884
4785
2893
1357
3526
3340
1355
2295
1150
3735
4816
1089
1294
2375
2997
433
4306
3759
2356
1568
3213
445
2694
4481
1766
2572
3354
1508
940
4472
2278
1359
3755
3637
2635
4367
3208
3360
2022
2797
4182
3738
4973
705
3340
1253
1424
475
414
2829
2445
2245
3845
1931
2474
1308
3732
4798
3956
4889
4153
4160
4493
2205
3715
990
2856
1094
1245
3139
3901
1049
2698
3680
2212
2519
2691
2952
2515
3779
3880
2781
4703
2588
3193
4685
4961
985
1477
2314
3820
3340
1353
3796
3335
4923
1994
1460
4262
4732
4914
4604
1973
4641
2476
3032
3186
716
879
2300
1211
4784
1567
4066
4010
2831
718
1315
2292
2399
2575
2685
2393
3644
4035
1851
1505
1289
620
4031
814
2023
2141
1311
4027
4686
1272
1745
3518
3604
26
470
583
3788
4371
2948
231
1113
3236
16
2645
2448
2844
3923
2085
815
3119
597
1775
19
2028
2013
2483
4065
4018
2752
231
4786
3528
2138
4724
4721
2592
4478
2994
570
3336
4031
2481
180
4979
1162
4852
3820
3555
3746
63
3323
3644
3972
103
3405
3525
172
1582
3820
2604
804
1986
697
2752
351
1636
3493
4882
4853
360
609
4608
1229
2505
1357
520
989
3584
2051
2877
1292
3259
2251
2476
2022
2435
1066
3295
688
442
417
4477
3363
4261
1378
1232
818
3369
1748
3934
732
2379
3051
1487
4621
835
555
3008
3441
4223
4176
152
1703
214
4892
4239
4241
4914
1937
4363
2566
1719
3912
1948
3319
4087
846
3646
2228
3559
945
1240
2144
4355
4004
1627
391
4194
277
2260
2235
2219
564
2045
1265
4701
3583
2859
348
67
214
3563
2714
4109
2477
2590
3886
3769
3201
3629
4878
442
3048
3292
2098
3983
3929
1056
2787
3659
591
645
2725
4332
2476
4123
426
4367
1072
4111
2186
4539
1976
376
4846
2024
2145
3837
1197
1210
4784
433
3013
264
618
5000
1861
1981
528
1233
3714
1903
3287
4400
2420
81
3019
3944
3564
124
1949
4615
2127
2961
2096
3712
2471
797
1224
4943
1914
1501
360
1429
2077
1145
1841
886
1755
315
4159
2659
2144
1113
3832
2961
3166
1111
4368
3464
4794
2364
2897
1668
4468
2678
3970
4232
895
3496
4255
2495
2626
2555
4467
3469
1030
944
792
3846
2975
212
3327
546
4510
4129
1494
2601
2577
1854
595
1472
1867
1880
3537
4763
3258
2549
1853
1849
1803
4552
3372
820
1261
2231
2177
4287
467
4290
1597
3783
4597
2849
486
2432
3
3420
3018
1077
4121
1633
3822
2047
3137
3290
2511
4609
3526
1207
3470
1675
3055
2337
4437
680
3705
357
487
1627
2689
1857
3839
174
2092
156
2275
638
2288
1755
103
3947
1302
4243
2200
2309
1843
4715
1066
885
1398
1470
1569
2105
2644
857
1126
3938
1832
3886
2212
1809
1221
707
3122
4101
2024
2178
3749
2902
247
11
713
1531
681
3489
842
4459
1694
850
1062
3210
36
2154
480
131
542
1934
877
1671
3203
950
4765
2221
1528
2457
2280
4071
3863
2984
2144
3661
4337
67
1823
2002
1063
2161
2011
710
2723
4228
4997
85
328
2759
299
416
1805
1706
749
951
646
2807
4469
1275
179
1160
1222
1395
3302
2795
3095
2828
2351
625
2332
1193
3652
1962
2387
934
2095
2134
4844
1528
4336
1073
284
854
1680
3924
3527
4518
1175
1837
201
1023
3516
487
4743
2052
3624
2944
460
2132
3633
1649
1512
1380
2775
112
4320
4552
815
1342
2325
949
2035
3740
2347
2833
2537
1900
4747
1588
1763
323
4570
4861
749
4171
3126
9
1711
3490
1421
267
2555
512
1384
2236
2156
4746
619
3201
1412
2307
4587
455
1871
990
3380
4540
2493
133
1076
4348
4354
2012
2683
2974
2761
1783
482
3815
1573
2060
1053
741
4472
4644
2794
2018
2843
3161
2050
2522
1706
3223
2288
186
2644
848
278
1460
3904
3600
3011
79
2685
2628
4660
2352
141
4480
1316
961
1647
2266
3397
1610
64
1552
3482
305
1459
4042
3844
968
3145
4027
2728
1368
85
858
1885
1456
2959
3626
549
4346
106
2039
4407
3613
3617
1903
3552
321
3692
4894
3120
764
3238
2684
4592
4667
1100
3517
2707
2128
1084
4305
4922
623
5
3871
1092
3898
2166
3797
1457
4037
1325
4325
691
1232
846
1619
1855
1060
2361
4332
2622
1052
2056
2923
3764
1721
3146
4775
4385
1210
1436
301
4748
1015
2287
2223
2799
2242
1166
3730
4017
1956
1751
2083
195
777
1294
3040
1840
4423
2313
1011
3920
3341
996
2220
4544
1067
2873
2665
3979
2273
2682
4394
857
2829
699
642
3768
3890
2102
534
2339
1331
1131
1278
741
171
1997
3912
2421
2625
4241
2929
170
1672
946
2800
3002
1985
1114
4811
4718
340
3413
907
3128
520
4472
822
2589
1862
2184
292
2085
1810
245
1074
2441
4919
2586
4834
569
2843
4479
2228
4700
2800
3368
1004
3443
728
4879
2640
1673
3689
1246
3415
656
1264
4087
4079
1821
387
3085
3097
3583
2735
791
123
4394
1182
3968
4345
58
25
2132
2863
401
783
4823
2879
2707
2153
1974
1655
2080
4671
3884
3100
4827
1694
4179
3999
565
158
584
2605
1274
1969
660
169
1190
67
1882
1077
1983
3045
3997
446
1210
1836
1844
1211
3272
992
4622
1735
4825
1627
3091
2264
4931
2006
4822
810
1338
1507
109
560
2321
633
1672
3128
1091
898
2219
958
4589
1137
4374
2441
3926
3396
2118
2415
4902
1724
3572
2447
2182
3173
4801
377
1275
3978
2882
4038
2775
256
1184
3229
3929
1047
1088
120
1447
4921
1714
4800
1442
2481
506
3331
227
3588
405
3148
463
291
3854
1566
1423
3058
2195
3293
3305
4604
3903
1766
4176
3
2973
4587
2825
3021
2936
2623
4832
3499
167
286
2177
1966
883
234
2427
1713
4322
2130
4209
2927
3072
4504
368
2843
3836
1924
1496
1311
412
2701
2937
4200
429
1313
1785
935
1927
2401
2754
3960
1452
569
1955
4908
1707
1785
1640
4436
1715
687
3141
404
2471
1306
3099
1204
4876
4411
2883
4656
1219
762
4643
484
56
2655
3751
2985
2489
4658
2582
3957
1536
4012
4145
3157
1127
282
326
2886
3404
1026
1675
4403
2133
3612
1655
3515
2661
1360
3576
867
4514
3732
731
2285
4436
505
225
1744
4079
3559
1658
1086
186
498
2368
4365
2725
1561
570
2988
4722
4119
2696
3680
2081
1707
4409
4283
3992
4521
4670
2875
2720
600
3890
3163
1519
4953
2616
2976
252
3427
2798
869
3353
4941
1894
3698
1798
3317
4011
4606
4955
1246
2227
1110
764
447
1307
4253
1568
2220
2189
3879
2315
1145
2540
1309
575
2169
876
2371
2065
906
4810
1103
4145
4328
881
4701
1922
2998
1702
2965
2210
1031
1824
3651
2078
2430
2279
4621
4042
2448
50
2428
1229
305
4714
3675
4273
59
958
819
4200
512
3794
3920
2363
1645
3410
1804
4482
1607
4145
3765
566
1662
3563
2811
2769
4699
1529
993
4543
2914
45
109
3496
1914
3467
4848
2599
59
3439
1537
2750
1058
1440
3641
4212
1621
1291
1195
4148
4476
1819
1356
385
1973
4021
3703
691
3487
677
2400
3460
1833
3161
2585
2137
2596
311
1551
1308
1159
2069
483
1499
1315
2700
2470
1374
3756
4764
2471
256
343
3999
1114
3892
3675
1812
455
343
657
2494
1186
2111
3547
37
4182
4987
767
2509
2434
1601
2703
32
3132
3162
92
2387
4245
333
3435
856
2777
4794
301
1023
1912
3114
402
3775
3503
4770
114
2285
922
2032
477
1510
2968
1374
4105
2223
4809
580
2847
4458
2817
2327
2609
3691
332
1342
2140
51
3908
4884
1090
1460
4770
1524
1206
829
24
1051
895
3859
2300
3629
3791
695
1904
3159
2066
4383
4914
968
633
3008
4449
4154
102
1614
3086
4270
1976
1989
3254
2240
229
2162
2690
1552
745
4786
231
1066
3025
2841
3070
2289
4653
2471
2862
490
620
1099
494
3391
3996
1571
2525
3626
2378
813
671
1455
220
4865
2993
3014
965
3200
2148
4092
1223
478
1585
43
3482
3717
4026
804
3266
1802
23
4488
3886
65
2712
2140
1827
1003
3783
1795
3150
1623
2764
4491
1577
2933
72
4076
2814
1959
426
3948
4134
4880
2660
373
2992
4421
3407
4706
1189
4759
506
2417
2569
4779
3950
4907
4768
2288
2234
2337
2750
4548
4595
2120
3138
2672
300
4760
1908
4400
2316
1501
1375
2164
2565
775
862
4126
2665
1887
4134
1474
2235
3783
1427
3958
4124
4188
3667
4336
3434
4700
598
4506
3984
1785
4584
4627
1541
4869
4178
802
597
3059
608
3353
1091
642
3428
3572
1830
4922
3626
4569
33
2423
3229
2336
4223
3537
1195
4849
3866
1542
2827
729
273
4158
1374
963
2562
2491
4200
4229
2972
2134
3973
3380
3055
1800
1916
130
2887
1551
1621
3989
2199
598
3891
2414
3231
3083
4976
2311
1830
3243
1424
484
1693
2097
3829
2036
1881
4391
760
4132
1580
4091
424
3801
3173
556
3538
1273
1307
4540
1589
3323
3891
25
1073
4574
902
419
4084
342
670
4651
1908
3646
3319
1672
4091
1111
4213
849
3443
73
4770
3935
3931
689
1562
907
1756
3056
4482
1458
4739
2133
2130
4843
2336
1165
4729
3463
342
2670
1102
698
1567
1776
4943
165
1683
3536
3402
957
988
1174
1028
469
2187
4564
248
4523
1376
2212
3414
1623
3604
814
505
1192
3986
2429
3401
1262
1565
966
2230
3821
3911
3673
311
3761
4800
2433
1722
4347
4136
4372
4613
433
2168
1773
2104
1585
330
1366
2007
3893
541
221
1452
875
953
4191
3877
876
3342
2522
4065
3638
951
707
1475
1734
270
323
2792
607
2092
3823
845
3113
484
3149
1995
2204
2733
4233
143
4398
426
3134
1694
3845
2736
2809
136
403
2005
3962
664
1268
4160
633
1085
4164
4934
3610
1202
3467
1177
2640
3932
2113
2612
3855
1073
2954
3242
833
2322
1439
2591
552
231
2221
2921
2821
3159
4831
3412
2566
4986
3448
3500
4569
1537
2053
4669
210
4632
3428
685
2481
1443
4854
4374
205
3514
1470
344
866
3268
442
2242
3454
1683
1805
4176
3903
1631
996
577
1147
3013
2833
1635
2284
3731
4851
4173
4949
2131
682
3033
1911
4259
1885
3597
2814
1899
2581
4311
326
2308
988
4071
4860
1425
2588
3250
2127
4964
536
136
1825
1711
3477
1840
4039
2185
4119
2637
1329
4496
4044
449
1049
4087
764
396
4411
2903
2846
2347
3845
3594
4935
1457
3996
2825
1778
3981
3595
3357
4103
4044
3213
2552
2032
1995
4035
2795
1683
865
4122
2021
2864
3870
3230
3985
3581
2773
935
34
4475
540
2534
1044
1492
1125
3707
1071
1491
320
4805
1835
536
255
3422
4838
2385
3986
2316
1979
2216
1750
692
2662
3182
3134
3032
3078
2678
73
2849
4156
2812
1429
3792
3966
4308
2832
1618
2665
224
3548
4579
971
174
3910
1750
675
313
0
3088
461
2631
3574
3364
1361
4945
1324
2414
3387
425
2792
757
339
987
629
3167
4130
4618
153
2492
2397
4647
1825
4675
2359
624
544
2947
1553
1968
4418
2353
3190
837
943
3188
3706
3898
4687
429
2129
3095
1851
2326
1371
223
4881
4752
4010
3419
3876
2095
2181
2184
328
3359
1279
2650
4017
4282
541
4551
390
979
1840
3921
681
3590
4578
944
1096
566
4832
1428
4335
532
4203
1049
1156
2707
2587
4210
4090
331
1618
3243
3754
1181
827
1355
1839
1645
4948
2408
3835
1295
1959
2222
4787
3156
3237
4855
4054
1525
1345
1210
2900
4117
2023
2624
1633
3666
4755
422
376
724
651
550
4902
3045
495
3307
558
667
2188
4853
1779
6
1972
1001
1041
3932
2931
4039
391
222
1047
2361
3210
2540
3541
836
1646
78
3198
676
3820
3471
4006
4210
3091
2825
758
1460
721
107
1199
2025
1753
865
4774
1400
1839
3420
137
227
3721
4232
1860
1559
924
2043
1326
1145
2084
1760
4369
4573
4502
4431
2256
1559
3539
2441
3405
3249
2025
1243
522
2917
74
761
2655
31
2231
2484
1849
3071
1770
2605
2682
3249
536
2763
277
414
1068
3909
4016
950
4902
3044
4741
3541
1845
2764
1560
1233
3616
785
3033
3896
694
2712
265
3905
3241
1630
1922
2565
1489
2116
1688
3682
2072
1231
2367
0
3834
3602
3823
3293
4742
1504
819
2117
3661
624
422
2299
3893
1181
2738
4202
247
1718
2626
4305
2363
4917
611
549
3613
4505
1121
3523
24
337
3131
781
2569
3135
480
4992
3608
1767
1595
4073
2921
4205
464
2655
3237
477
3769
2184
2949
912
2810
4228
4681
4221
3599
2793
961
119
1139
2276
1739
1944
2170
4140
274
1580
1609
11
4816
1765
2142
1754
4265
3397
3729
2080
4130
3467
2317
4874
2327
4107
2833
1336
2200
4632
2787
703
1108
2205
2388
2128
716
2659
2474
660
632
4415
1287
2986
2674
2325
4818
4877
271
1241
4963
4687
2780
328
4838
1488
3305
3019
729
3071
164
4123
4641
4233
117
1899
2401
3784
318
1683
4616
3127
2233
594
4219
3575
3448
104
1894
3884
3285
4655
2401
69
4076
4737
4681
392
2080
2489
82
1860
1150
3075
403
4236
3549
960
3902
794
1483
3069
429
4589
1685
1518
594
3185
939
139
191
683
2580
1036
654
4474
2575
1327
3532
2837
12
3500
1756
1250
653
2853
4532
4681
606
1356
3759
3759
1151
220
1184
2366
1911
428
4365
1803
389
1558
1195
1185
1942
2658
2113
3815
4395
2037
4093
166
3972
2838
2129
3999
4729
2645
4506
4646
2925
1051
4022
435
722
3875
3554
3899
2020
1341
402
3682
2118
2830
515
960
4158
2404
180
3231
1993
3060
1295
2407
2637
33
2338
1423
4691
4920
117
981
3216
1943
1218
3316
1240
4335
386
3805
2959
725
2458
519
1775
779
4680
4391
3574
627
1040
440
28
2926
2813
402
210
3791
1526
1004
1887
3139
2218
1380
4050
2414
4808
3992
2762
2916
484
2791
3263
1279
1821
3218
2306
2308
4975
3631
1222
4895
636
762
3437
442
1181
2229
4887
1069
4441
937
4259
1919
244
4999
1699
2354
157
3558
2834
2720
4630
3669
3619
4780
4888
4049
4449
2928
49
1635
994
4124
3527
4075
2597
1273
1645
4537
3557
4203
1653
4302
281
2083
1206
3741
4039
3189
1148
2957
3537
3526
763
1663
2301
4402
2506
3466
344
980
4658
4319
3967
2787
3072
3765
1095
3744
3654
1302
3856
2066
2530
3561
4551
2363
4700
268
914
1402
4494
2943
2043
598
3830
4651
3437
4714
2942
1053
4980
2911
2968
1728
3670
992
1540
2214
4142
740
4364
1470
4705
3358
521
1907
2088
1535
3165
3516
703
3454
3850
2452
4505
4234
992
1811
1397
994
231
4078
4057
1403
2389
4173
31
3647
3075
4157
4203
4827
4520
4968
4786
4814
2884
541
741
745
1313
832
2667
2411
1592
990
2559
3408
2553
4302
3269
3568
1397
4257
559
794
1241
2202
4100
3278
859
1146
236
1825
4162
2269
2200
1628
3716
3139
983
4878
620
1875
714
3351
2769
1446
4896
3537
2249
1350
4354
2489
3495
3599
2218
4378
1402
2993
4922
4497
1040
3979
1100
3542
3508
215
2117
4560
1431
1444
1411
3668
1612
2462
3377
2056
1801
3097
3227
818
4801
2136
582
3825
470
4794
4636
1081
93
1645
2298
2549
2351
2965
787
3391
4969
3879
1236
4321
2403
3497
2877
72
359
1662
4159
546
2053
3081
241
3320
1518
4020
4616
1825
2375
4091
4683
4648
3314
4729
1486
3812
2572
4923
3230
3773
1345
1139
2780
4428
353
899
2733
3163
4298
3786
4001
4630
3991
1213
2303
2166
1527
2749
2972
996
4031
2427
1780
278
2735
221
1829
2172
3368
4535
4663
1227
1512
296
4995
776
2354
1699
1147
4023
4799
2270
4610
2306
3874
3152
2127
3964
142
33
2451
4050
3004
2319
402
1949
1123
3951
896
769
4020
97
3007
4593
407
920
3717
4015
3340
1702
1152
3081
3461
1176
2981
2285
184
2355
3052
3712
4073
630
246
4120
4494
1199
714
2232
2629
694
918
1023
972
2828
4462
4290
610
2163
1700
4672
3493
3137
4767
941
574
2361
2612
757
4384
679
4092
296
374
1099
941
4618
2092
4524
3536
2101
3017
811
4360
293
3507
1151
1597
3723
1047
2883
2159
1527
900
1333
302
1908
3661
308
2513
2489
555
586
2835
560
287
4386
2130
2914
3226
4549
2434
3953
3202
660
758
2528
3406
4153
4877
3996
3646
1093
1160
4386
828
1277
1527
3274
4151
3970
1247
3880
997
1592
4589
4507
3228
4514
3720
57
1108
3929
82
4408
2468
1218
1625
1257
2099
3525
3930
2960
3903
4822
1111
3767
4069
2703
1057
868
3412
1955
3438
1905
2596
130
4993
4008
3587
3074
1264
4193
3719
289
1187
2786
1253
658
2181
3667
1382
3160
3367
2436
4389
1987
609
4650
2779
1864
2811
2093
3218
556
882
4792
2755
4958
4919
2640
971
445
1586
705
2183
2326
296
3117
1941
1090
4749
119
1003
1940
721
349
4875
4481
464
1882
4581
4436
2419
4962
1777
4182
3971
4892
4789
1081
2325
1945
1784
4507
4984
134
4018
193
656
11
3635
695
4845
4545
4897
647
3265
3225
4306
1603
2293
2995
710
417
1008
3829
4754
1039
384
1827
2464
1498
2539
2744
1161
3126
1264
1421
3968
2877
3658
1740
2363
2040
1008
3331
3851
728
886
1082
1165
2502
21
1648
1061
354
43
530
41
2837
4449
3875
3277
735
4443
2973
2137
4700
2476
2650
4696
894
3702
3446
349
476
3757
2303
2595
3440
4984
3111
4667
3941
2003
4064
2354
2099
3758
2179
3047
4125
1354
4203
1409
3826
3191
4406
3531
2233
536
3859
4005
1051
57
132
2674
4181
3507
4031
4051
2273
3325
2005
384
4380
2618
1200
3322
382
904
3419
4120
844
4899
2068
2270
900
3957
3587
622
1790
923
3831
1362
883
3278
1747
4580
3283
672
1098
3831
1174
294
2565
2225
1008
2323
3282
727
4422
3458
2303
4754
922
1499
1872
2610
1325
1907
2223
2103
3671
2744
552
4855
4226
4117
1572
1348
3200
2450
4683
2999
1665
1430
2233
487
3240
4711
1766
989
424
4751
4273
489
3542
4289
484
214
2445
2020
1557
879
186
3310
3227
4565
4325
3699
4847
921
4012
4279
2383
1758
75
1332
4845
3420
2321
3649
621
55
318
3831
485
1037
1020
4789
3711
4831
811
2174
748
4515
658
1143
426
2611
4685
704
2257
4528
2848
497
1000
4331
888
4108
4513
3721
1461
3776
1889
4852
4682
1606
4598
3300
2037
4593
3918
4135
1012
3996
423
369
756
2504
207
2319
4468
127
2209
876
482
3867
4571
2098
4074
1164
3613
3644
4811
933
4601
4596
4603
4797
1916
4747
1100
3110
4272
3605
4675
3438
3092
554
483
1736
2734
4320
1453
1236
1940
2749
2493
1087
1207
1801
56
268
723
2072
1817
3710
3597
4598
3301
434
4367
4387
2715
768
4374
2754
4015
947
4661
2242
404
4453
2628
1365
430
2788
3505
1688
917
1633
3980
2262
3626
3784
3770
1950
2526
1310
2429
2834
943
3506
3581
4040
910
2299
302
3798
3070
45
25
3291
3569
3489
2356
936
2426
1659
3639
4182
1640
2870
1890
459
198
3819
3294
257
2321
1070
2047
657
2754
1270
4273
956
15
2681
1694
1241
4185
3717
3628
2631
3783
2192
3424
2132
86
3799
1072
3045
3015
67
522
2487
3131
3893
2037
2574
4202
2423
1496
4160
1316
783
768
177
1943
4524
1219
4865
2732
678
1825
3532
336
4681
247
4620
4836
243
1354
3310
3424
2644
1146
2119
3244
2727
4526
2693
1596
1107
3983
4444
123
165
4759
2432
1428
1171
3819
2455
319
891
3940
3410
2346
2579
2063
289
92
866
3132
724
2485
3708
3663
1552
3665
3974
1082
1275
253
4121
2012
2471
3912
1410
2130
4125
2470
2730
4412
3643
4325
4855
4159
1855
3400
2686
2283
120
1765
431
4406
4008
2360
910
3429
2046
3416
3612
3920
4986
913
3570
1871
1216
694
505
4108
4120
3074
4611
1625
738
2153
2287
40
3483
3026
429
922
1182
4734
4214
138
1587
4908
348
3128
366
95
366
2329
4944
546
3645
2344
1141
4788
811
279
1645
2535
883
2550
2983
1533
4234
3004
4208
2755
4566
4826
3337
2384
2110
2539
1533
2255
2862
273
2300
2825
3095
923
3607
2355
4120
4614
3604
4784
3426
4027
3524
2808
939
4536
4308
1810
579
3250
3489
4911
1910
2851
3333
2495
3331
4214
2066
2516
4031
3375
2098
1375
1949
2688
2863
4295
4215
4646
347
3050
3106
745
343
2192
3181
2275
4941
4423
2037
2422
1855
2899
3169
1814
2424
2894
107
2620
1262
3091
3261
2672
1877
1607
54
4911
545
1377
3115
3359
4942
428
4652
2280
4820
59
4820
4567
4006
87
3132
4571
1101
1595
2077
3910
1828
2663
1901
3744
3314
2400
2499
2459
3793
721
2100
900
2886
46
1105
198
2143
3955
3136
4030
1024
4761
1990
4428
2915
1454
939
1999
1452
391
2544
4344
4149
3708
203
1828
2567
3332
1966
2368
251
1772
214
2049
4200
3808
2136
75
1307
3973
1904
382
3649
3189
3078
4994
519
4667
4806
4032
2316
3570
3616
1170
3552
4437
1650
2552
3589
296
3611
292
3222
948
3443
4542
4110
755
2438
1325
849
23
1797
4570
2066
4837
2611
4035
1229
2240
2602
1058
4103
1531
4357
1631
2538
3114
2859
2304
244
776
3921
1734
547
2268
544
4614
1420
1804
4087
1782
2519
244
538
866
1650
3682
3903
4889
968
3272
1366
3686
8
428
4917
3367
2604
3757
3323
111
4514
3347
1537
2635
3242
782
544
2802
988
1683
3461
1264
4636
2367
2692
3576
2925
2387
4818
765
79
2080
4771
186
3176
3486
296
4410
4416
2490
3316
4651
3052
3427
2233
3287
4466
258
3614
2332
2915
4251
1869
4229
334
1394
383
3492
2307
1838
2596
3622
138
1561
2399
1127
2553
3023
1273
2219
2520
3538
4895
678
3587
4567
4545
3833
2092
1659
2167
4345
1728
2533
2036
1675
4278
330
3169
3648
2988
4436
2003
1
3330
15
3589
3960
1649
1108
3709
3841
3518
3274
3007
3085
678
4153
1714
4002
3396
3743
2515
2652
3187
2680
4093
2342
3605
1123
138
2743
1396
2770
2402
16
482
191
4033
4780
2443
4254
2204
4939
1383
4049
2612
69
4264
391
1037
4887
2357
2709
1197
1938
2245
1500
593
4751
2865
2328
4525
3791
2623
157
1337
525
113
4951
3283
3753
4516
4569
3115
1582
3330
3261
2813
4133
32
2618
3569
4621
3049
863
973
3810
2718
1316
1028
2400
3058
3882
4081
4999
4769
2983
863
4958
505
935
3777
2073
1716
1855
2821
3743
1028
3300
2820
4952
3768
2286
4428
2111
189
2639
2049
3569
1841
319
911
3646
4960
452
4645
926
3873
1511
525
936
207
1228
7
339
2133
4455
236
533
815
2757
1600
3763
2416
1788
1576
3658
7
4941
4908
3003
4
2928
1826
4276
2421
1000
312
3339
3633
4874
2466
1556
924
1269
1477
2411
3240
4582
2229
34
2893
4211
624
1114
3351
3131
2553
1050
4359
172
525
3504
4287
2669
2988
420
3698
3575
3672
2637
3424
35
2537
652
4312
2672
2844
31
3046
768
2725
4676
478
2062
361
2551
542
3826
2333
1036
4792
1347
1318
2971
3003
4920
4370
1012
3472
2201
634
104
2790
4039
4123
3032
4792
2486
2843
2801
2531
2015
3877
2436
1147
1542
2887
95
2823
3365
2657
746
3084
2277
3881
2104
2447
4920
4216
4156
1925
3564
196
3607
1048
994
515
4757
1663
2835
3884
2070
1216
1525
2455
4821
340
4140
493
1217
3318
968
3454
4627
2802
4368
3581
2535
2023
4549
39
4595
3141
408
1885
3707
1518
3571
1620
3753
3721
1827
1553
1243
3906
3268
656
251
495
2085
2201
2963
4567
724
4808
2631
94
4447
1016
2441
3451
2413
1219
3222
3336
8
1599
4537
246
1190
4262
2140
3177
1555
598
1532
591
2261
4599
111
1070
2468
4229
2261
4849
2388
620
4888
337
1860
2372
3336
3701
59
3631
3404
2654
2981
111
62
3886
1036
1766
735
612
969
3148
444
992
1011
4554
3972
3839
3829
2885
3860
4679
2451
887
3792
2042
3699
2896
525
4513
2701
1467
2718
861
2039
1744
3051
2168
3242
3562
1018
3818
1669
1350
686
2336
4459
101
978
1751
1824
1686
3688
2679
2671
634
1158
3231
309
2592
2269
4404
574
2203
599
320
2653
3862
3645
4346
1102
4523
127
3514
477
243
1214
2195
911
3746
4591
2490
1021
342
91
319
188
2488
1249
2376
4892
3983
1038
2619
1673
899
2526
3234
3542
3768
355
573
1903
509
131
3094
2984
3365
3455
4575
3753
2367
1376
3640
3070
4233
2955
1363
2980
3941
3280
244
3065
182
4018
2103
3755
4903
1835
1239
375
3485
4917
2424
212
4689
1397
4867
1628
1814
4302
1688
2020
1032
529
4510
2683
140
1359
1132
4221
1477
1385
1378
4764
4838
3836
3938
1064
4525
4968
2742
4560
3111
3368
756
185
2551
440
3090
216
3972
4131
2177
2290
9
3639
3018
2349
3400
4708
1000
4983
1425
565
4495
3461
4807
4623
3753
3678
639
2
4120
898
308
4718
1100
3536
4273
3932
2296
2308
2447
4550
1632
4746
2837
3793
2399
1155
2420
2330
1311
4428
1262
3730
2295
4696
4041
2912
73
190
620
1448
1428
1007
663
3255
2058
1660
4060
4116
1682
3969
1659
4783
3056
1383
4220
405
4478
3510
4463
4526
2060
4668
1377
3463
2353
4300
71
1246
4238
3411
3765
3732
961
2646
294
3692
2672
2576
3447
2889
594
3189
1147
2057
1397
2849
250
556
2741
59
1051
1956
844
2472
2782
4744
393
721
3240
1582
2581
2311
1653
1324
192
2839
4647
307
3576
245
4873
872
1063
3610
4868
4308
1735
4449
1055
1556
911
1770
4430
40
2607
4565
65
1841
2167
364
4083
1686
3553
4588
92
2621
3763
744
3267
2862
750
886
127
535
704
2659
488
2597
3773
4609
2626
1899
1928
2923
4421
2049
834
3285
3476
47
1306
2657
3612
3351
4210
3965
4811
579
2565
3580
689
2991
120
2586
140
2105
1177
2351
4132
1156
2282
1365
4110
1154
4492
1930
2290
4140
3888
1627
440
3123
1674
2969
79
1623
4189
2468
2584
3552
2087
777
4099
1001
552
3340
3489
1852
1961
1148
1893
3548
2654
4353
3704
4792
4790
4100
2241
1692
1009
1904
1272
2685
1836
3235
4874
4351
4623
1978
2060
98
1637
3853
4235
2126
3607
1377
1246
1379
2094
1108
2880
2065
1603
1518
293
2699
2714
4512
4160
2712
4534
2455
345
1055
4967
608
253
3295
2305
2532
4395
3952
2682
3272
455
1126
846
3572
3741
2008
4294
1828
560
990
4449
3701
1489
2447
4518
2024
4948
2216
3804
3999
3361
3383
1305
1070
4455
3466
4013
1047
3158
1238
4573
4060
4751
3135
2953
1355
2326
179
297
965
3264
2612
1185
2931
3033
1581
3445
4673
1322
1135
4465
1692
4535
4543
3645
4455
4436
2994
2744
2809
1177
4629
1502
2080
4972
3814
4245
3308
2994
3203
681
4013
4813
4923
2678
1718
1565
1496
3275
2310
1422
283
267
3797
1931
2784
310
2203
2571
4004
3348
3540
1353
238
1899
3125
1873
796
1033
3525
1109
1462
2415
2219
3657
460
1055
2094
3943
2720
2113
24
4958
3657
3019
120
1827
2527
1127
2430
3389
2718
4388
1591
2869
1317
4234
1003
3407
2899
3058
3492
1779
4147
2384
4201
2438
4353
1413
450
3096
1336
1676
1233
4873
3155
3312
1915
4465
1923
3650
3748
827
948
3527
2197
3497
4613
182
1748
2204
1033
3449
3555
4758
2264
4056
3095
3029
4551
3363
1217
210
1216
4804
1896
3382
3884
3483
2938
1051
3617
2201
2673
2659
1010
1178
939
93
1076
3501
1697
2618
2710
4644
2750
2403
2322
3618
901
340
1185
294
424
3670
2584
3874
2604
5
2373
1576
1199
3932
3762
1773
1289
3593
1548
88
4109
4273
4786
899
2242
1115
4488
1187
1154
1122
4606
1086
1145
4538
1846
3174
884
4547
902
2458
3374
4911
3782
2116
589
1295
3157
2831
396
694
777
1564
2321
94
2806
1441
157
2731
620
171
1076
613
3666
354
2213
1020
4721
4771
4597
4407
1308
1937
4553
1993
4437
651
4049
692
4851
675
1994
1268
3253
4481
2358
2124
4953
4358
2007
4378
1500
3865
4244
4727
945
4946
3851
3725
3481
2400
3587
1939
62
3021
2554
2171
2097
3244
1437
1615
3376
702
4925
2674
3825
3577
3107
0
1069
2990
1809
2827
2486
3059
141
1410
1912
3971
2258
553
3687
4028
525
4440
3712
2756
2482
151
3564
1069
2578
451
477
4426
4248
2535
1694
4627
2741
278
3108
2521
779
4590
3121
927
4693
2019
1908
1529
2003
2596
2530
4021
785
3457
3780
4066
1232
660
3418
2357
614
4313
3278
3306
1935
4726
3113
3112
2743
1939
3489
772
2283
2449
3042
753
1433
3969
3894
10
1442
4888
685
2389
411
1839
2510
604
79
4045
3268
3127
1772
4087
395
4953
392
2196
1750
280
2063
3081
3659
85
1896
2930
4678
1181
4222
3652
1392
2095
3479
508
2051
657
4318
1580
2789
3868
3798
943
1606
3359
3629
4827
3495
2520
239
1278
1970
857
994
1143
552
1696
3228
2007
4308
2678
3695
4558
2064
4802
1959
306
2669
3448
4974
4225
2757
2290
3421
91
640
596
1081
3247
3421
409
496
2064
1229
1953
4378
1166
4860
3862
3681
2458
3059
457
4859
1818
812
2745
3942
433
3612
325
1981
316
2033
3746
4684
4312
3102
1382
3325
3739
2456
4034
4910
3243
44
1894
205
271
4060
740
842
3563
843
1819
927
3970
4019
3620
4777
4586
1580
208
3290
3134
28
1408
642
1571
3399
2502
4380
1637
2933
4104
4900
2111
3735
4659
3518
3847
3902
2913
2226
2315
217
3658
2968
2279
2713
4601
1301
4870
3629
2114
1173
910
2339
27
613
199
1449
2890
193
2809
3451
3353
2827
1698
1656
3128
1091
2042
4274
4205
1915
2103
2233
4393
4088
1807
3912
3400
554
4849
2157
1973
3389
1798
2487
1705
208
1307
2093
1825
3416
3049
2273
2580
2140
3235
4580
3290
2039
778
1786
3626
3737
4235
2964
2977
463
4987
2767
650
964
932
4522
4730
542
4313
3710
282
4912
1589
1226
3036
3557
1434
296
1758
2828
3907
3945
4411
1632
1917
1744
4098
616
1838
3107
1929
4803
2383
4907
355
2906
4413
1575
3253
3714
4445
297
1089
2877
1969
4330
1883
3672
999
1689
4924
2982
3178
1430
2354
2845
2537
4066
2173
3088
4345
197
1238
3730
1725
4072
2617
4463
2146
4898
3
3590
4782
4354
3861
2137
4437
4270
3365
4731
3468
4881
1273
4000
4608
989
1251
2893
908
3461
1929
3906
3032
3751
1894
4105
1775
219
1113
831
630
3670
2928
4401
2798
1031
1740
3142
4245
1834
2938
5000
1201
527
1979
4663
368
3213
1137
1106
2684
2269
3767
4210
1329
2489
2818
3763
3055
2875
48
2233
4895
4473
4127
4641
1929
3208
3717
1015
3937
605
4572
4514
3932
3719
1363
4872
229
2471
2144
4955
526
2076
2010
3162
2901
1187
4226
3018
765
3174
257
138
643
2201
1117
1467
2037
2126
3565
2324
4131
3174
107
3560
4331
1935
2449
3587
4897
4098
2392
1105
1635
2108
3351
1118
662
3099
2554
4949
2087
2720
1104
2529
3144
2184
4862
2383
3897
49
1710
737
2364
3429
4447
2133
2136
4015
4656
1037
816
3351
1346
873
2439
4373
4462
2570
1842
4586
3094
3612
1057
2085
1407
2764
376
3428
4297
3128
2517
1951
4025
655
2884
4077
2235
1428
4812
4664
3782
2940
109
4268
1436
2751
587
4630
1916
2577
318
2628
4913
366
2876
2822
4817
284
2900
382
387
2893
3301
2097
1652
4121
4447
4952
700
4481
4807
3428
3031
4205
2658
4793
4175
2364
2241
3033
1781
161
900
646
2789
3716
3118
2389
3411
3047
3878
526
2622
4432
2825
3091
1496
4211
327
1480
1914
3911
3952
491
3333
4004
3076
4351
2017
4778
3029
1911
865
2699
1035
2813
1671
608
3275
4213
575
2821
1781
3514
1577
2605
3949
3506
1506
2267
4512
2533
1493
521
4686
4459
3603
1933
2793
1839
4314
4862
3732
2144
1474
2875
1961
1771
4433
2508
3398
3810
3017
4239
3458
2536
2331
1339
2254
3394
541
2895
1498
167
2824
570
606
3762
2544
3274
2100
312
1913
4005
1091
2217
3463
256
1326
3749
540
2615
2066
628
4625
2110
4084
1940
3215
2445
2480
1027
1429
4825
2770
2584
54
2383
2071
3626
4123
1534
4317
2988
3428
670
894
1612
1607
2844
3886
4319
3973
4448
2010
3804
997
3398
4808
2416
168
4293
122
495
1934
1572
319
3391
1726
260
4010
2254
4533
790
389
1135
1809
4996
93
2645
4677
3239
1743
780
514
1488
4450
3513
293
207
3562
3614
641
2772
2105
3633
1398
2592
1632
4375
4458
477
134
3319
3940
1167
2507
1000
158
4072
4768
1464
974
1730
799
3459
2726
3448
2112
3032
4356
2622
689
215
3000
4831
2743
2007
4332
2180
3533
3882
1315
3788
339
3298
1111
1718
3387
2594
4471
1510
2072
1245
4903
544
3580
983
4641
1292
4617
2533
330
2944
4894
1894
1577
3747
1649
922
2943
821
185
48
3463
1748
1287
4022
3417
4288
1121
3510
365
4386
4992
3659
2971
1939
525
4851
3251
3578
1349
4723
3209
1088
1043
604
4511
348
2967
2345
1349
3611
328
473
3077
3788
3267
1587
516
2350
2383
77
1497
4550
2454
4719
2192
1904
4753
571
1330
3690
2714
4252
178
4168
1123
3979
1687
1953
4320
3597
1332
2384
2794
1271
1629
456
2147
4909
2413
3860
2470
4134
4766
2809
3312
3380
1503
2118
1207
4957
2570
1890
2029
3281
755
3407
1680
3803
3164
160
3089
39
3246
4938
290
2573
4211
3281
3671
2567
4014
4578
3629
2559
4082
4592
4775
2895
1312
4137
2747
1947
3056
1393
3195
1369
4083
2911
1115
2346
4906
25
3369
4078
4779
3418
1381
3723
4116
2728
2360
207
3355
492
1252
1289
3797
3306
1982
4472
1265
2651
2177
514
4150
1752
1647
2193
4083
1407
1219
2641
34
1014
1830
4796
3637
1716
4749
671
1124
1829
4744
4252
2770
734
578
2609
3793
415
812
4559
4247
4784
636
3859
4001
538
2741
4768
4524
447
3741
3523
4750
1029
3690
2047
3929
4621
2347
2762
305
1568
3906
774
4888
1551
235
53
218
2414
4482
3715
1857
4590
3680
4285
2522
2299
1376
4011
1284
1932
2825
3320
4763
4718
1910
3187
1403
2
1654
4498
2970
2439
4780
59
3609
2479
318
2611
1922
4497
4288
2989
3985
1901
134
1048
1257
4834
3532
271
2744
3598
2959
3512
2940
677
3044
2687
758
763
3843
3595
656
157
1115
2141
1176
308
2873
3798
1203
2504
4140
2720
2774
3758
216
2583
3468
1637
1404
1088
2170
3455
1872
2260
4224
3541
4665
4203
3327
4889
2201
1212
424
357
862
3926
1387
1778
497
4978
3341
4222
1217
1509
129
2370
4161
468
161
1520
2706
4536
2645
2436
1470
4171
309
4752
3038
1238
2721
4526
4915
2906
417
778
2325
4122
1355
4226
1948
3516
230
670
2524
3810
233
2547
4767
4431
3585
1090
2808
3352
4159
2563
2688
4588
3442
3981
4295
1531
1384
759
900
4175
1251
1807
4489
4801
1890
4407
1206
1241
704
1055
3410
248
780
1537
3971
2620
3455
2336
518
2698
4403
2281
2531
4205
3692
2103
2850
3213
934
1818
3768
1824
1953
71
815
730
1213
1131
2896
3462
331
2077
4568
3832
846
2668
2864
1724
3727
3198
781
795
4257
4515
3821
4542
1395
4384
418
1918
3586
2812
3107
57
3976
1996
1578
4133
2876
2060
2336
967
3990
4844
1375
4987
1024
1180
3243
1109
4279
2309
3192
1814
1880
2027
704
359
1411
2401
337
2818
4499
4516
4849
3765
3019
3482
4836
44
749
3915
3939
2218
3371
855
2201
2503
3679
1133
2933
4798
2217
2495
1060
1996
2600
4525
4920
3801
3044
2202
4435
4500
4443
4249
776
1727
3268
2849
2973
3628
426
207
1672
2618
2905
2367
4212
1544
3547
161
61
486
637
2120
2704
385
2531
2034
1127
3237
4289
1102
2679
4570
1723
1722
3084
2516
3825
4473
3377
619
4168
3559
3842
37
4306
2700
175
3460
2663
3668
710
402
3870
2769
3995
3137
4687
2244
2837
3817
1493
981
2610
2323
1398
831
3174
3237
4316
2505
1106
166
4436
4381
3822
3833
3853
1745
566
3749
2434
214
544
3525
1020
3303
4974
3442
692
1786
241
131
7
1599
4051
2368
2552
1588
944
2819
3535
3776
66
2082
3546
263
4265
1545
3278
3977
4513
454
2666
4417
1862
400
4559
2950
1986
3154
4899
1678
2108
4490
3118
3219
3445
4701
2461
4825
830
1666
3140
877
3545
3576
4405
2474
4395
1194
3003
1332
4321
400
2467
3795
295
4332
3732
2483
4380
3414
2825
2491
2685
4753
1679
2405
4972
3731
2597
4424
3679
3061
596
2931
4948
2994
2458
4372
3088
3764
181
2268
938
905
2787
975
2840
1258
3388
3471
2360
2852
216
2338
3306
1573
1156
3215
2479
4542
234
2218
25
1811
3883
3436
655
1778
2008
2802
4731
2876
982
2505
3549
664
1238
3664
2786
3710
3040
3961
3952
173
3269
4099
3588
4777
4481
4863
55
4973
4758
3337
4205
500
3613
472
3886
1201
2856
1902
3425
3085
381
2263
2915
662
1403
4380
2671
1854
26
4002
3049
3444
2796
3186
4080
3145
4799
1484
4660
2472
288
4473
2489
1958
2590
1490
3755
1507
999
4121
3809
1301
4513
2718
425
754
95
1843
592
3425
4542
3464
395
3463
13
3943
3644
4984
2350
3155
2173
1385
2511
4062
3262
1080
2673
1276
3950
3031
4140
280
2314
1925
1463
2451
2345
1385
230
1997
2313
2157
511
345
2497
2986
4419
4185
1220
1929
4226
2027
536
517
1572
4309
2080
2850
2346
4653
3572
1210
370
246
2483
4092
1340
506
3922
3508
3121
1575
1455
1212
755
3169
125
4313
3874
3607
1697
3536
780
2703
3445
1746
4744
495
2726
202
1805
1813
3827
80
345
1774
1284
1278
1786
663
1049
156
4263
2910
1819
3460
430
1634
413
1628
4319
1830
1429
4014
3841
3860
775
959
2763
796
3991
2149
131
1110
3431
4884
1701
1306
4673
1867
2284
3930
3390
786
3551
3801
4714
1128
2316
1437
1999
1687
1039
213
2190
2109
2209
3666
1300
1551
1299
4325
1359
3293
4060
3348
4949
4160
3069
1550
1256
2159
1527
4598
2574
4324
2821
11
1627
1570
277
470
1613
1274
1226
2888
482
2330
3201
2467
4760
3857
3860
4033
2538
809
4413
4331
4607
4577
1579
2152
2109
4065
3975
2392
467
1183
4110
3030
3602
4152
1044
3004
4357
2317
1612
2903
1062
2583
3362
3997
3062
1348
2128
942
4626
3687
3460
4009
2441
2216
3998
181
2956
4989
248
1724
3970
1044
3279
2611
1850
644
1416
2935
1019
26
4107
3060
2491
3675
4262
2632
430
2874
3906
2819
1342
2360
334
3481
2039
939
1240
1707
1218
284
619
4312
2383
366
2137
909
745
818
3801
2442
1708
3184
1529
4472
4095
2279
4930
4979
1046
1099
1376
393
3481
4438
138
3867
387
4009
1960
1024
3320
3258
4689
515
1841
625
3695
3190
2248
467
2413
3280
3345
3602
1040
1882
4807
1457
672
3061
4574
4169
100
390
547
2429
829
1662
4453
197
2630
272
1960
1939
1417
4137
1755
3533
628
3341
4691
82
1581
2838
4986
2638
3297
3217
1429
4534
1184
4951
2675
929
3196
924
4586
1691
2201
1431
2164
848
1571
3582
3133
1688
1762
3086
1581
565
2687
4163
2287
4085
1514
1911
473
4806
2702
3806
3767
1880
1305
1502
253
2385
3052
2104
4348
85
1676
4858
2805
3914
1468
2953
3147
4308
2738
3231
677
3630
4145
3531
725
1308
408
3219
1545
2964
330
1253
2863
2412
3802
2093
2500
1682
4903
4484
4846
959
1837
3523
4137
763
504
1781
466
4072
1032
1815
2146
3447
2712
3561
4009
2887
2497
3006
685
477
3520
4212
2401
1022
4989
295
1979
3810
3195
3318
1052
3201
4946
2501
3807
2905
3897
1220
2738
1506
4961
4881
3624
2987
1492
2808
4105
3601
4467
3533
2889
997
2851
2938
4908
1922
1507
4870
206
1451
4352
2083
4721
4464
1583
72
595
2675
2899
1463
2229
3178
2568
197
2444
3812
4804
4299
2790
1641
1365
4592
2567
3997
3278
1053
4792
4354
2635
2569
2265
2069
4856
1343
4402
3982
1827
140
4846
2152
1391
3033
577
2357
982
4529
3733
3023
98
2294
1823
4789
2673
2642
2542
532
4957
3325
863
3478
4083
3706
1581
512
4368
529
3711
3877
33
385
4274
3699
4746
3201
4344
2034
299
919
4940
4025
1052
845
3029
2350
4392
1851
1395
2533
4052
2175
4728
2706
580
2669
1001
307
2360
2318
1159
4436
1639
886
4833
1373
3383
3522
3163
1319
2916
4883
3628
2880
1674
4540
4830
1870
4809
442
493
97
4460
3779
544
4214
4366
3117
2805
273
4258
4019
4441
240
2157
2649
4156
2451
3391
3179
3051
1265
1548
466
2429
2033
1480
1175
2423
4666
2317
175
1400
2996
4012
64
4795
214
467
3694
1833
1714
2093
2114
2673
48
2368
2105
1686
101
2929
833
1896
3016
4455
787
2870
3455
319
3756
3380
3010
3726
3
188
2860
2635
559
3481
2818
611
3153
299
3524
2588
1786
4542
2781
2771
2712
3873
2626
4955
4307
51
4588
4246
3650
2430
3330
325
2531
258
2878
4869
549
2156
3832
4436
1397
3053
2784
134
2261
4102
2014
2241
4417
315
3805
3979
533
4653
3377
4674
4068
444
1959
1220
1253
3528
1303
4325
3315
1890
2495
1760
3054
4012
4980
3919
296
2414
1710
4428
3496
4172
3614
3660
2637
3998
4447
686
4225
4223
4586
3983
4677
1663
3506
1204
3923
3702
919
2997
1933
4983
1818
701
2857
3237
4740
3121
3506
3304
659
2011
3616
2479
4053
721
3271
4785
3589
1537
1594
2069
2765
2770
314
3223
2589
3294
1755
899
990
3736
1141
2854
3571
3499
3525
3567
2461
2453
1481
40
3995
2729
1021
2017
706
554
3689
1108
1336
1400
525
69
4652
552
3822
4784
176
3861
4505
4734
2674
4750
3119
235
603
2423
1455
4060
1334
2297
762
1104
3848
2268
1908
4503
297
2150
1962
2786
932
2614
967
2403
4745
1312
4728
514
294
3735
160
3649
3555
4997
1824
1855
10
1553
3794
3917
4897
4944
4244
2287
1287
216
904
2707
295
666
2032
2271
3781
2419
975
620
3427
2075
4402
4165
291
2437
3232
2225
164
1214
220
3185
4056
430
545
2587
3454
2001
1135
2982
654
1460
1642
3391
2579
4114
1111
4799
4262
1653
2333
4375
4717
2657
1382
287
488
2900
474
4786
2601
3503
174
462
4619
4329
3383
1708
341
4171
2732
595
337
4687
4724
1810
3698
3767
3739
78
2138
1672
3873
2535
3990
4834
4746
4147
3076
2255
2816
4879
4041
1488
3350
1720
3622
280
4449
2664
993
414
100
3691
3567
18
1369
3905
1935
216
2919
4749
2786
2392
156
4382
2327
3098
867
2560
2287
1579
3427
1176
1692
3280
124
2110
3560
2854
686
4842
673
634
161
1893
2186
2100
1697
2017
226
817
44
1497
1008
1157
2202
2777
1671
1460
2080
838
282
2338
4526
4095
1956
1388
436
4514
3392
2684
2929
4688
2814
3866
2040
2754
3026
2539
4498
0
2036
650
242
3354
4766
1131
865
875
1065
970
2260
3975
893
3709
4516
110
323
3832
2975
3937
974
4276
4829
570
4693
3064
571
4550
2930
4254
2522
825
3905
4417
3784
4654
4781
4997
4133
870
3713
847
4150
3246
1313
207
615
1514
1644
4762
2294
2623
297
439
3540
1622
4728
1177
1516
186
4550
2717
1227
702
1950
1319
1408
1659
228
4083
1067
4749
156
4303
2772
4664
4867
335
4578
2287
2273
341
4717
2184
4650
1498
3707
4447
446
4912
1974
2942
4353
4476
2312
2849
4004
1
548
4159
1807
554
2190
2257
1609
1223
1953
2719
4665
3446
445
1646
4925
1324
1456
3776
4428
3112
4209
3412
4328
4076
2891
310
2910
4408
4364
3542
1901
4709
2621
3192
4105
4394
930
2570
239
3604
1597
1510
3548
188
4555
2204
4148
4276
1750
2030
4239
695
3224
1056
4843
1693
1378
2788
1405
3434
3390
4212
686
3860
2245
4643
2141
2938
2814
4349
3180
2242
669
4312
2546
31
2191
3584
785
2080
2164
2592
4987
1996
2690
3593
2270
2592
946
2197
1252
278
861
750
4210
4209
1624
1626
3082
1121
611
2183
1840
614
2424
2798
4733
1833
1538
4216
204
1504
783
845
1929
2306
2101
1310
57
4941
2646
3296
1461
3387
4836
3637
508
760
1260
2758
1375
443
3336
2987
3827
1241
2714
3231
2186
3262
3511
1039
4383
2574
1077
4142
824
2541
3645
330
3010
940
156
4285
4355
4460
1635
956
4013
3302
4979
1875
4857
4030
627
147
232
2186
3254
1553
2561
1658
417
1976
403
4179
1670
4515
2658
1253
3861
863
3700
731
1084
2191
2763
402
89
4338
4821
322
1430
3963
1161
2028
1745
2655
1135
4111
3619
2541
3240
736
1460
38
2088
3374
363
935
10
4628
2721
3560
3226
3571
129
2715
2343
1550
4934
1211
2485
4913
3709
46
4660
2971
1516
3896
3358
893
320
4507
1950
862
599
838
2541
3633
2380
3037
1390
1017
2180
3621
1365
4652
3750
337
1848
2649
3961
3189
1513
3156
859
1156
1045
174
919
178
440
4921
4130
4558
4885
203
2031
1469
4167
1191
4807
2955
4204
761
858
803
1946
1280
2692
906
1471
3552
3855
3676
4097
2867
4343
2325
3263
1476
3152
2859
1342
3999
2840
2516
1031
322
96
2944
3383
2151
3821
1901
710
4346
575
3116
3361
4222
4185
4379
729
4913
1262
4891
3693
633
3606
4535
4732
1278
4227
4670
2872
580
2754
2716
1959
2785
3776
3462
2063
732
2942
4386
2308
3117
2031
4267
181
3014
2946
3987
843
802
2748
1628
885
4508
4347
1369
3705
3292
126
4680
2168
4563
1877
1429
623
2921
1183
2090
850
4905
4278
4554
3018
3549
699
967
3875
3193
4102
3731
2511
3691
4540
1557
2912
3175
2954
2479
2836
4691
2183
770
3864
691
1495
2951
1873
1248
3630
3093
3088
3081
2497
1161
900
1111
2127
612
3775
110
513
3750
2726
2131
467
3164
1596
1261
3064
4493
1937
1352
3137
3694
4177
3740
4688
3517
4125
2140
3162
43
1951
1151
2744
3331
3848
2505
2836
4698
275
2716
140
197
4751
1182
1362
2312
3080
2962
3504
4019
2948
2549
3975
4483
2296
1310
3950
3170
550
4799
2954
1808
4622
2570
3629
2416
4622
4133
1274
963
4629
4735
2242
2972
4360
4641
16
4074
688
2217
491
1616
2100
2050
3914
3149
4587
1634
4108
3157
783
3449
4879
3837
2690
816
1909
2757
577
2024
3851
4364
1862
3467
3335
1620
4879
4810
3280
2972
2568
2931
2752
4909
4299
4331
3132
4925
3935
1591
3438
3844
2500
791
632
4885
1381
406
3936
837
3638
2021
960
1588
3057
2189
2095
3484
1947
773
1696
1787
3575
2470
2079
2966
1529
279
1167
106
989
2315
606
612
770
2293
4669
1715
4753
298
1092
647
3177
4245
2027
1912
2003
2487
3733
2499
2017
4985
4441
3726
2048
1275
3172
3608
2395
2802
2954
4474
877
4665
3177
3423
2961
1239
4747
2031
696
2903
4282
647
801
1313
3572
3112
457
640
1328
188
4378
165
3480
2631
3330
4842
2989
1322
2054
2379
2948
1833
3416
744
2685
4907
3657
2238
3537
4423
3428
474
4179
643
3004
613
3548
1688
4577
4640
3812
568
1478
2106
2058
1826
1689
748
1700
4386
2889
2137
1637
3320
2596
4483
2758
1324
3956
2282
1197
3695
1961
1671
1325
2741
463
3082
4276
650
2892
4591
956
1647
1405
2434
2214
4193
3456
2375
1333
3103
1127
1915
1194
4267
3311
1734
3471
379
4300
3911
3040
4540
3556
3720
403
1848
4647
3859
1727
4701
4298
3158
395
896
2896
2296
3018
807
4368
3515
3452
2441
4283
3543
1670
44
1307
690
1742
4507
2872
2087
4527
4434
2602
4374
3045
4939
4728
1136
1470
2041
3261
2055
2766
3642
1910
4373
4873
2613
2151
4117
855
3916
1364
1834
1901
3075
4816
248
3323
4222
4657
3237
3788
727
2776
1114
1224
1368
3155
4693
4322
2498
4497
1597
3745
1345
4438
771
585
3334
2468
50
4116
2441
1253
358
4789
3862
1155
1173
1585
3003
2232
4864
1847
28
526
660
4050
133
799
3278
2425
4764
2116
2454
3501
1186
3105
3362
3678
2879
4227
4367
1746
3723
25
3192
137
1330
2958
1218
2493
3884
2017
4647
3521
2303
3164
1093
2189
4841
1562
1147
257
176
540
4087
4759
2339
4009
1195
1892
2823
3301
2987
4512
2115
687
2255
440
1382
1700
2427
2578
3801
3009
4983
1143
2249
25
384
1122
1017
1351
1345
590
3703
1009
2856
2872
22
2508
4355
4187
2135
3961
2812
1010
1600
3697
72
4597
1783
3708
4991
4502
2339
3036
2809
2313
2670
515
984
2465
3673
3674
1474
1293
4282
3553
250
3726
3611
2916
2999
2143
3819
1191
4997
3947
3997
325
222
458
1077
3445
235
247
651
4207
4586
2944
903
2951
1321
3322
1451
3420
2291
2088
2482
4550
4637
3366
4142
2576
3245
2728
1619
3321
2818
1666
2188
239
2415
420
128
2356
1695
596
403
2849
201
2633
1907
3909
1202
4477
3892
1985
2598
4139
4503
3823
1641
4230
1540
3072
1413
297
2831
4802
1606
3413
687
2977
4663
1208
405
4919
4605
3128
4475
1601
2330
4251
236
3242
1929
2067
2542
613
3502
403
4768
3473
1299
4693
4890
48
174
859
3197
4815
730
3857
1501
2520
876
3446
2483
1059
3099
4782
2563
3257
3959
4132
1589
4165
3025
4139
3795
1662
810
4040
3718
2137
2611
1418
1156
1907
4647
2294
4027
1973
3497
3689
8
2818
4131
1928
1440
1329
115
1211
4701
3823
1662
1172
552
2082
1434
2850
2416
4026
1106
1238
3643
4118
3714
3741
1009
3053
4207
50
3723
3723
382
3727
1065
2112
1824
2121
3890
1488
533
2326
2695
1860
1826
727
2354
4605
2812
2379
3275
3374
1654
855
2622
1901
3872
2608
1101
3841
2072
459
3573
3679
1606
3844
1662
66
3728
3046
1830
106
621
3764
3466
2623
3921
4045
2079
4525
3925
4898
3959
3179
2603
562
2589
1864
3036
2210
4245
3572
3598
2731
2766
731
3719
592
4113
2954
2448
524
4088
2391
2366
3391
815
4201
2637
1153
2346
3256
4719
1304
2749
2407
570
340
20
3375
3696
2335
527
428
3536
1004
4296
855
3230
2841
3294
468
3185
764
4770
1164
457
2469
252
3589
1239
4939
2044
4149
4368
4943
1893
4633
4306
694
1080
4846
1877
406
1365
1531
997
3008
690
2776
2686
4283
1575
1355
3874
2827
488
2283
2538
3741
1691
3508
3063
3978
186
460
510
821
4460
252
3861
2633
3923
3442
323
1504
3554
1673
2865
1939
124
3185
3534
2704
807
99
2098
1791
4962
1889
3905
2859
3884
2605
743
4534
3927
1113
3251
2312
4190
4788
336
3994
225
2486
412
404
1028
4398
1232
2950
1977
4697
120
4343
1119
4364
4073
1669
799
189
3328
584
3505
788
2611
223
4690
3294
157
2941
4160
3450
2934
2041
4402
808
4438
2313
3765
1758
3778
1122
633
3002
2891
3550
729
3812
4055
1895
3207
4145
4614
552
2594
3678
4928
3526
4315
4298
221
1409
2314
3965
2097
1756
4444
3061
3301
1515
1211
3410
3987
2716
3328
4206
75
1880
1442
3089
4753
3902
1822
47
1202
2393
1164
3914
1333
3275
4278
2583
2429
1853
91
4525
2292
1520
3362
2110
3044
617
674
701
4495
687
4063
3669
2788
1796
836
915
1645
3264
1198
1155
3262
729
387
75
892
3566
2899
1891
182
1686
1930
1548
505
2423
2444
4221
1617
3810
2732
1617
2021
4978
1848
477
2602
4907
941
1995
2998
2056
2110
182
3478
2370
3480
1824
2495
3718
1830
3359
3722
1050
1146
2624
2794
192
2544
3691
437
1972
1564
4699
2877
2450
3447
3749
2822
17
1506
2718
342
4551
4277
3915
1754
4872
4656
2191
2938
3553
1449
2612
3393
1992
4539
4302
3837
596
2093
4885
1022
4019
2632
1597
4793
696
2650
4431
4757
149
2376
838
3761
2624
408
4609
4769
1686
3591
434
2526
287
2461
1357
1661
982
2151
4963
349
1758
3415
1862
807
3679
565
3331
2203
4036
4014
1759
4164
1667
3422
31
4406
4346
2246
2119
1793
2302
3570
4314
416
154
3692
71
2264
2834
3831
790
3621
2632
3439
4964
1837
2464
3040
3558
1603
3371
848
3587
2605
4271
4242
3418
3093
3547
1336
3201
2235
3196
1112
3220
4933
1382
170
199
323
3098
1797
2813
4415
1319
602
2961
312
2431
682
1682
4144
474
4672
1125
158
2209
4590
2275
2235
2119
3144
1796
1376
4475
3341
2215
2188
4628
54
1017
3434
2703
1882
1850
4639
17
2425
2806
2414
3436
731
1386
2909
3766
950
3838
3006
2734
4730
2094
4273
8
2452
1183
4778
1690
3465
3504
4634
1879
3933
4205
1050
4620
420
3292
392
3801
1438
4132
1095
1040
1793
3033
146
2635
2636
2149
348
4111
385
3403
3521
3970
4296
2111
4855
4094
1941
4499
392
2493
1352
4099
9
2989
2251
1858
4289
4708
1783
3845
3548
4106
424
4463
2316
2455
4346
4172
3737
2890
2888
2133
1910
4593
4343
3198
587
1835
3637
1774
2445
3070
4081
3733
4136
157
3987
927
1642
787
1189
2978
3332
4194
114
2809
2937
3937
2360
2619
986
4644
1780
4940
4833
86
4896
287
1629
3732
1956
2841
52
1737
3649
1851
2874
2168
3068
2930
3390
1606
2826
2374
2283
701
1108
2475
4401
240
4195
2503
482
2308
4073
4701
3711
114
482
3921
1213
3844
1931
4061
1641
124
4541
1180
3749
3907
2168
4055
1033
4762
2591
1498
2339
2920
4374
1377
4209
3846
4336
1983
3313
4365
4706
4920
3752
333
1415
2018
839
4106
1451
2556
1580
4899
1630
135
1879
193
4400
3688
4113
2736
3702
767
3273
2016
2591
1050
1405
2547
4655
1188
4628
4511
3318
4607
3423
4349
1226
932
2458
1547
2576
4411
1306
3226
347
1483
3288
4071
4750
3376
1839
4051
4756
3786
1639
2565
3430
1798
4936
1953
628
599
582
251
3006
3607
3406
4632
4331
4545
2993
72
211
406
687
4916
3370
2680
1575
4648
1816
1120
852
4883
1498
895
4650
1296
1687
3226
1942
1211
287
3877
2997
2058
1257
4708
3820
46
83
4596
4514
3987
2095
3439
272
2016
1659
3448
4475
2864
2595
1221
4406
301
4697
2819
1255
2983
4493
775
3824
3076
237
4705
3362
2333
3683
2202
4185
4084
4717
1308
4497
4369
4409
4614
714
4820
3276
317
656
1695
830
2103
2598
441
2381
3879
143
2405
280
4171
3559
4732
1791
2417
4564
4585
4464
3686
4967
3002
2898
1787
3877
770
833
149
935
1468
1258
4062
1608
1839
4482
1567
2922
1703
4264
1243
3473
2364
4273
3210
1473
1903
289
2901
3044
3654
1016
3467
911
4579
1649
4139
1856
1541
1496
1223
3484
3268
849
4639
103
2259
4249
1486
2385
3730
138
4156
3166
3474
786
1
4926
3124
1964
3042
1045
3773
3592
2263
777
1280
694
2529
126
2727
2999
110
16
408
3505
4099
4064
4976
409
4561
1999
96
872
4810
685
902
4617
3454
982
1237
764
4241
406
1137
4341
2062
4704
414
3270
4505
1157
4346
3175
1690
4057
2165
4479
3263
2274
3281
2226
4856
3132
2272
1907
2576
1005
2866
1231
4123
3737
4363
2842
432
679
1398
1244
1472
3987
2584
4302
1998
1772
1264
258
4446
104
1179
4048
699
3925
1138
3002
3437
988
1827
2118
681
171
4337
3708
1043
2748
1030
102
4258
4767
533
961
4028
1288
341
3918
3628
3224
489
4199
1805
4464
3619
2092
1077
1837
145
2574
161
121
3744
4584
950
4873
1736
4497
3099
1890
2967
2339
4351
4585
1641
3770
2128
1245
4366
2458
55
3457
4025
1821
2266
2511
4155
666
4778
1059
2152
993
3234
2131
2793
1840
708
3562
3323
4743
4511
1704
1975
3713
907
1024
1112
4220
2867
2409
1714
3346
4936
2395
3936
4315
3212
2221
2813
2961
2121
2556
3708
1960
1317
3074
4575
3834
2623
4901
1506
762
2556
4300
4678
1569
1267
3435
1040
1077
2578
2601
4082
3999
3761
3018
2821
1548
4422
2723
2879
3476
4255
1787
3209
3124
1720
2120
2577
4257
1859
4279
3351
4227
967
307
1903
72
2407
1085
4736
3735
3834
199
2122
3988
3477
4220
4715
3348
1969
1536
4628
453
4464
3185
2142
3130
4155
4966
318
2110
3008
4208
3214
4913
629
1066
761
4469
716
2454
4902
96
14
823
101
2410
1926
2092
3781
1102
2039
2161
316
1238
1676
1723
923
1155
4469
4271
3799
1144
3055
3137
3998
3296
414
2300
2792
3062
998
4801
4574
1882
2484
1511
52
2295
1269
732
2269
1503
3726
3068
1307
3740
195
4432
1853
1773
2040
2867
517
3489
4166
4867
2192
3952
4625
3997
3360
4231
4912
1041
590
2295
2165
4396
1167
4459
3992
4585
2785
3854
2160
4651
3608
3847
4903
4954
1268
334
1605
2079
1757
3836
3323
1103
2444
1264
13
4240
756
4051
1475
3906
2635
2551
4444
1296
4261
2672
4015
1056
596
1221
2084
1376
3311
3129
1480
4856
19
4330
2049
1371
3760
3237
2315
3881
3502
719
176
2603
2830
3050
3912
2874
2899
170
617
3974
262
1506
2146
1756
2678
4759
1979
202
1243
3445
3110
3643
4850
1642
3801
4252
259
782
2511
850
4884
3611
3489
2560
745
4110
3349
249
2691
4921
476
2144
1731
2769
857
3566
4124
3466
3393
4487
1056
2802
2593
2667
4358
3633
4313
747
4114
3707
3454
1293
4720
3726
3594
784
602
3443
3611
4888
4060
1802
4324
627
21
4326
1564
1348
41
1947
4824
1377
3607
3806
4729
4643
1233
2369
853
3514
1474
4805
4100
1780
3742
1700
60
455
2113
4483
2117
2795
1844
1213
2477
4030
975
4211
3894
3034
796
867
2159
4672
3091
221
249
3865
996
3679
2756
3313
2088
1736
3452
4924
1095
4182
874
2124
1135
1102
3667
2621
3622
1541
2007
1728
2788
4631
3754
2759
1372
2641
3148
4745
1721
3289
2521
2995
3999
479
1525
3430
2961
1609
3442
2578
4947
4661
4854
4092
356
4219
4736
1158
1786
1901
4682
701
196
698
1891
4626
963
157
2489
2871
3358
641
4964
3828
3507
1825
2754
28
1018
3973
1215
1883
2469
3217
545
4548
1164
2450
3018
4083
936
4212
2861
3899
4513
4881
355
3790
4244
1954
1322
4183
3106
2438
3175
209
757
3750
1618
4867
588
3283
3904
863
2648
3308
1938
3990
3950
4592
1191
324
2674
4027
3754
3873
2187
4124
3245
2232
575
1753
4156
649
2074
869
3722
2961
4585
597
868
1072
1567
4339
3865
4368
2256
2612
2496
293
2824
3222
4168
710
2078
4145
1731
4668
3961
3813
3852
1442
2905
3953
80
3211
406
3392
1212
4796
4767
1736
14
3094
2010
2845
1836
1718
4375
2700
3259
215
2327
322
505
445
1734
4463
1563
4168
4057
299
1452
4480
4381
4916
3073
4039
3323
147
2796
698
4965
82
2519
1180
3318
1810
1083
996
3093
3284
4802
1702
1678
2372
3822
1886
3668
3720
3255
2318
3788
2912
4377
3881
3201
3276
1438
3402
3974
914
1303
3853
4667
4809
2866
2458
4823
2659
3858
3173
4570
2790
4924
4788
3051
4195
2816
757
1080
2218
3753
736
4912
2891
1638
4221
1205
2257
2902
4480
1429
3663
326
3965
4916
4440
3815
384
3564
4329
3272
439
2779
4918
1264
1966
599
4276
2684
3776
2548
4209
3021
87
737
2185
193
1754
3696
2441
2527
2587
3669
1959
1397
2683
4991
1926
594
2982
1678
4783
997
678
751
1525
520
931
4871
3275
3825
2409
2688
4393
1127
1971
1556
2327
4337
4007
1323
1728
603
3789
1872
660
3774
826
2716
943
4426
3113
3992
2163
4624
1556
3697
1616
4251
1702
220
1026
4912
127
2759
2963
3244
2894
2139
3625
3726
3472
3669
1103
4092
3912
4131
1550
480
4646
1569
1691
4349
2269
1224
473
4176
4257
2946
371
285
1914
3517
4645
588
717
817
4591
317
1635
1654
4902
596
1387
454
1867
3410
4111
690
4728
4982
3898
3545
2981
174
347
3045
4542
111
3024
1196
3228
1040
2378
3335
3489
3004
4499
4708
240
4174
4520
271
2054
3260
1716
1433
617
3972
1888
2064
484
3176
2395
2576
2989
4609
2859
3478
4618
1642
4296
2765
4160
1747
278
2380
3588
3701
4963
4367
4032
1736
4831
2306
1506
3099
2578
2413
993
1392
419
2975
4471
4455
828
1561
1910
2796
2225
2251
536
2505
3451
4970
2754
2019
1845
3527
4545
435
1726
2562
1781
4191
3651
1566
2286
4903
3514
1797
3407
3776
3383
2335
4064
4274
16
678
1195
3912
1955
2018
303
1032
3433
4625
850
1056
4218
2282
4858
1481
2599
1284
3986
2361
3779
3023
2985
1404
776
3268
100
4054
2722
2371
2086
3033
2867
4120
3430
151
3467
2265
4462
4895
2835
932
3001
4030
431
2512
366
1744
1825
422
117
2530
3650
1807
1650
3609
1875
981
2041
1536
2078
3654
50
267
4887
1576
4405
1802
222
189
1739
2880
393
661
36
968
1829
4092
3801
2670
518
3124
919
3962
3121
4682
2487
4039
830
2664
4132
2333
1938
3628
1882
1986
626
3141
173
974
4399
1920
3348
170
1982
2475
3336
3310
1244
257
4958
3517
351
487
1490
3059
4225
633
4526
3434
2941
1514
367
2462
4641
1475
3610
2249
589
1254
606
589
680
2454
540
100
685
1961
1907
2838
2463
780
4271
2764
3256
4443
1499
556
2306
2930
1650
4356
230
979
4231
4972
1503
4407
2836
1993
4401
2885
1752
2226
707
2590
2334
3069
357
1200
4882
2362
3439
81
3571
641
436
514
1910
2561
3949
1823
3797
2048
1949
3314
4659
406
3
1649
1576
3598
1134
4662
2822
4231
4922
3710
2047
3684
1397
4867
4719
3417
3082
4193
2527
3065
4291
3096
1102
4282
1471
2705
3630
3675
4768
83
61
938
264
4887
3861
4913
4603
1134
2384
4884
3287
1714
1552
3469
4848
4143
527
3395
4281
4764
4472
3413
2598
3725
1620
1948
1088
196
2196
1169
2390
3216
3489
4221
4863
285
2437
4859
1560
2648
4183
4184
4884
3573
264
2672
3868
4530
1873
3350
1778
2925
3573
4308
1271
386
858
934
3081
622
1818
3210
4069
4715
2711
1092
50
3340
986
2988
4961
2744
940
4043
692
686
4154
2085
4249
4417
2613
212
1734
2109
2830
2063
3769
2618
2420
2959
449
1388
1864
876
3523
4387
1501
4813
2190
63
3880
3897
1174
2491
4068
1038
1543
3644
4979
3266
4685
3476
4242
1863
459
4432
240
572
4237
4724
759
3319
3864
380
1718
2334
4384
1192
116
1622
4890
4321
1028
4359
2701
2410
539
896
2063
990
840
4864
1338
302
3795
1345
13
3663
2420
355
3343
4678
4106
4100
4684
1259
1334
837
2749
602
1257
3745
1888
949
4772
2356
4391
2075
1073
548
3609
3812
3520
3227
4968
3649
4307
2434
3669
2843
964
829
2860
400
278
3250
1251
2480
899
4311
1601
1395
133
3892
700
3014
3133
1206
3713
4662
2943
1176
812
4408
1304
31
1180
3192
2075
4985
942
3571
4369
3636
2380
2868
3874
914
4538
1784
337
359
4417
4735
800
3997
2899
70
3923
2466
4856
1826
1061
1183
2264
2729
2688
2309
4245
4462
2462
2111
4529
1987
1778
2206
4383
2939
3510
4129
4000
246
1466
3374
3958
2511
1732
2139
986
3595
2200
3927
2244
3179
1381
1203
3434
481
1840
4035
315
2020
2595
2416
2918
1283
811
1080
2931
695
261
2237
4790
1370
1739
1384
3053
2839
4042
2121
3549
4498
3212
1898
1630
3734
3825
2397
1407
4189
1692
316
2715
886
3648
3307
3324
2242
3729
4608
2617
1521
272
1501
4398
4225
1068
509
2410
1248
216
78
847
1790
2501
179
392
2136
2761
4363
2663
2840
4289
79
624
3344
154
1157
140
1091
4932
3534
3785
3464
4772
1624
2657
4625
1224
2030
1761
4182
4901
1079
2099
754
4833
2354
2478
3729
1389
4264
4276
313
2743
4454
2071
1226
4456
3853
426
4400
1501
4924
2054
1479
3961
483
1900
216
2313
1099
2379
1121
767
4019
424
4159
1210
3046
4476
2961
3333
1736
3802
1510
3662
457
3286
3162
2124
2501
449
4504
3039
3730
1440
705
343
1905
3617
1175
2837
2327
4699
2284
4839
4547
4741
689
3891
1111
1541
3337
4791
1241
1147
3910
2348
2499
3807
3229
3580
3436
1876
2872
3479
3818
4603
3850
719
447
88
3831
744
2150
759
2117
1592
1511
3520
1340
1336
2544
1395
738
2784
1757
102
677
4471
2336
4627
2283
1701
2095
3344
1053
2758
251
4037
1887
4066
4113
2253
2909
4916
1132
765
48
1629
386
310
521
4447
595
2238
700
2701
1156
4711
373
3187
2047
3736
3914
4590
3226
4283
491
3717
1065
1627
4116
1627
3859
4696
3099
4354
4289
2900
2471
3540
2963
2942
2841
1121
4692
4274
1096
3277
156
4235
4004
2633
2073
2102
1242
2251
2572
2445
1127
4992
186
4785
1106
4727
3452
265
2188
1618
1556
4153
2256
2867
1662
830
917
3337
2722
3624
3317
4100
3762
1372
834
4686
837
3766
2572
2276
3909
4658
970
1418
388
2871
4485
3437
3410
3305
2042
4819
1330
1683
2481
3694
4902
2429
2452
4727
308
1453
1079
1722
2960
520
442
66
2060
4015
4689
4812
677
2948
1294
4768
4725
1803
4336
3630
3934
2332
3361
1874
4143
2124
62
1785
3890
4970
4039
4769
4392
527
2833
1147
3402
3494
2569
949
1843
4307
1074
3182
549
3613
3382
947
58
1302
4994
154
3644
91
1616
321
4850
3370
856
367
191
3412
23
1480
651
890
1211
4663
4981
4121
3424
2863
3871
1793
1913
1922
607
3161
1062
1843
4405
2197
4947
1426
1265
4133
52
4172
4017
1858
1701
3350
3515
452
2687
693
2534
969
2918
1635
168
967
4004
2836
2936
4751
288
356
3890
4920
4605
3462
2212
761
3066
2810
264
1488
1747
3272
3399
2889
2941
5
1089
197
3279
1284
2526
2122
3362
4612
3535
428
3382
4924
4380
2553
2972
472
2572
4226
3529
858
2519
354
633
3925
121
1031
1989
1691
3945
2389
3800
4908
2849
2458
1225
4038
4587
1505
2567
543
4697
2922
2691
4137
4085
2817
1189
445
4547
4841
2975
2497
3469
69
4700
2095
4452
2994
2283
4810
4699
1315
1003
266
448
3123
4996
2963
1115
405
3827
587
1353
3931
2013
4440
4455
3710
4263
4664
1728
1825
594
3042
2560
148
1876
1362
3180
2069
3442
1723
2099
4349
2741
3524
2277
1313
4116
748
2574
2187
2917
3499
1253
54
3475
530
4552
1511
1586
582
383
3837
3573
2130
4509
1062
3856
2359
2017
3680
2174
3564
3966
369
2811
4190
4786
132
1947
1451
3492
4928
4208
897
83
4443
2240
2622
3953
3314
343
4930
743
4507
764
300
3104
2293
4172
2609
821
4918
612
2221
1260
4052
3962
1017
1140
4315
555
3703
2844
1678
4043
1157
2858
2348
4462
31
1323
1783
1291
3887
1359
4436
571
309
1866
3425
189
0
4887
2305
3112
1442
2217
315
2404
4840
1435
3729
1747
484
1182
356
339
2581
1220
792
2329
4859
1442
765
634
4764
4479
4522
3060
146
594
665
831
4638
3657
808
4500
989
1767
815
2010
2886
2661
3388
2529
938
1066
2699
3740
2570
4143
3522
2252
2570
1854
4512
4409
2364
4101
2422
4193
2136
4487
2508
1004
466
1628
1641
3093
3269
4099
2790
833
2146
1462
486
3060
2480
351
4783
43
4645
301
3270
3032
1780
1412
4004
1342
3015
3961
186
4314
3959
3984
1192
4058
3630
1419
968
1847
864
2840
2700
4120
3684
4336
3369
1024
3067
4689
4968
4172
1018
1989
4001
4987
3078
3090
3792
260
1329
3828
3778
2264
4658
4947
3269
1928
219
1394
792
3401
1122
3367
4434
61
404
452
1812
4807
2744
130
4697
2532
2926
4935
864
415
3582
2639
3420
544
2640
2622
2796
103
4087
3465
4042
3541
3840
2978
2457
4624
223
1272
2067
1196
1563
3982
3719
800
632
4007
4073
3376
4558
4588
4531
1224
532
4654
2537
137
1923
2753
4300
956
2054
2163
3449
4142
653
3419
1476
332
1192
3310
535
2571
1577
1529
4676
3315
1678
785
68
3541
573
788
3808
3522
1941
2544
2990
582
4002
341
4629
2439
3847
3612
116
502
2893
1261
4380
1164
2409
3982
4017
4537
541
816
2059
2126
3283
2373
102
2296
4725
1988
822
3520
1458
2091
531
4912
2406
240
367
36
3843
2238
3651
1688
274
632
4548
3232
3505
1407
2033
4919
4919
2465
641
1985
3655
4612
3758
1457
4289
3969
3020
2434
1917
3637
3240
1179
1104
2288
3453
3498
1352
1158
714
4456
162
3888
4689
4512
1898
694
4380
597
593
804
1904
1945
402
2485
605
3927
4921
3968
4881
4964
2355
3705
3633
2678
2813
944
121
1612
2853
4797
4280
4657
23
1402
415
2532
4278
4176
2737
1447
2019
45
2169
4049
1777
967
3874
615
2988
2563
3967
2267
768
4669
4807
1054
4364
2135
4245
3508
1808
4302
196
4071
3940
1636
1704
1585
73
2231
3277
2478
3880
2628
4346
2270
4606
4484
1811
2101
3544
1278
3882
2037
4593
1369
3637
324
2778
67
1314
3898
4084
2513
1486
3325
1114
1631
1257
504
5000
2866
3081
1207
4956
1435
1683
131
665
3336
4223
2163
3968
4995
850
2286
1849
3873
567
1288
1206
1656
710
2894
1456
4860
3565
1143
3433
2572
794
1045
4806
1793
2158
369
3114
1317
1997
516
3002
3708
2155
4841
4207
4605
2167
1878
2781
3562
1856
3952
3839
3185
2804
4544
2836
4539
336
4126
4702
1335
5
317
2248
4385
2517
759
3129
630
3095
2909
3101
848
3125
150
3901
1252
3580
2732
2538
2266
2225
4328
2671
4149
758
1770
3109
1042
2954
3673
931
3938
1755
554
2598
4459
4539
3345
2802
833
135
2259
417
179
1962
1012
1777
2586
2393
1499
1693
4510
2814
4301
2757
716
4951
4089
749
2560
436
3672
4018
2847
3378
4813
477
2504
1783
4186
1775
2409
4789
507
535
2533
571
2010
4759
3651
4800
36
2688
1916
626
3590
1827
1635
3908
2581
1678
1814
2867
2152
1150
4223
342
2720
3864
2654
1706
1701
1079
1055
2271
351
4916
2228
642
539
2438
2668
466
556
4483
3543
2644
4528
3077
704
2559
1527
3326
4853
3238
1326
3588
1578
1791
4923
939
3955
1004
398
4475
3711
3608
1890
3807
34
3732
3948
3852
2110
2599
732
729
4190
1818
3669
2836
2260
4550
4290
2144
1743
2144
3099
4204
2165
3348
2219
1719
3327
1771
33
3015
2439
615
2180
3021
2164
3034
4255
645
1067
1863
773
711
51
442
670
4967
1828
2045
2877
1501
1938
4630
2013
1229
3156
1933
1769
3034
1698
4869
2747
2304
1131
2157
4594
261
885
1609
597
3764
992
589
1137
3000
4047
1509
1847
3568
1481
2362
1161
2281
2536
655
4015
2561
2481
2392
2066
2195
3112
401
311
2939
3290
2511
2305
2667
488
2187
4307
2721
4575
572
3820
1782
237
4543
3242
2219
1474
2266
1275
4142
4552
1956
4877
2379
4278
551
861
1320
3158
936
702
3899
3848
665
1368
4355
59
1552
1905
4982
2244
699
4156
1886
3799
743
1153
2178
376
2540
650
2934
734
328
2490
1373
3636
3862
2252
4098
2615
4936
4742
1944
2039
1958
3202
3096
90
4934
775
124
3146
1941
2960
910
4477
3797
4437
3239
2787
1440
3241
653
2498
1685
4643
4956
3978
4384
1742
4425
1377
3468
3168
952
601
1333
18
499
1296
1196
3343
4880
1797
715
2444
1554
1484
394
2557
1391
2678
3138
1669
213
4937
2797
628
3349
4374
2258
3966
821
2362
2827
2323
2903
2658
2259
3203
4221
2844
521
4078
1445
543
3091
3977
1056
879
905
2456
4168
3027
4984
2907
3836
2293
4838
995
453
3878
1284
2660
3239
119
4955
270
61
1668
3579
3416
1891
963
2303
2112
4991
2790
1793
4504
3161
527
1602
2226
3
2306
4304
4405
65
1330
4190
4963
791
4071
4918
2048
4684
3846
4919
4931
2784
672
2808
1401
4010
3860
2857
4170
1870
1779
3275
4552
2066
3627
4836
929
45
3672
372
4717
4336
291
2129
4929
114
1871
3959
4401
3593
382
1398
4524
557
3042
1703
3084
3889
4657
4113
1307
2821
4554
1874
1806
3065
4564
1770
1827
191
3562
2139
4700
4696
3646
1526
3113
118
1052
1311
1510
249
2816
1643
3177
347
547
1032
3064
3136
213
2615
4180
661
1072
4924
390
1744
907
795
365
567
1201
2720
2871
1465
3609
3497
3340
638
1715
4116
1956
4050
2863
1883
4083
479
3694
1485
916
196
1649
408
3833
4606
2888
1482
3635
3361
171
2279
4005
1532
756
2422
2628
878
477
801
3315
225
3051
622
75
3281
2749
3784
842
1827
3081
811
4970
2602
3277
1550
86
1216
1961
1608
4810
3359
3325
812
4624
1864
169
3538
2120
3252
724
1688
4625
1372
3366
1630
755
4415
2778
856
1244
1282
3786
4164
3308
918
1912
3178
2081
2678
2399
3861
4842
3362
2786
2886
3567
3006
261
1159
231
3449
4548
1091
887
1132
1404
3179
537
2284
285
537
3052
2682
4403
1286
4723
1921
1011
1276
4057
271
4111
3911
1104
56
3187
339
3101
2201
2520
4829
104
4033
2589
3810
4876
4710
4702
3291
1579
1057
3588
2023
4583
2511
791
1757
1745
2417
435
1407
1540
3766
321
1977
3072
2404
2034
1628
3559
1381
3890
4153
2492
3508
1913
4737
884
4092
1594
1860
110
3202
10
677
448
2353
1537
2040
4510
587
223
2302
3273
4922
1711
715
4862
4027
4191
4417
4422
452
2033
157
465
725
585
4708
3382
1598
4058
1562
478
3284
3063
1115
2715
1314
3964
4739
621
3301
2723
1840
3957
2848
1852
3559
2439
1115
4134
2655
3310
141
2919
2948
716
4105
3122
4110
2265
4111
1343
479
4751
307
1590
472
2586
697
4488
1353
1095
479
2782
2972
3690
2983
4378
844
4813
3287
3896
4163
3490
1332
778
3412
1788
1266
3628
4467
1793
4692
4698
2698
3993
2627
3856
4399
4449
4044
3965
1831
1518
4284
720
2581
1913
2647
2175
1053
901
3512
518
3555
1342
2361
443
4293
646
1628
32
2347
2503
1160
2149
1622
4651
1476
1174
4884
303
4299
4660
1487
4656
4125
4152
4644
227
2689
238
3811
4368
906
1136
2972
4064
2012
1316
1762
4541
4649
2132
2688
4274
511
3632
3140
2423
598
2693
2536
1909
2956
2003
2574
1210
3082
1094
912
1333
4481
2931
939
4327
4409
4154
2680
881
3015
3349
482
2114
2215
17
2277
1978
4053
719
2355
821
4512
1330
1607
3688
2001
3118
3801
2301
2543
1101
704
4560
1444
326
1686
2934
4961
1414
4085
4944
3909
3312
2469
4057
1208
1090
4223
1965
1258
1035
4072
4130
2408
1026
1793
1865
1158
650
855
3833
1183
4305
3131
3792
2747
4185
3491
2302
2846
3199
1794
4886
4471
4187
1184
4052
877
4947
375
4235
1321
2631
3874
4333
3735
4392
2282
3215
2368
3518
2633
217
3641
2714
1311
4048
4204
74
3714
1219
3082
7
2381
2269
118
2956
1461
889
1207
1122
1747
3451
2242
1284
2231
3266
4810
1810
1300
4432
98
2241
973
4667
3034
2156
2436
3203
381
1380
1545
2994
4321
3084
1120
4688
3728
2376
3909
1644
2749
3731
3173
1173
2531
3061
4024
3393
2939
4381
4864
638
1790
174
2255
110
3087
2255
2920
4780
1736
1800
3386
2606
4516
3838
3058
937
4818
1829
1794
3958
3971
4001
3346
981
3971
3601
1419
4029
3508
79
4609
3018
793
1170
3983
3954
4708
473
3707
3571
1630
651
2023
2014
2028
2291
4381
799
4415
2119
544
2950
4422
2767
3250
1484
3038
3464
528
4693
1398
3831
3838
4126
3363
3387
1993
4057
2163
1162
3045
2666
2231
4151
3949
1754
4895
2665
3061
454
3235
2684
1895
1604
825
1048
1786
2087
3997
2500
1558
1248
4508
4837
2580
1767
2207
1617
362
3760
3276
2206
2061
2031
2124
4647
3451
1913
659
864
4193
1482
444
1266
991
1838
2803
4437
1119
1383
4414
3366
271
966
2886
2125
4393
3431
3081
4411
2176
3663
30
65
3090
3858
1410
1839
328
527
2840
1851
1389
3509
4801
4370
852
1955
2233
1360
1279
1417
1184
4566
3098
2811
4950
2608
3353
2718
68
3057
453
1150
3136
4731
4848
2307
4353
4507
1163
301
2648
3790
3814
1542
2777
2053
199
1670
4758
4712
385
4799
430
1024
4797
3937
4663
1709
1566
2422
3826
4490
2245
1536
2306
4266
37
4877
4218
4574
2669
3976
3702
3917
3011
1668
3265
3629
1046
3786
4894
2683
1551
3643
1674
3941
3847
3396
4035
3568
4854
3424
3343
1477
3120
2796
4048
14
2095
1458
3748
1837
3992
3770
4240
2134
4789
891
394
2085
5000
1375
3667
654
3987
2607
1991
4989
4839
1344
3828
3542
1978
1004
2832
4003
3418
1789
3329
1066
1095
3954
3108
2187
1835
1625
2648
4516
3232
3184
1678
4016
84
3380
3732
3250
2469
49
2018
738
277
4577
4202
340
4456
818
3535
4473
431
3036
2402
1052
3796
399
4878
1902
3533
1704
3763
3795
487
3555
4900
3720
2426
1180
2768
3333
283
1947
387
184
2440
3873
3966
2874
4373
3713
2809
1463
1626
38
3926
1810
1297
3448
4902
2301
4458
3132
4787
610
2866
3530
2120
2064
922
3555
821
4674
4822
2937
3973
2903
4175
2800
32
4465
3072
308
1543
649
364
2526
1026
106
2450
3342
2521
2004
1768
3063
1389
2344
4892
2064
2087
2476
3124
1426
4542
4286
2171
456
3103
481
1425
4372
604
4926
458
2143
1936
1495
3790
4996
4827
773
3068
348
318
4601
2342
4872
24
3759
1197
1413
4212
4225
3034
2415
1876
3327
2692
3747
3245
654
3291
4736
4419
4614
1510
2006
3533
4278
1133
276
4070
144
1873
2215
100
3758
2386
89
2904
1274
4637
3042
4513
6
3811
186
4492
3714
1158
3290
760
4920
4873
1081
4117
3604
1538
205
1110
598
3057
2607
3415
2482
341
2812
3774
2516
1896
83
4671
3671
4015
4313
2003
4169
3545
3212
974
2150
4476
2492
3983
2910
3331
189
758
4608
3402
4051
53
1649
2056
4951
4145
4187
4515
4810
4249
1300
2421
840
3172
1268
1130
3593
3240
1455
1756
3222
2880
2472
3067
3952
1829
760
4692
1598
3793
3285
4027
2531
1020
3018
3016
480
1000
1919
3110
4164
2755
1998
3203
786
3982
3909
1249
2380
3757
3960
582
1734
873
1746
2914
3779
1779
4416
2949
925
2840
2985
3951
2044
4558
4818
1488
3391
1980
3157
4994
3137
793
4980
2910
2409
460
4648
3625
2757
4932
1892
748
3697
2461
4312
804
3504
242
2000
307
3216
4353
3
3567
2222
4278
949
163
2425
1431
830
3119
464
1124
2786
4683
3391
1876
524
3945
1598
453
1411
3756
4793
2488
3798
4279
1781
790
2958
3516
4573
807
4485
518
931
1546
4863
4012
3135
3
1047
2741
1534
247
2808
3564
322
412
2483
2966
885
2728
1569
2987
3101
3295
2994
4557
1575
1112
1115
4333
92
2741
139
4725
3941
1498
2526
3367
3202
4059
559
4884
443
907
4636
214
1642
3396
891
4884
1515
3657
159
1061
2014
4854
4742
4249
3645
3228
457
2362
747
3791
2683
1729
4421
1057
3216
4331
130
3330
1864
3983
3532
749
832
1426
3937
2857
2710
2763
4226
3585
506
3344
2434
1738
2785
658
2320
4690
4571
232
3481
2982
18
3043
2735
2681
2646
3050
4491
3923
3118
1127
4574
127
4927
1406
2249
3945
1001
1853
3505
3307
3998
4170
4086
1150
4376
2754
3174
3480
435
458
3041
1450
3739
1748
1674
2892
3519
3690
975
2136
4712
4516
3380
529
4661
590
1098
44
3380
4957
4883
2136
4609
356
930
2504
4331
3225
4984
165
1221
609
4507
3904
3575
1083
1150
4441
2110
2989
3883
1328
3267
952
4271
4400
4799
594
324
3805
3969
3403
4380
4156
3336
1164
2258
3922
3295
1684
2071
2434
634
1396
3602
4684
1043
1692
1454
2599
4101
2790
228
4283
3022
3147
1140
3141
1316
1103
1516
1240
2030
3622
1586
4376
2521
3380
4476
2993
4880
4032
3185
4496
887
2623
350
2205
1784
3324
136
3733
2920
4234
2460
3373
1734
274
723
3765
4011
2056
2956
222
1072
3468
2226
2619
467
3988
4944
3448
420
291
1979
1649
1056
2762
4920
2869
1367
638
2857
4423
4248
1085
3062
1098
3641
3114
4718
2890
1690
591
2001
1808
4533
2342
3794
2913
722
3145
302
20
183
3507
1772
2122
747
4068
2298
638
1950
1355
1462
2544
4589
3063
4255
334
2754
1491
4889
4435
3767
55
1367
4506
1349
3939
4616
578
3042
2606
3766
1866
1183
1502
3445
1986
1257
544
4060
4337
4236
3831
3507
54
2255
3999
1829
4100
1862
2004
4527
388
2769
4483
2856
4938
4865
3294
4735
4760
4011
3348
576
4776
3319
1103
234
1623
3178
335
3030
1181
4670
4372
1253
1427
2610
3882
3888
3530
4775
2577
3251
2097
179
1942
4612
4511
4608
1399
4634
1922
2434
841
3198
3122
1975
3716
484
4386
2661
483
3650
4017
1410
4392
1114
4552
4160
3833
3821
1648
4386
1668
1499
4335
3210
109
4887
1773
4115
3872
2612
2302
2008
2636
939
3828
4788
368
3220
760
3874
490
3857
4204
437
3612
832
1139
2426
4793
228
4695
3184
826
2288
2896
936
1585
1280
1007
282
3247
4100
657
3749
4218
4725
3946
4850
2084
109
1343
1893
1368
2503
1085
4095
506
4658
627
2935
4980
2533
1481
428
1465
925
2217
1481
1491
24
349
794
2198
358
4475
1606
1714
2284
2441
459
1990
3044
2559
1559
3566
1681
4974
1694
2959
3303
3914
4445
760
2840
3752
662
3537
1792
753
2539
2564
169
210
4016
1573
2797
2960
3544
2611
144
817
407
1649
3635
299
1370
4028
298
3666
4049
3715
4309
2940
2407
4589
1955
2721
1077
58
3704
4835
3499
2552
212
2455
691
3845
345
4500
4921
3671
11
1019
3749
3175
657
2535
2738
1961
3748
4383
4995
69
647
1693
4325
3412
2608
4178
3387
3651
2178
2732
2020
2232
2226
769
1117
1706
4345
907
1277
358
237
4252
2417
3843
2877
3431
2477
3560
4264
4377
1924
3512
2156
4714
4474
1650
2920
1609
1109
3962
4319
4183
3533
1781
4811
38
739
4568
2087
2017
1803
4775
3487
3215
4139
4393
2944
692
4944
4604
4867
611
4092
1910
3676
1593
1651
3808
1866
2892
1336
2024
621
1827
794
4459
3861
2672
743
3866
1202
1748
2343
1979
1371
4466
1159
861
4377
3435
3526
4632
1523
219
1544
2163
4077
1306
3756
434
417
998
3623
2423
3408
4669
1748
3824
454
1401
4100
942
1144
2225
4885
4470
3540
1210
2569
185
3437
1935
604
678
3560
1528
2918
712
1322
3669
1185
2261
345
597
1493
3706
2382
1796
1802
2009
1173
4920
4313
2539
2146
2434
3506
2511
3122
364
2873
9
3862
3957
3368
1324
4799
720
3316
4971
2288
4910
3413
2806
4719
2440
198
3549
3085
2773
4497
1718
198
1615
3096
1614
1677
3354
4453
3608
1114
1314
3116
1069
255
4597
4810
2225
243
2324
3876
1196
4449
675
2198
2747
3652
3215
963
703
3898
821
2088
2267
3418
1496
2772
970
4409
4968
1199
3968
1171
2809
1081
3160
1566
3670
503
2391
4782
1656
304
3199
4218
67
55
4948
740
2744
2212
3627
2226
3725
2347
447
3516
1493
4329
2440
3483
3389
2091
1176
200
2588
2699
469
3550
2786
2432
851
3221
4848
4673
64
203
1747
1100
2221
1042
340
2658
1350
4539
2045
4553
2960
4984
867
2879
1267
2208
996
4493
2924
2896
854
3554
1004
1020
2565
4824
557
3965
2821
3166
473
2351
2371
2860
4900
4576
3606
4549
3762
1740
2731
1873
76
3642
989
3892
1127
582
4147
579
834
501
1622
686
3974
3022
1217
1658
358
856
2683
1681
105
2185
4820
2459
1472
3325
2584
570
4262
1144
987
1568
1801
1029
2807
1925
2683
3894
4924
4968
4280
1667
2433
2038
2489
719
1623
110
966
4640
4412
2942
2190
3833
998
1585
4165
2752
4034
317
2377
496
2916
2986
59
3359
3103
2306
4467
2097
4280
3632
318
1272
2927
2039
1971
2099
3306
4406
758
3168
3897
1068
3564
3530
1509
57
1476
905
2797
4669
251
1357
1925
2465
1923
4551
636
3897
178
4373
4425
3839
951
2969
1149
4680
4684
3448
1008
3534
517
525
1058
3261
2586
3627
1599
3361
4761
4586
3399
3065
3547
3894
1583
1096
4574
3100
4122
4344
3183
3893
4440
2345
625
3533
3886
419
4393
2901
256
3020
4726
3420
354
4188
251
2348
4161
2473
1620
459
4050
261
1052
56
4255
2288
3286
3475
660
3090
731
2645
1069
2359
1960
2040
3911
2959
1671
4304
296
3059
4156
2485
3838
3953
2077
1825
2618
1953
3698
847
3545
4048
3333
2744
4389
4306
1661
2521
2149
2865
3652
3383
2578
975
3809
952
2170
4763
976
4701
3103
1923
1060
2817
4425
368
2234
760
92
3201
4364
1190
1361
455
3488
2022
4459
3687
4478
567
3106
4787
1082
3988
3334
3667
3385
4741
4788
1799
2205
1365
267
3880
1968
4354
1151
3478
227
4978
2267
4361
2064
239
1035
3539
3223
3370
1821
1743
457
917
1293
1634
3403
2298
3808
498
3218
843
2322
1524
4414
945
1660
237
2110
4649
1975
1019
3097
3340
2527
1868
1535
2482
4661
4145
1554
13
2618
2796
261
4745
3559
1514
1214
864
4507
1551
1957
3598
3741
471
3416
752
2488
2588
2138
3819
1904
4642
4191
1877
566
4112
1222
349
1664
3900
1819
4220
2911
3521
2507
239
643
4678
2540
1133
4022
1014
2652
2788
3284
417
3187
2739
1695
3534
1501
2046
3742
126
4446
1890
4939
3215
2640
4627
358
3879
16
850
4976
87
1182
821
2094
3185
1628
4774
2813
2241
4254
4483
4060
2652
1260
2616
3697
4357
1688
4463
549
4307
1323
2976
4780
169
3194
4587
3354
4125
4673
4222
2768
4716
247
4757
1387
2580
54
4993
3708
4443
4521
2509
2363
446
4206
931
486
4920
1348
802
210
1862
1361
2720
519
1718
3612
919
1288
1577
4620
1207
1392
1710
4087
3459
2351
2710
2630
1598
1064
4426
216
4074
867
3418
1743
826
3591
4119
2607
673
3457
2698
3542
4753
3251
4799
3783
3947
1798
639
812
4778
2600
112
4510
613
4880
2563
2117
4111
4724
2364
3287
1400
1656
2711
732
2299
232
2851
1583
4520
1849
291
3743
3934
2391
3883
3024
1188
3900
1249
1615
3103
3292
4137
1397
856
4366
4439
3513
2025
1606
1111
2729
618
951
3096
455
1231
1289
4223
3644
2143
2730
4874
3736
3676
1104
353
1295
4471
2261
4910
1421
3643
3070
4943
178
1509
407
3087
3922
1852
1941
4827
707
4917
1733
862
528
30
559
1616
1625
4066
4226
2185
1970
2012
4544
2775
3978
1067
3799
1968
68
3572
1467
2832
4938
4505
4088
2628
2843
2905
1953
4448
1342
73
2349
4092
189
1815
4935
3179
4888
4866
4079
760
1223
3840
3235
3344
4259
3328
1842
1513
1118
2205
440
358
4261
3728
1798
3674
1309
1212
2925
3396
3128
2375
2975
1633
2027
1135
1255
1373
3213
1253
4226
1951
1729
3175
2535
3407
1459
3286
2561
74
2886
2568
2687
762
16
824
4579
2739
3648
3352
1761
2514
3783
174
3951
1500
4247
4562
2776
2448
4281
1532
716
4624
3477
4014
3794
1729
216
1937
3318
1502
2185
1267
1196
1325
1651
1651
1309
720
3810
4495
2353
211
2236
1938
3153
4902
2047
3665
160
185
1864
3103
4619
4344
1394
31
4296
1325
143
1850
3010
1824
4504
581
4605
1484
4021
4178
2401
1917
3234
4248
4242
294
3173
3365
794
1147
3394
4957
226
4200
3964
2858
4791
831
3090
3663
2782
1374
1580
3342
4377
1695
4827
108
2999
4778
4281
4119
3362
1585
3933
1296
3209
3750
1257
1706
1147
2992
4381
4884
4149
1509
4393
2338
3482
3389
3090
2252
333
92
4909
1990
4343
1959
710
3869
1046
824
3929
1766
651
361
1229
2922
2606
1602
2135
4301
4447
434
4354
2560
626
2515
3354
1897
116
723
1115
2726
2562
4516
3607
2012
4294
4624
4776
1503
2352
1093
709
966
118
1837
2878
4731
3406
4282
2692
580
1588
742
3007
4160
4796
2686
1587
3770
4214
1010
4511
3361
2628
4549
263
185
1756
1774
1697
3758
3437
814
4427
588
4390
4138
3262
950
2107
563
1833
4906
574
3038
1410
4019
2538
3879
1950
4954
4540
1675
2670
627
4428
2580
3081
4153
1131
4831
3065
1953
297
1121
3697
2457
4613
2277
3442
2767
911
1224
3
4265
974
2533
2382
4670
848
4722
4134
3837
3004
1243
2896
3618
3156
2144
911
1789
993
1059
843
4430
389
3131
3422
2622
4313
1803
286
111
2635
362
2405
3590
4177
2650
4775
621
4797
4052
546
4527
3426
1353
1345
4974
4713
2084
879
2906
4567
3239
3808
3382
3313
4308
1194
1072
3049
398
1557
796
1634
4881
3675
3824
854
3754
4603
778
3612
1230
404
649
1389
1500
4599
97
4188
729
821
3793
4955
1823
2353
3927
504
628
1640
1042
2275
2082
1675
1266
778
5000
39
3377
3324
3259
1635
3838
290
1615
3585
2528
224
4156
791
3238
3514
3945
3726
4362
1033
2720
4460
3070
2668
2543
2582
4729
4746
1798
2704
3630
2046
3082
379
486
2735
3653
3766
4723
4772
3927
2952
2252
1358
4313
2060
4489
2340
2212
4446
2139
1512
2965
2031
4921
1512
4584
20
4593
473
4859
1854
765
4734
3904
4513
4592
3717
896
890
4793
1274
1773
2780
2662
4992
1481
3377
442
4442
4618
1451
4003
18
3346
3737
93
4314
2209
3072
2641
503
2255
2379
3415
3815
2127
3057
2317
827
2924
4581
817
4436
2266
2374
4592
1439
211
2664
3022
2759
4299
4837
1283
1755
1127
3862
4166
3952
4127
11
3968
625
4100
620
4448
1486
1017
4703
1690
4384
513
1237
1553
2832
1700
884
4531
3359
2305
1244
3680
1690
4601
2977
1965
3375
3904
2142
4374
3431
4721
2197
2611
1372
1101
1612
4946
376
3061
4499
3684
4773
1997
3211
4743
2649
4598
1158
406
2451
3258
597
3029
12
4912
4441
432
4888
428
1322
4428
2231
1198
3289
639
561
1901
1626
4837
1498
4516
1892
1765
3695
705
2286
3335
3126
2115
2220
4968
4680
3984
579
4121
4159
1144
3699
2997
761
2890
3236
1907
3464
3598
2689
4049
2568
168
4861
4868
4369
2689
1145
593
4242
2204
2345
3928
635
302
4825
2570
2651
3922
1444
3968
4694
1178
337
2957
4297
82
4527
3812
4038
2374
1144
2474
2051
3373
4073
2216
1515
601
3375
3427
2679
3325
1733
361
1460
1078
3314
2179
2435
802
1798
1822
1541
2107
1036
2335
701
1909
3269
4029
211
3591
1129
2562
3741
3345
2352
2517
4138
2389
1628
3018
1745
3327
3230
3474
3877
1076
3766
805
251
4742
2583
2766
773
4201
3202
2448
978
509
1774
1574
635
4505
113
3745
4815
1385
2909
1045
4796
2837
2369
533
854
3294
3131
617
3913
1528
3292
2514
448
2768
1169
2527
281
348
1661
3782
4590
690
2346
68
4396
4519
252
624
2481
4729
3936
413
1843
1777
1973
2355
4070
1431
1969
4869
2174
4208
2935
3373
4642
1583
111
413
3455
1495
3196
1411
4325
1860
1075
3860
523
4715
716
2727
1420
1120
2553
157
4898
2099
1131
1526
411
563
2924
2890
2780
4002
2694
4157
3221
3846
2359
4832
3802
3609
2339
2164
840
3227
2794
675
337
3729
3244
2843
4822
3617
2038
1443
4048
4459
4313
3586
2130
2509
2376
2329
1844
2067
3558
296
2123
1173
923
357
2234
3131
4906
3418
1835
2964
1611
2985
2704
3073
2666
2649
1679
1334
4115
419
4764
4159
4788
1196
1870
2502
4630
1754
1499
2013
4260
1025
923
470
3139
1040
3571
2710
1001
2709
1188
1653
1909
1916
1425
2279
1310
2253
1538
197
4443
1185
884
1698
4770
1462
1548
413
1233
714
3438
3758
4976
176
3246
729
1026
2749
628
4908
1406
3965
4153
1920
1963
4454
1322
4896
3693
2080
2493
3900
205
4405
1577
4910
4150
3903
1594
1255
716
2084
4285
3256
130
4487
644
1066
1862
2281
265
3609
366
1761
3012
1450
627
4590
4861
1569
3334
4732
867
4057
3278
1891
267
3822
4032
3151
1614
2920
1697
2966
1735
2614
824
333
3559
1097
3886
83
4309
1671
951
1822
523
2258
1591
2908
2376
1580
2391
3167
437
1700
4899
2542
4139
986
2568
1946
2145
3490
2460
2904
550
3845
4893
1096
2014
3854
474
2198
141
128
4461
1988
4445
1979
4646
4207
3210
3968
3679
3575
460
4304
3558
2485
3740
4246
3292
4608
949
4247
4041
47
284
4866
4864
1787
3158
1242
4735
3668
4941
1534
121
325
1366
485
2387
3593
3399
4779
1625
3128
4637
3811
4792
3139
1055
1131
1115
1371
2095
1070
4726
1597
858
2107
3522
1389
3995
1714
3506
3201
79
2208
1147
285
3717
3800
1722
4939
1442
602
3196
1880
1230
3244
4202
4822
3734
4052
4067
4151
1806
4553
352
1621
758
755
1962
3806
2771
999
3811
1500
4344
1306
2320
4847
3503
3624
308
4089
44
4056
2784
3498
1102
712
4619
1146
2125
4945
3694
4134
2188
1742
4798
3066
1313
2046
2354
912
555
365
3488
4814
3182
2311
4795
3897
197
1513
3581
1686
1538
3203
1843
4897
4489
734
847
2629
2069
3022
393
4154
2910
2272
512
1073
3648
457
4155
2611
3509
1065
1834
3716
82
3194
3841
3944
4253
1208
2836
3149
81
940
1262
425
876
4830
2920
3577
1824
4851
4746
32
1727
663
1979
21
2972
1437
4423
555
3232
4742
4731
1084
1982
1745
2243
778
4092
2058
3315
4986
111
4653
165
540
2456
2559
3895
1936
4308
991
1397
784
316
4880
2100
1080
737
3693
4823
807
4722
1023
473
4532
2806
1552
4641
1538
420
3162
2487
3575
3450
1790
1245
2702
2633
904
3696
4826
2155
4085
4273
4792
863
820
3607
2273
4579
3187
1658
4729
1637
2072
3924
2149
3254
2411
4142
159
1524
3385
3233
3363
1656
2612
909
1078
80
2099
4111
2223
4429
1084
2960
3413
204
281
1618
3052
3870
3662
2600
3105
1539
3809
2262
1451
2184
1149
4982
4988
3541
2814
2047
3527
3963
774
3516
3774
4129
4091
66
3808
1601
661
2120
397
3101
2494
3620
1397
1607
2701
539
2603
3241
1945
4351
623
2714
921
1035
3352
1519
234
4755
1557
1710
4284
1140
698
959
3781
1927
2031
1618
2440
2494
3049
1881
537
191
2526
3560
1426
2407
809
843
1718
345
2249
218
1031
295
2345
3571
2858
4954
3597
3141
3655
3048
2126
3615
4686
4072
3443
2096
1674
874
3746
4500
1201
3441
723
3818
273
254
2360
2622
3195
3916
3522
4699
586
3576
2455
4657
1405
195
1275
1256
2053
4768
4386
1375
4534
1845
3174
3615
658
3263
224
3878
1128
413
3637
2835
3716
838
606
2571
1537
4937
3820
2091
2603
698
1477
1940
1338
2495
2154
2928
1167
2639
3152
1446
3991
1769
2246
292
1373
4332
1374
2243
4310
590
865
2695
1218
1332
3712
2419
3570
914
1896
3113
2742
3541
544
2399
2510
829
4096
4453
3479
4906
2664
4638
937
118
697
1071
3228
2845
209
1210
3490
3619
4095
3066
1921
2452
1723
1992
1353
3692
4444
3646
1874
3091
384
2102
2073
2597
795
3320
3800
649
2970
1833
3717
925
1838
2553
1019
4002
3968
862
4344
4722
1064
4910
376
2199
79
2731
1627
2693
2914
1671
2482
1041
1872
3687
1193
4484
1503
1816
3391
3763
2195
4963
2223
3321
4100
4355
3540
870
3539
978
3816
2772
3141
626
4802
2026
1365
1714
2424
2484
3728
4312
4686
4813
1957
2771
201
2912
3779
4502
297
4384
582
1144
3924
2824
2616
1698
168
2239
1192
1953
2398
3621
656
3155
638
3932
3259
4026
754
4592
1169
2165
2872
1177
54
4821
829
2342
2177
3047
4641
209
1043
1650
1261
271
3382
1389
2254
2858
4192
1794
3672
2271
2727
3893
3362
4923
4672
561
4527
464
341
2933
4258
1281
4286
1891
1218
3060
4105
1534
330
536
1191
3924
2976
1241
4429
1692
3209
909
2028
4597
4377
3445
1085
3697
2912
4645
124
2016
2592
4182
4186
2624
2208
2574
195
381
3107
3006
1581
1705
4999
133
3292
4410
4180
4907
2969
4941
14
708
2051
367
2872
2567
471
707
3294
3319
3147
2429
3004
2184
4373
1948
4156
336
226
3499
2726
3718
1619
3425
1914
4967
3761
2485
2582
4856
1505
3325
2567
4709
1742
1862
3273
941
1271
4228
318
2284
792
2904
4748
1447
4383
2349
1188
4304
4360
202
769
1194
310
248
1464
3690
252
3771
943
1364
1709
3112
3940
120
1829
2324
493
2304
3397
1198
4860
896
1394
2300
3300
3483
4213
2049
231
1714
4744
2292
3903
701
4867
1610
2949
2380
3287
821
11
3202
208
429
2089
4039
469
4659
1648
875
1537
3947
427
3006
403
3207
4706
3667
3465
2003
4771
2013
1129
542
471
4510
1689
1933
701
2687
901
1466
4655
2288
3462
3201
40
3900
597
4750
4495
4184
4734
92
3537
999
1875
4442
226
753
3593
3304
2451
1184
3853
3839
4038
1631
409
3386
4847
841
1459
4447
3850
3132
3674
2479
4871
3055
1831
2690
556
1374
4090
1996
2989
3404
1434
3371
4334
168
1340
689
4415
4123
836
4461
4058
1558
3177
4619
3518
2514
3702
4416
680
3587
2677
450
4618
2093
4335
2056
994
3678
957
1788
1180
2363
1600
3921
3395
3262
3699
1629
4192
1138
4321
152
3953
3996
4979
3916
4153
3052
299
2796
4045
3940
4077
2941
3646
407
1526
3552
1431
4288
4057
3068
4303
1517
1104
4588
1832
4950
4924
4310
3816
490
4422
819
1812
693
3565
4712
1178
3342
340
3273
4680
130
1164
309
1850
2539
3424
4960
3257
1455
156
1113
3227
1566
4116
2764
4442
2121
626
1905
1465
985
1327
2008
2152
2851
1093
4458
4505
4444
4437
4813
2423
4944
3375
651
531
4725
4407
1834
496
1022
2650
3285
3262
4436
2022
4930
1706
4327
2896
1912
1080
18
2162
1003
2919
3321
1074
4482
436
4536
1777
2536
445
1888
4823
3610
793
3673
2043
2505
788
2751
956
69
2767
1024
3648
595
3078
2148
1083
1843
2320
440
2945
1360
2342
285
2397
4105
295
3388
1490
1689
4411
3616
4028
3047
4969
885
4226
2330
1044
3933
4414
1158
1745
2148
1403
1922
2787
2412
4218
1842
285
3135
2102
1456
4474
277
1977
2675
1992
302
1450
4722
2492
356
2595
832
2118
4052
3148
2516
3567
3381
3923
128
801
3801
211
486
3015
1769
1941
3965
2872
2992
2039
1520
1415
997
283
35
4999
2731
4492
2726
585
1863
935
2960
4371
3768
4525
199
277
2041
3963
3638
3373
1679
2310
3237
376
1402
475
4570
2048
131
1337
2771
1043
1480
3330
4715
619
4047
688
1080
1438
3593
2882
3308
3375
452
1574
4480
4930
216
1103
3472
3179
3326
1168
204
2236
3110
1133
1639
219
2405
1108
2496
4660
121
3242
505
1015
1450
877
513
550
3845
3262
2587
3265
664
1005
4594
379
2081
2340
2422
4081
21
4776
4919
3986
2498
4349
1214
3391
4037
1714
4512
1601
4148
773
4148
2386
1475
4673
2120
1880
3654
4998
4989
4815
3546
3135
4621
2994
851
3399
3971
3346
174
2103
1373
1593
1707
514
33
4538
2143
1428
461
4307
1117
4375
3582
1942
380
1247
60
1028
1412
3923
2479
2222
2008
3328
3279
1066
2820
2198
278
2706
3497
3481
4080
478
1392
3229
2439
3423
1251
1184
1895
2025
1046
165
1525
3368
4385
2683
3225
2854
4219
1426
4655
489
1576
3928
476
1122
4383
3255
4046
1512
2581
4112
4167
4723
1781
3612
1373
2924
4601
2947
4361
3209
2380
3219
583
3148
4014
381
1999
4600
2693
2991
4934
4082
3397
3058
379
660
2135
274
4083
3061
2560
4770
4411
4488
326
4040
3394
1055
2642
1937
1559
4246
2171
4640
1737
1465
1160
1369
3478
3528
1136
1918
1897
2722
3143
2625
1517
3281
3791
365
3664
4559
3857
2692
4081
4259
4633
4672
2448
4331
1797
2111
4026
4022
4023
1305
4854
4234
958
3689
714
3700
3321
1700
4502
635
3402
2861
1272
55
1551
4361
2010
427
4483
2902
1732
4990
1464
3264
4753
93
2098
2243
613
912
4013
3058
2967
614
3139
2325
4927
4293
905
166
2037
808
2619
4006
2965
696
4466
4766
3698
4708
2229
1824
4593
343
4245
3920
3460
3545
4269
3128
1856
106
4052
802
36
866
155
4282
4372
336
2847
3710
4541
309
4939
1918
1748
3195
362
3967
4604
4970
4820
2196
7
505
4148
2950
2362
3543
3394
2114
2799
143
1733
1136
3031
4019
3617
3452
891
1112
1236
1510
736
2510
1918
3189
4508
4646
4322
1703
1183
1900
4926
1947
726
1738
2919
4613
2258
3320
260
1416
4204
484
4187
3516
2592
2852
3340
4602
3167
3663
4385
635
278
1156
2343
1993
4043
2168
1789
4459
3663
3230
2941
2038
3403
2036
130
1360
36
2284
4573
3619
2223
886
3472
1445
3001
314
4797
2691
2452
3078
4065
4238
1859
762
108
230
910
3507
243
4396
4099
1154
3891
4491
2416
2410
4360
3655
1923
1233
327
4490
481
3116
149
4668
1934
4510
2860
2959
2450
4856
1534
3027
1358
1632
4266
3972
3399
1994
4727
4985
3623
571
4533
2027
2010
4484
4153
1893
2407
2168
563
1147
2333
3274
1668
2287
728
3926
1107
871
4706
1304
890
670
3951
4407
305
2840
4798
1941
1732
1413
2112
1582
4629
3659
507
4021
71
2302
2552
2098
68
3384
1414
2231
2755
4889
4435
374
4919
4803
37
32
1539
2150
1247
3879
4728
3913
2159
4592
3476
4333
685
4752
4384
3458
1257
2908
509
3707
2204
4116
731
574
3534
3744
137
2955
962
1393
3766
2781
365
1418
512
4036
1159
2349
4791
4116
4537
2156
4225
3708
3201
2092
619
3075
1970
2298
535
2695
2431
3149
3307
652
3419
2337
1130
1671
1974
3977
4292
3685
3756
2770
3885
1094
307
503
406
483
1226
3537
1407
2505
1092
3355
2584
644
152
1789
4426
255
3907
456
2604
1496
3227
1894
4595
4246
4100
3293
2043
2418
3213
2992
3778
2602
3913
4327
3187
2925
3622
4358
1035
837
1323
1052
2572
2267
4802
1960
1101
2742
3302
1765
2862
1934
3805
1729
4914
125
2988
4313
4015
2034
846
1526
2403
326
4999
42
3138
2221
1547
4771
3538
1062
44
3295
1117
4505
4327
3955
3939
3135
2615
4531
4981
1203
2189
723
3371
718
3664
2015
1139
4371
2594
1615
3534
4001
1179
4836
3837
2694
2015
2734
3489
3815
2534
3352
1727
11
3358
4841
2497
991
4968
3790
2443
1202
4600
4573
3291
1856
87
744
520
580
2987
2916
2392
445
1192
588
1710
473
4017
4696
2678
3434
135
218
1562
3196
971
1741
2467
4028
1326
2319
942
4213
4616
3568
2900
2959
3794
412
2200
3039
4128
261
229
734
4789
1701
4244
4943
3830
897
2752
167
1992
3276
3479
724
4549
830
4463
1534
2976
3508
4041
754
2594
3641
8
4752
2969
23
3653
3392
2615
2105
11
690
2792
1813
573
450
473
3171
3256
2939
2471
1112
478
275
4385
2896
1161
2282
2411
480
1752
2563
3583
3395
1140
599
4330
2235
2292
3411
1502
2758
2039
1500
3696
98
2247
2639
4408
2794
1329
3536
560
1823
504
632
2628
4355
4614
3033
416
2900
428
2500
4069
2919
1934
3897
1814
2126
1707
708
1405
1026
3606
3073
3010
874
4149
1793
3733
573
4524
4086
669
4336
4116
2852
616
765
1004
3916
959
3153
1109
1648
2978
4762
2501
2596
4967
2568
4717
2440
3166
4356
3167
1780
1597
4729
1744
1197
4946
3528
34
2749
873
315
2104
3504
1159
277
3444
2388
4598
278
1135
2880
298
534
2236
1214
4156
2072
1870
2284
1956
309
3448
2375
403
678
802
1295
2770
4366
1421
2463
3093
997
4695
4161
1948
2533
3180
2751
248
2435
576
1654
21
1913
4103
4315
96
1965
4218
579
1162
3446
4208
1510
2130
2862
1152
4289
889
860
3121
4350
3632
4168
391
3884
2888
217
2558
3492
78
2073
3885
3740
3292
1498
2369
3585
47
2589
2313
3733
3271
1483
1386
4876
3829
1836
326
1802
3746
3278
146
2352
1005
4220
4963
2037
3455
4700
1100
2267
1401
2766
4764
1192
1336
419
3824
59
1653
1254
2880
3715
3942
2880
3274
3965
1268
4997
1940
550
3549
1125
2977
3607
4571
2011
3541
184
1591
762
402
1387
3204
193
3588
287
4247
1411
235
1602
797
2415
343
404
1549
3905
1362
4128
3271
3149
1519
3869
3018
2323
2270
2209
2045
3327
4971
2557
2437
945
1552
3229
3859
1025
3594
4026
3914
1152
1621
3917
1335
3248
2956
4627
4398
4613
1098
3988
3970
184
800
4359
4616
1674
1063
1369
2731
4991
1737
3500
1501
420
4862
1194
3517
2547
3778
98
1646
3660
2255
2392
3023
3177
4335
1936
3228
2371
1742
2938
1470
2184
506
3122
2344
1177
1694
489
344
1071
4668
4369
133
4111
4431
2557
2471
1510
580
3923
1017
3195
4260
4460
2441
429
1108
84
2089
4022
1208
1971
1354
4549
3998
1248
845
3905
3388
2874
2640
3185
3134
3095
3857
3949
3543
2817
348
2625
3880
2863
753
2389
2117
4990
1196
783
3565
4054
1926
517
4754
1567
4260
724
3835
2257
829
2243
2548
2756
2526
1288
4569
2837
4178
1154
1394
2005
3031
1770
4734
4740
1636
3668
2513
2921
1675
2760
2002
2647
4341
1183
144
2567
4940
435
839
2460
2339
2322
1925
1281
3753
3822
1559
893
1265
3720
4526
2221
1819
595
2323
623
2341
4572
3841
3425
2273
3862
3032
80
2509
2591
1711
977
3739
952
1316
4268
4801
3311
606
4116
1774
633
1121
2627
273
3858
291
3975
4708
387
3696
4832
1584
4064
4299
2194
4685
1668
2243
304
2216
3132
3832
242
1989
4341
414
1419
4840
3718
4544
4833
551
4047
2185
3239
1600
1675
1390
4082
4530
1390
74
501
3199
1479
970
2006
2570
794
1564
2633
3692
4511
3090
4303
1639
4822
1548
3868
3962
3872
1371
3479
4871
1408
1420
4315
4224
2403
1759
1594
1299
587
2021
2971
2820
1804
2580
3617
3823
1197
4801
2089
356
794
1152
3146
3443
1476
4097
3436
1662
369
2391
2341
2696
2104
26
4129
21
3630
4339
1805
2702
3964
2863
2804
88
4553
1894
1517
2109
3764
46
579
3408
2455
2531
3626
265
2624
3833
1442
2393
2164
1539
2455
4417
3215
3273
2235
1026
3901
1372
4674
3722
4055
1015
1882
3401
15
3055
243
3070
4078
2152
1055
4093
985
1522
3801
4480
2637
3350
1974
1619
1245
737
2223
758
2435
4950
385
1778
794
2618
4686
3660
1081
3396
2222
2918
4610
1470
1893
4271
2419
1624
4416
1899
473
3205
2436
3159
3056
3840
406
2644
4707
3226
3279
428
3491
2657
2055
1113
2920
4994
2369
1000
3152
1038
2950
3774
1716
3309
3084
4946
1488
2568
4352
2658
3052
419
4009
2128
2830
4720
1575
3000
1898
1714
2456
2369
2134
3455
3248
3013
1138
1439
4285
2146
146
4239
926
3277
4913
3633
190
4693
4995
2414
2911
4324
4159
2578
4992
2579
1661
2244
848
4942
3862
4663
1978
45
1754
3341
127
4832
4332
3314
75
2472
126
4573
3664
1956
4972
933
2737
1387
433
3895
205
3462
1340
2142
1480
4661
2888
4403
3176
4473
2726
1739
4032
239
2853
1587
4054
1494
299
3362
3077
2075
3472
2715
2241
2164
2233
793
2628
2947
4558
2285
2082
3822
3592
4846
1073
3321
3240
986
3733
272
3740
2652
3055
2928
2147
2870
676
1723
1103
23
4954
4764
453
4125
3264
4438
3650
4850
2398
4341
428
3956
4374
856
4850
2752
1940
2083
2075
3214
2300
1849
1919
1496
2369
1414
2950
4855
3669
2931
3274
4603
298
4775
2270
3958
2444
2850
1339
3404
4370
181
2241
1525
4432
4714
2903
493
1572
1746
2528
2773
2032
4583
1113
2924
2823
78
4980
2717
4157
1940
4060
1910
3143
1741
1823
4627
2821
4020
3176
339
4694
3391
1913
4807
371
3749
2317
3887
2139
2687
1066
1383
4566
3182
1049
563
1308
2882
2519
4665
4601
2181
4862
4352
3239
658
4394
1325
1381
4964
2863
3274
4003
447
4674
3620
4103
1633
676
2049
3091
372
4340
3784
8
4835
557
3353
2582
1537
1470
2529
4831
1893
3650
2444
586
3619
4661
2818
3657
1822
562
3939
777
2675
1062
1205
1622
4565
3210
4868
3423
4707
1024
505
3429
4372
2615
2746
2938
81
673
2922
1461
3389
2182
611
2929
3370
3516
486
4750
2579
4856
1189
745
1788
3780
1711
1991
1581
4757
1669
3992
1655
303
997
2881
2899
726
2887
701
1716
405
3277
529
365
4257
4591
2692
3376
2988
178
2489
4075
3996
3013
2170
975
3989
2339
3843
1892
4818
3551
1018
2753
3584
4405
3074
4035
1794
3374
1805
1536
1296
3816
617
1821
1654
512
3489
725
1917
2537
2782
543
1027
928
976
3046
1028
927
2177
4569
1140
2865
4856
959
913
4977
3563
3621
730
1555
4285
2737
4326
902
444
3305
2613
2683
1030
4061
175
4997
3524
1071
2636
1577
3180
1280
2826
602
1435
1932
4697
3336
3959
3369
2490
4605
4418
4668
3595
4677
2250
1909
971
4231
1058
3919
226
65
1910
2944
4930
64
4078
4947
2791
1824
2599
1778
2364
41
1340
112
2816
4559
701
3562
2710
1505
656
4725
1855
981
4458
4074
1164
4232
2293
707
4708
1240
4788
3146
2958
3308
419
2785
3435
2213
2133
4052
4603
1540
3243
4035
267
720
87
2840
254
218
1970
4418
655
389
1443
311
3754
4250
3557
755
4219
2059
3384
3438
264
922
3235
3018
582
2004
2123
785
3092
3265
4502
3631
4843
4905
2607
2695
1828
4524
404
2128
2638
1803
4956
1895
2265
2099
2005
820
4888
1084
3809
3198
1783
1538
2809
2207
3566
4896
1468
4462
1140
4921
4825
2835
1839
3801
382
285
4889
1402
1171
2621
2475
4878
3547
2576
369
2437
4775
2812
95
3444
3632
3006
1493
4555
358
4431
2493
2272
507
698
131
1955
2076
3760
1114
4248
3158
4620
4097
2671
2979
1607
3089
1747
591
2829
3205
4060
150
2096
3726
2391
2238
2133
270
4242
585
3980
1194
3926
4290
2884
39
4240
654
3450
4968
1278
1537
3872
4727
4066
1707
526
2037
1072
3025
138
1457
1136
611
1458
2635
1910
2494
375
1336
3857
2405
3596
4107
2537
2267
1727
3443
4297
3849
4585
1028
769
1132
4761
760
608
3809
2810
4913
3859
1384
1784
4006
4771
3770
1380
234
107
2536
3854
895
4576
1933
2221
1668
2255
284
569
3602
3761
4312
1673
785
1791
4129
446
3716
444
2172
4980
2435
4909
2471
359
4810
1242
1629
4947
3581
3986
1917
3570
4400
2713
4683
3204
4611
44
4632
4710
1212
3638
4242
1653
290
1757
1786
29
669
2998
4714
2797
3462
106
676
1147
937
680
4837
2628
337
2059
2899
1142
2901
3502
1318
1358
454
1896
3803
4682
444
253
1724
701
3862
4112
2747
1368
4473
3354
4671
4287
2233
3688
2014
3218
3279
3898
4801
3418
2042
1227
2394
2110
1555
809
2968
59
2686
4044
4603
3869
2131
253
335
2417
1006
1330
3558
3401
3143
3263
1709
4416
3800
2006
680
3437
69
1536
4426
1985
1081
4670
4766
619
105
180
1822
2967
1874
3793
1290
4680
2852
3355
2775
746
3176
4517
2074
2579
1866
2432
4285
3286
1733
4496
3165
3479
4918
3130
4057
339
4265
152
315
4668
2437
4104
482
78
4406
4621
3102
4594
3140
4429
3127
4301
3842
3146
3847
715
4171
396
4384
1276
4296
4508
2988
1545
3851
3499
2231
3949
2800
3233
3577
4893
1563
582
812
3926
3174
4929
4346
4728
583
3459
4172
4193
3465
1675
3632
147
2444
3171
1631
548
901
1893
2020
3723
3617
1118
3452
4809
584
4533
2362
2774
789
4040
4678
4298
2201
150
1835
73
4075
2635
4851
1620
3223
3414
3680
2571
4833
3735
1161
1203
3110
1489
541
3792
1010
3131
1992
1317
2983
3582
1760
1255
2053
911
3668
2498
2052
3789
2276
3228
376
1002
3526
1409
677
3747
3964
4113
2598
1468
3661
2981
2829
4131
1004
4290
1177
2077
3395
2058
1626
3071
4971
3567
2729
370
2825
4654
737
2432
4852
4568
125
1860
3880
1885
343
3955
1036
575
184
3412
808
2693
3975
4978
3796
3274
3552
4842
4736
4826
4616
3833
2968
3536
4351
2685
1213
1068
1752
3468
1540
1026
4454
2952
1431
2985
1261
355
4305
2205
1445
1424
3497
4666
4746
2099
3134
4814
2872
687
3937
2960
347
868
1498
3148
1966
1159
506
2176
2130
4628
500
4010
488
1259
3998
2103
4218
2467
1526
3300
804
3467
512
3207
1725
188
3234
1969
1673
2776
262
2044
3334
2075
2568
77
3060
4927
710
1573
1427
1266
1219
4820
4015
3091
1410
4789
3758
3358
1158
3891
494
4171
3667
752
1980
1984
1530
741
3158
2916
2527
4653
152
1059
892
3295
4918
1219
2448
4624
102
3192
132
2526
3043
4674
4161
344
1723
2788
2685
934
4909
2534
3539
126
1736
1318
4640
1811
4768
1968
1214
106
534
717
3113
2600
1593
3331
3088
1036
4988
1588
2946
4552
2829
984
4484
3953
4392
2186
351
1318
1181
1153
1070
80
215
4870
4231
4775
4466
3321
2874
2165
4421
3795
1253
1333
1826
3181
703
4814
1544
3010
3413
1661
3933
4612
499
2306
686
2447
3699
60
3303
2232
1100
4865
3181
4173
2332
995
1931
3549
2146
2009
3412
4880
2182
2199
1852
1821
4940
4200
3626
4017
4348
4674
1430
4750
3409
150
4066
802
959
3582
4196
3275
3839
546
3890
2010
4099
1713
2147
3690
2371
1061
2918
197
2177
1963
4305
2182
4943
4515
2561
2386
4061
1440
184
699
4468
173
1109
1302
2127
4434
1841
3392
4881
4156
4133
961
1751
2139
926
1252
4921
4311
4129
2107
861
1597
235
2245
4026
1990
4913
3600
3439
2237
1943
1222
4326
3929
1906
4354
3023
2132
2869
1529
4444
1776
1736
802
119
2821
1710
825
5
4138
2752
3854
1173
2870
1755
1992
1380
4413
117
4334
4237
799
968
2537
3061
4575
3238
3565
931
706
4421
2299
3635
4072
3192
4437
1586
1221
4273
4723
3337
1621
2148
2504
3025
3094
1333
566
3882
1278
272
4907
3201
648
2534
4678
4476
1828
3064
1745
3878
3182
3662
4148
3323
4344
1187
2599
3296
2926
766
2922
2130
3259
3178
493
97
3826
1674
1505
4987
3864
356
1819
3264
3777
2466
1026
1814
1260
2857
439
4855
2471
968
1857
3888
4834
3796
583
3998
3126
3239
3941
4781
203
2392
594
4529
4551
809
1269
2430
2415
4267
1324
4879
2564
294
3944
4306
3854
1556
3806
4618
836
4226
4666
1827
1158
1242
1256
3547
1245
4765
4458
662
4137
1431
4840
3501
3768
3215
3678
2658
3124
1770
27
216
3993
3567
3185
2564
4876
4997
1853
3152
4516
328
417
2114
4279
2134
1814
1654
1844
4927
2717
1377
4596
254
4052
3650
3499
3588
1320
4023
920
3627
1445
1620
2121
3003
4105
2388
2287
832
4325
2080
1414
1119
3496
3678
1373
136
4624
1674
1247
3398
2055
2481
1642
994
1278
3152
3875
1866
88
2388
2518
264
4448
729
3077
4913
4033
2408
4499
2376
2120
475
479
3409
4335
4393
2788
4999
4733
1402
2894
402
2552
577
3355
4183
541
1431
3039
1740
1289
3923
873
3455
3516
909
4852
4624
4253
4802
1482
1919
3620
2141
1954
2120
3595
3557
2562
3929
3571
4654
1742
2715
1620
789
986
4179
2487
3934
1471
2549
4425
4992
2635
4897
218
4607
2012
2225
1460
1520
3702
4949
3845
1110
3276
2054
1626
137
4220
2234
1664
2258
659
4148
2867
3868
4249
1466
695
1685
1933
4066
959
2129
473
3726
1562
2700
1667
2279
3712
4409
1919
3041
4792
3936
2226
3820
4733
1721
261
857
3935
3046
4164
2108
2165
3481
2455
4476
4414
4971
159
4032
4250
2110
429
3883
4902
384
226
3034
1968
1135
1520
547
4890
4398
45
4640
4199
192
473
650
2352
1373
1565
61
4662
1924
1759
2760
2840
4135
2504
3271
4017
2056
4336
664
850
3841
4024
1875
2066
2333
1892
276
4902
2459
4855
340
2072
3249
4777
556
4585
1593
1062
2653
1417
4943
4245
4262
992
3071
3588
4546
3772
323
4488
180
1394
2001
3378
2373
655
3480
325
46
1061
1124
165
4170
1675
280
345
1258
4419
2801
3154
4696
2671
4509
1419
2239
3503
4246
1141
1632
4003
3126
3464
1881
403
992
971
1794
1931
4455
1150
1273
2696
2827
308
4590
2201
3842
3837
442
1689
3323
3744
1770
2386
3860
2388
3030
734
4759
4548
3723
4903
4629
2789
3179
1983
3868
697
1073
4391
3701
974
867
2999
442
3441
4736
882
4502
4572
4956
704
1044
1649
4589
2242
105
1114
3389
407
3550
1575
2708
679
558
4358
2624
4129
1427
2003
3093
4698
4760
3926
941
1691
3536
3619
1387
830
4876
2695
210
3896
710
1947
2728
4693
3734
3232
3572
1211
4610
1848
3668
4240
4262
4217
3942
1834
2485
4629
2764
4356
499
284
3326
2482
3219
101
1462
2923
1826
1253
1317
4935
4133
1596
580
4533
668
3331
4126
3826
98
1804
967
1192
3954
211
3433
4705
3790
715
1998
809
1034
2171
4778
370
3187
3038
4246
3561
2069
831
1443
1278
2946
4792
395
61
4320
933
1230
4518
3412
4172
1245
4063
3930
1549
2245
1481
1339
3571
3581
1007
4598
1132
3890
1783
3357
3420
2564
2814
4157
4220
4729
3867
3213
1226
563
4388
587
1632
1376
3314
3372
3902
4232
1484
3926
776
573
757
4308
1915
1764
2500
3068
186
4748
727
243
3659
1252
2856
57
4870
2554
2430
2581
1159
4712
562
2362
304
3444
1147
3442
4409
4273
1095
2911
408
1397
3030
1314
881
882
969
4110
2568
4120
4251
287
1365
800
3905
868
3708
397
91
1540
1068
4825
1607
233
4515
2572
3222
4523
3140
4649
3518
2701
2732
3610
780
37
1662
1880
848
2371
798
986
4199
2747
4253
580
1050
780
3349
4989
4205
1198
2756
207
4347
4298
1043
4413
3251
1508
4993
2321
96
1942
75
1560
759
3475
1650
407
1298
181
2731
3820
1707
663
2276
4473
2528
655
1129
3351
1363
294
3107
1825
4156
3676
1672
3078
1447
4352
4998
3423
2546
2523
3980
3550
965
2959
744
3503
1593
802
2866
3752
1137
2172
2455
1625
320
3091
701
592
2167
2996
3450
2326
3243
915
4251
2455
2406
1491
4379
3687
4842
4505
4364
2720
580
4235
3910
2430
3852
2410
4356
3571
2771
1030
2132
742
151
1588
2568
4037
2860
717
3905
1540
2084
4262
4471
2980
1561
1197
2398
3326
1141
1262
2706
2322
2038
1998
1520
1793
1376
379
175
2035
54
1247
4280
1219
4192
3874
3527
1809
147
4981
4019
3305
2652
1960
1640
1539
1246
152
1482
3501
4201
1753
3500
1399
4438
2561
4542
1852
2404
3258
4486
4040
2024
348
3539
3139
1966
2709
4508
275
4404
4776
3419
2881
958
4161
2261
4791
3193
469
714
2250
1303
4809
4859
3785
281
637
3908
4303
3533
1178
629
4192
2386
385
2811
41
1811
870
1246
4966
23
3252
30
3989
294
1444
2503
4632
3803
2668
1650
1468
1824
2738
4289
2942
4232
839
12
2316
1779
1045
3638
759
1683
3033
3987
1266
2213
908
3627
2765
4594
1748
1867
263
2771
4185
3539
4766
1555
1150
3494
1508
3255
3006
1953
3768
3326
1657
2857
1969
180
2710
2059
3060
4615
2254
998
2250
833
1526
1593
704
83
453
2501
121
2309
1503
1236
92
446
2062
2043
2915
4019
4098
1542
3110
19
3119
967
1803
537
2528
1349
1644
12
2116
4814
324
1242
1568
2023
2710
21
2985
4644
3225
725
4568
3960
2892
3323
978
2435
3857
4114
1223
3266
1833
2985
2901
1376
3422
4963
1161
4033
2699
2214
2769
3351
1473
3715
3908
1715
4368
1527
3990
1368
1870
1750
3846
1008
26
2638
3316
464
2455
4039
3764
2746
2283
1501
3489
3291
2577
338
3289
4246
1668
2037
4683
1167
302
3914
1729
3725
3169
1356
4056
3048
3927
400
3875
2840
3447
204
1705
865
4024
1762
251
1622
2743
344
2057
1638
2321
2093
2256
137
3276
2793
2066
4021
3804
2466
2473
4881
2701
2436
4744
718
245
2237
2060
3686
3492
1279
4787
4801
4204
493
2208
184
1261
3625
1144
4622
1100
3878
717
3153
4324
2598
4658
3343
3328
4669
3626
1103
1270
4416
4814
4049
4006
85
597
3180
907
1657
3829
1592
4134
3554
4333
1441
4834
926
4149
1245
4252
29
1970
869
749
2391
1913
3050
1016
1515
2066
4758
1070
1473
2856
2539
3740
2701
4685
946
702
4879
4177
3627
2665
3786
4485
1645
2862
140
3550
1141
3655
4099
1678
4759
339
2767
150
1525
3297
3341
2599
3389
4532
4787
3138
4393
1775
367
1312
4954
1056
1813
375
4783
987
3654
922
3835
473
3033
2579
631
4264
4089
3250
913
785
3076
1071
4742
2498
1692
123
2484
1587
1574
3320
4203
3122
3855
688
1625
837
4049
2711
2679
4321
1253
3373
4448
4246
868
4312
1122
1141
286
780
190
1465
299
904
1776
1045
4342
3043
3506
518
2639
4771
4177
3365
3540
4327
3596
4405
238
4062
3304
222
3100
2705
4802
2932
4273
3603
4190
4291
555
3641
1891
1458
746
3919
3936
485
2029
2253
1504
440
2451
3202
5
3497
2517
3078
2673
3940
3341
1314
1178
1556
2274
20
1842
3141
2264
1061
4534
4057
4384
3143
2233
572
3308
3695
3201
131
3098
3861
3307
578
4178
4141
810
552
4003
2841
2352
4314
3716
351
2327
4184
4511
4713
2659
1573
4665
2757
1295
1342
2669
4151
1245
2218
4260
4040
167
3918
1105
4987
184
1325
4565
4065
1973
515
1293
114
2531
4542
3898
65
2949
2504
2241
827
443
346
1765
3937
1183
454
4804
3312
3459
4340
941
1826
3042
2210
455
4986
163
950
1056
3802
4012
3197
1693
1955
2245
4258
2786
1047
4671
3468
4328
1378
1224
3677
4093
1409
2939
2750
4328
3394
4511
4366
3581
1587
3401
4078
2389
730
552
3344
1880
4298
1179
2611
2666
3521
4754
2517
1847
878
588
3543
3883
120
3075
178
1197
2915
628
349
3729
661
1663
1578
1323
1398
2873
1686
1123
1284
1355
1545
3390
3888
2708
1151
2369
994
3898
4642
4187
4361
2865
666
1769
1621
2218
4226
2409
3805
1314
2166
607
775
1542
3816
1959
206
1066
3776
1360
1264
3294
2061
3511
1775
1341
1330
1557
3050
1348
4438
4570
247
721
110
3007
3507
2106
1845
2909
111
3322
2551
2535
2805
559
4141
3627
1315
4660
1402
438
3905
2339
63
3173
1412
3658
4365
3830
566
3286
3566
2730
2361
3271
4335
2106
3030
3012
2315
4734
4973
4326
3511
3566
1266
4129
4092
5000
4055
3209
3278
3235
529
2530
2332
789
1640
3348
1777
2243
3791
680
4207
493
3967
2961
109
3179
2212
391
3501
1755
999
4693
4783
2266
4079
830
621
4856
1228
4278
778
386
4579
3376
1057
1381
1396
258
1437
3796
1726
952
2195
2969
1973
3584
1180
833
2552
1980
2778
1138
2273
4081
2928
1737
4440
2246
2201
1894
4978
2324
65
2026
3190
1048
1384
2516
4771
2961
1721
4927
4307
3326
4847
2672
1313
1583
3205
1165
2925
2175
3058
349
1472
649
2552
1105
1565
1222
2027
720
1049
2943
1188
2312
4923
3893
660
4642
613
3102
758
1819
2619
2847
5000
1519
536
1214
3503
3380
395
3372
1680
1152
2144
2374
3815
80
1640
2007
242
3410
1658
2939
1936
4039
197
734
191
711
3841
4535
283
1671
1288
3780
2857
3195
1557
2038
4953
3411
2265
1997
2063
3410
4636
2206
289
621
1686
1781
715
1045
1374
2538
2176
2332
4092
3546
3618
2451
4045
3785
4067
3223
448
2307
2665
4696
637
4374
1587
2914
2255
3121
1937
3265
16
1383
2063
3158
1161
2637
4838
4947
2790
931
388
424
4922
498
3317
2135
421
2582
1884
3930
831
2187
162
2664
1336
4756
4230
3009
204
2760
1341
3217
1829
3551
4380
323
4688
2574
2998
1728
2325
2006
4058
138
479
2064
2330
4126
4301
397
1365
831
3782
2362
1018
1801
736
3258
550
2756
1961
4731
63
4194
2214
4715
545
782
358
3111
558
245
11
3353
2894
2153
2835
2550
642
4571
630
3348
94
1517
1518
222
3721
142
177
4193
3057
966
3760
928
77
4589
3145
3897
3880
1827
4311
2498
2731
4961
4543
1547
3548
1799
2194
3249
2531
3531
4919
1086
4891
913
2154
2871
2708
997
4547
2364
3679
3156
3235
54
67
1677
283
2750
1200
1127
736
1135
2525
3288
1003
1235
569
3015
3249
3130
4185
4040
1982
991
1804
915
4251
1539
1341
1172
1421
4397
1207
2895
3051
4597
1953
595
4300
2596
1823
3511
3063
4864
2058
1190
1024
1206
1071
2799
314
1858
1386
647
2320
4092
1225
1890
1194
3743
1352
1668
601
4141
1850
1648
455
3656
1216
3867
182
1407
3227
616
32
1867
620
445
2581
3148
624
4620
3100
1957
3207
2332
1804
2561
3059
798
704
296
2438
479
1681
3860
3784
1452
3086
2450
1478
4001
286
4104
2191
2260
883
3116
591
3091
2750
2269
118
4789
3954
2247
27
205
2756
4349
1290
2827
971
4756
4245
2274
4632
2609
2687
192
1672
4778
3393
3557
999
2508
4461
260
2479
544
4279
3616
4474
670
2288
4468
574
2625
4981
4552
1143
745
1698
3984
4156
4480
3731
321
499
2674
206
1967
2972
519
3108
1986
4304
4253
691
3126
1276
739
2218
225
4342
534
3821
1966
2000
2091
914
4921
4851
3469
740
3158
4949
2084
2976
1256
1693
742
4408
2896
475
2698
1998
465
425
3835
2981
1750
4140
3329
1934
2161
161
3571
3476
842
156
3964
4736
316
1414
1722
3820
786
1795
887
266
1260
1335
2773
656
3537
118
1442
4791
4542
3326
2011
4073
2082
716
1624
4237
4002
1219
4427
4013
3550
3318
3887
3024
2550
3014
1963
3819
875
2166
1491
2804
2830
149
247
3682
4917
4558
701
56
3422
3449
1316
5000
2148
117
3094
2073
4093
401
2460
508
797
3974
404
4675
681
3093
4152
957
3428
2284
524
2390
4121
1335
523
4510
1706
2094
2986
3826
4372
4755
3627
459
3662
723
4263
1752
4805
1548
878
3273
4115
1885
3379
3765
709
1233
3964
2366
3649
2829
3550
3206
158
2730
2050
4822
2337
731
3416
3490
1260
3417
3773
1576
1082
2093
3187
1721
3124
3702
3431
683
351
4107
3085
2816
3446
3098
1275
399
2467
533
3182
4961
3034
2905
41
1558
545
1095
52
311
4335
4686
4498
71
3346
2027
1748
1683
2571
4074
1589
612
4837
3057
3992
2225
1851
1606
4680
3817
571
1449
2091
2271
330
44
4935
4601
4077
3942
1246
4171
3303
801
481
921
820
2136
1281
529
4792
2627
3016
166
2220
568
2596
2411
2191
4416
2489
4392
1669
4825
1825
1386
3957
1318
4173
475
3120
4814
337
1038
2815
3351
2206
333
2677
3057
3876
3994
749
1820
603
3585
4946
3715
1666
3500
3398
4626
4621
251
2101
2502
2215
3462
2109
109
1475
1579
4949
2188
3889
3325
3567
4323
2477
3028
975
3389
1470
1636
2523
1125
2503
4748
4727
1755
1876
2730
49
3023
1169
4596
3414
2153
3928
3221
1427
1685
4932
3425
3191
3126
2238
3544
1861
4278
117
4126
1246
3452
615
550
4343
3837
2293
1963
4339
4084
3514
1617
1128
4977
1628
2903
466
2884
3618
4044
524
2972
4299
3435
3479
2093
4659
4825
3576
2085
1531
681
2825
97
2326
4741
3059
2824
4799
3597
1714
4449
2956
1266
620
2763
4285
1833
1203
3791
3422
4141
2613
1039
3611
2002
993
4271
3141
3433
4393
4540
532
3506
2077
1547
918
3425
4625
2911
1805
3037
3715
1759
4404
1621
4930
2112
3085
4123
4737
2797
2799
1166
4745
80
3315
3534
3800
4104
4265
4781
1926
4005
4794
4229
1889
3615
1758
1815
1060
3082
3488
3012
2806
1478
268
1724
1559
1
2698
3567
4293
848
1279
1761
2008
4861
2801
4957
3208
1102
1369
2893
4636
1269
1195
367
387
249
4975
729
4216
3952
701
3530
44
2411
2656
2311
137
3282
1712
4436
16
2549
970
4309
3090
2540
4912
1793
1211
2557
73
4598
77
496
2867
1802
1396
2821
4899
4189
864
389
3357
225
4811
172
1753
2533
1991
4028
86
2808
608
4544
176
4085
2593
1472
2861
4705
1001
1734
2807
1898
689
2015
628
4671
4969
3491
545
1081
1586
4873
4295
4702
2586
778
903
3688
4311
2641
4044
1597
4035
78
4615
2949
2551
4405
3476
4736
3402
1217
1111
3610
3814
4261
77
4583
150
2279
3445
3742
2694
3187
2328
320
2648
1832
4870
3652
1235
889
1558
4099
3443
1461
1061
3504
1235
4865
3149
1899
2744
4580
1418
3365
636
1041
4160
1632
4045
948
3555
1906
3624
4663
4165
704
4722
1009
304
1357
2106
1085
3
271
1097
4101
4265
4082
3977
608
329
1257
3143
2804
4990
2280
2229
2951
428
909
3926
4121
3561
1475
2594
1672
1493
2340
2092
2482
2835
2105
3118
1990
2219
1083
4387
2283
3643
3986
2218
3329
368
4254
3736
3917
878
808
668
1461
663
1691
2284
282
1994
2890
2704
2724
2888
4508
4887
437
2325
4665
3465
2738
3268
3465
3978
3381
2972
4513
664
4992
4431
3804
4795
1252
4955
1127
4820
1727
2761
1331
1791
2953
826
1595
3459
1653
2707
4175
486
1462
1421
3785
2271
3251
4512
1131
2337
3075
3209
2704
4365
2928
2386
2010
53
3966
2034
4488
2945
1083
3754
3475
962
861
852
4100
4141
4397
3046
4700
4630
1272
1671
3962
746
2661
4594
3228
1147
4004
4627
1563
4170
1992
522
4890
2214
1216
3585
4585
2550
4758
4285
1685
2420
2697
4703
2779
3311
4084
4137
2754
2860
154
1443
1398
402
3287
4024
2331
2956
4292
2845
3546
716
867
1472
4722
3168
439
1488
4509
4067
2211
3614
1327
877
1074
1562
2471
1431
1643
45
1444
2613
960
1839
3763
4460
4758
1607
2073
3067
3725
2419
1135
3322
3457
739
4584
3721
3435
3354
4747
3673
2288
1422
279
2098
4280
2065
132
4185
2846
1755
480
2126
1796
4898
478
1395
4195
2914
1063
4985
147
1469
4211
1333
4559
4443
3968
3421
3938
4257
30
4725
3738
4822
4451
1632
4423
1979
3305
4564
855
1273
3896
2155
4183
1645
103
3392
1306
2974
3523
1489
779
473
3074
3184
2051
4145
1286
4152
2950
1750
1252
4972
4708
2483
274
2002
1514
2095
4922
2751
817
2147
3611
3368
1669
589
626
3673
2679
2740
3245
2587
3620
1650
1190
4079
4676
1029
4151
3107
1645
533
82
4245
4824
2539
138
973
2299
4003
222
2660
3308
884
639
4123
491
2099
4421
1996
1406
4088
1537
1534
907
3929
4899
1985
4764
4931
2942
102
293
2591
3156
3616
4645
3382
1838
2055
1769
3870
4657
3730
3730
2901
3320
287
4788
843
369
2024
4116
3210
4074
962
81
4082
1111
3682
904
2082
1431
2721
2167
1128
4836
1561
3401
4521
1552
1845
2216
4896
667
4776
4874
4936
626
2053
3226
88
4910
1989
654
1008
3868
3151
2054
2409
1059
4197
578
3029
3829
4943
238
1866
4705
3310
3477
4008
1982
2361
2338
3950
4508
2765
1634
4521
2855
2256
3085
4928
3017
3398
270
1769
247
3251
1427
4168
4537
3708
1544
430
3755
2082
3721
916
2020
4611
1483
1441
1417
957
3461
4254
802
3403
953
3038
1505
2269
3163
4277
1923
3361
4812
3466
3575
990
1951
271
2948
2059
4087
1407
3306
2604
397
6
854
2817
3920
832
4737
2545
3008
3432
4481
3374
2837
4363
399
813
1416
2548
3472
1622
3278
2255
4940
3826
124
2477
1266
1015
4582
1388
566
4337
1516
2671
4564
2577
1432
435
1282
3179
256
858
2970
2970
4003
236
4552
4582
1718
4448
4844
1642
860
2240
3164
1580
2043
1322
3822
1819
3551
1583
15
4592
3300
3285
1013
4537
398
180
4107
907
2028
1431
2361
4391
1492
981
221
2361
4208
4144
225
4241
2144
1471
4783
361
3759
2397
977
555
1109
4858
95
2228
4363
212
1498
4519
4765
2299
618
402
1899
2052
3266
3495
1224
724
1058
2140
4165
1311
636
570
751
790
2967
3960
2848
2003
4255
880
4379
4510
3906
1084
1927
138
671
1860
2853
4739
4582
822
4868
3955
3286
1708
4238
3885
2768
4709
1158
4374
121
3809
3139
4143
2924
197
763
3100
2804
2806
4288
3471
1571
4497
3414
4453
3420
1011
3153
3238
1168
387
4024
3169
3080
1452
1482
3017
1802
2475
2755
1717
2791
2759
4879
3671
4035
2640
498
3572
1812
2898
4657
1880
1333
3820
484
4463
1343
4116
3928
4630
100
2078
3849
4047
2794
3610
4379
4763
4177
3936
3311
3950
2352
193
3382
4936
4697
2982
4020
1903
222
3735
1992
4496
450
2306
1137
1011
3321
3077
2156
4930
2675
1357
2601
671
2897
915
3712
3596
228
4232
4214
1858
523
3990
3379
1124
3126
2751
663
751
3209
3765
1918
2839
4464
2573
3143
3195
2079
1423
3697
4354
1148
984
2620
2817
2211
856
3514
3623
2648
3158
4417
782
3942
3067
404
689
3841
3820
2772
3624
3043
1605
1153
4494
316
4180
1466
3646
4310
1370
3479
1109
3262
4016
4752
919
3907
1235
717
1137
171
4596
2146
4356
918
1783
1402
2280
612
3975
2353
543
2794
3302
4851
3271
4342
4845
3971
1952
4477
1487
3787
4585
2651
4384
2462
2094
3863
1129
1949
1503
3702
4235
4414
2312
1751
93
875
971
3108
3297
2317
2746
4986
17
3327
4208
3597
2834
4260
745
1885
835
1865
4599
18
4006
4933
161
2728
1880
436
2441
4984
3849
185
249
4826
2900
4124
3250
3030
1766
3319
913
2632
3842
3083
3118
1280
2628
218
2259
1448
259
2571
4956
1464
1519
3192
368
3651
1477
174
1540
2020
3300
4679
480
1558
1001
460
1031
458
1040
530
2702
4834
1568
318
1138
3552
362
2967
432
910
3049
3135
3089
178
1507
468
2253
65
3097
769
2226
291
4349
2851
3898
601
2278
1630
3700
1223
3817
4806
2410
2297
1129
1269
462
2371
4802
2115
3742
1390
866
4423
2771
3367
4323
2231
3413
3381
2402
4344
330
1862
644
3127
4732
4643
648
2227
4298
4147
1784
1391
3553
2621
4394
3791
3499
4779
22
2076
4930
4927
3503
4276
977
1176
2241
83
4234
918
612
2770
4403
1654
4175
3664
3659
2180
843
1469
308
1234
1153
1444
455
3510
4828
2652
141
414
3704
923
136
3178
3912
423
4700
991
3008
268
1362
4826
1558
2801
3090
4458
4233
4176
2685
4838
1787
522
4744
508
4113
1884
2731
1128
1348
295
2171
2844
860
2432
553
1395
3674
3927
3185
4348
4096
4373
1114
233
1919
1772
3530
1282
3898
535
2187
1212
4342
57
3129
3969
4935
2260
1526
485
2435
3346
2728
399
1583
4724
3151
3423
2246
4566
2956
2678
4831
4386
4160
2977
4924
1585
2631
2313
1140
4686
2421
3154
1224
4304
2866
3377
3268
2050
2267
836
3876
4180
4331
3035
1346
1999
1023
3884
2252
3568
2943
1816
2976
735
3011
1616
3670
1336
2015
2385
2976
2901
785
4962
4006
1251
4508
872
1823
107
1711
4908
4968
1760
2103
4412
2753
4160
3257
4446
830
4723
3415
2379
800
2561
4179
2202
3750
62
2258
880
3675
2177
52
1186
1790
1424
1150
3370
4387
3758
2594
3446
482
2660
1521
2266
1587
4388
962
4286
2941
4772
798
1668
879
396
74
2432
2143
3645
3709
3176
4935
3886
1298
3743
1026
3858
4982
3034
4999
479
3440
643
2759
220
242
1003
3649
4712
4188
3402
28
4950
3589
200
2265
4200
3046
2955
2474
1336
652
3922
492
4139
2222
1297
3839
4614
877
3090
2091
2651
1560
2217
2026
3619
1070
3344
452
4486
516
4173
3704
2258
2411
1800
4691
2348
4701
484
3460
1533
2490
3199
1615
3711
4994
4503
3563
567
357
4529
971
706
3543
4402
4635
592
4375
3678
4399
2712
3312
2681
2841
949
1104
185
4784
3014
3293
2899
3305
2046
4157
4726
3669
184
3703
3605
2050
2576
4737
407
3493
4874
1902
2233
2964
2328
4444
2423
3433
2741
4239
128
3101
1900
2974
4011
4733
2962
86
2437
2235
368
2892
4028
2359
4772
2727
1769
3595
3485
2276
3469
384
3586
3980
805
4901
3947
4145
4948
4451
4192
4409
1582
4011
488
2801
4406
3101
1161
1975
4336
4264
412
1765
226
2580
2216
3261
1286
3985
346
2805
2236
306
2409
3414
421
140
3582
2595
341
2942
729
1403
2955
3408
1616
4437
839
1648
3346
1206
1641
3281
935
139
1431
4790
1982
2819
4594
4816
318
1292
4950
2478
663
735
4858
1904
4803
3162
1871
3126
2025
4256
4283
3765
4430
2699
4738
3457
1582
3293
4500
1268
2736
1467
2775
1082
4243
13
4024
3207
3259
588
2153
3440
4655
1796
179
4795
4350
2090
1300
258
1907
4029
2859
3121
1716
2391
1372
4100
1565
1065
3156
2635
2423
441
3472
327
2803
1253
2523
1579
2237
3612
2150
3735
2263
2126
4408
1805
4677
664
3997
374
2571
427
2003
3308
1507
2664
2775
886
4066
233
4837
1243
964
2182
3601
4125
2720
3878
2116
1965
621
4710
2526
1506
1257
1364
1152
2698
1410
4445
1944
4479
5000
2887
2529
781
2297
3782
3249
3715
703
3505
2893
2718
943
125
4659
3942
3593
563
3897
758
2629
1152
2014
4745
142
1039
1921
3974
266
1993
2194
2881
3477
1888
2970
2949
3075
568
2082
1666
1866
2258
2190
1711
295
2936
2902
2381
212
1747
2758
2344
3496
1626
4924
325
3025
4937
4799
4121
300
1338
133
467
225
4004
4463
4930
3690
1187
2641
4800
2492
2126
4443
1546
3995
1716
1535
2144
3797
1469
3979
1162
2177
1774
3429
383
716
3434
1995
1987
653
4224
3577
1468
1565
1210
1205
3309
3032
3108
886
162
4591
838
2041
815
3561
3717
4222
189
2163
4560
2944
2898
4164
789
2021
3948
2610
2346
4359
4115
2145
4714
1705
2742
2015
2273
1765
1561
3608
544
832
4755
4202
3824
3397
231
2907
252
3905
4108
1643
680
770
1705
3914
846
2246
1126
684
3021
1574
1358
1106
983
1065
558
612
1918
1207
3974
791
3132
1714
1078
1667
549
3606
3828
3628
4479
2791
2535
3714
1747
2455
1395
2016
622
1347
3990
4591
1355
4200
2418
216
4018
1183
4003
2971
2435
2988
4801
2907
2590
2417
2662
3504
4938
515
1678
2058
3464
2399
2069
3136
1116
2466
4755
3848
3908
3034
666
729
4438
1014
4301
1447
1033
4059
4170
3966
1789
1598
1758
3113
2603
3045
4423
3212
3822
4260
3207
767
2274
4775
368
3307
2804
2128
2184
2558
2369
1068
704
4846
4507
4710
3425
1113
1994
4502
1837
4213
4850
3717
118
4455
3092
4333
3344
1394
1643
3785
4967
790
37
1078
1362
3432
3054
3045
4919
2937
4901
4198
2393
610
3029
4130
165
2956
105
4693
4200
2770
375
1321
1062
4313
4293
3402
1570
4517
2400
2664
1866
1142
3157
2810
4848
3249
1907
1573
4176
213
1344
2244
3646
2221
63
4389
953
2158
3813
2693
1026
2550
880
1044
4290
133
4032
3932
3010
1500
2778
2221
1482
556
271
866
4981
1206
4047
3165
2129
3766
4528
385
2105
952
2140
4972
1239
653
4618
4305
3041
2314
682
586
3038
1458
1078
4911
3756
2793
2594
3134
2273
2447
272
1821
819
3409
363
4722
1036
1139
4582
965
2887
3500
2198
650
3201
4133
3630
1638
2444
2484
4086
2583
1791
4124
514
3544
2827
3721
2196
4060
2664
2060
2064
4293
2280
1090
4456
3633
397
4380
2947
3398
2014
2847
287
807
3430
162
2994
2049
3719
2162
3487
4419
2563
2583
3628
1995
2008
1724
428
4323
916
4826
3260
3583
1177
87
3917
3739
4531
829
4794
1379
2893
2220
2208
310
3259
4189
3251
2174
1134
1982
4499
4725
3106
2653
795
3206
4753
426
302
3039
1550
1090
3087
3853
2711
4129
3134
2484
472
3090
3125
1376
1543
71
1730
1433
4759
3347
653
1019
2625
2480
2070
422
14
2289
589
3173
67
968
148
43
4311
2278
2274
1922
1856
717
617
3602
1648
1652
4160
4762
2539
2034
1384
1870
3665
4952
1843
2196
3349
1779
4072
4373
3858
732
4877
65
723
2332
2520
1113
2313
2082
4830
3765
4502
2713
2275
1683
2052
853
1731
1447
1640
2976
324
1339
494
129
4797
4917
3013
1213
4965
3289
1405
2622
3840
3658
2516
4489
4174
30
1550
760
1183
2785
4659
2200
2848
3366
3840
1598
4693
1415
3436
2836
4698
4955
1624
18
1729
4350
3929
3041
2208
1524
2241
3504
405
2410
4873
3384
3560
2681
1421
4566
4324
702
282
2899
2325
2141
3836
4998
4720
3854
1180
2815
1801
3252
918
1230
3811
4394
1958
207
2626
445
1878
2622
3024
4042
355
2835
3862
2732
2812
1793
1189
1701
169
554
1455
187
4252
826
4612
2955
3579
4479
3511
2987
2326
4795
1589
4182
212
4897
1269
1885
2261
3307
4404
4210
3066
1550
993
355
631
1208
2790
525
4169
1806
3341
2572
3307
1168
3781
321
4593
2695
953
3637
348
692
2609
1406
4705
1946
2003
4369
1730
3174
169
1256
1101
427
2850
4941
3002
2863
768
4106
1282
4934
2052
4924
1427
4425
2419
2182
4688
3029
4727
1955
838
1577
4118
2314
4333
3385
2347
1342
1972
822
4601
3564
2308
993
566
2795
2676
603
2142
3422
3690
1071
236
3929
1038
4166
1437
1621
4421
145
2194
1962
1312
4019
4182
4927
3328
4791
4426
247
690
2549
2806
1209
3307
862
413
4099
1907
3593
2681
373
4092
2419
4270
2852
732
2497
3804
4458
3046
4283
4575
1802
3993
1402
3233
184
1621
4818
3960
4670
24
4643
815
388
809
1684
3715
465
2584
2223
2657
500
2269
3533
212
1944
1515
3701
4941
3380
628
4450
4295
3257
2928
847
1489
3063
962
4164
1934
1698
3015
809
4137
843
4185
4773
2916
3879
4331
4828
311
378
1904
1830
4514
37
864
2029
3176
2626
3717
2740
1077
2966
917
3270
1750
3194
4044
181
1219
1091
4548
2629
2895
2575
4676
1302
499
4474
4848
2002
2126
227
1301
2265
354
381
1854
1410
1560
4668
2822
2010
1979
4802
1930
2283
3958
2929
1431
2410
3242
1674
2459
1017
3085
2415
4723
1255
2837
4494
877
217
2616
2563
2141
356
2034
2525
932
1261
4596
2089
3419
529
4491
1588
61
4771
2627
4003
4032
3887
2040
3306
2857
1627
1604
1405
135
2113
3407
1707
730
4209
3735
3010
3974
995
1621
820
4920
3131
4900
4539
538
4411
688
1962
3935
3844
2127
1128
1904
4765
3458
2990
4491
3419
383
1830
1373
1487
4223
3441
2328
1955
2284
2750
3769
2938
1193
2594
4645
4631
1494
3675
96
3893
3878
4306
2816
3518
284
3758
3985
2318
4180
3364
472
3955
55
1562
768
652
3178
3739
784
3668
277
4064
649
893
2050
54
1753
4872
3556
3070
3130
3875
3245
133
684
2536
3508
1200
4485
3595
1232
732
1972
1585
4973
4906
1158
597
4388
4144
4250
3403
2103
4765
3506
1560
1648
519
2584
2578
2993
3897
4525
894
4272
4567
3417
1339
2266
993
121
1536
580
4653
3073
4648
2475
4233
3724
3426
2125
584
1245
1111
3198
4179
1291
4296
1484
1175
2464
3993
3281
2123
3872
4647
1796
2987
2931
3073
725
4074
2094
444
2789
2644
3697
4718
4847
1589
4821
2491
1087
4304
4471
2558
1663
1836
1473
4346
4971
2991
4966
2815
753
3608
1045
1391
1028
4831
3596
35
393
439
1060
820
1443
1332
2977
3284
1534
1009
4454
4843
3867
3732
636
2490
1653
4998
169
3932
574
4372
3408
3737
3554
2880
3059
2621
723
2878
4444
271
843
1497
464
3696
4866
699
2613
2721
4324
2081
4538
4354
4059
3285
4056
642
2462
1854
4612
2376
1240
2132
4044
4557
3980
4099
393
4807
99
2180
3013
1207
2826
1311
535
2711
4070
3433
1420
3556
1918
4850
2790
10
3449
1661
3531
1507
1005
741
3918
2923
3257
616
4274
3192
624
3543
2038
2171
3021
4501
1074
2731
589
4146
4504
4567
2971
4647
2894
2764
4581
381
3069
4651
1090
1926
1548
125
2935
2066
1434
4303
393
4440
4251
2600
797
3840
3919
2686
204
4204
2411
747
1291
3883
2472
2820
1735
4304
3419
2726
4141
4210
4186
744
1069
3838
4942
438
953
2783
4012
2436
2973
4438
4813
4305
3558
4182
746
2211
2174
4059
4931
2535
1242
4932
2471
1503
72
1673
413
3596
1940
4830
3305
4121
1175
602
379
4999
1699
76
3568
395
710
2197
1672
2489
2646
362
3632
4270
4421
4914
5
404
1647
1188
1708
3166
2262
1407
4147
4824
3291
2321
2552
456
1802
3898
4815
198
4013
3199
366
1541
94
3311
1775
2287
1159
3247
2531
3033
1431
625
1317
4210
4074
713
710
3930
2930
3912
2657
4794
1057
852
2510
4883
2919
4712
3328
394
1522
1646
2864
1258
4087
3286
4306
563
4306
2618
459
3198
636
2112
1616
3008
1522
3213
1221
1185
336
1199
3271
4817
273
651
3179
1894
1689
2233
1971
456
2856
3666
2734
795
3993
4904
3959
267
152
1069
4944
3622
4776
3302
1479
4910
2437
3141
4575
2380
3032
1245
1555
3272
3410
977
2978
3916
1803
2214
1160
883
2365
1325
4524
2039
1418
4586
887
3611
90
2297
3214
3063
116
3862
4977
1995
590
4631
3596
2550
1457
4659
4629
3406
4604
1192
880
2956
3931
3555
2761
3120
1997
4366
3929
2510
2808
2257
3856
3689
3179
908
2436
2030
2325
3251
3620
398
4455
2370
3179
3409
2297
2374
3011
3373
850
1174
3680
526
1472
3532
586
4418
4925
4923
644
1742
1423
4398
3336
3297
3652
763
3540
4371
2370
4505
4500
3021
2165
3562
3286
1371
4078
3132
391
2255
2511
2259
2449
3417
396
4572
1848
3498
4627
3787
1546
4798
1359
1900
577
3114
4235
4323
73
3773
4585
180
90
1124
2083
4860
4607
2933
764
575
4183
889
4717
4590
110
3158
4401
317
685
4780
3835
4427
784
1195
465
2774
3161
4603
2741
4428
2037
3383
3716
3165
3348
4114
4662
4639
1931
3174
13
2423
3013
912
688
3785
762
4232
2760
3634
2810
3894
2114
1329
1820
3988
1438
158
2158
3003
1624
1050
3486
25
3646
2865
2161
3823
1401
4276
62
3730
2218
516
2018
715
255
172
2203
329
614
2217
3673
1636
2881
900
1017
1219
312
1159
3782
3398
1061
2077
3501
1
3255
555
376
2524
2570
1223
883
697
4283
1779
4784
293
2236
3831
3604
4769
911
272
1709
2691
4923
3712
126
1921
4000
1186
2658
1772
3679
2575
1880
2668
4408
2571
3801
1963
2173
2747
3951
1880
4484
2893
4145
741
3929
1658
1263
2454
1324
1132
3984
2724
305
1628
3342
1277
3416
288
651
4011
4751
816
3640
557
3865
2677
3325
3088
3967
4720
3626
2850
3267
2772
4798
4333
3980
309
1909
4020
896
923
4489
465
973
2737
1727
154
4927
2611
3433
1318
3028
3115
1082
2989
2604
2798
2349
131
868
4050
3087
4620
4536
499
4795
3489
250
1488
3405
2684
509
4172
3692
2307
2888
1953
4933
629
4722
4055
701
1847
3942
43
2435
3850
1183
4792
4267
4051
792
3641
2315
3578
435
1826
2265
845
1686
621
4420
2193
1978
1535
1282
1910
149
4095
1077
2876
4576
3695
4484
4094
356
1454
4202
4504
1926
759
2383
1895
813
1460
1238
1649
1
3048
1690
376
3280
3380
78
2938
165
3932
2770
291
1773
4336
1435
3029
489
437
3349
3298
3771
3257
2274
2372
2
4759
2650
3296
2322
4545
4480
353
1204
2939
3368
3113
1012
2369
634
1733
4148
2002
614
4101
2653
3971
4957
2530
2600
946
2926
3842
1283
968
3550
84
3490
462
4662
70
3214
119
4085
3213
3649
4537
2519
583
2044
3683
4187
198
2319
2786
1597
2570
1573
4860
537
856
3033
1005
3915
2637
291
461
1925
1062
137
2800
2404
4649
4792
3583
1594
4792
1971
4309
4422
2613
365
960
1703
831
4023
1420
4901
4959
1719
3782
193
1652
2911
4275
1156
2352
2317
958
1105
3398
4470
4517
2617
2849
4491
2931
4346
2570
3874
2403
4992
3647
756
2905
3470
1400
4735
3144
1049
2475
4966
4451
1917
4445
4268
532
421
1947
1001
1733
3751
1581
3208
1703
2835
1395
4560
4752
2769
4283
4268
4847
554
3749
106
4114
3405
3490
4265
3467
4935
2400
1629
4126
4565
322
508
3866
575
43
1112
2284
3080
1487
2446
40
745
189
343
2371
4377
3824
2979
146
7
1774
708
569
755
4968
4791
3196
4391
94
1926
1953
3596
2066
3405
4369
4369
3900
2967
3125
3107
738
1947
1005
3295
277
4101
3609
4433
4449
1464
2218
4624
876
1332
4282
1204
2927
43
4334
2283
1377
760
1225
30
4554
4271
3723
4462
3921
3095
1523
920
366
374
3479
1374
2485
928
4398
719
1644
4133
3573
3197
1886
1614
2355
1880
3919
3225
3803
1045
4410
1010
3799
357
4342
4768
2373
4387
4787
4939
4393
3401
4080
162
1610
3092
4743
256
1876
2902
3587
4136
490
4416
481
17
3020
2748
4622
767
2047
2257
3445
246
3068
4990
1974
3577
226
1512
134
3293
704
2760
970
4276
1763
2955
2586
3793
3214
4947
2236
320
334
2899
2417
774
1328
4955
4330
2064
2561
883
3989
4068
3482
1816
628
1515
2279
4147
1530
3910
2875
3743
182
2640
4874
2287
1792
3216
4066
4218
3769
2656
981
3601
2672
1314
1582
4605
4766
2838
1427
1207
1400
2970
3657
3802
3338
4660
829
4694
3386
233
3162
3525
3453
1756
4347
2767
3951
2043
840
485
929
169
3879
1108
1105
3663
3429
3906
111
2397
2888
4758
3126
517
1332
2777
3155
1939
1475
108
309
1996
2644
348
111
2252
3384
4969
664
551
3465
4950
3051
2093
955
2484
4576
1166
2340
1869
4182
311
912
2005
4206
177
4808
3651
3122
564
4899
2443
80
3861
3745
4448
1158
3615
1626
3959
687
3762
1575
79
3562
3891
4143
3199
1085
1831
3442
364
3986
3721
2381
2488
4504
213
138
4911
2325
3508
566
1318
1284
2956
3599
1884
3019
3215
34
4625
4750
1369
3065
1408
2539
921
2675
3602
4674
2227
3690
1159
73
2644
1881
2210
1713
4410
2749
4590
1277
538
224
3902
1016
1556
4707
2997
1397
2961
1628
2645
1696
1272
3088
271
3010
1427
1290
4620
1030
910
320
1085
4108
1784
3082
197
4439
653
3977
40
915
1598
3932
1259
400
2847
2248
1997
2926
4466
3867
3629
617
295
876
1530
250
957
4915
4961
2058
490
158
3816
2996
3046
827
3752
3458
454
4498
736
4956
774
1327
3446
652
3570
1377
2747
2351
4404
4651
1484
4320
1037
3927
2234
1361
3251
3048
4745
2235
45
2065
2061
3691
4039
397
632
4321
2160
2483
1058
2679
3770
4101
3501
1702
2082
2471
4020
4296
2800
3246
556
2829
873
1842
1225
4292
3194
2512
1282
4954
3285
3176
3090
4293
2898
3645
2682
4163
4301
3634
1739
1619
4029
2602
2257
3156
2525
3056
1230
1901
2916
4525
294
4481
4898
4409
2531
1014
4122
1761
3871
461
1165
777
3408
3359
4898
1845
3026
3275
4829
4183
4732
3857
2583
1154
159
1367
2041
3391
371
408
3453
654
435
168
1356
1634
455
1324
664
1552
4617
4637
2701
2752
2905
2218
2391
1040
4645
1056
1288
1812
1566
2196
603
4134
3442
4587
3910
3025
3304
3446
46
1654
665
2906
2079
1073
3953
4448
309
864
1000
2840
45
264
4105
4881
2548
106
893
3689
4440
2720
935
3276
2696
4747
2898
268
75
1309
3078
2275
674
3830
4798
1548
3564
4589
3670
1827
2400
1611
1579
1206
4419
1353
3990
728
4211
4924
430
4925
4833
1924
644
3129
1937
4393
3192
1148
2309
4054
1600
2643
3320
700
4004
4272
3830
1952
4410
842
3635
2413
982
1681
2851
2590
4367
4257
4258
3590
2118
4571
3030
4788
3163
3524
2525
4335
4946
2762
1600
4673
4001
4754
1194
3948
4929
2247
3108
3453
4900
3384
4676
1733
2446
3292
2691
1758
4431
4185
271
600
1857
1161
1791
2310
2921
175
116
2186
2317
1241
832
980
1699
3715
3435
997
142
1097
3816
4709
263
2795
19
4267
2780
2310
2068
4119
3456
2490
4448
22
341
1342
768
1600
531
3642
879
1692
2956
4378
1052
2723
104
4045
2501
2344
4973
4717
1397
1144
620
4283
623
1965
860
919
4189
1793
2853
4138
3617
4503
3869
3777
2519
282
2690
2197
1811
1726
1764
104
3456
2680
4974
4504
2289
2450
4274
1274
4018
3292
2547
1824
1326
4002
3522
3173
3698
2498
114
2971
2930
842
4264
3218
2800
2991
2774
1334
4594
3275
393
151
4946
4339
3495
1073
3859
699
1328
338
3933
4746
2435
2592
1972
4702
1996
2787
1720
1497
3705
1578
1221
1205
2243
2206
3855
52
2534
4674
4345
3883
2297
635
1918
3126
259
1301
3707
3949
3546
787
1157
4752
2560
4751
4117
2807
2119
4322
1789
836
3233
2175
1634
3587
438
1404
3041
4708
2450
2223
4885
2445
4972
4899
1197
4587
369
3149
3855
1052
4277
990
3605
3072
4302
1671
2277
3483
4180
1882
3122
4241
834
1015
446
1460
708
1148
775
609
3494
4437
4148
4864
4785
3816
2210
698
252
851
181
3993
4244
539
246
2338
2762
3841
3403
2017
3293
1041
335
2466
3626
3392
4117
2552
2864
1637
3107
3639
1605
2537
3785
4309
3933
938
3715
345
4363
791
421
3207
4287
343
2900
4973
3429
1841
628
194
340
3286
1419
2364
1346
1328
1411
1979
1265
1641
1493
296
2443
422
2785
2337
3001
4650
1156
1895
3182
2825
4149
4090
3930
1315
4403
696
3160
2872
2086
3524
1239
89
3819
2120
1213
2306
1543
584
2763
3857
962
2103
894
1385
1202
1484
320
3251
2501
4053
235
2155
4590
3093
3590
354
684
2012
4632
3524
2613
4409
2255
2476
2290
1078
3291
1482
2270
3779
2379
3287
901
4925
362
2279
4646
1495
3679
553
4282
459
2635
2760
957
1895
814
1016
984
1151
2575
596
2202
1198
2297
2502
116
4177
2755
1058
1503
1991
3772
2929
4703
2504
4791
1898
4265
1176
3058
3231
1597
4630
4116
4973
4893
668
755
633
4902
2843
4837
687
262
4981
943
4473
4659
4799
3256
2341
2138
2244
1319
252
793
2952
1390
4070
339
3191
4683
795
113
3249
1472
3823
1559
1224
142
1260
2916
4781
4931
2020
1846
2132
174
1053
823
354
3024
505
2353
996
35
2226
1561
4193
2589
1160
3081
4222
3001
3594
4786
3438
4913
2346
2472
4747
4911
1343
1121
2088
2144
2033
3541
4944
1766
205
2658
3116
3535
1483
2114
3246
1359
792
2723
4738
4380
3990
4430
3281
4953
1220
484
1813
318
2354
1291
644
393
1492
3876
1908
869
2771
897
3397
4421
874
4180
3010
2692
1005
2234
1311
1771
3099
1166
952
2044
247
159
4119
4329
3654
4617
4126
3179
475
3047
4627
464
2631
4531
2272
2723
1115
2380
3619
4804
1873
1937
4768
2714
4119
1212
2801
584
4322
1376
4912
2570
1543
1150
2560
2476
2970
1507
3582
2197
700
3612
84
2974
3224
3126
1038
3105
4262
3406
281
3950
3788
2003
3138
2478
1291
3998
1347
374
4928
2235
1534
4703
3498
2986
4748
1123
159
2325
781
4406
3786
2702
1043
4515
4044
2638
4701
1645
2211
3186
3108
321
4156
590
2139
1594
1462
3620
3692
1656
3202
299
2618
89
4842
2170
3660
4631
4359
1509
486
1964
4444
4933
3415
2644
3279
2779
2990
3680
1746
4531
4465
295
3191
696
2232
2552
2754
2550
4727
1072
4697
4113
4327
1556
4713
2483
1190
4686
4756
3091
1535
2786
4185
987
1586
3523
4889
2464
3109
384
399
1009
2573
2754
2093
2174
3325
1181
2044
3638
1224
944
3606
3394
4648
386
1344
4943
2163
3250
4576
2856
1778
2982
3381
730
3879
1638
2489
470
2633
429
4113
4284
993
2837
2986
614
2247
2320
585
3130
4313
176
2840
1350
4872
4422
3297
2733
4199
1482
1875
3935
4576
2259
1494
4680
1432
1503
3890
1277
1812
491
566
4562
3063
2594
4082
3337
1967
4741
975
3469
3843
630
981
4754
2544
994
878
4884
626
3086
4980
2686
4175
2153
322
2002
850
2776
1926
3575
2146
1600
1877
754
1782
4781
2847
3335
4046
4109
4399
2193
2499
2648
3857
783
2941
3055
4831
2227
4423
749
999
1750
3980
1460
3114
1958
3060
2950
3546
4718
190
4219
91
945
2575
2301
63
1205
2394
525
4842
672
683
218
4008
4376
4536
1426
3531
4337
3675
2170
996
3661
3728
2259
2911
4836
4052
4290
940
3570
4306
815
2853
1072
1612
115
2797
1653
4120
613
2188
4148
922
2479
2341
2930
1258
1058
205
1581
1893
819
2890
2908
3933
1702
551
1283
2763
193
587
2698
3852
4311
79
1064
4042
2511
806
1153
4414
4590
3369
4677
1040
1077
798
2364
3805
4559
1379
4727
3867
3631
2876
3284
4081
2215
4859
55
2369
502
2790
2366
473
1290
4133
1305
2941
1147
2686
1986
1025
3966
3996
2166
1775
4382
1507
3504
4760
2702
4613
4066
1523
4712
3804
4362
2962
258
547
3030
3962
1341
2058
3236
3227
1158
35
4488
3908
171
3812
4864
969
4148
636
1536
2195
2101
2328
3477
4411
696
3325
656
4533
987
4603
1978
3118
4255
1584
2469
1084
4942
3068
1434
1773
229
2454
1220
2503
941
2127
1565
558
528
4031
59
4457
1674
4685
3966
1856
4412
4430
2388
3320
3654
2715
4223
441
2236
2832
1158
3250
3757
2443
3536
4496
4050
4934
384
3112
1176
2447
3735
832
2392
4512
2987
4659
2168
1635
2700
4643
1696
3871
1308
3055
4027
3959
3455
2730
943
2659
2906
4452
3861
4848
3506
449
2663
23
2508
2965
4803
2482
630
3989
2931
3384
204
3542
113
2110
996
105
2290
1275
2383
1796
3402
537
1498
4883
2132
1928
2971
2148
2656
4916
2399
4234
2429
3253
499
151
4533
1408
4752
1951
3865
3964
3061
3073
4157
311
4443
294
4237
976
4242
2432
1374
3279
3862
1741
4601
4347
3128
4225
2409
601
2428
410
1294
1408
161
2876
435
2233
4666
4886
1325
1362
4165
1107
677
4002
1562
3566
3362
2803
414
4897
1107
2430
3858
1516
2759
1514
3306
4262
1558
4817
537
737
1931
2743
2873
3018
1346
4059
3169
2577
2846
3700
3549
1714
3598
2973
2483
1909
3227
1129
4448
2022
1114
299
3750
2844
2986
1673
2775
3789
124
1157
2197
3585
1083
2373
2066
2961
4280
200
278
3284
1962
4673
3547
903
2360
1850
1909
334
227
1839
4043
3719
1507
4282
4012
1600
2764
3215
2295
4467
2004
211
3519
4837
3546
811
3680
4585
4358
4137
1478
4520
793
2982
3119
2923
296
2420
2537
3430
2742
4503
1284
2991
4750
4378
3438
3447
708
741
3357
300
3364
3135
468
2962
3389
599
2705
3441
3476
516
93
493
4267
2096
1747
2417
3474
1220
1116
2232
74
1741
1044
2603
2600
3792
3909
1215
3956
1568
4659
1937
4487
3951
0
479
1400
523
68
4176
3458
1693
3907
4472
3721
1978
1082
1244
3628
2117
4685
3645
328
3225
462
1105
64
2004
1999
2727
3439
3999
1750
3186
2839
1696
350
1649
3873
731
3562
4368
2128
3652
1104
3584
2683
3630
4459
1719
767
4382
3264
2882
317
3227
3847
2395
3942
903
1053
3630
718
2937
4496
2948
1264
4992
233
2335
4450
2503
3390
1657
1985
3537
4592
2168
3475
1839
4101
1724
3733
4010
1379
4034
4918
3320
4135
3255
3206
1326
1724
246
3484
1117
3199
3851
3888
4975
2259
3119
506
3970
390
3055
756
3148
4778
274
2741
3827
4969
1728
27
583
2165
84
4805
30
1352
2393
4061
360
3014
2458
1601
1547
1529
3549
2404
1403
4757
4620
4461
2603
1899
4241
679
3863
2185
1570
1363
3782
3368
2173
4926
2339
131
926
2116
1851
1144
2708
3086
3261
3757
1185
3677
3209
4958
2829
1244
864
4671
3292
4703
1861
1225
2847
3379
4706
1389
1817
370
3516
351
459
4694
2869
68
3282
3
2087
1953
59
556
676
2722
1203
12
3827
2624
4627
270
1978
4382
383
4366
3632
2849
423
447
2726
1737
4290
1241
1600
3613
564
679
104
4955
3403
2967
4220
639
3565
3922
903
973
4008
43
955
3498
499
889
2499
3767
1995
882
1974
4295
4001
2156
2228
2173
3911
1180
27
859
4741
1529
1167
1516
3002
2671
3953
2444
544
4944
3033
2410
3060
4989
1067
4533
4879
2416
4974
3239
3031
3076
945
3924
824
209
361
1973
2250
3323
1089
2077
1230
2572
2130
1727
212
3477
4380
463
434
3420
4936
2338
3558
4734
2418
4877
3764
1569
4384
4469
2033
2633
2340
3509
1573
2619
4889
3390
2826
2534
1468
4886
479
136
3072
785
653
1943
974
344
2480
3404
87
3672
4525
3072
4110
2815
2071
2828
3125
1944
4494
1680
4610
3846
1911
736
81
3959
108
1901
181
2800
3325
1681
3467
386
667
2616
177
3987
2651
4143
2186
705
1566
662
1980
4354
4366
2529
2625
4508
3859
1881
676
4998
2492
3919
3106
1757
269
1225
4269
2252
1159
594
1914
2090
1962
4689
883
4319
4478
292
4224
341
2533
2091
1738
142
2368
3347
4709
3316
2317
1406
31
3740
368
1702
2821
774
4075
1483
2294
4081
4428
2173
2721
2424
4531
4454
478
786
2918
2305
4023
629
1093
4007
1648
4268
3013
2895
1128
2076
3979
2507
1152
3018
3549
536
3021
3902
3241
1027
1200
4824
4241
2391
1241
3170
2573
8
1925
1936
4787
3245
4535
3579
2760
2673
603
2750
3295
2411
4113
3682
1346
2792
781
3072
435
3178
1808
310
1005
1789
3173
75
3012
3779
2630
2780
4264
1949
4597
4793
2962
4235
2170
1433
1680
1800
4988
4627
4926
1803
1321
4361
1127
1909
565
1721
1722
126
1150
2219
248
3215
3923
3669
1049
3739
2010
4101
664
4699
711
119
4197
3922
3088
384
3475
3989
3189
2726
1352
1256
1218
16
256
4861
2932
3684
4412
2393
2475
274
4984
1484
4017
1222
2180
3668
882
2284
2718
4808
4829
941
4506
832
74
3819
2430
3368
1689
3773
35
4909
164
2193
2669
2151
961
2939
1561
4770
1394
2307
2134
4494
2221
3326
1147
4945
3228
716
4192
78
1836
1805
1381
3099
262
2571
4068
4396
1448
279
2470
1816
4950
2066
2151
56
2066
3434
649
4526
752
2737
732
3576
530
3748
1104
1872
2329
395
4074
4564
1784
4237
1528
4685
3787
4800
3924
1549
4575
3293
366
4945
4516
3814
4552
4612
1716
4210
3756
3754
3783
81
1477
1790
1544
1431
140
2368
2364
2311
1384
3029
1517
1411
4849
2129
4010
1642
646
4101
682
2680
3102
4395
2106
2338
2904
2179
2632
2545
4279
376
2362
3719
4830
1510
143
852
3965
3591
3852
1970
1748
205
3661
3726
2981
4967
2794
3323
3294
3737
4971
3174
664
915
3765
474
1392
1528
1358
1682
1014
1174
1281
2647
1087
1932
552
2840
989
144
67
2833
1792
1059
4604
1240
715
3388
3052
3303
40
430
166
4577
4762
3233
1846
361
367
2211
4809
4176
2989
1457
3462
3264
2416
3084
1520
342
2682
2433
2050
818
589
4038
1260
3837
3360
2020
4769
178
2919
1246
3486
2240
2815
1741
1838
4051
894
4130
4106
2274
4980
3970
4044
154
3502
2814
4033
2227
263
3255
3418
1587
871
1032
4859
3408
546
4558
1181
2938
2826
3764
1086
2302
1398
2598
761
2031
4559
1478
2864
3776
3592
4145
4504
3093
3714
2386
1494
2704
4439
1948
349
2987
4966
4263
2998
2761
4080
4389
2257
713
723
496
855
310
2645
1778
3852
1538
1057
1912
1463
4115
627
1313
4545
164
2679
3653
2214
161
4279
3537
4161
2075
1678
2171
3486
3680
1469
332
3615
3559
3696
316
3423
3897
2766
2402
1020
3713
930
4302
2801
790
4278
3699
865
3445
272
917
3612
4669
4181
4087
2634
937
1519
2429
68
1441
1282
4080
3975
482
2068
1101
3600
2778
2345
1463
148
2141
807
4055
591
4065
3858
3267
2478
2327
4943
747
1129
1742
4658
1433
2901
4512
2083
2135
475
4215
3250
4607
2965
4991
4927
1413
2539
3132
1691
893
815
1119
284
1478
788
3468
4445
4216
2516
426
1681
2089
3400
3868
3292
2678
3032
2676
937
4641
987
829
275
635
2340
3883
4811
2860
1941
274
2930
3760
360
622
264
2943
3040
2611
4889
672
2570
3388
661
973
3340
2131
3573
3905
4081
3133
3515
3784
2645
2201
4428
3251
4365
976
2494
2340
1008
1612
1328
4447
529
4747
860
3583
2459
2727
3092
4372
4040
1640
3717
4302
1277
4809
1736
853
1221
4274
2056
3841
1876
3138
599
4492
2051
3226
1293
3889
3471
3703
442
419
4795
3792
1735
2101
1561
2088
3938
2553
174
2955
3073
1385
4976
4764
1512
1770
1488
3979
2793
1719
2445
2759
745
438
3259
4965
1802
38
3405
3394
2313
1070
4218
1973
605
3666
2373
2019
340
160
2518
1656
2412
807
2062
4176
1941
2801
713
3562
4124
2703
3181
2427
3182
1483
4062
438
3728
625
968
4295
1177
4340
1886
436
845
4646
1679
107
4943
4410
56
4742
2772
3524
3794
3287
3273
1034
690
3549
3191
3442
1214
1994
71
2371
374
3938
4816
2520
507
3836
1846
1442
1214
793
4585
1983
493
2945
2391
1455
2211
800
1093
844
4471
70
254
94
3557
2161
1116
4964
3789
3693
2242
2228
1503
4490
4376
482
2492
4126
484
4450
614
456
2528
209
4834
4265
4008
3601
2920
914
3434
3241
4285
770
1441
1099
3682
1211
1646
3748
2039
3995
152
2669
1377
4554
2448
1080
1153
4980
2077
2853
4682
3673
578
2366
1825
1714
4940
407
2344
1275
2073
3680
793
600
917
1730
2411
2553
708
626
3263
1087
27
4465
4655
1503
274
1061
4897
464
1370
3605
4745
886
1820
448
789
1986
3659
1480
2327
2641
974
1488
3220
2445
37
243
875
1615
3402
1976
1830
73
471
3057
608
312
86
2188
1149
2553
734
1917
528
3623
2544
4940
4982
4277
1916
3584
3552
2811
1045
4011
3382
737
4563
1069
4431
4456
4833
1924
3948
3472
4541
1507
4991
2267
1440
453
2529
1281
2456
1397
1235
4630
3295
3464
150
4748
150
3716
3653
2546
4926
1631
2626
4805
388
4294
3598
1148
4956
1774
3561
4920
1656
2907
305
450
4106
1035
1167
938
3376
2703
4486
3507
2716
323
3902
2309
1246
1665
4426
2122
831
1650
603
4110
893
2360
1702
554
1666
3340
1363
2630
3349
1708
4868
1506
752
3267
1503
3897
548
3841
1413
4907
3310
3232
3488
4747
1639
2613
208
3467
921
3899
3630
4436
1761
2214
2543
310
1943
2401
2735
2387
4471
4856
2646
2224
2195
4564
4853
2310
4572
4178
4116
715
2840
138
3065
1501
443
4163
4341
372
3455
4969
3922
4401
1961
1905
1465
3018
4321
1721
4825
4668
450
2975
4686
2438
398
1595
3915
1684
4361
3423
1694
1409
433
1862
61
1824
1470
3486
4051
3175
2789
4072
751
755
2818
2345
3381
3012
3592
2895
2783
713
642
4193
1802
3071
3814
944
4508
1341
4337
4318
2466
3029
1489
3395
2350
4000
947
4309
4888
2447
3693
2985
1944
3320
2739
450
1092
3037
1207
1160
1334
1231
3667
1074
4211
3889
4696
3275
4146
3380
3635
1529
4357
1468
2687
3926
774
3631
1135
2872
4583
296
984
3428
4304
313
3018
1146
4222
2110
2273
3469
4516
4797
430
4771
1315
2912
3495
1410
1336
3076
2430
2558
1714
4162
786
1458
2191
1132
2289
4411
525
4976
272
2131
3433
2942
1945
1680
2367
1289
807
3814
3082
1819
364
2657
1669
595
2008
4828
3731
580
128
4559
3225
2788
3935
110
1852
4307
3373
4975
1270
1054
2404
722
504
1158
3888
3351
3451
237
627
1000
1227
3131
3596
3721
3006
1837
4328
289
2711
2984
2012
2853
4272
357
4440
3317
725
4868
3780
1875
344
4474
788
254
57
3522
281
1974
3603
235
326
4169
1352
1014
1097
3039
3837
1424
2787
638
1177
4679
2043
1585
21
731
4517
985
590
1170
4068
701
3721
2805
3842
927
610
2500
2594
3710
3034
1759
3410
2741
2304
4572
4750
969
207
2014
2172
3224
3009
3942
1576
362
691
3336
1852
3793
2529
4293
3765
1868
1190
251
4974
2309
2906
4866
4512
82
4786
2355
1783
1728
2159
3095
2670
4824
3531
2178
4627
4026
3609
2503
1801
3424
3079
1130
471
272
4592
4799
2280
752
2631
2405
3480
2386
3695
2876
318
2065
4533
4016
4709
2527
473
4211
3280
2805
3485
3851
671
2119
697
2789
883
1093
520
767
1499
3360
2788
1255
3120
3406
2852
827
1799
4342
3124
2540
2283
2779
4980
4550
1872
914
4485
2682
4982
1070
2823
332
3451
3484
835
1975
4982
309
4322
4150
182
2671
2368
1446
2797
2088
2413
1271
3207
4887
363
1052
2748
606
1474
802
2724
3139
1861
198
4603
2280
332
1897
3053
4438
526
3137
3545
3832
1387
2234
18
3000
3744
6
131
2093
4965
1860
3548
2150
1106
4016
3194
3891
4610
3342
1896
3952
3853
2187
2842
4370
4232
2946
1790
563
1131
4606
2194
4079
1294
4431
1262
941
4311
835
3578
4621
1015
3187
88
1170
772
3784
17
767
3427
3068
1364
2193
3463
2995
1792
4189
1825
2106
2743
1464
1100
3840
571
255
4767
984
2122
4818
2770
3136
1305
446
3752
3034
190
332
4596
2784
1818
914
4319
3195
2304
2206
1454
1119
3734
2410
44
2263
2014
2148
554
223
4823
1545
3501
3250
3461
2705
2237
2793
4687
593
1345
3662
3041
1189
219
1135
844
1280
4053
4948
4411
831
4866
4022
3027
4971
4279
2602
2300
2644
3014
3304
3191
1644
1036
432
564
4165
4705
4963
2326
2159
4514
1173
4978
517
1346
939
4523
2453
454
3361
2303
3570
3783
1203
565
3545
3515
2299
866
3008
1430
3201
2082
4536
2849
171
287
4158
849
816
2463
1782
1195
2508
2050
3153
2469
4141
984
3115
3778
688
1605
4101
2301
606
496
4015
3654
880
4331
4159
2572
59
3934
3855
1168
1516
3817
764
2288
4858
4193
3113
2549
2852
2619
2030
4490
4146
739
2852
1568
2110
2635
3316
2596
3881
3765
1977
3785
1605
1286
1790
2127
4028
3156
108
4156
4781
3169
199
1349
2218
3627
3857
615
2518
4463
3056
3742
616
2112
224
3184
2333
4252
733
3955
4077
1057
4468
3447
3737
2699
59
3807
3676
1022
2545
4585
3337
4420
2173
4459
3257
2698
543
97
567
1340
916
2477
1116
1436
3616
927
4498
4270
3459
3653
2788
1406
758
1665
2617
748
2450
3724
755
3591
262
3763
3844
1741
2607
1272
2332
4575
1013
91
3470
2579
1861
4082
3850
177
4350
923
940
1407
2210
2184
23
4928
3271
4955
2998
3408
4054
1840
3322
927
4062
2924
4410
4401
4044
1705
1801
6
616
3363
4444
1924
1567
2537
3659
4846
3513
902
2835
2651
2820
4927
3748
702
3522
4101
1114
3851
4985
3300
2518
4177
1966
2775
3781
3379
2866
2182
75
3091
1124
5
1728
1810
3789
2881
585
2883
2337
752
4367
3028
4793
2981
1607
3385
2092
2835
450
2684
2302
261
738
4671
2019
949
3151
1645
392
3492
2768
3448
2081
1075
635
1318
1732
4151
1788
937
1874
4203
3320
1071
78
949
1166
2675
1266
4824
1763
357
3692
1672
4509
1758
3612
1989
1694
3218
2499
262
3129
2666
2135
3229
1171
1010
4261
2393
1095
3953
1243
1176
2380
3084
4613
1015
974
961
91
1613
2262
2830
119
613
1165
2084
66
3422
3987
4629
4844
2954
724
1430
4211
24
1318
2517
1809
3599
4610
1121
673
3627
3935
2297
1764
1184
3331
468
393
3198
4256
2186
2783
1619
2883
3678
4754
1201
2103
4834
2432
1002
4504
4270
1642
1259
2164
36
4848
2107
3341
4319
1138
2943
3060
4311
4730
4473
4894
4135
101
2001
1346
225
2706
3476
322
4480
3379
3716
3697
1045
1570
1965
4990
2774
2143
1092
1425
1232
4344
1071
2381
3703
2618
4489
3994
2538
3402
3835
3969
365
2787
4574
3156
4790
443
4958
4097
4435
1277
4609
3169
2722
909
4708
59
2135
4621
1604
3082
4955
1887
3927
2030
313
1880
2501
1107
1104
4570
3350
2613
2435
4008
1512
3832
1947
535
3653
286
2144
3433
4011
4344
524
2781
4855
2749
4369
4482
3634
3800
1027
688
1295
2284
4149
3332
1477
1483
12
1388
868
758
3461
790
3299
432
3541
2077
3521
335
2414
738
2459
2840
4643
4602
3222
1732
827
1379
489
1253
3823
3003
2306
1980
4373
3397
2405
4772
1071
3804
3799
1461
1159
1451
1126
321
4211
315
2629
1753
387
3725
2165
1277
3189
3861
4775
346
2959
1066
271
3159
660
4315
1776
4539
181
4112
3214
707
4046
4499
1960
4910
3654
102
2829
3536
4241
1218
655
2991
3794
4310
301
2045
3390
1702
4043
2795
3692
87
4684
2638
4883
2243
1494
3227
4665
1212
1124
2752
3617
765
1524
229
2352
4788
2572
4899
2806
405
2281
19
800
3532
4167
3754
2347
4421
4632
509
2552
214
3136
622
4335
2377
705
4119
2388
4982
2298
960
1282
3982
4749
1459
3345
241
672
1767
4631
1161
3346
91
3284
1779
3941
2136
4876
4851
282
1584
126
2787
2987
1522
4602
1025
2339
688
3542
2083
1901
750
4295
4805
4069
4254
612
2568
3539
1299
3346
1109
3770
1572
1627
748
1288
122
4463
3683
1777
4633
2719
1060
1875
4763
2996
4662
3343
911
476
517
2659
1203
783
3732
824
2936
2124
4541
2688
1049
2427
3135
624
1682
650
2224
3290
3117
2249
2676
1387
1587
899
1950
2572
2166
352
2545
3363
1786
1297
4345
4620
715
1960
1042
2120
771
4234
2423
2603
3858
3356
3667
4776
3010
3682
931
519
4965
4669
80
524
3227
414
986
2635
4400
520
3933
2070
2649
519
670
2976
247
185
4576
2304
4536
2848
2971
456
240
3361
4542
2788
4072
1765
4505
4123
3622
2623
2546
830
2309
2381
989
2934
2591
4329
1482
4231
3105
3735
585
3134
2075
4362
965
1864
766
3597
4030
1156
1411
4351
218
1887
3343
2550
1003
4873
1034
964
2631
1776
4039
1271
869
814
770
4644
1272
2973
534
889
3576
235
3320
4478
4144
2033
4920
196
2240
1586
2545
3192
3686
1669
2989
4701
2939
2069
402
2921
1952
861
2104
1015
824
4646
3478
824
3997
2173
1809
3051
2660
3502
2619
193
15
4256
2
3956
1323
3746
251
2930
4157
210
4414
4377
1826
2430
4751
4490
3657
1904
145
2404
901
956
2936
1543
2308
4219
2171
1709
2832
1094
4451
3093
4851
4544
4232
2904
2976
3806
1179
2553
4786
3732
3293
1042
4855
3703
1618
4511
2634
629
1165
669
1006
1247
3477
3650
1708
517
1095
1374
87
4878
790
741
1551
3809
4374
854
1459
4018
4681
3122
3455
4206
511
2740
3432
1584
1911
3571
4027
3140
1299
615
3773
269
3415
1614
1614
4275
4085
1535
2045
4018
4378
4589
2903
388
2417
3442
3107
4015
2672
218
3631
242
573
985
4749
3079
3491
2728
4237
2635
3622
1940
3333
3966
3046
4569
4222
3268
4223
1833
3703
4438
2376
475
3685
1406
3961
660
773
4369
1490
2383
1727
1030
584
873
1745
2397
1421
2181
1692
966
404
1172
241
4977
3520
1126
3114
2480
4770
2661
896
4116
4879
4977
4331
1725
3293
1605
3590
3036
1432
4712
533
470
1752
1720
517
608
952
1240
424
2151
102
94
4737
2407
1824
1604
4511
4995
4935
4946
3041
461
4805
3058
1405
4078
1994
2190
3305
1406
3535
251
1816
783
4437
272
2904
2498
82
86
3801
608
3905
2127
3582
4525
3307
4719
2360
42
4443
2160
2710
2571
2527
1008
2193
1377
1545
523
54
4640
1714
4878
1678
3658
2972
1855
4667
3795
4168
47
420
3257
2684
43
1097
3273
2202
2981
2314
213
3962
2688
1568
2608
1745
3657
211
4782
3766
2243
1057
2794
2943
2608
4410
892
891
2824
4444
1121
4121
2498
4535
3036
3623
1188
3095
1704
1461
4549
3737
1062
4364
4343
106
4629
4836
4872
4059
1321
256
102
689
2008
2865
4699
4735
4540
4544
2329
2544
2190
1360
4191
2343
2420
2765
82
1585
2481
4762
1441
4577
3310
2705
3899
2955
820
2845
2470
3010
4226
4704
1519
680
4435
3217
915
842
164
1387
4073
4522
1092
242
24
2873
4662
1724
4251
1126
4190
2993
1081
4079
391
3248
3257
4790
2848
2622
43
4083
2727
3332
179
3560
1249
1739
2702
1203
3519
3116
213
3998
3091
3509
3898
3228
4303
2155
719
2396
119
1218
1290
468
1248
3229
1300
3797
2051
1154
2970
2592
728
421
4684
3364
3130
1163
3704
240
3548
1051
3380
4252
1437
3263
1026
3857
827
749
1501
2565
1322
587
3979
2436
4496
321
1405
194
995
92
2057
1621
126
597
2163
4498
4527
3936
517
2150
1370
3861
2240
3595
3458
2572
770
2525
355
3998
1680
553
1348
4804
930
2507
2745
269
905
4720
2117
748
3115
4745
4181
2552
1177
635
2012
4038
2309
1216
2702
3976
673
2035
3795
3143
4113
2936
4193
2816
2197
4831
1738
2379
2112
4403
2078
4829
2781
2830
3256
4383
25
28
1657
2316
2808
4103
767
4333
600
651
403
2245
2544
902
3884
2762
1185
1073
2538
1522
2506
2783
2942
1942
1988
1275
4647
3063
2249
1445
3314
4183
4245
1457
1494
3366
2005
4132
4824
249
2403
1069
587
3450
47
609
1108
1619
1151
194
3836
4733
3680
3483
4208
4733
301
239
2273
1654
439
1209
866
2251
1052
4951
1802
3161
290
2334
562
751
4256
3231
3381
1547
3517
4988
1553
4113
1555
3901
2142
786
261
1155
301
1464
1328
74
4991
2588
2938
799
1035
4842
3122
387
4665
1229
3196
3714
1586
3324
3454
3642
4328
3810
1431
4409
4183
2485
3736
175
649
3919
2010
4781
4433
3635
1083
2566
3835
1733
601
1241
70
1776
4844
4835
4837
533
2930
4714
2975
2301
664
4857
2211
4393
2121
1925
3792
3955
229
1646
3315
4436
349
3414
218
2331
4458
3219
2920
1068
1112
3858
2329
2575
1916
1415
3871
4113
2205
3938
211
2705
3876
670
1282
765
1672
2675
921
3774
3337
2497
4919
925
877
1506
1896
1342
3904
1547
12
3886
3677
1167
1538
3784
191
1581
1158
3796
3844
2035
3231
2053
3340
1092
1843
1485
1786
1248
602
2702
4279
18
725
2436
2386
1675
3603
2012
3508
3884
3832
1042
294
528
2338
1600
1317
2231
3532
2577
1266
969
2572
4683
4334
2243
451
1487
973
2821
796
3147
4072
4868
217
1477
624
4964
1251
1278
4184
1851
2894
301
4186
1669
291
4312
33
469
1106
3885
2645
2171
1293
973
3071
3943
3911
4941
233
691
786
1653
3818
323
513
580
72
1794
2241
1647
2640
1293
4808
3668
1582
1216
1389
767
3141
1067
2808
1614
167
1865
4244
4343
4570
4255
1476
1357
743
3106
458
2566
1679
4765
374
752
1070
4058
2857
3430
1986
1384
2629
1590
4387
1577
4453
1057
2690
3665
1123
3606
527
3977
351
136
463
168
549
4975
2805
3219
3491
2950
987
609
3025
227
1190
356
4284
2675
4750
3164
1979
736
319
3557
571
1697
2257
2553
1635
153
2190
1809
2135
4392
2947
1691
284
2465
2682
1274
2135
4936
4763
166
4759
1161
4650
3260
2245
3438
3458
3695
1016
1497
4283
4746
3520
382
2262
2954
63
3230
1485
4521
4960
3420
3371
2021
2861
2041
1264
1676
4584
967
4032
3155
2382
4269
235
3080
676
3421
3480
1218
3861
540
3303
3097
2731
171
2646
3814
3806
4400
2510
579
1346
4431
3966
185
4726
4633
4092
1400
1655
1582
3195
3732
3977
3089
418
2665
440
2814
4674
1199
2148
4762
3243
3458
2074
2776
346
2519
1363
687
4476
4998
2748
3830
2826
1095
1432
4012
4664
4210
3347
2620
89
4107
4361
3590
1807
4596
3100
1146
1388
4410
2022
3062
4978
4686
3878
2482
2085
4852
699
2657
28
1589
1580
2469
1220
282
1019
114
3379
934
34
2928
3018
669
2347
536
3662
2852
4631
1625
2671
3197
868
3825
664
926
3253
1118
269
1849
892
895
3339
88
3172
2162
622
4817
1410
1885
2130
2677
2838
3072
2204
2035
1444
685
957
643
3211
3076
4205
122
2645
238
2803
4780
2844
460
2167
3898
1746
171
2448
318
2771
3004
4303
3227
4636
290
3266
121
3932
306
3253
3939
2354
1381
4496
1688
3976
4106
4781
4602
1
1841
1870
504
2171
252
3990
447
990
3969
4403
1009
861
33
3521
4745
4645
1285
59
795
340
1904
2697
4402
4784
4991
1252
852
3688
4119
542
1966
386
4051
256
1666
738
1482
4187
3612
250
4386
2490
4878
2413
1652
1386
2683
3254
2699
328
257
3681
3193
4403
3385
1439
4453
3660
4764
236
3329
3159
77
784
3907
2986
4250
317
133
577
4617
2517
2544
4273
1593
1473
2911
3081
3045
4069
2934
2566
3728
1729
2414
953
4115
3836
394
3202
1195
1799
1042
2222
2266
2420
1834
2024
3172
2234
2188
493
174
2365
2750
1814
2776
4401
2272
4726
1900
3724
2191
4080
729
284
1044
4964
3935
1875
199
2873
4514
3220
3873
3626
608
4404
154
3280
112
4191
132
1975
1648
3234
2435
1975
4588
4096
4266
3948
4155
697
3856
4616
4415
4385
525
2408
538
1267
4632
595
4740
2487
1546
1285
1638
464
3471
2916
4196
2543
2459
2196
4873
1727
2509
2753
2680
3015
3156
1056
566
2725
2456
885
3364
2864
1256
2626
4485
3383
3640
2096
94
4363
1359
1564
2719
4052
1937
1896
105
2886
4432
4540
2485
3912
2705
1757
1171
3958
3641
2046
2138
385
1227
2818
2639
4500
3384
527
2226
1157
2954
1277
1555
756
2314
3118
2281
3257
3393
3180
3262
3037
1976
3147
4342
1994
207
4546
4884
3242
3423
512
2685
3217
558
2450
4254
2720
2341
3643
2132
2159
4797
1335
4182
3107
1216
4861
2476
4673
2647
2967
3748
2161
389
2809
2584
3167
2209
3313
868
1706
3103
2645
3015
4650
740
1399
806
2832
507
30
4550
2808
1142
499
4984
3727
3143
1670
4232
108
1395
3424
4833
4326
4920
2795
997
2162
4461
1624
1037
840
2364
276
663
2991
4479
4841
2909
1448
522
3263
4274
2527
1894
643
1390
3989
2790
576
4789
1476
4167
1644
1950
348
4641
3432
3822
2946
2999
3100
3666
841
1921
2875
4809
1805
473
3743
4411
2000
4280
1148
4957
1275
3509
3046
4872
482
1415
377
4380
3719
2942
4733
4360
317
1477
4486
1941
642
4321
2240
1373
1300
3011
1169
4468
4413
3307
167
3846
3432
3451
2671
4722
448
644
3158
1786
1672
217
1380
246
1307
1117
4006
2970
1808
1906
4033
988
1319
1602
903
4257
4230
443
2620
2491
1222
1002
4244
2886
415
2063
2394
1321
3333
1102
4552
652
421
2999
419
4485
4903
4956
4520
4498
3525
4145
4370
2591
1499
4138
4225
816
4879
4213
544
2582
3177
1768
651
4042
1264
2028
3941
4054
1327
4528
1874
878
173
2785
850
660
3335
2313
1350
1846
4024
3927
4878
2686
3672
4570
2868
1891
1839
2517
1609
908
4161
1664
1834
663
988
164
1358
3749
998
3623
833
1067
3392
4897
2696
621
1298
4496
1305
3822
4086
2337
4800
780
1372
4798
1450
814
3855
3703
336
3769
3516
3550
3906
1974
3796
514
876
3705
3830
2943
183
2042
450
1843
963
2573
4502
2755
3566
4166
4188
3754
3774
1418
738
4497
2887
3352
3454
2194
2639
2550
1505
4278
3765
2960
3856
4918
4333
939
2515
14
1211
4866
3089
357
4858
2292
113
1377
715
1710
2976
4858
2975
4754
1803
2956
1554
3733
4773
1352
2614
2349
2455
1386
3618
990
3013
1390
2141
1513
753
3255
3335
1343
51
735
3070
234
3975
1688
4644
179
463
3314
1050
563
4074
3670
2831
671
2347
2131
4011
4885
4343
4281
4941
2945
4743
2811
2613
3355
1617
2346
4834
4734
4176
932
2189
1135
4217
425
1968
555
1267
1135
2731
3687
4314
2393
1335
2401
1819
1029
349
971
2801
768
2757
579
3031
4050
439
2355
1074
482
1624
1050
3713
4956
776
1529
4576
2448
3379
4660
1136
2113
2033
2971
3075
2095
4012
1176
3298
2354
2075
4420
2548
1546
2160
3443
4058
2230
3572
2515
1907
170
2633
1934
3478
4796
1982
3964
2578
4572
581
4355
1873
4422
3190
653
254
2528
2381
192
1349
856
4824
2267
2795
834
2440
86
1421
48
2209
1672
2610
59
3593
443
3684
4970
1796
3102
3044
1889
2624
2374
851
3623
1496
813
688
3156
2444
4068
4506
824
1306
1170
1034
3468
3451
4183
731
2411
4177
58
3085
4134
3429
823
2043
3975
413
1611
2736
3465
2840
3540
605
3871
615
2640
297
4935
4925
4510
2503
3389
2233
933
2336
4471
700
4428
3982
833
4380
3176
1571
1305
195
3977
2892
4784
3754
3540
4378
3578
4510
183
4315
2989
801
3228
3677
4137
4918
4984
191
3106
3001
1713
172
1967
130
71
3841
1535
4528
432
2717
466
4229
1733
170
4889
2970
2338
648
2371
3105
3728
2768
2106
3989
3559
3197
1577
2722
3748
1417
2851
3239
1327
4214
1647
659
1044
1795
1942
1821
772
878
3808
3133
3414
68
2994
4749
810
2368
3718
1285
1030
4608
3052
251
1702
1865
4260
3847
2708
2576
350
1467
1396
3874
4517
4973
4253
2373
2324
2224
1255
4734
1537
577
4608
1544
3019
1585
3610
3888
3467
4304
518
675
427
3344
4701
3659
1986
3684
2099
1189
2074
1181
4056
4925
1406
951
793
257
4138
3501
1473
4792
1469
4757
169
1721
801
409
555
3704
4604
4457
2860
1959
2715
1792
665
88
2914
4155
2292
2561
1745
1877
1278
4866
762
3655
3022
4917
1929
977
58
2638
3029
3146
4121
2532
3716
1905
512
3786
4447
3087
134
846
1848
3669
4662
3196
3731
3535
3102
1835
3074
612
822
2344
2203
863
2812
4665
387
4283
4936
2412
3480
4973
1971
4733
2270
1230
1485
3136
4032
3337
586
1644
1542
3776
1910
4642
2036
4644
3360
4018
1738
120
3695
1052
4212
1721
4967
1454
1740
781
1906
2565
2367
1145
2062
2623
2309
1661
1694
4341
1709
4341
3109
449
3553
1545
644
1555
2578
2528
4473
3818
2250
1179
4376
2525
1436
4543
1824
391
4141
4268
3787
2270
649
692
3171
2458
1319
443
3925
4609
4790
3797
2564
1485
4065
3934
3813
933
2526
91
2998
1166
285
492
779
1363
3682
4997
3278
776
279
1320
2616
1927
2354
3986
2940
720
594
991
1432
4855
1577
1994
2679
401
3104
4919
1199
3683
1862
1741
1994
971
4362
482
1344
4164
3394
4779
4675
2938
4228
400
1522
3146
4955
2883
4807
1891
826
2414
3184
3139
2472
4425
3342
582
1828
2551
4244
1153
3378
730
335
2406
4178
874
4525
4460
2896
4688
782
3601
1554
4259
1357
507
2480
4157
371
1198
4802
2540
1522
2748
2718
669
4144
155
2060
3740
2443
1805
2171
4811
2320
723
1895
227
1328
693
1648
1673
4375
4746
4279
678
761
1145
521
2059
4507
2662
3948
3339
2490
3659
3234
2208
4449
4279
4971
1441
3134
505
4831
4129
4721
2388
3963
2993
4463
133
2427
1633
4905
4021
2605
2439
3255
2398
4705
876
3147
2536
366
3994
1955
1366
3913
3392
1695
1804
1379
1087
1638
4207
1044
1263
329
859
562
4812
2387
1831
3462
4380
6
2481
2249
4267
3461
4457
2874
1787
2777
2877
998
960
1015
245
513
2620
383
3812
1591
3611
4354
4503
3178
4081
4599
666
1128
970
870
4816
4566
1748
4785
2197
2755
668
3259
3939
2232
4796
2828
1581
2674
4605
3732
1715
4534
3944
3540
3255
3182
1287
1754
2224
2156
3771
2697
3907
1489
1506
3783
0
4577
4172
201
1271
2267
2256
3630
4684
2196
2552
666
4745
1972
883
3503
3194
2161
1278
492
3161
1632
687
968
557
851
4558
4523
2030
4650
4374
3270
575
520
631
3699
936
1077
740
626
11
5000
4475
4206
631
3411
1211
2433
1708
868
4808
3263
4316
1765
1021
3739
3049
1303
2294
3255
2179
4226
3172
3127
4597
4082
3791
3450
3941
4441
1860
1980
2252
4394
798
519
4752
1078
3483
1161
1959
4231
586
1037
3375
4136
3529
812
2600
3330
691
1664
3203
641
1972
4736
2307
2138
1816
4274
2783
3066
4682
430
2909
3973
3001
3069
404
668
3824
1273
4422
3023
593
2649
4274
2084
757
4362
1427
1439
185
3337
2588
3639
3632
4790
1999
3270
2351
4123
932
1769
3593
1958
1322
3743
3512
1359
3057
2086
3665
3617
2816
2077
3440
2510
680
3197
4686
2965
2820
2502
580
1093
2530
3329
3411
2491
2631
1326
2923
4389
3527
3831
2207
4460
657
1349
3988
631
4012
2338
2316
4572
1318
86
4996
3711
4318
2778
1430
2932
1220
231
4188
2860
429
1833
185
4277
3890
4456
1717
1273
2312
4657
3030
4591
2952
164
271
4799
4989
2346
4129
607
825
3435
597
3596
54
1551
2646
4496
1729
2354
2209
3655
1706
1972
3029
188
2279
3283
2390
2117
2882
2142
891
2906
4478
220
4150
973
570
4080
4436
2367
3262
4613
2368
2778
1669
3753
1461
3274
3763
145
2960
3515
2335
1514
2576
1564
2672
4898
38
674
1302
3720
3347
4592
1897
2665
43
358
2271
3947
759
1221
2560
1028
3662
430
920
559
4002
181
1239
2836
3124
1194
4662
4472
2986
4436
2134
4793
2024
2045
4122
1430
3752
1362
2476
2432
4610
3862
89
1573
22
3824
245
128
1580
2982
3431
2583
4312
4763
238
933
2443
3796
2249
2035
1314
3951
1700
4955
680
757
743
2964
1132
436
2448
3692
887
4551
848
3034
2303
852
831
1985
4814
4477
4748
782
1350
1886
4765
2092
3891
2962
2480
1129
721
4181
127
3449
4880
502
1747
3463
4097
3548
1862
546
2118
2986
3783
4304
2074
4627
3395
4319
2573
4089
4960
4509
3925
71
398
3356
185
464
1308
1105
2024
4450
1655
4585
3309
3221
3656
196
992
3389
4207
4433
2951
866
4622
2520
4397
2374
4021
330
3416
3600
3547
1630
3567
148
2705
4692
2236
4247
3618
264
1492
1222
777
648
2042
3738
3666
4823
1857
3332
3985
3110
544
2122
2622
3795
4110
3683
265
3443
4709
4857
838
3290
4020
1281
4661
2272
3073
1656
4646
1753
4150
1635
3579
1775
1752
4503
293
4412
3944
3884
3223
4067
3976
498
3916
75
3803
4681
1258
2622
4356
2973
4220
3252
2543
2074
317
4534
2391
4122
3826
3040
3873
104
4823
1270
2154
1201
1339
367
544
4945
1455
202
3597
4811
4240
4876
4279
2477
2412
1014
4006
1954
3995
4912
2896
3315
3870
4584
1484
1604
3386
4440
2301
1662
3280
4169
103
1277
1562
1486
2387
472
2257
685
4546
481
4615
3814
3432
4593
707
1314
2527
2623
2684
1056
4760
2112
3965
2619
2182
1421
2971
1579
2574
2048
407
4270
2661
4397
162
2420
1104
557
3911
2936
4248
3171
2751
2281
1801
3762
2497
80
709
2436
2194
3141
145
1203
536
1430
2471
3153
2111
2118
2429
1093
684
4195
4047
1766
4737
1586
1396
2016
2417
2256
1395
4069
4105
677
772
931
4022
1571
4281
501
3220
2265
309
1669
2712
3638
205
3154
3687
1830
4981
865
4370
3648
4900
1272
2572
2512
3987
878
713
4974
3343
1047
1779
94
4320
2249
4221
2435
1643
3915
213
1240
4519
801
3779
3175
4568
2723
1129
1538
1449
3715
1446
4837
4065
4998
860
1857
3282
4060
3356
3325
351
3635
3286
3156
3999
3342
1926
2210
1529
794
4832
4859
4329
3689
4842
4239
28
4752
4045
209
1805
4083
1235
3816
2540
3717
2051
4935
395
2838
3256
453
4069
3689
244
3303
2997
1384
1969
3669
3801
4149
3040
1174
2641
1185
4237
812
506
2253
3092
4390
3840
3493
234
1688
1962
4875
3359
2369
4884
4518
2769
296
1165
1081
1082
4469
3461
749
314
558
2911
644
181
2868
1210
2031
2871
3232
120
4530
4148
2749
1180
478
1127
1932
2774
3232
2012
3610
1158
1814
1871
226
1043
1453
1763
3831
2825
2823
2362
2190
1815
2765
1511
2643
4575
1618
2478
3174
840
4385
2859
659
144
1585
4304
3782
607
4348
103
695
3582
913
2076
124
1394
3023
3187
4825
2137
4539
969
3551
3415
2575
605
14
2024
3400
1083
1769
2651
4500
478
234
4320
3573
3677
1344
2363
2073
2901
4489
1106
4844
579
1841
3385
2950
936
3985
3810
2761
172
3465
782
3758
3882
2376
228
90
1760
877
3124
4234
4454
389
555
3985
3910
2220
1332
3584
1180
2012
2311
2083
891
768
1307
2263
2748
1115
2900
2285
4940
4016
4813
3243
883
1232
408
3789
3690
2889
2365
659
4472
3345
2757
1746
1809
844
2123
4967
1461
1574
2277
2466
4033
1263
4042
2429
1563
39
3377
2808
372
188
1003
68
4747
1545
1482
699
908
3938
2400
2840
80
2425
4178
4332
2159
3783
3112
3974
3346
4109
3082
3335
3377
3575
4555
2004
2057
3663
2861
1770
883
4150
4855
4859
2729
92
1435
2928
4581
2378
3050
947
3691
957
1043
3134
3721
4700
811
4213
757
0
4222
3782
3878
2132
2407
3203
860
2749
3463
4639
4107
2268
1948
956
3631
2619
2340
3561
2885
1831
1153
3538
1578
3333
2521
2127
828
350
3124
4684
966
2000
1785
3486
2006
876
1026
642
1512
2095
2188
3234
2792
3400
3709
3086
3584
1520
1017
32
1515
4709
2772
2705
4646
4754
3530
1373
4578
4727
4999
4923
3372
3140
609
1157
4236
1552
4564
1248
2826
4987
1016
1262
2530
906
4988
4656
152
4635
1798
2623
778
2487
1237
772
3672
3147
1112
575
2919
3315
303
2431
1765
4101
3409
4364
4452
897
4262
2111
1469
172
780
3383
2082
1189
3186
2544
1933
158
3275
3374
3495
1883
4997
2796
4634
1947
2148
4893
4245
3999
4391
3893
248
1294
3030
1626
3007
1155
1600
1918
4186
3776
3557
3662
616
3098
4732
4310
1157
1537
3392
2487
1364
20
535
3602
3505
437
4701
1734
3021
4968
3182
983
1444
1658
3922
1522
1239
2762
2538
3643
1839
1420
3649
1390
4262
1770
962
2317
4775
4005
2192
4865
1011
2790
1830
2067
2038
1256
4956
4587
4686
2640
478
1353
3831
778
4424
1200
2082
2702
2691
798
4191
1873
151
2547
1787
2406
4790
3370
2726
2459
3576
4920
2197
1969
573
2557
4308
3622
2054
181
403
4868
1400
4208
1843
2460
912
287
2237
1630
554
3734
2142
4409
1602
1068
2497
2178
3605
4816
4123
384
4106
3222
3699
291
2525
3164
1463
4523
2115
4376
4389
2271
2335
3106
4687
397
2672
4367
2081
618
1405
2628
4701
382
1875
1084
4408
341
3016
4948
4429
3932
2630
2700
157
1837
4595
450
3421
4762
192
2084
2942
3140
3366
3789
4625
4175
203
4941
4211
3376
2421
3571
3166
2327
1679
3477
2027
2162
4242
4673
486
1606
4698
1757
2962
3198
3865
1321
1020
4025
190
3912
4444
3272
3042
4806
4796
1654
1286
125
1120
1311
3985
2631
4995
1604
1666
4527
2191
783
1022
3518
3401
3359
3608
4649
1060
43
2782
4063
2486
142
2095
3103
2197
3039
2221
1626
918
5
3760
2176
3426
4642
4228
4138
3034
3911
4712
4279
2866
1981
452
3195
3524
836
823
3410
1761
207
2081
2346
4024
3352
4926
19
4506
3612
3035
2986
2340
3316
2711
1116
3380
2130
2694
3138
1872
1439
2512
4035
4535
366
4160
3957
3449
1515
21
2495
1867
3155
1160
4839
2456
293
505
717
1873
972
2555
2584
623
4017
279
2136
1622
4012
125
96
1301
2189
4055
1685
4867
230
1902
998
169
4126
381
1528
310
4017
1156
1947
1614
2560
1559
1090
350
2666
3190
1034
3939
1506
4517
60
3472
2430
178
2895
4673
478
871
1779
2328
2382
4892
4405
1613
4696
3928
4520
3953
996
831
3085
4223
296
3350
1321
3525
3506
2410
685
3935
2775
1372
1891
1932
558
3070
2585
1869
2658
1020
2517
2053
3982
3194
1785
4991
4208
2702
1603
613
1339
3337
2146
2300
3110
1030
4344
4959
384
1645
2875
816
4021
1381
4792
2472
511
1448
4322
3455
4789
4740
666
2788
3751
1229
1647
4459
3306
1929
2988
874
4155
1220
2363
3882
3940
2480
3473
3607
4569
4639
3042
2930
2100
1822
2703
474
3334
3301
3355
2628
1766
3965
1699
2405
4937
4397
518
3309
4479
4792
1085
4491
2674
3684
3432
4609
4610
2333
217
4565
3243
1937
1289
2105
3323
2199
3192
844
1740
998
2065
4995
2615
4910
3875
1686
695
1097
3616
3822
187
4628
3300
4973
4813
1723
1251
109
1989
297
1957
442
3662
3989
179
1631
3847
4929
3823
131
2908
4018
1740
2522
1429
1720
753
10
838
2193
970
3317
2799
4109
1007
4384
2793
3357
2407
2390
997
3579
4133
2253
1843
3798
216
1143
2783
582
3595
2965
2035
4020
4965
489
3104
11
1202
4257
2758
4647
3023
1932
3097
4085
1721
2664
618
4940
2606
4289
4736
3018
4181
2993
2862
1935
3706
1869
1207
275
1806
4067
1872
4311
1247
2851
4991
3936
768
1612
1456
3991
1429
749
2509
1501
755
1028
3098
1903
2257
512
3403
4770
1534
46
4213
2700
2950
2237
3161
1383
2202
582
4673
2072
141
1246
2929
3961
707
30
273
4936
1994
823
1464
1496
733
1140
3167
1365
1533
2749
811
1181
1307
4771
378
3255
3865
2862
2105
1876
1973
2652
1578
4986
1475
830
3786
295
586
4806
1462
191
1684
3825
862
2737
3375
240
678
4275
379
3800
3994
448
1582
4212
164
3813
596
2442
916
283
4015
1870
3605
1661
2226
3498
3931
162
3580
2003
139
4835
559
3438
2316
4353
3789
1604
479
4779
1973
1803
2567
3217
176
2085
185
1357
3024
4463
708
1443
957
2901
3317
2393
405
3161
4486
4946
2816
1529
39
1023
259
2531
4800
184
78
260
495
1844
923
558
349
3275
3191
2529
1522
992
868
2547
2572
569
73
622
620
1104
2855
3575
2605
3826
4741
3681
3177
2482
3089
1353
1474
2752
609
1498
2726
4234
3005
3535
3434
59
1840
3392
2976
4007
84
307
4855
2903
524
296
1232
1192
35
2929
3231
4472
3357
2594
2543
1105
4178
3669
3139
860
2440
4186
3992
3609
1022
3862
4338
4316
1409
2618
2098
3352
4446
1343
3253
1965
372
2206
3736
3368
3631
855
2451
3516
1718
3713
4382
2415
3108
3900
4799
1022
886
3325
1909
1481
2613
151
2100
4317
2236
3411
2409
2727
2349
4572
1721
1663
4996
2227
3100
2810
4886
44
769
2569
2507
4356
1039
1905
4096
2355
2040
668
1554
2181
3459
3904
1871
4088
3639
2137
2133
628
2284
3376
1573
4903
4125
2266
2740
119
3079
1392
886
1143
243
179
769
2317
3996
3879
1930
1490
105
2707
44
4555
765
1478
2186
3021
957
2113
3706
1006
2265
1084
1177
1213
2117
4437
299
669
4857
4385
1557
1918
3866
2473
2022
3766
3077
4592
700
4651
2074
3096
220
587
3657
4871
50
3718
882
1415
4426
2277
3006
3535
4478
120
4016
3972
3315
3860
818
2621
4828
1651
3380
3597
1872
380
3677
3247
860
1433
4005
4952
3320
3654
2937
3500
2928
938
2427
343
4982
1285
3886
4678
2301
3719
877
3937
1368
4169
4447
2652
1230
1527
4002
1348
3354
91
4252
1824
513
1404
3001
3787
3086
4854
4814
2758
2581
4149
1871
1477
41
2053
3461
1972
4640
2260
3320
1418
3035
4254
561
26
244
1569
1636
340
2683
710
3390
2615
1866
1179
7
3611
376
3360
759
3412
1256
59
4285
989
2125
3977
3943
499
2918
1948
4234
4352
2020
3398
698
945
1203
2332
4208
1495
1054
1943
2239
314
1668
1777
2264
2684
2864
1273
3514
2513
3321
4375
4233
2765
1228
952
3573
131
4628
792
1201
3938
1853
1028
4955
238
1491
884
2841
3510
1976
2580
2262
2696
4952
476
1475
4308
3187
4734
2540
1503
4206
4751
1698
2797
422
2826
4285
1137
494
3687
245
1906
4039
4466
4451
2404
2095
2889
3802
2448
4929
2612
2428
3871
1817
2706
163
4728
1420
2895
3726
3346
940
3113
4347
2096
1671
3034
895
3542
2511
2430
3017
508
4621
4846
1801
4582
1717
525
2997
2442
1833
2372
3463
1942
4286
885
2433
4932
2969
146
650
4797
4360
4494
1937
2498
184
1800
4472
923
494
2657
1744
4419
3384
3625
2655
3510
2937
10
3218
1137
252
2305
3385
3883
3090
3850
3474
3799
1745
4787
2046
1096
674
1718
2183
4569
4910
1243
3415
2490
262
2965
1336
1900
1596
2586
232
2477
351
4457
1940
3904
4783
2047
1616
471
2983
799
4266
3285
2075
519
1829
1911
999
1710
2744
802
2219
2537
3621
3950
3474
2644
1716
2250
3265
4422
254
1128
372
2180
4548
2698
1569
982
2236
439
2136
3526
469
3634
4297
3786
3114
1603
4808
354
3458
1718
2069
2576
1348
3207
4530
983
3259
1584
573
2696
1840
587
366
657
2048
1011
1918
2729
586
4698
3046
4537
1442
1455
3351
666
803
3537
1148
233
4503
182
2398
387
160
4421
1726
3597
4402
2066
4556
1922
4238
1384
3080
1844
415
2240
967
1613
1565
4697
3427
1849
4326
3049
240
4846
3911
1954
3612
4813
4661
1863
3824
964
3475
4159
2881
2558
2004
2861
1041
960
620
1121
975
2085
604
3023
2948
4494
1709
3155
1127
3247
427
311
4456
911
4695
4714
3182
4812
3166
2639
4410
2288
2748
1614
3429
1051
740
2725
770
3493
3325
3288
2026
4196
3406
2877
4316
117
210
229
4084
3094
4855
2664
4689
2429
4018
2828
607
2054
995
1158
4797
4091
757
4703
2164
3564
4223
910
908
1880
813
1754
1342
2264
1738
3413
1351
2001
3246
3754
2598
3067
4002
4650
4884
4326
2569
2349
1380
4245
1286
4569
954
3942
393
2626
3041
2671
1606
43
1897
652
3389
2362
2769
252
343
1597
4395
371
318
4397
1896
1915
2990
3455
2205
4878
2769
2246
2826
269
882
4119
1303
3809
2342
370
4507
4931
4394
4762
1950
1796
220
4355
1431
39
71
1745
589
4563
4370
208
172
3100
1157
4318
1806
430
4773
478
2367
483
4463
1385
1307
4085
4408
4254
4364
1847
825
2358
2866
783
1843
3374
1502
4354
4732
1722
1308
229
1524
1955
2524
3644
1520
2184
2456
801
2283
132
2125
1490
4422
1340
4655
1002
2096
4061
3288
2957
1471
583
2946
1795
3840
1716
4133
2759
500
1725
2879
834
1424
3531
699
1052
1406
2587
4253
1394
503
712
3209
4906
3
3470
3013
640
4461
3961
906
4458
3613
904
3184
4343
2397
3368
1569
845
1864
1368
4243
570
1696
1780
1195
1168
1236
2813
2506
2052
3866
270
1123
4108
352
3387
630
3042
1881
3490
3367
1723
3229
2960
760
1325
987
4720
533
2992
2108
1925
2099
3518
2125
3266
1405
2140
3728
1157
790
4909
1006
4894
4483
762
943
2940
815
1457
4637
601
1176
3556
2089
4205
1111
3709
2272
1239
1160
3962
829
3455
4092
2394
3938
4931
2396
2198
3727
980
4434
1746
4151
969
3707
4181
2985
1125
4047
4331
988
2299
4216
4826
863
1294
3010
3896
2152
4553
4752
1864
2397
611
1881
3845
3118
4930
4686
3084
1274
968
4178
315
4020
4541
2587
4388
756
1389
3862
1777
4023
3072
1818
1071
230
1558
4930
3843
1953
4385
3261
4937
498
3221
2307
1968
4403
2905
1460
470
1005
2432
2672
4582
4568
1934
4523
1724
333
3974
192
812
1110
2896
1845
2009
1493
4102
1882
2672
4957
677
3607
1854
819
637
4859
327
4976
655
2872
224
2939
3156
1882
104
2839
475
2265
937
4644
3795
3889
2992
4982
1913
2682
77
4875
3984
3577
809
4995
2832
2628
1053
715
2431
4372
4541
1075
356
1509
2127
4516
1292
3468
3281
4456
2179
2381
4322
1607
2482
3089
2801
2784
1139
2213
4500
1762
3095
1311
112
29
1821
3763
3757
3209
3681
1164
4550
4487
753
14
29
3346
3959
83
1713
242
1069
2248
4697
2534
1690
2141
2489
452
1214
4002
758
2474
950
1420
3671
4770
2784
3672
2725
2160
528
2725
755
424
1516
489
1380
3660
1900
305
3141
547
3142
3320
4549
2821
1885
2977
1109
1691
2715
2302
3194
4999
1521
4840
3555
2075
2767
2978
398
3573
3668
343
2924
3016
4554
2922
3255
2054
2612
4578
4293
1396
857
2444
3673
3879
3701
189
4999
2116
4881
2307
4618
3204
652
242
4538
1682
974
4014
2684
4787
2937
548
1512
2007
2323
1261
3425
256
259
4753
2411
184
2647
4096
3466
4917
2151
552
420
689
1433
2833
4065
2420
1236
3487
4486
4640
4437
3501
2635
1652
3959
2490
2788
2555
4297
1926
189
976
2973
983
3840
3162
3587
4157
2867
631
3090
2664
3375
63
4929
1024
4520
861
897
4354
906
3911
4651
3874
4165
551
993
4665
604
1409
2583
1929
2956
350
2001
2545
900
4161
2140
3497
2570
4001
4946
1394
2213
2615
1818
3859
3588
2905
1804
4958
4577
2495
2700
4387
19
3774
1458
92
1670
4814
4392
4921
1080
2384
652
33
798
309
900
1172
2116
419
4493
1003
3972
1315
4512
442
1791
4690
1733
855
4631
3849
2347
2089
1865
1620
2750
1256
4221
569
1510
1507
2246
1334
381
1206
4578
146
1981
2227
1134
1605
2391
1870
484
2701
654
2172
3219
655
3985
4613
4865
778
3606
3419
3275
2334
1458
1655
2714
3968
3379
1037
2938
2381
123
422
3717
921
1945
661
2260
3565
1614
4354
3721
2631
4631
2806
3917
93
1516
4068
3558
2636
903
788
2774
1051
2165
2377
1962
4673
3645
4492
497
3403
671
4759
1680
1505
1934
2039
3671
1251
3960
2108
3120
602
996
4159
661
3514
453
980
163
1869
2044
2820
858
3334
3394
1157
3924
1013
4183
4565
4223
4359
803
1169
4330
479
1841
4629
4028
2514
840
2542
3901
2900
3390
1323
2401
3173
4511
4995
4410
161
805
2925
794
498
1550
1309
1448
2796
2463
1623
169
181
859
4531
1846
621
88
2179
416
4447
4138
2800
1141
3360
4415
278
1544
2550
903
4075
4521
3743
1517
182
1960
2544
1905
1758
2733
776
4752
3593
1400
4059
2093
3232
4243
40
3047
396
1601
1627
2419
4018
3656
1237
2091
964
4647
3129
890
2588
3956
1930
845
4518
1443
470
920
4273
845
2608
4766
3486
4824
2276
2219
1404
4653
4059
2880
4835
2849
4597
353
953
4071
3117
2610
690
4687
326
2115
253
3007
2630
2693
4180
4701
4690
938
2436
1964
529
2612
2586
4132
3972
1756
1663
1198
4741
190
1763
1748
997
4391
3638
4024
4636
677
1595
4496
4085
3529
3708
3330
2573
3511
91
172
432
1323
1136
1356
3540
3441
2234
3506
39
502
2483
4200
4838
3568
3204
276
1880
3228
2078
2275
2976
2286
4459
4379
563
4556
4576
3705
1373
331
3198
2053
2991
1419
2250
2651
4272
1793
4099
1388
4199
4504
4835
3350
2222
628
4197
2847
2210
1445
3528
421
2398
4253
4275
3334
1072
1024
1013
818
2103
2050
2269
1076
4644
1023
2313
4324
85
4542
1567
700
2405
2603
1494
530
3859
1536
4739
828
2801
3648
1746
711
4380
440
2896
4602
704
2553
1291
3753
4561
34
3225
4914
3746
1619
1905
4696
1640
1611
2491
1232
3314
3017
4144
4034
2069
957
4108
770
2049
3884
4668
4814
4078
1524
3871
588
969
996
3836
3997
1914
1096
3829
4727
3680
3087
2469
4794
2149
1142
1468
4985
4757
4599
3976
112
275
3211
4454
4171
4465
1227
1836
4605
3448
3912
3588
3609
1819
1638
242
2861
1207
4514
2000
2599
4381
1037
3914
3941
3116
91
1108
3205
3715
1223
1392
979
893
1644
2527
3282
2094
2585
3087
133
128
3809
1633
4320
4324
2392
1770
369
808
4089
803
318
4641
2858
3905
898
1118
4489
2780
1930
4675
4523
4222
750
3185
2105
4853
4683
1028
4560
2578
3668
4274
178
3672
3096
2258
2536
1321
992
22
1794
3811
2619
4237
1863
3396
2699
4036
2096
2612
4013
2754
3708
2306
2847
3480
285
1694
103
265
1654
981
865
3883
29
3326
1996
2767
1315
4061
4319
4369
2761
3798
1537
1839
2949
4984
3730
1104
4619
1731
3802
387
3793
950
3540
4506
74
2870
4892
1642
3708
388
4601
16
2059
1197
3127
2967
3694
4176
4121
3785
2746
4435
2426
320
4256
2322
233
523
1813
2345
4281
3451
223
1250
453
3249
141
3767
4481
1743
1422
2197
3511
4651
192
4822
1199
2809
1720
1536
1191
1791
2090
3491
2843
177
4784
4458
3990
1160
4675
1117
2878
1691
4546
4818
4252
1246
468
3991
1499
507
4134
969
4063
1571
879
114
2941
4376
3768
2907
3413
102
3534
1204
1748
1401
2136
4481
3979
2233
256
3597
1030
3770
712
1427
118
1148
4645
870
19
67
2159
3945
3014
3055
1488
2859
4198
1227
3511
1659
4323
865
4863
4162
2769
4009
2367
3588
2871
468
3117
2980
1777
1050
2502
3012
3684
2822
1507
723
2962
1080
1562
4593
4343
96
1120
2666
2223
909
2017
2088
3215
668
782
1150
1766
2359
52
2293
4394
2240
3617
752
2011
4652
4026
4297
3418
4585
1169
2789
2275
2121
2805
3014
3289
1207
402
1741
1369
4230
2854
4830
1279
1813
4383
3726
1153
662
2541
3889
720
1969
2970
3688
3658
3239
4409
2599
1954
1189
2824
2969
3550
1004
1336
3151
97
1222
2171
4373
509
1231
4008
2660
3072
4135
2286
4349
418
3364
4329
724
630
2677
3814
3086
4326
2210
4735
2454
3989
2924
577
1714
1531
1145
1875
184
1837
3147
568
706
2296
1165
4367
3263
844
3158
4301
1368
2850
1044
3275
42
417
4590
435
3243
4132
227
4120
4881
4048
4655
2053
289
1000
846
4725
3448
754
4221
3950
3424
376
3273
4361
2539
1982
883
928
65
215
3163
4246
3678
895
1842
65
475
3
4263
3626
3070
3204
4592
4698
2396
2922
2373
1366
3038
3559
3019
836
723
3483
3146
1889
2999
4435
4277
2000
2944
1842
2532
2581
1799
4356
2533
3708
3754
2376
4988
1947
2865
1527
1980
3481
3643
4858
1278
4836
3607
612
4802
3648
74
4350
3551
4680
3651
3916
405
4292
179
694
1541
718
433
1411
1229
965
2350
2212
529
4692
823
4876
2829
1591
3803
2363
3429
693
211
2258
4146
3329
2486
2117
3573
4274
3461
4276
2835
1347
4840
4198
682
139
2045
3007
528
1944
3378
1705
1974
1122
1486
3573
3295
3582
2425
691
2961
3506
3566
4564
329
118
3847
537
3655
690
2362
1974
3906
4775
4824
2867
4292
3511
2609
2675
3316
1184
3598
575
4752
1438
2037
4447
2140
4503
3691
1024
4820
4893
3077
1205
858
1245
1335
2973
856
1220
449
1036
3689
4782
277
2106
1597
2310
1645
574
3456
1345
1970
3239
1910
512
924
2913
1092
2439
1587
490
861
2925
2941
2031
2781
27
708
329
590
2501
4737
2169
3842
3911
2147
881
4236
1829
727
4014
1355
4199
4864
1657
3628
1472
4656
4844
1318
4976
948
2767
1578
91
668
1038
690
4329
435
689
4006
4369
3225
3916
3601
3224
4469
4555
4624
2066
3529
2935
3127
4164
4070
4893
1187
4526
4742
581
19
979
3813
1692
2156
2411
892
1752
2236
2108
2154
4024
2288
4814
915
2095
2346
3241
382
3275
1034
3356
3090
722
3033
4034
2733
447
3733
4810
2217
2549
3015
554
221
4083
558
3141
4939
3377
2666
3641
1119
174
1509
3192
3550
1137
1981
968
818
3237
2401
2826
2523
1187
1505
4013
739
2222
2065
4446
1083
3351
4765
391
3049
470
4636
290
519
3165
3794
962
261
853
3621
3239
1752
3423
3398
4571
4215
4075
3670
3589
328
4135
4157
4671
3264
3246
1996
3290
4467
535
1768
3390
88
3246
2128
957
4012
3380
1812
2822
2528
3047
3571
1247
2868
4641
3073
3436
324
586
956
1274
3533
4680
2370
3052
4008
4923
3910
4673
4285
4189
4879
1511
2783
1630
3176
4310
584
4762
132
460
1598
3190
1898
2764
3141
1336
4710
940
962
1662
2634
3874
3133
3345
994
1765
3042
3670
749
1507
36
4819
2686
2045
1839
678
3312
1996
4243
2136
932
760
2018
554
3286
4372
1965
4193
3658
1229
4864
4898
2681
1304
3316
2590
3651
4305
2665
1485
2005
3125
3346
3574
1742
48
702
3050
1291
2465
2655
238
73
3988
2888
3133
3856
1501
36
3414
4793
134
3160
3028
705
3261
1949
4719
1893
1110
1246
1585
3225
3988
4231
3976
3285
4676
2508
2038
4352
1641
3061
4264
863
2867
3589
24
1656
4592
4272
3000
4092
1670
1129
3256
3862
725
1339
4611
462
4797
4737
866
197
3485
9
3311
710
2242
72
336
3679
4353
839
3644
2706
2424
1061
2730
3899
438
1143
3970
4303
2227
2058
511
4026
4169
1380
2098
3414
2706
356
92
3351
4565
3526
2817
4506
3875
4749
1248
3342
485
4884
1200
58
2842
1898
999
2991
75
290
869
3520
4321
1907
1392
3852
3106
4970
350
1506
3272
4701
1054
1880
470
961
1367
377
4117
4371
3595
3201
1343
3038
730
1063
288
902
3318
343
4291
4825
4308
3026
2029
647
138
71
2083
4521
4594
643
2484
31
4182
1714
4538
2841
1579
952
1469
1674
3459
1844
3989
3840
3865
4069
580
3490
2812
4417
2851
183
4685
4936
4642
664
4065
630
2753
2878
4482
931
1690
861
1748
3062
2056
1742
4904
3478
2824
4632
4057
3505
1426
3781
3106
2720
4642
770
4557
2209
2132
4745
4113
367
4434
3818
1012
895
905
2321
3460
2310
1796
1020
934
3584
244
2838
210
4444
3287
1223
1711
29
4138
3174
4660
2242
3964
1907
2022
959
4765
2488
629
4153
2988
2345
897
143
4955
1660
2302
1791
1691
3298
4053
2204
1058
1717
1604
748
3441
907
4488
3185
1386
2542
1814
4065
4647
700
2759
4962
2386
787
2393
4468
2844
2697
2440
4532
1615
3166
2652
2654
1528
3215
4580
1504
1487
2431
858
303
1939
4964
1225
1263
340
3620
1917
2491
2989
20
3265
1823
1213
4482
4034
1953
3454
911
275
1613
354
3521
4994
2892
2883
479
1143
2900
13
54
892
825
4176
3863
1111
2582
1910
3187
4163
3536
2612
1078
2676
3082
2839
2405
772
3929
2841
3384
802
1354
375
3856
3315
3054
2084
1156
867
4248
1091
1293
3474
4240
3638
4037
2367
901
4898
71
3809
4975
2047
646
2842
2345
2022
2167
4707
3684
1646
282
953
3659
4822
3633
419
929
1240
3657
3180
242
4244
1494
2179
1366
4575
1170
1742
2533
1759
1950
1349
63
1512
4934
4599
2369
4982
3612
1513
3808
272
4909
4955
3343
702
165
324
4724
1692
1166
2365
984
4188
4823
1662
2548
2417
2200
4270
346
3933
2209
223
220
1672
1701
1543
3344
2380
4692
4918
4457
3568
3018
4937
995
2515
133
2150
943
3985
3164
2101
3468
294
783
799
1178
771
2115
704
4780
1642
4278
326
481
991
3726
3380
484
1335
2773
3001
3703
4221
2136
4348
1747
3935
1288
3474
3866
2897
3428
194
1556
3696
354
560
2853
1235
80
2025
117
4519
4271
4492
343
2242
3076
1910
4789
571
4907
652
3172
2306
297
674
2701
621
136
2545
3219
3402
461
1279
2083
2171
3161
4524
2293
4577
2872
202
3562
2487
3299
3150
2251
2647
3228
3819
4700
3974
448
3110
321
1261
3444
4385
3176
2282
1880
1844
1083
3193
2382
894
208
1201
3450
2205
3875
1491
2695
4955
4611
3475
570
2433
598
2918
2303
2984
1056
4265
1982
2405
1035
396
959
4219
2668
1288
601
1
975
649
4769
904
200
921
4168
157
1505
4447
1551
2074
3395
140
4041
3088
3137
4729
2714
2610
579
1371
1605
2869
503
2233
1294
2376
2136
2774
4783
4844
4258
3345
681
3093
2919
2461
289
32
1616
486
2654
4277
425
3899
1462
3440
678
2023
2140
2104
145
2588
2065
3217
1907
2987
4625
3623
4374
610
4273
4509
28
2468
4050
2150
2023
1807
1048
1871
2314
1243
848
2970
4133
2567
4477
3794
3681
2366
2562
3895
468
829
349
2456
2794
1420
1399
371
1544
2194
2796
2717
3321
4167
2565
470
1778
2887
1404
1070
2218
730
1413
3666
2352
4930
875
1050
925
3420
1282
3458
837
1954
2795
4102
2171
1195
4850
2017
4021
4093
2173
2525
3787
1938
3861
1509
1357
2780
58
3138
4779
621
4572
1729
3560
1738
3618
1607
417
4696
1193
1581
1786
1135
4773
2937
2490
3499
461
4034
599
4636
2643
2539
4340
846
3441
1517
2871
3188
796
2383
2474
31
2875
3486
4532
3177
2980
587
2817
4943
4818
4182
19
955
411
1661
1939
2618
2876
3770
4639
4210
1258
4271
288
4451
3420
3921
2725
3077
3449
43
1898
722
600
1477
337
161
3805
2586
815
1486
3934
4738
3230
3919
3789
3202
1378
484
4510
4799
1151
711
4316
2893
606
3140
1417
951
3877
134
4106
2435
4715
4176
2966
238
3790
3799
389
4475
2330
852
2555
1006
516
368
4972
164
2590
4269
1540
2731
3454
822
3047
3374
3511
4905
4529
3095
459
1329
4254
2371
3235
2259
3603
64
850
1615
1431
690
1617
1525
4912
4555
3242
3923
3539
1301
3625
1965
1581
4498
4344
3669
4184
1655
392
3202
2861
1607
3061
1034
15
2880
2645
4278
1978
3212
4707
797
4238
2141
3306
3562
3955
2718
4122
2620
4234
2797
828
1340
3410
4338
1025
1119
1071
3990
3195
3281
463
324
1709
2534
2753
3489
774
4781
2409
3793
891
4090
2167
1844
2385
677
1440
1827
2009
626
2046
1909
1885
610
3537
2456
1887
2991
3711
4684
699
3000
4451
4799
2227
224
738
2164
996
518
4944
4380
1049
4110
612
1411
941
1641
1126
302
1241
285
4317
2784
702
3529
3411
2134
627
263
4947
2775
3737
1968
3143
3184
3849
1294
49
2850
2257
2407
1023
1683
2644
1144
4315
4123
2729
1711
2093
3736
1943
1998
4854
3441
4028
4273
4721
2801
4622
1964
3105
1170
2346
4512
4674
618
3517
2662
3580
4063
645
3930
2714
1436
4740
2966
4525
4563
4938
979
2512
2916
4545
321
288
4338
2297
4558
1943
3527
2041
702
4762
4632
4602
813
2686
4245
2462
4339
47
4918
131
349
1384
4079
4537
2709
3037
4115
2021
796
1595
1433
389
3364
3907
4383
1312
4654
4311
529
3201
19
4813
4557
799
3689
497
1735
4210
1829
3234
294
1207
612
4364
3643
3266
3613
561
2036
1421
2746
3929
4103
3133
139
216
1196
2085
990
2782
4325
3770
1075
4560
3212
4891
4587
2149
2250
1723
3515
1386
3189
4590
2663
3063
1703
4561
2924
2282
4525
3957
2033
1344
904
3500
2825
4441
204
2307
2481
954
3262
2510
4880
3634
1227
2227
3545
4308
4837
488
656
3778
1511
2686
3163
3861
2623
4936
2454
2943
3993
4668
4806
4066
44
2816
4165
1405
4656
233
925
2234
4605
327
4566
4792
1693
4881
3860
1952
863
1563
890
809
1677
638
356
1417
4186
4539
4787
4353
2005
4161
581
1186
3178
2404
1821
4238
2781
3893
794
866
4826
2897
2861
2088
767
479
740
4367
4424
4600
4293
1479
1471
4375
932
340
4012
2100
1100
1261
3020
338
711
4541
4692
970
1478
699
3843
638
4222
2123
1598
4496
421
888
4617
4378
3489
678
2254
1710
1156
3638
2361
3573
2057
4393
4935
2124
54
3262
2547
859
885
1856
3727
4986
2763
249
1982
2279
2536
3716
3377
2035
1126
1737
2826
776
1355
1601
813
1432
1925
542
3317
373
2378
1940
1450
329
168
4439
142
3591
3135
27
303
2177
2606
316
4806
599
3167
2388
3039
2795
2537
3720
481
3569
2554
3133
2113
4149
1050
4734
3697
457
4872
523
1636
163
3901
2614
191
1831
3356
4942
4103
2565
4113
3107
2500
3641
4733
4242
4918
897
2774
2063
4717
2431
261
4351
3941
4559
932
1082
4259
4653
3245
654
3302
4594
1791
1494
3108
3719
4824
3495
4253
778
642
4238
3469
3373
2100
4190
1663
4969
1802
2818
1575
4675
2588
4974
4212
4235
3057
2384
2969
1694
1886
303
2400
537
1669
2473
1152
3090
2227
2888
444
3415
4408
4172
1785
872
3690
2907
1618
2802
2583
3925
500
2670
501
4553
4441
2528
4756
2272
582
4253
49
1152
1762
4955
2015
1243
171
2179
2835
2507
2271
2999
4385
4446
1192
2121
3853
2705
3264
2758
1137
512
318
499
768
3694
143
4916
1955
3721
967
1072
4273
1200
4255
3280
439
3288
4078
2061
3199
4528
1580
1788
1098
247
2024
2019
3855
2933
1879
4438
482
2434
4167
3116
3382
3341
4049
4932
4403
84
3428
4308
2858
2254
3069
3783
4922
1905
287
4844
3528
409
4380
3552
2019
540
1435
4334
685
2300
79
964
845
1079
1078
270
2316
4787
4332
672
3156
2489
2057
3756
53
4193
2956
485
3829
575
1436
2081
2800
2446
1786
388
3323
3774
3804
2406
1595
1439
4184
3348
4692
1146
3539
162
1917
4872
780
3403
4567
1110
3367
2420
855
1923
1455
4999
2719
1781
2464
3379
2347
964
2454
3421
2466
632
1976
1799
1074
4906
2062
676
2192
582
596
4854
2227
3288
1843
1554
2639
3552
3998
4313
4028
3870
668
594
1327
3021
206
4918
14
2997
1173
1043
1413
1908
1800
868
4414
2048
3022
258
4697
3840
146
4861
837
839
4059
692
3043
266
870
2825
4896
3268
1493
2723
2762
464
2042
1674
509
2380
1320
1470
3425
704
786
4953
2939
1485
2515
3006
3381
260
4207
1809
4543
275
46
4657
1992
4172
4005
1053
3514
2681
4499
1874
4311
438
3378
169
1594
2104
3853
3523
2287
3229
3121
3234
2010
4952
3608
4693
4126
1788
2492
3762
868
4893
1173
2997
190
423
2309
3787
2192
2991
4537
3163
3822
4694
2448
1594
3405
3103
4492
952
1401
35
2842
3227
1556
3435
115
2520
4652
2875
1873
301
2211
2246
1815
4004
544
916
251
4619
3339
3805
4350
3437
966
1885
2094
4784
2970
1246
4608
2046
634
3448
4617
377
2945
1028
2523
91
3044
2743
3149
1321
1080
1718
1864
2676
3844
4800
3264
1210
54
2035
4443
620
4493
3228
2792
2475
105
865
3825
4282
1749
1594
720
3789
4043
940
3890
4150
662
1371
3933
4299
2577
213
3931
3078
3988
3929
2061
1614
1116
1836
644
911
701
2872
2991
49
1130
1483
3307
938
768
902
3991
360
1151
2354
163
874
2301
1791
3591
1000
3649
4306
4215
84
4677
3235
122
1159
2567
2860
998
3207
4148
1579
3832
4403
4774
3390
4068
4307
2680
1337
3889
2643
927
4685
4483
958
1817
4234
3979
3213
3864
4315
4555
1558
1396
1788
71
2847
4271
2191
3598
431
3107
2220
4183
233
4832
4360
4625
1362
3998
4728
563
4573
1021
1065
1602
1559
4689
1658
1223
493
398
3561
3987
4045
4240
4600
767
4191
4016
1071
3096
3331
3251
1504
636
3439
632
2446
1986
1436
4908
1884
500
4830
615
4744
3242
2470
2254
2337
4399
4807
3999
4876
4845
163
1223
4978
4202
950
3494
3015
4052
135
4584
2438
1222
2821
2158
1016
1137
1894
1163
4170
4683
542
1066
1310
3165
4674
1294
1456
1435
3778
2678
152
2434
3674
4931
3373
4258
3443
4504
1789
4999
3942
2788
4579
2130
1963
4962
457
4561
122
3724
285
1415
2
44
4441
3651
3666
888
3204
4429
1290
2515
1568
3239
2252
3164
52
2857
4719
3682
1446
882
2998
1020
2009
3143
1663
4830
3459
1904
3458
3559
4667
3741
4217
4283
2828
2023
4355
1718
4561
4417
206
4930
360
926
4704
1205
1045
4314
524
1714
1368
3901
1792
1175
81
2943
1704
2046
4053
2961
1037
4659
4819
3258
2623
2294
335
2264
386
4021
1843
817
3822
34
4694
4965
3345
982
4871
1105
3950
2487
2832
4848
1480
2793
650
2110
3796
3756
3272
2325
4230
1547
772
3375
4925
3816
2989
2557
3385
1763
3613
4033
2147
1813
1786
1786
645
4547
4022
3699
154
2803
3801
4225
3476
3965
901
4879
3604
3351
4826
2233
4878
4865
3099
3839
1133
4149
2792
3132
386
1464
4798
3747
2882
674
4601
4626
2043
110
4981
749
2180
3492
1276
2118
3014
3068
81
926
2728
1902
507
4365
2830
1238
4260
853
718
1782
3288
839
2693
187
1159
388
3334
245
4329
4204
2738
591
248
453
1108
4943
3492
2641
1557
2353
2105
3065
2305
403
3002
1592
2844
2201
3502
571
349
4954
277
3516
469
4178
3896
4641
827
4614
931
3661
2518
1182
29
1342
580
4163
1085
3634
2440
886
3556
2221
2750
2423
1792
2462
15
4040
4670
1319
4681
4913
3858
985
409
3252
3920
4389
1677
3189
2575
1983
173
219
4169
4986
3105
377
1238
2426
4287
4720
4296
1959
2322
2073
2086
3282
97
1449
1231
2554
597
865
3560
1321
1327
337
754
4029
1593
529
1395
4198
321
2958
23
2532
4540
4093
1741
3356
2533
2366
818
2135
3423
3709
3905
2492
3846
1731
2437
2644
4102
3821
1505
399
1381
2043
1762
4466
2821
1289
3115
1494
2424
2056
1091
549
3740
2207
264
3004
3849
3415
3183
3775
479
162
582
3383
1671
394
3873
577
172
3307
2483
174
2333
4360
3094
414
2452
446
4422
205
796
3773
3053
3724
4510
1050
4704
3121
4278
2556
2787
4186
4491
3662
4952
3959
633
630
2860
4959
603
851
1804
1854
4448
4946
3274
1197
4706
3883
151
3621
1680
3600
4222
4149
3226
2466
3830
1250
376
1079
1099
2752
1360
2455
4598
3045
103
4334
3963
3660
728
2234
2197
3629
1926
765
2407
2261
2487
1953
3090
2952
2733
552
664
3210
2373
3019
3617
1661
4314
1840
4291
2457
2216
2441
3129
1271
454
1027
653
3635
1118
344
4077
3117
2765
4867
1174
3453
868
3633
4689
3959
868
3469
3244
2902
2222
1316
3246
1660
4521
1396
4842
4430
1791
3561
2981
1147
4173
1270
1625
1533
4566
2191
3596
4026
3223
1579
1678
1598
468
4001
1673
2213
984
13
3538
1972
2133
703
4235
3642
2486
2525
4226
869
4736
1986
2925
67
3910
441
3760
736
1864
1850
2903
1661
4713
808
2830
2009
274
2128
1570
4317
4384
1230
413
658
2356
4867
2652
639
3516
542
4009
3020
2167
1825
385
1383
2512
2945
779
3083
4527
4127
1615
535
3105
4328
3517
4859
1994
3742
138
992
1824
1280
3647
3474
4756
4526
507
1606
3827
4285
2606
3704
1172
3493
670
1276
443
2832
1738
3495
3176
1304
4476
4144
2706
3428
2508
2155
2599
1994
159
4568
3921
3893
2106
450
3803
3407
3355
4724
2458
4011
4099
3145
1236
3238
554
2228
257
2276
1031
2964
1884
4929
1281
2797
1955
2933
2768
4535
1026
2407
1835
1007
636
3581
1033
2512
2847
3882
4018
3587
250
4663
845
4366
1996
4534
1372
1015
462
4540
4829
1120
1635
253
1018
2786
3033
2679
2834
110
3099
1714
1163
4457
1581
2174
4605
3702
3446
828
331
2159
922
3559
2982
4437
4258
4133
1877
3686
4533
4106
4883
3530
4782
4808
1169
1166
1718
1314
1463
74
3582
4432
2205
3368
4983
1432
99
2974
698
4638
1269
858
2044
510
2139
2413
4294
2752
3848
3497
574
1860
2636
3615
3763
3855
1722
1532
1892
3102
165
2292
3522
2310
500
4197
3887
2071
4461
1201
1721
1190
439
2953
3260
3996
1158
3824
1552
1995
4715
3221
2351
4295
3141
866
3189
4239
3529
4089
3811
3263
2579
4251
4398
3561
4736
1652
4875
4674
4824
269
1777
2884
2793
4158
1139
2475
2355
1552
1677
2661
1155
3846
2244
4038
2501
4225
3165
1973
842
80
288
635
2042
2070
3258
3892
2788
4260
3116
2021
2628
4589
3762
1258
3796
1374
4220
3381
4737
1291
4294
3200
3729
1981
1254
2193
4110
512
327
1619
4351
2292
877
3150
3650
4546
3872
897
4162
3339
2225
485
3065
1047
4507
1252
3161
23
496
4049
3892
847
4040
4300
715
4253
4327
788
2789
4317
4478
2022
2090
3946
807
2391
826
1881
4967
3669
2339
4357
1204
1217
1588
2530
1452
2999
2298
28
956
4471
1632
1769
4832
3960
3655
781
1662
1684
3641
2388
1800
2870
3624
21
3350
2173
3557
153
1524
2426
1219
3889
953
2440
1340
2332
2087
4495
4033
4101
1416
3936
3075
3124
4508
501
3709
443
4283
4701
1984
1160
4875
3182
2423
3384
3313
2357
4923
4135
645
493
1211
1896
2047
3473
2191
3755
3917
1883
526
289
2703
1893
1463
553
4640
3516
39
2245
17
3556
4177
984
735
483
32
2580
1926
1077
3604
2003
4625
3878
2644
2534
3696
3664
1981
1199
3311
513
3899
4170
3851
3010
4773
1718
2313
873
1102
1790
4650
4671
580
3560
1517
2076
369
4410
1100
218
1388
4482
3945
1675
3792
909
4134
4387
300
2044
3620
1081
3962
778
1668
1048
2969
1448
872
2501
2473
4995
4531
3896
3697
2878
2622
2799
3560
1033
308
2989
4432
3847
3373
715
1247
89
1132
1591
1289
4626
1569
3215
4917
2823
3770
526
2294
2980
3874
2581
2696
3350
621
2396
1896
4263
4056
4667
4741
1110
1680
1713
1088
4301
591
3022
2572
384
276
1021
2154
2744
4749
3167
4303
289
2686
175
184
1875
71
3458
3149
3922
4336
4542
2394
3324
877
4456
4371
3723
2201
4033
3113
2241
148
4186
1902
1831
1521
4770
3804
1029
2137
4031
4181
4396
302
2206
1396
1501
4649
2982
846
2528
164
1540
1771
834
2166
4733
418
385
1544
845
3048
4282
1212
1485
2566
2301
1787
1667
4974
3755
1306
3044
969
468
2587
458
1593
1142
4150
4523
3445
2237
4045
1047
1958
3686
3891
4723
4536
1336
317
361
4394
3568
170
489
4805
2920
827
1565
3092
915
459
822
406
3
4
4460
2598
597
2264
3665
1138
1807
4477
1564
900
3257
1716
2245
1361
2418
2154
3693
2245
3641
3577
2183
3760
1319
131
2861
2023
2788
418
1080
586
1373
4169
3988
1261
4859
4152
3872
1653
4245
3053
4971
1288
3439
4214
876
1768
2074
2595
671
4629
833
4018
3899
4462
3537
3764
560
3130
2667
1769
1873
76
1571
2519
2185
3090
2300
2332
1865
2261
2169
1626
3632
3100
3753
4878
448
2343
2713
724
3030
2166
202
1620
1550
2351
4443
1611
1281
1197
160
309
253
4128
733
2128
4329
2728
4785
4968
160
4882
1470
431
42
1818
2385
2519
3928
3735
1920
1311
3425
437
969
589
1110
3209
4754
3732
3654
3760
3177
1944
1864
2989
4322
2346
235
1547
2601
1994
4388
1429
733
2948
2779
4231
4289
758
4107
1227
4216
752
2173
1798
3427
4051
4096
2910
2501
4601
2248
2104
1391
2313
1928
4244
4189
1261
2159
2973
4914
4549
996
1723
4310
4055
2442
3837
3362
4705
2158
4879
4406
2741
1946
815
2632
4150
4595
2949
2541
1897
921
2863
914
1533
1248
3045
3307
2587
3626
3011
1781
4350
4741
2352
1378
4803
3794
4861
4878
4732
4745
2278
3117
156
2317
3888
2109
28
2869
3473
4604
2599
1779
4215
928
4197
3813
4229
1779
4350
578
2018
3175
427
2748
965
3061
2952
3237
4442
2014
3453
1216
640
3200
4558
3747
1780
3349
3742
2733
2979
3943
1255
2421
705
310
4201
797
317
609
3076
2983
3832
2271
1261
3061
3906
673
3263
537
4632
2973
1116
1552
4226
4629
710
4843
3623
882
66
1075
4712
2456
2871
324
4010
2415
3673
4630
3138
1625
1430
672
3470
4715
4959
1979
1801
4303
2629
327
1343
2498
3514
2001
3504
1160
3250
4073
2278
3467
4450
3332
981
239
3301
3576
2786
1436
3377
4467
3529
1703
250
3213
2823
4817
2850
588
1261
1027
1425
93
2123
1510
503
4423
4449
1946
723
3010
1535
2119
4403
732
4885
1205
596
1204
1544
2738
4640
2704
2315
4246
112
1054
2966
2056
2547
368
1097
2458
4216
827
1732
4630
465
1185
149
4863
4832
1884
4094
280
1894
4551
1671
2579
2252
3489
1550
2500
4653
128
1429
1239
2106
3872
40
2770
1737
928
921
2110
546
1789
1724
488
4707
3962
949
3262
3836
172
2292
4211
4815
651
3734
663
4714
2928
4986
2578
1274
1960
1295
1237
4093
1137
1878
1396
3346
2254
1523
2575
3524
3019
3251
3945
2695
2797
95
3964
1441
220
1015
3957
3204
3598
4509
833
3743
2340
2711
1000
1289
2035
4050
1595
3115
4455
3578
4203
983
2932
4163
343
3633
1052
3822
2478
367
4409
3730
2735
29
2113
4033
4571
2546
3652
3258
4202
2142
1760
4602
2652
875
4318
3257
4739
2429
774
2093
4185
125
4240
1360
1400
4266
4383
4674
425
3347
4555
3366
4463
4103
614
3351
1986
2893
3578
4091
3295
1927
3424
121
2053
2085
679
4971
2842
2527
302
1057
3000
2120
3919
1305
2599
3019
708
1711
76
2255
2409
1988
2953
1703
4679
4173
3793
4096
594
3507
2737
4033
4842
979
4228
3964
4533
244
181
3270
4146
1583
72
1796
2269
2540
200
182
3788
3589
51
2227
2924
3597
2679
3316
1849
1418
3668
3244
3279
4492
1677
4399
4530
4462
4004
2294
4953
3011
489
3568
3101
1384
4637
3845
1075
1358
1166
3832
2821
243
2122
4420
3225
4458
758
1731
52
3720
2502
248
1796
2314
4761
558
1753
2964
203
1566
50
4878
4666
2351
2593
3493
2584
1734
3387
1640
4234
958
145
233
2618
3148
4804
1863
2591
73
4775
2695
1047
2472
825
1113
1610
520
1987
4747
1295
3779
4381
3749
3734
3057
3703
2303
3959
107
2503
601
628
1428
4318
3547
2476
4862
4369
2227
2557
378
3579
3473
1877
2870
3864
4325
4203
1933
356
112
364
4128
109
4117
312
1029
3880
4011
2752
905
4512
483
2812
1290
3362
1730
3017
1629
3730
25
2728
2505
4477
4016
4723
4193
3379
4760
3303
4433
3502
4796
1595
1987
2782
867
662
4999
50
4985
1875
2415
1146
1975
4807
1939
452
2205
954
4054
1610
4123
3757
72
2671
2785
3651
2299
4485
2288
1336
3823
948
4391
2498
1362
2040
1506
3599
2902
4180
4154
600
2913
3115
4321
4867
2397
2546
2158
3619
671
2006
3612
4224
3002
791
1173
4972
3664
2729
3543
617
1364
4686
278
4918
2080
1563
1190
3967
3490
4721
2956
1128
1463
1863
2204
2903
4677
3164
2452
3653
3613
457
969
785
4534
117
941
984
1293
3085
3939
1748
2807
4813
1141
383
3604
2937
2160
2561
199
2664
1917
731
2339
3623
2012
3653
247
2741
2119
397
70
826
2215
1811
2566
1490
672
2336
1695
1951
1505
4607
940
1882
157
487
4084
810
1784
3400
292
4046
4835
4678
4381
4884
4698
2307
1522
464
382
3817
4864
4608
990
4227
4780
2502
44
971
34
4501
2885
1870
2999
1093
1876
4667
3530
1676
257
1786
4833
2024
4606
1178
2020
3123
4534
2846
783
2159
576
1002
3813
3938
48
407
647
3791
3396
2763
4038
254
3599
234
1421
1937
3504
1225
188
463
3706
4884
2593
780
3048
3214
1652
1869
1382
1025
3216
1632
4067
4898
11
594
1216
4687
623
3874
2305
4282
4221
3550
2769
2015
1978
2027
762
135
3838
2822
183
2373
1833
3033
1132
4476
920
4499
3314
257
319
4965
905
1935
4216
1289
69
329
1898
293
1025
835
3236
4163
2561
3040
4824
2957
736
792
731
509
109
1225
1243
624
2453
4830
1390
2771
1618
4010
242
1086
1059
1860
2157
342
1039
2791
4210
3075
4972
2068
1094
1068
2463
1544
3237
4067
1779
3453
4097
1302
1580
477
235
3533
2648
4777
4102
2209
2743
2096
4752
1557
3964
1463
3181
2770
4229
2164
4105
3999
4212
3789
4715
4671
4975
2906
2457
2568
4485
505
2161
3314
3367
3827
3138
1622
4783
118
4790
4881
4537
1578
829
3357
3489
574
1949
4609
4567
1366
4529
3315
2621
3327
1404
894
1138
422
4379
3507
2341
4651
3784
3473
551
1817
3757
1851
3335
122
4330
1172
612
4135
4069
1391
491
4597
2801
1883
2105
913
2292
1679
1326
2657
1903
4686
3246
1535
1717
1382
1825
2453
310
1830
3886
1262
2512
2881
1634
1422
531
1695
624
1877
1785
1240
2740
282
2451
4504
1471
2054
2116
712
3580
3298
3047
4205
3644
537
3512
4726
1816
2508
312
521
3304
4841
789
4632
4249
1012
275
1748
671
1155
3958
58
3110
1889
2325
288
2341
1832
3104
4396
1421
2726
893
4503
4939
378
2648
4090
1061
1521
4173
2884
3962
1964
3187
4388
1901
4048
4568
4653
468
4223
660
1293
4314
2960
2627
3399
3169
4163
1725
2973
2335
1088
1082
1356
4535
2126
2527
1306
2567
2331
3441
11
3832
3478
2089
3033
1464
2073
1255
1357
4454
4293
81
4099
4053
123
620
4225
3944
2247
3725
3607
1883
1140
2573
1337
4878
4479
1827
1672
460
369
4468
2649
672
2326
4337
4205
2992
3282
383
2853
1276
387
4673
2591
2034
1632
864
3936
1359
1860
3834
3933
2164
3269
1381
347
4991
4349
2960
1362
4160
2581
4007
4937
4137
1273
293
2729
2649
2237
1677
561
2852
2323
2159
425
339
1061
4090
1186
3563
3273
650
1230
2005
3648
602
767
3899
1075
3272
4901
2915
225
4047
1384
1348
2466
1591
2726
4118
299
3785
3029
4968
2822
4953
1633
221
4816
1700
607
1808
1329
980
1670
585
4950
1916
968
3636
1153
3500
3230
3229
3499
2312
712
2195
3822
3890
3817
759
4087
4554
987
3673
3351
2782
3233
1716
192
765
2217
4344
2230
3175
828
3156
3944
4897
792
857
1357
1313
4688
211
271
25
2435
676
2566
4738
4807
1983
3209
4814
4745
2346
4222
1276
656
3291
2608
4089
2756
3740
94
3777
2445
4212
3593
73
1137
1788
1178
2642
1616
3634
4890
159
1643
3113
1215
4819
3580
1415
952
4004
4123
1140
181
4311
3967
0
3273
4557
2609
4112
1780
2907
1614
2189
1917
4443
1776
2723
1
1602
365
73
4146
1020
4927
444
3287
1945
2414
3103
2364
3106
996
2430
4576
2588
2132
3334
3534
2450
2959
650
1009
876
1781
1723
2713
3980
4623
469
1123
1626
2382
4879
4789
2218
3006
1261
2360
4212
2601
1099
736
2446
4156
537
2104
290
2857
4651
1462
2144
2859
3286
3737
3024
3300
4763
2047
3275
4764
179
2332
1683
4459
4667
4838
323
2254
3132
2573
1447
2196
3606
4829
2224
3491
1941
3710
4310
4266
2145
298
1813
3643
3622
2398
1540
1932
2915
555
4293
3636
1820
823
2765
2151
1839
4520
3290
200
790
3125
963
731
1465
1258
1752
2350
2084
1330
2893
3694
169
1352
4075
4273
4687
3945
605
2794
4049
876
1534
1778
2961
220
2210
25
3948
238
3484
4541
3792
4199
1894
3392
2962
1335
2754
1503
4555
2553
2182
4470
1528
4583
1876
3202
2224
2336
2285
663
2602
255
3104
3566
3309
1781
3580
4316
4781
1274
676
1991
1323
1187
1376
94
4577
551
2201
4518
2251
18
950
968
4068
3039
1593
4696
1545
1097
4164
511
1727
4735
1958
1559
4371
4354
495
447
1708
3497
1153
2370
4644
4237
4780
2815
4645
4466
4125
3449
4715
1123
228
669
3258
877
402
3724
226
2667
2957
1348
3784
1433
4687
578
1662
1116
1071
2584
3755
3789
993
904
2163
3296
1163
1883
3640
1028
2650
3303
2683
3863
2008
4299
3069
3685
2364
1512
4265
3896
3233
4533
116
4042
2926
3495
2149
4259
363
109
2020
4090
4997
3986
4733
327
889
42
1304
646
1388
1938
1571
764
4387
3213
470
1219
2749
4315
4415
2101
3812
1963
3481
2808
3293
3993
1085
1657
512
3070
2570
139
3858
1569
688
1316
3455
999
1053
373
621
1037
4880
3411
521
780
4022
989
2433
4209
4697
3555
37
1107
1742
1975
578
2616
4241
108
4448
3993
4756
2783
386
1802
1006
4820
256
3164
770
4432
4210
3210
2633
2887
4944
4183
3188
2846
1056
17
477
3936
3576
3389
1333
4666
4622
2203
1271
4819
1439
371
514
2081
3255
1965
882
4598
3951
4068
214
4482
3216
1799
1255
732
2581
1681
2254
4572
2583
4196
1517
4537
36
657
1638
4664
2886
746
1720
4951
24
264
2277
2189
3987
4002
2086
3713
696
3799
2150
4129
4144
3793
1527
3208
1337
185
2045
2553
1284
4574
2188
3532
3978
966
5000
1726
3483
1536
4235
2125
349
3896
995
45
4708
3268
303
2142
298
4655
751
3161
4639
702
1257
650
3902
4214
4073
3797
3427
4980
2828
1292
3779
1669
2244
3134
164
185
3876
2829
4581
882
4158
3049
3657
1005
2860
4958
409
585
1979
4345
1701
261
1415
4788
4965
4918
505
324
2013
3080
234
3771
549
1293
665
4800
413
1554
4745
3894
1615
968
370
4749
284
1897
4065
3673
2973
4735
4008
3974
2822
2634
1481
1895
4627
2157
1267
3740
2446
2606
3133
2551
1665
1121
3397
2409
645
749
968
15
595
850
3088
4673
1368
1084
2247
1619
1968
137
264
4000
4310
494
2223
4000
4187
2708
3061
485
3598
4674
4949
2288
4508
2847
3882
2069
396
2310
2329
1323
929
190
2418
3869
4833
4471
2772
1777
4405
203
2417
803
4194
23
4831
2229
2369
1743
194
4396
1365
3018
4744
829
4505
4389
573
2204
627
4410
192
4292
1737
498
827
4054
3407
4582
437
105
3344
3639
1942
1314
1348
4604
1292
751
4945
2370
2635
1893
4371
1094
4445
311
1392
1149
1559
240
4977
2653
3778
67
1371
840
2929
1671
3583
395
3869
600
167
4030
2607
1773
4686
2512
2683
4144
1856
109
4978
548
4784
3161
4943
4719
1229
4074
4185
4268
3458
3925
1343
869
3980
4499
2081
4508
3103
3244
1413
2177
3785
3099
2074
4605
2692
1749
3996
2417
1330
1287
2260
270
4989
3980
2757
686
905
2169
336
1966
777
4702
3877
26
3508
2452
3057
4020
3671
815
2058
2393
1515
4794
1838
2205
4885
2096
1373
3985
4752
4784
3149
3215
4847
1363
4883
4616
383
1132
2621
4699
851
660
2435
2645
2419
3418
1328
3573
3426
4714
849
3073
3541
1383
1839
3143
723
900
3012
4037
4970
4651
317
3464
3650
4003
2879
2178
4896
1261
1346
229
874
1124
2217
3715
664
4011
3590
2219
2583
2976
2372
1692
1259
4074
1947
2338
2298
2777
2541
3059
347
4649
2249
4519
1546
1745
2819
4532
2254
3420
2525
2719
822
403
3360
3130
1718
3663
3732
4969
3063
2032
1197
3695
4515
1627
4881
4013
3767
4693
781
1081
4708
3113
1372
4702
3048
1051
3120
681
4102
2995
8
936
875
3156
1733
164
3442
3911
2167
1695
2040
4658
2221
1494
2044
1385
676
928
1533
1238
4918
336
3188
3738
3459
70
2507
240
1563
1652
2410
4815
385
2335
4641
31
3509
4346
2929
1420
1532
911
2763
2128
2157
4975
3656
2758
1913
2043
3424
3287
3252
2917
3798
4233
72
4807
3187
1614
4679
3709
2358
2957
1537
1169
4596
4111
4538
1657
1851
1582
2594
4385
4623
1264
4844
156
4873
510
4705
3837
665
3391
1636
1800
4811
2836
3615
4638
1691
3073
4344
4757
2492
1207
3574
3865
1272
4353
2678
1026
2437
1867
405
2545
2958
3259
3447
105
1694
3698
783
844
1635
3941
3262
3703
4410
3675
4555
1567
694
4891
2303
4000
4068
2070
1549
3851
278
1907
921
4271
4941
1658
330
920
522
1896
4613
789
3055
2970
2012
684
1962
3897
1631
2657
157
3987
3923
2143
3792
4318
4761
1928
2273
2118
960
2283
3942
632
1491
2717
1337
2096
3475
2102
4646
4638
4163
1605
2521
1980
4260
3427
1800
4859
2631
1200
3055
1914
4422
2593
1393
2416
84
2535
3451
1720
4728
1646
713
2167
4764
4561
2013
4248
1200
4927
858
642
2042
441
363
336
3919
3758
4557
3184
3375
2255
14
2782
1429
2475
4874
1696
4628
113
3784
3525
1259
4906
4231
2439
2230
3935
2104
2010
2185
4806
2642
4416
4783
1075
3545
2426
1519
2352
4777
110
1838
2008
2333
2027
4954
1171
2700
8
3265
1116
555
1833
739
2388
3014
4223
4360
117
4825
3982
4638
933
1081
328
1086
2723
2552
4715
394
1893
336
2238
2851
2911
2273
3379
2183
356
4333
347
4707
3530
1935
4355
24
3468
338
4768
2510
4363
3121
1622
2501
4380
17
2528
992
2188
222
2347
716
2223
3925
3946
2582
4490
3832
2168
423
1436
1647
3900
1511
4000
64
21
3797
4687
322
2674
427
1800
572
1137
604
780
3942
2416
1657
2795
2550
1023
613
1658
1195
3977
1467
3452
3432
2287
2269
4697
1532
2684
1884
1474
2297
4698
4968
1415
318
1477
1624
4000
912
302
3069
1895
2240
2266
1725
586
4418
2670
907
3582
491
2102
2823
4628
2344
1910
428
928
4713
2902
3130
2580
2310
2199
426
4187
3747
3965
1438
4398
1386
1566
4172
3107
1795
2577
4756
4579
4986
292
4996
2794
4921
4408
3709
3590
4936
791
3780
2295
4939
69
4260
4171
3483
1542
4069
3963
343
1904
1056
1725
1543
3471
4020
4846
3725
2625
1477
3233
4288
3474
2329
2039
3926
2311
1663
4443
3382
891
2671
4572
2390
2562
779
4074
3230
3507
2816
42
2451
1270
4925
3378
3612
1117
535
812
4024
1484
1360
956
672
4957
2912
1756
3999
259
698
1165
510
814
2330
2657
1937
1932
4558
1306
874
649
1228
3339
4990
4575
4270
3004
1454
2882
2258
222
4769
2117
2158
1222
1429
3487
2694
992
1683
411
988
640
4775
3335
4330
4519
2080
4572
3169
2064
1682
910
1817
903
4720
4055
4353
4260
3486
3528
2659
536
4792
618
220
2143
1303
1733
870
4560
4562
239
2264
3207
4383
801
2187
332
2502
699
3807
1656
1895
2688
2275
3605
4441
3709
841
4063
1044
1080
3383
3703
2573
3982
1390
923
818
2057
1687
3888
4919
3993
2653
3171
3184
1600
1755
4778
4136
602
387
296
2575
2442
2088
766
3527
446
1987
14
2889
3174
2111
215
3731
644
3596
2932
2175
1275
4626
2861
2678
1701
1725
4763
3758
4954
3398
2516
2070
393
2083
621
4599
4665
434
2072
1457
3663
1944
606
3077
4823
2731
4272
253
4143
3271
2985
2444
3852
4130
2355
4593
2281
3321
3240
3160
3514
4554
27
2303
3779
1876
4858
2750
4396
666
654
2255
1728
4718
3129
4377
1566
2870
1655
3396
4081
4887
738
2560
3467
1891
74
3095
1137
2250
2134
3455
616
4692
1139
3225
2713
1862
2298
1111
2918
3933
3955
4781
318
4410
4413
2344
4986
4588
642
804
3891
218
1158
303
4581
3701
762
606
3694
3077
3826
921
455
4030
1634
2756
2833
2121
2316
839
4075
841
2481
1182
2914
2491
2658
4973
726
620
3569
2002
2800
1531
958
630
656
4524
514
4160
1302
404
707
2838
1746
96
145
4346
1070
3160
3767
584
45
4438
3339
4820
2661
2725
1205
925
4704
708
2887
1314
3394
4626
3959
2071
4146
2315
4961
2643
2247
3486
1826
1920
3027
3186
4864
1336
3100
4670
1957
3001
2780
499
359
4580
4448
4726
1111
3081
4961
3077
560
3412
516
4116
3896
1569
1793
3956
2102
4380
1858
3358
4417
3039
1134
1637
4300
2532
4170
2073
3245
2072
4750
653
4215
3289
4758
1223
2194
2217
373
3645
652
4384
2153
4792
3930
4480
2723
3916
2310
2579
3160
678
2975
522
1799
331
1822
2456
860
4689
1896
4686
731
3342
2895
603
2495
1740
2521
1273
1415
4426
278
715
3737
1225
3304
3043
1918
4776
1458
2272
1809
1083
1750
1936
618
4763
4008
202
2736
73
1769
3247
4502
1264
2853
1491
1223
2017
4338
3216
1128
3684
3433
2047
4686
2565
391
114
3306
576
4753
1301
1896
2225
2886
3550
2335
3612
4563
2275
4380
4605
2026
781
1264
2063
517
4680
3641
123
4911
650
4381
1840
3661
4262
1536
509
4725
581
4878
2985
2584
4183
3395
811
238
3567
1877
1959
882
897
1241
3595
2160
3956
1648
3700
2896
3121
4596
956
1074
3084
4514
195
278
1088
1874
1701
1426
4960
257
3473
4584
95
2042
2303
3407
4860
675
1473
2120
2130
1927
2255
3677
3328
4662
771
486
1575
535
3793
2191
4952
2711
2139
3331
4630
3167
1626
2750
1742
4081
2654
4322
672
4339
743
2930
4213
2954
3503
3823
535
1263
1138
4436
3526
3798
2771
4340
3986
3256
796
3768
3684
2166
3756
1653
2504
2261
4779
4747
4281
190
933
2327
1546
4432
3032
1757
4684
4720
1681
1728
4331
1863
1803
1962
261
278
2870
4817
884
3930
3219
3309
3691
4499
2992
2446
4514
4111
4189
4538
1839
2113
55
2264
2377
403
4039
4712
256
2965
2259
223
3601
1099
1540
2697
3682
1497
4565
3529
326
3575
3598
4298
2227
3844
4871
3314
2525
4227
249
4648
3816
687
4229
242
1718
2942
1271
1920
3867
1667
2542
3103
3701
1133
1615
1624
1248
1914
4497
2855
2007
747
1278
4748
1579
4575
1259
1328
730
1529
2927
2296
4139
4859
2934
2444
3029
1899
411
3508
4988
2459
1635
3681
2869
1824
2192
3840
3501
4540
1466
863
2916
2773
3428
3641
2393
2563
1383
1509
2543
3376
4034
1258
128
634
2501
3447
2832
3939
335
4095
1040
3442
1796
3969
4149
1613
2359
4961
329
2592
2058
527
1564
358
4872
1886
59
3222
4052
2953
2737
2106
1063
4189
2327
1036
1824
3279
1991
1831
2329
2168
1868
3759
2921
4733
466
975
2049
4958
660
1256
1478
2983
2129
4659
3158
719
4073
3939
1261
4683
1488
2517
1266
114
4741
4245
4879
3953
3930
2498
1061
128
2674
773
157
2792
1718
3069
1281
4302
3690
1168
1192
1375
2963
2200
342
971
4380
4419
49
2889
4800
3914
2169
3107
4585
2478
1623
4620
2518
3738
1550
3273
4167
904
1037
2579
647
2780
4595
776
3139
1063
101
1472
1514
4546
2176
2543
4718
2964
4815
1193
4638
334
4478
641
4789
1022
4497
4246
3473
657
1767
1222
2532
1494
3021
1471
3827
2650
2163
388
3013
4447
167
4763
1675
2223
2619
1924
2583
1144
245
1656
1152
876
3808
4585
3618
4151
978
1788
2331
4673
1123
4642
2268
3747
3893
737
427
3135
4022
178
3247
1646
2834
4529
2090
4995
4776
3159
334
1861
4962
1056
3459
4258
813
104
666
2806
3567
1493
2469
2013
4866
4369
2144
4328
3226
1822
43
2638
2243
147
4601
1105
1742
608
3169
945
2461
213
4385
3721
3327
1681
2897
1125
233
2326
479
4985
4527
3889
4603
545
4537
1182
2708
863
593
493
3536
192
3158
4109
1034
4448
1835
3393
3723
2983
2418
4119
4951
4470
483
270
4927
1423
1268
4795
3801
937
3477
2185
3397
4354
4776
1593
4054
512
3553
2098
2063
2974
2879
4481
3430
3221
3612
2268
2473
845
1501
4074
2423
2074
4451
3751
662
4568
2910
4677
3896
49
463
2982
1399
4312
591
870
3260
2844
2210
3270
2796
1310
131
3534
970
355
2414
476
3999
1435
3540
2796
3568
1884
4995
3645
3425
4238
3585
4874
617
3228
3484
262
2587
356
1070
1921
4763
146
514
755
717
3323
1338
684
1948
2391
4270
4697
1740
2486
1845
1572
4238
4208
3067
4919
557
3328
3958
3393
2664
3563
2964
4908
3026
4422
1612
4491
2830
4131
1622
1539
925
1616
277
1198
4603
3925
141
4834
2802
2320
1894
4064
2667
4148
3730
272
2352
4989
2215
3188
4215
703
3448
2010
1800
1375
2036
2666
4535
1741
3614
3369
2942
3081
3058
3002
3494
3519
0
776
3614
4660
2161
480
2521
160
799
4607
1155
2188
3118
574
4491
1550
642
2849
417
1885
2497
520
67
2540
243
394
60
3754
4626
161
600
3875
1373
3797
257
4970
4778
2201
3996
712
1074
4948
1079
1192
1549
861
4596
611
1687
166
1824
3607
3533
3320
4118
1057
877
2189
2314
3854
3264
2647
1991
428
1941
3946
1512
3962
3769
3816
3094
4641
3
4073
3533
896
2241
3371
397
3995
22
3186
2096
1161
2811
4780
4735
3359
1203
1879
3477
731
3628
2552
3190
1897
2940
640
368
2060
1111
2561
390
2138
1729
3454
2088
1174
4996
118
3864
472
2863
1545
801
2976
1234
1536
2822
2280
4751
1871
2575
1148
1533
1722
4892
3256
1546
3012
213
1884
34
1789
2706
124
4309
3817
2027
4936
1150
2581
4423
882
2225
1571
1514
215
4458
1173
474
2863
1817
383
3527
3078
5
283
2801
1151
532
2306
2243
3249
4810
3668
4893
3379
35
3832
1957
2223
2610
3402
3484
3490
1237
2264
1776
3799
2552
1979
1656
2624
243
2386
3106
309
180
1448
1039
4194
3368
1939
1437
4334
2058
1038
30
925
206
4329
4313
1691
4309
3183
748
3681
3
1389
914
4882
2619
1426
434
3866
3226
4004
2651
1476
1426
3370
4878
622
2295
4123
3566
3975
4217
4172
3279
2577
1880
4175
247
300
3707
1761
4050
3983
4762
3470
2298
994
3010
521
835
1323
4894
1138
1945
4746
2036
1961
1541
3062
2208
1611
1762
4927
1470
1677
3845
3546
705
3332
4878
4274
4295
2199
1268
4982
1101
4038
1803
3527
2000
3979
1992
3381
3793
186
3375
3942
2907
3159
4215
4245
2578
4856
881
1530
2241
3056
1877
1973
885
1488
4441
4224
4519
1487
4277
1265
1794
2051
1838
1629
1697
2132
1372
1432
2015
4996
4794
3881
1564
3926
4355
4478
2890
678
3261
1619
3948
481
2670
2885
1056
603
469
4292
3156
1887
853
2733
4298
118
2227
905
3119
1884
2615
2023
4497
3052
2388
2771
4323
1183
801
4221
4395
3146
4286
2883
4771
3959
1937
4957
3721
4944
4486
2235
3914
381
310
1192
2089
4620
4560
47
3356
2896
1738
4331
1210
3224
4124
197
4360
2416
1174
2780
4449
3390
312
1118
1153
2535
4682
4503
1155
2801
2259
3706
4838
4292
1641
4562
4849
4209
3533
1229
3179
4903
4600
2042
2774
3727
3628
1474
4608
980
4059
3653
1079
3275
254
4198
1890
1621
4661
4038
1677
1045
3124
88
1330
903
3823
3025
4674
621
3046
925
2846
102
3157
1340
2669
4219
1474
4306
2360
1581
4835
4918
658
2256
4275
3516
3757
2061
1047
3701
629
3268
3381
1523
1605
2577
1668
1670
2147
4599
3732
576
4162
1912
1783
1930
3814
482
643
1772
3493
2763
558
1160
3147
1508
3705
4178
2575
1855
1558
426
1203
2476
1281
2474
2778
1458
4612
2618
2890
2267
3421
4378
1898
4587
4386
4245
2994
1354
232
4514
4120
1958
4966
4706
1615
1822
4942
397
3034
1307
3134
2923
4636
3065
3162
3906
3435
1693
2087
1000
506
3704
2918
4562
4487
2151
4612
3937
4631
4487
711
482
3132
656
4529
164
622
1454
3322
2322
1400
4501
1579
1609
4314
2366
3447
3337
2789
4854
4910
4544
3284
4946
2990
2728
3389
1485
3511
1102
2734
1307
3536
2413
3865
1751
2183
4644
646
1567
3929
4428
571
3856
263
3697
843
2983
3540
3223
3018
3650
3750
4271
4282
4047
1722
2136
762
1355
2211
1517
4058
999
3722
4839
2402
4670
3742
684
2436
1030
3080
2841
531
4877
2735
1753
601
2742
4318
3334
4023
801
1817
497
3215
2136
2694
483
1904
3036
3843
1586
4905
2548
4931
663
897
3772
2841
1177
476
1228
4416
2783
4714
1291
3251
1511
4211
650
2696
4207
2662
971
3880
3486
1262
1213
4613
2367
3933
4632
2831
1522
4904
1215
4306
4954
2720
1728
4264
2453
163
565
966
645
668
3591
1808
3017
4675
4562
4597
4450
3626
4711
3216
187
4389
4029
2683
508
2658
312
1383
81
48
4405
2710
3179
1150
1624
3714
2403
1398
64
188
1360
2768
318
1540
1336
539
1812
2409
2300
1112
1050
4466
1059
2635
928
4745
1086
2275
2042
2450
2684
2262
2853
3047
3074
1508
4109
206
1464
263
3912
2695
4868
94
316
2575
1576
271
4407
3469
4207
2699
1261
2444
4432
3512
3632
2573
3352
4171
4890
3301
750
1411
4371
1533
1492
3017
4314
1017
4954
1772
4907
3772
2064
2100
3538
175
556
1991
4809
2500
1942
3177
3715
4802
1416
3080
2338
2863
751
653
267
707
2109
3311
3414
3061
2246
1008
4173
4279
3860
1490
2490
3044
3675
1071
4652
222
4632
1402
3101
596
2869
493
3212
1684
1593
244
3806
415
4334
3502
883
1382
228
3537
207
3502
2099
176
2486
4068
4040
1996
186
3594
3609
1558
17
2853
1025
3323
2022
2302
4976
2942
781
3386
864
1621
2320
2826
4148
274
1362
1544
722
261
1178
1982
3905
4351
140
13
3061
3282
4385
723
1442
3789
3824
4143
2717
3241
1593
4167
4885
3413
2905
1521
682
434
3177
376
4112
3523
4949
1371
1423
3763
4307
2980
3656
2418
3359
4018
3687
353
4878
2519
3162
2465
3274
3281
55
4855
4923
737
2004
1513
2971
4629
891
898
3850
4416
2569
2369
2478
2446
3454
1908
3210
2488
4050
3706
1209
3288
2971
2657
498
1523
4837
2464
2744
4823
4319
1565
2407
1595
2968
412
3101
202
20
4118
3138
4063
4648
403
2858
3723
1412
4439
4143
2542
3132
2400
4257
123
4291
4538
3054
2173
907
2269
3028
4780
1604
504
1406
4472
3247
1442
2827
2643
3550
2720
2588
945
1041
4434
2020
1615
4553
2756
2685
3737
4242
4185
4508
2300
3691
2187
3161
2834
2308
3023
3918
1353
4931
4849
1648
2009
3417
2193
2975
152
540
4203
765
2264
3209
3472
460
4975
60
2510
4917
3751
1674
4010
2826
837
3257
2430
4149
528
2210
2095
3993
4095
1329
4782
3707
1884
4764
3840
3559
2724
1580
459
2275
1278
3138
409
3252
2981
3503
3854
1852
2481
920
1428
4351
2552
2599
781
3887
631
207
4487
2951
908
2265
2530
1930
485
1021
3535
386
3103
1294
274
4016
2340
4750
4133
4249
4642
1038
847
884
880
4709
577
4408
752
3692
4050
2626
3073
1297
4483
2379
125
4918
3455
4900
2597
4405
2757
3808
4053
1393
430
4516
1585
3289
4192
77
1576
614
3194
4944
2732
4442
3737
3768
4793
3163
145
2519
2850
3720
1735
4684
2995
4411
531
3035
4226
2155
4644
1283
2911
3723
174
4079
4332
685
993
3243
1366
4098
2463
4968
4914
2745
2485
4543
4857
1922
3370
4433
2470
2352
1789
4202
294
3228
2024
4496
4148
2148
1597
1180
4966
3670
2835
4410
1234
3256
1345
2873
2508
716
3200
3318
4829
4806
988
3802
4001
263
52
1326
2480
4413
2386
2368
2362
2932
3601
987
2125
292
1854
2063
4356
4581
1984
3458
922
2227
2582
4203
207
3791
2547
7
3596
3653
549
4848
74
3999
333
848
1827
1435
683
3760
1054
1545
598
3053
2111
1393
3000
4583
1078
225
2832
3715
2848
1333
182
1029
504
168
2575
1245
2476
2127
3938
4877
2224
2040
3178
3532
767
3059
3325
917
3567
1738
4831
3005
438
1645
3450
2287
187
3757
2804
2098
4502
3771
3181
4790
258
1645
3284
4012
4853
3750
1990
2495
2175
696
3147
4686
3674
3092
3966
3285
2577
2324
1583
1797
4208
1574
991
3773
4331
1855
1104
469
2688
438
4802
1134
929
806
402
522
1434
2884
241
4864
3704
4796
3651
1794
3349
4923
2726
2119
4354
3382
3142
798
4115
4875
4187
553
4077
605
841
1802
3376
2480
1272
1540
4406
2462
2683
2015
1489
1544
4435
1241
2525
4919
2804
3268
4277
1682
2657
2225
2263
1083
1750
3227
3727
4622
4446
2894
2733
1248
1445
291
1506
2884
2837
2947
2267
2211
3389
4461
3728
62
452
1633
2608
4526
4175
884
4604
3729
3819
2099
2529
107
1690
4233
4825
1524
1783
1000
4271
2441
3212
4589
2873
31
4827
243
1257
490
4842
430
1899
891
500
2865
2470
1058
474
4049
3039
1258
290
347
1856
964
3224
4965
4039
374
3965
510
1903
665
1705
1797
3204
3044
1427
448
4271
4692
3285
606
3671
2740
2828
3231
4377
1849
1408
4022
1448
1565
4328
656
125
828
2592
25
915
695
1744
1861
3060
353
1039
883
985
2244
1046
2118
3693
1069
3296
4280
2304
4984
2331
4714
2556
2610
1088
1155
3412
4592
1449
3986
4010
3455
4599
691
339
4991
4467
415
3382
3918
4980
1039
2034
4145
4426
4032
3716
3386
4991
1975
977
1711
345
2489
1436
3632
1436
3116
1227
4357
4799
4649
2348
2202
323
4796
4258
2205
125
3534
2540
3722
327
1140
3093
1995
1155
3876
3001
4021
1210
4314
4559
3061
4593
4033
4755
4228
4182
3767
225
849
2506
4005
2667
651
4486
919
864
3088
631
1761
2160
1635
89
4364
3871
3125
307
3259
753
2311
175
2388
666
2056
998
4402
554
1264
693
4323
1951
4961
922
770
2363
3981
689
4346
1189
1818
3837
3740
3270
200
4530
2735
4900
3179
1916
4672
4373
1955
4567
2367
3557
1989
3233
486
1659
167
1875
1815
1253
3930
2642
2323
1968
3125
1963
3966
4849
361
1692
4694
2336
2941
2797
3876
308
1455
3866
3085
3493
4722
258
2897
3963
1355
2366
4136
938
1414
331
1361
3882
1144
4952
2358
734
1249
4029
1589
2180
3720
4493
4465
1106
3119
4139
3445
4951
4209
1602
2360
2895
21
2139
3443
3368
1989
287
2821
1891
303
2849
4317
1493
861
3289
1300
2747
220
4719
2869
1426
847
3153
4345
3653
4459
4638
2087
1067
2095
4516
1805
3843
2630
3436
3853
2195
2418
1933
3454
2660
4185
1064
3843
4270
2870
514
1662
3005
3694
4888
2052
178
2593
1764
1869
1954
4799
2383
3655
4477
1421
3184
2158
2841
4545
4580
4788
2397
479
544
776
3896
3665
29
2320
800
2547
3953
78
1259
767
2763
2021
2281
4247
1851
486
4496
362
1816
548
4956
4909
1261
581
636
1066
2097
646
1271
4218
4135
1683
3073
1996
3264
2048
4167
2352
2752
1992
881
4083
906
2064
158
3525
2525
2033
1323
3895
58
1993
285
1692
4136
2067
2166
4980
1334
2508
4700
1411
1474
1644
2167
1091
591
4509
3052
2823
1018
2191
989
3258
2541
2006
2336
748
3435
435
4244
871
2699
4521
2136
1335
4227
359
2594
3043
920
4199
670
1402
1067
4210
2920
4928
2889
411
340
1946
1845
384
4280
2939
2646
4009
4221
407
2412
1899
451
2591
2177
4960
4326
4574
2377
3468
4870
2681
2033
204
3486
842
4035
4819
485
1268
3070
2568
1372
2999
2683
3890
1470
81
3187
3457
2200
2902
3707
1400
156
1362
2282
4515
1173
1497
2964
4464
4064
3232
3134
2471
2838
1521
124
616
4755
1946
2550
3830
3636
4395
4321
2110
3700
2933
84
3132
4071
3230
3856
4944
1933
3156
4616
4360
1010
464
3971
1536
3660
1913
560
2361
227
576
1064
3844
2936
3849
4323
878
4900
405
978
4038
3977
444
1134
3760
1626
576
1219
1317
3630
796
4799
4004
3802
721
2536
2712
4186
2249
2463
844
4742
4523
305
1440
4116
3925
3768
332
1254
3727
3801
1788
2855
4531
3003
3709
77
4563
1775
1642
1331
3700
3756
3666
2775
3912
585
741
1480
726
4838
47
1825
941
4463
4987
4437
440
2602
1036
4004
2478
4228
856
610
533
4508
728
652
3271
4415
2940
1637
4031
732
3384
2898
243
4278
1501
1081
684
4847
3568
4555
4882
3042
1100
2482
2611
4075
4200
4530
4475
2275
232
4265
1114
4470
1106
2445
1937
4022
4725
1469
4872
2441
4249
573
2436
4608
4859
1019
4916
4848
1543
1868
4654
94
3538
1649
229
159
2057
4377
2763
2922
2691
1683
673
2723
2254
3504
330
1886
1272
252
1207
2690
3040
1317
2762
84
1438
593
790
4316
1474
1854
2562
2142
4056
1799
3695
4770
2413
1362
3608
3920
2361
1641
1617
2578
2236
823
2095
2156
1301
2953
3288
3070
4929
2847
1881
2338
4490
2133
1627
4276
2662
3066
1978
4715
16
1525
2151
2890
1423
1212
4199
3752
2662
3311
3141
690
363
4645
2697
4323
4483
24
1120
99
1029
4086
1693
3908
2997
4062
1410
4210
1534
1976
3455
1692
3481
4807
794
1584
3504
2515
4776
2125
3974
1764
1274
855
150
3543
3755
1553
1471
74
609
417
3728
1635
884
1753
841
2179
3730
1695
4416
310
1974
3882
4923
1360
4510
3465
3265
4969
2200
1983
1536
3596
2755
408
706
547
1668
2538
3674
882
927
3548
809
4387
303
826
4246
1223
4121
3263
655
4997
3356
4741
1967
3068
820
4734
2449
1301
2027
2532
441
928
3385
1456
1646
2706
388
1089
4330
3030
3904
1014
35
1343
4837
2822
3719
4003
4033
3011
4155
4115
1727
521
166
3679
3168
2982
1784
4993
3828
4689
3830
1867
3542
3877
2344
3784
2584
1947
2681
4603
4907
644
1702
2318
3570
3994
2561
3362
4375
544
4690
2189
4004
300
955
4411
4555
2075
3414
4662
3645
110
1631
549
697
2964
4356
4367
4358
4898
4664
3663
4631
2301
2261
3124
2404
4260
4683
4297
1000
298
2323
1411
2741
1006
4165
1355
539
4951
1155
1989
1693
1925
3829
797
987
2938
4840
4589
4854
1684
2775
135
1620
4822
3177
4941
3138
253
3698
4102
4896
3197
3475
4371
1599
1112
3637
1526
1081
4843
1863
3492
2412
1932
4587
4358
334
2861
3423
282
256
1700
3642
4436
1743
645
1582
3516
4863
2878
261
161
1527
4347
1088
2860
3695
1226
151
1090
4586
722
4069
4462
4468
1428
4389
2812
2418
2751
2024
3155
3335
1358
2979
903
60
321
1795
775
884
4078
1181
1027
898
734
547
3376
3932
4955
3333
2930
588
4847
2924
683
565
2263
1389
2711
1005
801
2780
4392
3650
2217
1331
1721
3040
541
3520
2558
4503
3303
3372
1863
1845
3134
1781
1953
1453
1362
4819
4175
4238
4880
1950
1375
4317
869
3425
289
771
4045
2828
665
4399
1931
203
1153
1226
4834
3507
1011
1961
4235
1408
4984
4637
3390
2878
557
1202
3710
4522
721
3604
2483
4463
2571
863
285
408
905
4148
2527
4647
1552
4451
3732
4170
1257
1552
2868
1169
948
1290
507
2095
2968
3472
3753
1908
1571
2612
3298
1170
2984
4259
1203
3130
962
2271
2779
3448
3158
1166
285
1799
4973
236
4385
3576
213
2674
432
3158
1349
3951
2551
3690
104
2102
4978
3864
1804
2571
462
4286
1526
1856
2813
2441
1567
3463
1012
2503
2958
1739
1642
605
2616
648
4129
3742
691
1093
3662
3845
518
1171
1808
852
3700
3652
3888
293
3383
3922
3734
914
3085
2735
717
3021
1214
4654
63
2305
1252
1189
2324
4471
4091
2821
644
2719
122
4884
1376
4667
4185
2852
1653
4578
1748
2397
1338
649
4686
3639
2751
2331
2640
1187
2070
3238
1114
401
3020
819
1017
4450
131
2532
3090
3897
3296
4400
4603
1600
1351
935
4108
3012
85
3887
502
2321
1098
4994
3527
1654
385
2084
839
2560
4937
4999
1639
3931
3145
1361
3102
502
1847
2385
2060
3751
4658
3046
4511
370
2897
4233
3071
4338
2357
3470
2197
1118
483
4515
116
3408
3192
4172
976
3861
49
4454
3976
3719
1361
4580
3309
727
1628
1360
162
179
1239
3874
997
1914
3886
3571
2190
2413
3054
4774
4431
10
3812
1548
2491
3385
3343
4772
4096
3500
4171
4401
1432
4127
3722
1151
2278
2857
2555
979
2155
1661
3073
2091
4959
2478
1752
147
2115
2574
2584
1003
1066
1525
4964
2900
4369
3433
65
201
3499
3580
2906
298
4509
3317
1516
139
1216
3527
155
2979
3306
4229
3150
2171
2128
1622
4472
3276
2483
3892
1643
377
2831
963
3499
4389
3298
3499
1043
2661
462
4821
1877
3915
4335
487
788
4239
4452
4905
4258
1595
1630
2587
3764
3695
2407
2097
3146
4441
1575
2468
2394
4163
2518
3169
851
4779
148
1829
1179
898
1299
3056
449
165
3344
321
4903
3113
2822
1550
3828
4187
291
1577
2369
1893
721
2319
866
1305
2860
3815
4001
3387
4403
137
2573
1495
3347
1588
2093
4534
2091
2570
1994
2630
1826
3222
1884
4659
4587
3221
3318
3023
3456
3744
2442
2029
2880
4305
3774
48
1992
4296
1728
2688
3277
3224
4820
2424
489
1136
4615
3335
4736
4879
2778
1637
2233
4279
700
3983
3994
3274
744
1758
4805
2083
2697
1763
3033
3068
2110
761
2461
2018
2283
3720
4520
1596
4771
182
2944
4913
2089
4703
3197
4725
4901
4255
4090
1626
3087
2185
3863
533
4583
3984
2615
2575
1521
1599
2490
30
555
3459
2886
2357
4155
1577
3128
813
1182
2366
3280
2798
4527
3109
2323
3510
976
34
4769
4756
4775
4116
973
3144
1689
882
2739
3160
3445
4356
4762
3819
4048
983
1026
923
879
940
4885
4165
4149
4645
4923
1585
4165
1685
177
4310
2924
4391
2819
711
1600
1042
4411
1127
2468
2778
4109
152
4316
3333
4842
2479
2805
3396
3171
1185
195
3364
3158
4731
3536
103
2757
4069
2747
2080
3108
3759
1106
4578
0
620
3021
2283
1520
2786
1423
248
1403
1705
1129
1224
4085
2743
4656
3484
4491
3502
2061
3740
3398
3562
3571
4563
3945
111
1609
1915
472
3913
3231
2107
1884
779
259
212
4171
2709
1000
242
2773
1187
3870
1001
1052
4693
3998
3917
768
2712
3193
3475
4822
1058
1280
4090
1207
1604
3359
3678
3730
3020
3084
3212
1763
2783
3289
1395
1003
781
3919
973
918
1196
2839
437
4903
4174
4676
3539
1477
770
3862
4199
3050
3050
1919
2017
2904
930
3756
4939
3972
3196
2115
2972
843
786
3223
1936
524
1178
3267
815
2934
1261
1752
2918
4706
4213
980
1342
429
1805
2394
191
3531
3192
463
4526
454
2979
3014
339
2559
2540
2445
2107
3930
784
61
3322
2863
1919
820
2088
3041
2675
3289
1324
2904
1930
4949
2152
3994
445
1051
3697
569
2526
1922
862
675
4627
309
4516
3904
1758
752
3546
1369
286
2139
3831
187
4410
2673
4815
1102
1421
4910
1488
1907
3977
2802
229
304
261
4061
4874
755
1322
2349
3438
3644
1538
437
1028
2831
1395
4496
493
3942
4510
3279
4403
1654
4310
1405
3802
2568
3768
3056
2849
1171
3803
4138
4375
3025
3929
672
3913
4960
991
368
4425
2259
824
4054
2041
2299
1993
2906
2631
1137
308
4084
2346
3149
2817
1473
3336
1781
67
2133
3690
2979
4199
3973
1512
1641
2966
585
1459
6
58
4895
877
1640
2387
1950
1731
1334
885
259
2813
2919
1392
4995
2751
4946
3695
4803
2742
1624
2373
3213
2964
1559
433
3943
3241
528
4840
320
1903
38
2498
3593
2872
3346
1830
1015
97
1555
167
533
1921
437
2013
4168
3756
4813
1526
3654
4895
4762
3204
4178
2054
274
1153
2111
4960
2668
4433
140
3302
3538
3129
345
208
3878
4244
2050
521
2597
2051
2033
3437
760
657
3862
4398
4580
1848
1198
4425
1762
1509
2033
1533
2806
3003
1119
4775
4467
743
2597
545
3894
4610
4033
4658
3115
2261
1423
4886
20
2219
2897
1005
3112
705
965
1263
1293
2467
1465
4482
1154
3200
342
1700
1958
1388
3890
3970
2527
2781
3198
1245
2318
1172
2624
1236
630
2977
2010
2635
1446
2296
1562
4847
2959
2888
4378
3987
299
1902
1141
3845
1393
664
702
1052
329
1384
1085
805
4435
4844
4793
4358
4509
3407
4702
1472
954
1672
4404
1999
2453
2411
4756
98
982
3660
4737
1407
4245
2352
4489
594
168
359
2061
4793
4435
970
2163
687
2432
54
2141
999
2122
1278
845
2354
1185
4734
2298
990
3593
58
3495
4790
1796
3998
3207
1287
4158
3312
1944
164
4406
3351
4402
3616
4736
4016
432
2891
2089
3234
415
2094
2086
233
4317
1381
2599
2345
3560
124
1966
387
924
4813
1371
4622
4095
4395
3832
4284
3554
2995
357
2379
2704
3260
2637
1950
4188
595
4917
3576
1629
935
854
4947
2068
4207
3646
3710
3125
1712
4944
4888
4848
4336
484
920
2675
1228
1751
3573
491
1232
1755
1886
1892
4262
4885
4012
1605
1870
4363
2228
1457
4645
1748
1049
1477
435
874
1988
540
3196
3274
4899
80
622
982
3667
614
2518
4229
2527
3722
3170
4111
3900
2572
3586
4829
310
3732
3611
4047
1527
4906
4655
2552
2524
4728
62
2164
3819
4277
1951
3384
364
1416
3422
1888
2675
254
564
3993
3544
4850
1888
1454
236
3859
3449
116
4452
4507
1054
3001
2321
3587
3725
4946
1568
4055
4250
494
519
4989
4282
3744
476
2077
3823
4584
4442
1892
1816
4987
4980
1817
1313
3034
1919
2351
3902
3900
2760
852
144
1908
1902
2210
39
3109
805
631
3708
206
4659
4669
3353
728
2886
3923
3499
2770
139
3726
1231
1200
48
3035
3156
722
2472
1878
2643
2723
3733
2634
4094
2564
4956
1433
2477
3235
2841
2451
598
3921
2835
1100
2729
862
4045
557
2193
265
3578
2393
2806
2858
2980
2301
4128
4195
3498
869
2849
4596
2372
2859
2187
215
1580
916
4194
313
1352
4829
2165
2790
4608
3618
421
2471
2348
2893
1132
4587
1192
1862
1450
1839
2542
1191
4787
3715
3124
755
3986
1662
824
3304
208
3510
4335
4457
3266
4378
3582
3401
2989
3584
2787
2620
3165
2953
4182
297
1887
3092
2395
386
4997
363
1114
2129
2143
1812
1335
3768
1104
571
1768
2276
4452
4886
4633
1705
415
3742
4624
948
3377
3583
424
1835
1788
2904
401
3418
1612
221
1114
2102
1575
2751
4115
318
660
1612
3624
1855
2322
2910
261
4500
488
4893
2588
3348
4316
2950
3174
3305
1761
4379
1918
419
3985
155
3953
1211
2211
366
4752
2495
1059
4700
3756
1864
3761
1379
613
2545
2411
2372
4325
2933
2929
2145
4072
1535
1702
1430
3184
3833
2135
4942
2012
2795
2523
3097
2832
3326
3102
1009
956
4532
1755
3384
4623
2323
3404
1459
4311
2710
1964
3363
4907
43
1256
69
3591
1844
1987
3588
3474
1142
4466
2372
239
331
4313
2106
2006
3785
891
491
1509
3399
3426
1441
2105
340
243
3011
1277
778
3309
4022
2443
4473
3199
2056
1462
4511
1105
3302
1909
4215
1151
1848
2090
3758
951
792
3070
1252
2290
1959
2022
4630
3728
1725
4152
1308
3772
1840
3150
2027
505
922
1347
4371
2968
361
2326
2936
4667
3851
2858
2566
1617
2735
3401
2246
3754
894
2143
2643
1015
3487
59
2822
4468
1737
3970
4141
1676
2693
1281
3064
4358
4121
3936
2157
1131
814
3457
75
4005
553
403
2944
907
257
4671
2531
438
4725
4239
478
4180
1701
1027
368
3895
2434
3501
4192
707
4767
1680
3337
2713
3409
3328
3891
5000
2476
3612
4834
2290
4406
3137
3042
4120
83
4316
1681
4932
3929
1225
447
3559
1634
4912
3943
1636
4867
4660
3086
2303
1175
831
297
1950
4154
3330
2650
890
2767
490
791
1404
1709
1514
1950
1415
3369
1011
4207
1896
3322
2294
1310
1506
211
3169
1281
850
2944
4657
2763
4744
3573
2776
744
1942
2795
3619
2118
1434
132
2189
4290
4448
3777
3640
2757
2478
186
2410
2413
2286
85
2935
1188
2092
4594
477
1637
2079
4328
2868
1022
982
3464
774
1843
3934
4550
1802
803
515
4126
2459
4486
1824
3059
769
4591
323
3423
719
2399
339
4776
154
4966
1992
971
1875
375
2425
4300
4233
1173
4045
4318
2837
2719
4002
2157
2411
603
3714
4147
4559
3720
2989
93
1951
4864
796
585
99
3875
4138
463
753
297
3940
4795
863
78
3917
3965
1801
506
824
3205
1866
648
2754
783
3335
3389
1117
3618
4334
342
2877
2341
2894
419
150
2552
3861
3631
676
3160
4286
3802
198
4233
1186
2309
3626
4217
4188
63
3942
4604
955
4854
682
339
2065
473
4559
3566
3376
2638
1606
3379
467
2926
4897
1137
3939
2306
3534
4457
838
2790
1162
2086
3775
828
4306
1830
952
3467
1451
169
4261
3630
234
162
3306
19
2178
4605
4563
4449
3997
3738
4959
821
711
4132
3918
827
1636
2185
2140
4460
3878
4866
3482
2614
1665
2921
1101
4865
1256
1796
3269
3057
3739
4875
4174
4928
3443
4959
1300
3946
1368
4039
3220
1559
2331
889
518
3704
773
3920
3616
737
3491
3254
3243
2578
3581
1482
4632
4409
4617
3729
987
343
3611
4099
4549
4639
2995
2245
763
2846
4449
970
510
287
3703
863
2696
3718
4865
4609
3231
870
2415
3838
3491
2508
2546
3258
4803
2746
3405
4278
3355
1925
4661
4381
2829
3106
2281
1531
2029
3257
1533
528
2577
3179
1398
991
2930
775
3560
3456
2109
742
3904
1139
2320
2882
3320
1356
1995
3352
4460
3529
2612
293
976
4392
4197
2649
1047
3862
2154
1441
2179
2193
1308
1295
3611
2290
3865
666
198
1161
4618
4611
4747
3166
4779
44
2036
1440
2222
2932
1897
4227
1001
4438
4726
340
1548
3608
329
1161
2992
2190
2877
356
3606
910
889
1425
4549
4103
3547
2330
583
1569
3038
4454
3588
1790
4441
2466
4216
1912
2487
3921
369
294
2126
4502
0
2814
2461
4359
1686
2371
3452
3824
2590
4421
4152
4901
2429
2652
1418
422
1277
1785
1762
2337
3168
4815
1120
1133
75
1031
3845
25
4407
4191
1657
1895
3601
1159
3684
4195
2520
1117
101
2470
3507
721
1058
1097
4238
4482
2030
4028
4837
345
2403
4465
901
2956
4174
795
3697
3866
132
4692
4791
3780
1680
2505
3911
4239
2282
4601
3800
4123
771
3075
3166
2170
4193
3256
2641
1747
4117
3321
1643
4364
4444
4890
1115
2483
2607
4786
715
627
595
4493
1258
3210
3101
330
657
4216
199
3190
2399
2861
751
419
1602
3305
1311
37
378
883
224
4883
997
1461
4003
1090
3305
840
721
2107
4774
2214
4913
4164
1826
2845
412
3762
3879
4475
4620
3772
1813
1459
3627
2868
4573
1710
1755
3874
1719
2937
1334
1650
2787
1797
4559
4203
1321
3432
3926
1705
1568
4034
4467
4126
1461
2268
1739
1846
1940
4723
143
3191
3931
3669
1988
912
1496
1200
1642
4339
4971
401
4227
2805
1944
2107
2967
2229
2937
1417
2546
2238
4138
1376
4754
22
2672
2820
6
927
4544
622
3182
692
2984
4798
2821
3889
4199
454
150
1139
2815
3440
2638
3653
2879
4976
4497
209
969
3418
1511
2175
1908
2522
584
29
563
1468
343
945
1470
2811
1154
761
4821
3958
4809
3139
3303
34
2680
1553
4547
320
4499
3830
2052
2794
4785
1991
4803
831
1179
4227
3667
1371
2274
3529
1993
1115
1698
1508
822
1392
534
2391
3393
2427
2477
2910
3181
2973
1235
981
4486
122
3413
411
3376
1551
3441
3811
3638
3403
2899
18
3748
2067
3076
1549
3137
3244
2738
3220
1612
2461
1637
3029
887
4463
1672
1457
4845
406
3793
980
4637
3660
2021
186
3337
4101
4736
1289
2956
2949
2406
408
3348
3172
4364
1431
2687
4489
377
3111
1433
410
916
404
1134
2693
4123
4820
4400
1094
1629
3883
2340
4761
4817
183
3765
820
681
452
4124
706
2955
1542
1853
3435
255
4385
3863
1360
1429
624
3039
3817
3836
3204
1893
4661
1639
1511
4503
521
2698
3716
4611
4419
1381
1433
4044
1704
1555
2477
3221
3708
3477
396
3425
2661
1958
3405
4990
1898
2446
3920
1526
3484
480
672
517
1756
3468
4962
120
4772
2431
4892
4746
308
2785
2754
4187
3455
1338
2871
2641
1396
3605
4834
3520
1484
2456
2443
1251
3428
3330
3507
2888
4219
149
189
82
3140
1385
1323
4195
526
4928
969
4023
4711
2552
395
1767
4910
4752
4742
774
1861
3233
2515
2374
1969
971
2266
2072
3571
4168
2976
2178
1486
1052
663
4820
4146
4873
4561
650
143
876
3143
4039
60
2831
2429
4058
2666
3518
41
63
4342
1130
4514
2645
2482
1134
134
4372
3156
3013
4528
1047
4426
2171
4089
3922
1501
1240
2191
1863
2194
1357
1126
2672
2934
4256
4221
2278
3428
1988
1102
1425
4310
84
2855
246
4905
3031
2387
2193
4840
3524
4353
435
2170
2093
3317
4539
4936
1149
1370
2819
2223
668
1079
1020
2275
968
1973
2321
3505
4992
2087
541
4455
655
4968
1852
693
1138
477
3933
4863
2922
918
1018
3700
1527
492
983
4626
1296
4762
409
2515
4805
2317
4094
1437
3956
1338
797
3180
1542
3388
4024
4556
776
3075
2732
3942
3135
1190
4180
998
326
4239
884
4426
1630
4344
1103
1675
2017
3580
4640
3565
2632
3032
1798
2149
2769
91
2623
2609
4432
4135
4656
1628
4579
4040
2607
4373
4522
3794
1076
1150
176
2593
421
2478
3306
2323
571
4900
2761
3441
2310
3767
1373
2269
1167
3202
1765
3052
2145
3925
25
441
4036
2279
1891
3264
3461
4160
2061
1456
1958
338
4174
1898
2603
3934
2297
2762
3863
221
1118
1286
132
130
180
4992
1985
3673
4869
4569
3420
2710
3915
4926
494
4522
2960
2836
1086
442
4125
4428
2901
2539
2254
4366
2578
958
4614
3086
4781
533
1796
3969
1962
1372
892
4770
3405
3180
2507
3217
4469
1720
3206
3929
471
2123
1215
2777
2230
4897
167
2288
3203
1451
1574
4893
2582
3228
4948
4296
4000
4196
3169
1577
2688
2673
2862
2049
3037
1801
3079
2542
24
4854
546
2332
4507
2259
1892
4371
2844
2677
1362
775
2717
3272
4194
3726
520
2491
3851
1530
3704
4629
4977
1094
3814
4655
195
4402
4572
4369
4643
2870
4431
4532
4648
1047
2717
453
2497
2199
4160
3941
2355
3250
4754
2676
2002
630
1664
4089
2282
3858
1149
4369
3648
270
4838
3181
1826
2590
3241
3261
1571
4998
928
3409
3435
2417
1953
3205
4164
3873
130
495
4923
1302
2116
1047
1992
40
4957
4170
1299
1255
3736
2281
1704
2664
1601
1069
1326
3006
910
3818
4258
3852
2204
2819
2577
127
1174
3945
979
791
1577
4349
1510
4325
172
527
1982
678
1168
794
2509
1708
3831
1935
2645
1625
3084
309
1617
2432
1838
3990
1474
671
2587
135
3405
1511
144
1435
4275
4699
399
631
980
397
979
2875
4653
3217
35
1576
626
4235
1810
4258
1211
1079
3400
4361
2911
4160
2790
24
1000
2654
1817
2665
1580
2530
2386
4804
681
4082
4654
1202
256
2242
1330
2833
3976
3860
1746
183
1567
3719
2330
1143
1712
4053
4188
3697
776
1446
4810
468
828
2007
501
3784
1797
3886
1592
2393
660
516
3723
4878
2368
1209
4178
2042
628
1994
1378
2662
3491
1285
537
629
902
522
655
1786
3000
1783
3814
758
1177
3729
3453
728
4914
4581
3519
3413
1031
3129
3502
1871
1282
1051
4363
909
3107
260
697
3996
1490
3976
2249
2903
4507
2880
3310
931
121
3598
691
2616
3938
4516
2146
4108
2227
749
3278
1990
894
3249
3124
4805
2931
2293
1733
4164
2912
3033
4875
884
2366
2330
2018
1658
1140
2500
2064
4944
1266
2761
2631
2565
4962
585
4809
4911
2649
244
905
1297
16
1775
4762
1940
1420
779
3472
659
646
4858
1879
2341
3359
2529
2455
647
4894
2781
2695
2778
689
1841
4785
3705
4631
3313
259
193
3191
3976
1287
822
1923
1153
1131
739
8
4451
3292
2855
3012
4083
2173
2723
3637
3765
513
3801
3646
1775
2828
1222
3838
4829
3194
3500
1581
22
1286
1548
1921
1110
2005
2987
3657
2909
4658
1541
1422
3745
108
880
3024
4423
3241
3830
4624
385
2848
4523
593
936
2748
2623
848
4369
4446
4820
2541
3339
4490
4054
1932
4882
2581
4273
2510
765
3412
843
1935
2666
1708
3637
4031
3014
201
2939
1521
1698
1581
3553
2583
1075
2302
3366
4198
2452
1686
1739
4932
966
2757
2085
844
451
723
1287
547
1848
2445
3297
4558
2485
3992
1428
4910
1673
3062
1932
4786
3314
2282
3156
1325
4408
2538
1654
4532
2559
2625
3265
3015
4738
3517
3714
208
790
3880
4117
2133
960
4935
2095
2021
4060
63
4622
2531
1967
4981
946
621
1818
2545
4670
1799
4552
1532
1987
777
394
269
2711
1263
2733
1530
379
2970
2258
2136
3545
676
4399
3842
3907
714
1704
4490
1455
3296
3268
3490
980
2593
4555
268
4759
4922
2543
1542
4333
1168
4061
11
215
3486
4524
586
1240
2084
4574
1636
4282
2013
2053
909
2512
2775
4526
3765
3860
4725
3664
1872
1912
4653
3789
2884
4249
321
217
4946
3648
696
1910
2363
3014
3486
57
3265
539
1374
2033
2636
1778
2438
3471
1621
2451
573
943
585
230
4839
824
2496
3299
4711
512
4337
3670
1123
1847
1459
1388
2472
2258
4674
1938
2230
172
2589
3295
2235
2300
3042
685
4723
476
1041
2377
4473
2201
1663
2776
1398
2939
3327
4601
2340
3692
3715
1667
1280
4975
4592
2548
2104
3727
3346
2248
327
2924
1064
2241
1039
3360
3433
400
4863
354
4503
3331
4035
789
3249
1551
3088
3777
4465
4232
4885
4023
3477
4485
1705
2999
3186
693
2897
1265
1781
1192
2294
4855
1820
231
682
1958
2111
2822
4217
898
106
4325
3608
975
4685
3351
4675
1433
1203
653
1473
3580
1601
3278
149
1730
1054
4631
1344
210
2094
318
3530
4548
4518
4918
3483
1989
3675
4812
4068
395
2144
2728
2884
4950
876
1872
1517
146
1781
1722
1259
24
640
562
4162
4807
3776
4751
3084
3216
465
3801
4384
3341
1678
3478
355
4331
3238
3580
646
1834
3422
761
4141
29
1393
363
2186
4753
4148
4222
536
427
1109
1173
1454
4581
3862
4005
1409
916
816
271
2495
2447
3538
3274
3565
2565
2221
3375
3775
2029
2414
493
1262
563
3365
2865
202
1882
547
1126
252
388
831
4986
1762
1861
3394
2110
4786
841
2610
2042
2607
2933
2664
1137
1590
777
1007
4723
12
4886
662
3030
1195
1119
794
3910
2211
1276
2489
1938
1957
4594
2139
3495
470
1598
3683
4924
1321
2794
2605
3257
2489
2226
3778
1266
1394
4285
2886
853
2877
418
4374
78
4987
1646
202
4438
29
2337
900
2450
1130
780
301
507
695
618
3852
325
4951
1720
142
1192
3348
139
673
3651
4359
2905
1661
875
3201
1047
3603
1664
162
1489
2308
2356
4293
1248
1217
2220
3672
472
1585
2942
2786
4958
435
2161
2898
2489
5000
4057
234
29
2420
2754
3421
4304
1225
104
1251
3347
2608
1129
1981
4570
3860
3037
4126
4199
817
2318
2640
4087
2500
2261
3455
1951
1454
2185
3745
824
2934
1156
798
1096
1618
1009
3959
2268
2834
1521
2398
1893
2942
483
584
269
2032
3664
1611
1217
2268
200
1605
790
669
776
2659
4835
1752
3454
1633
3945
1460
1722
38
1668
3892
2570
2634
4677
2465
553
4642
967
2682
4198
4383
49
4008
797
1357
4930
2817
4166
4160
3408
4620
103
3518
840
374
3658
1965
2806
422
177
212
3312
4757
2814
2279
2164
1853
1259
400
4972
1241
2872
2166
4732
3230
1735
950
2704
4426
4102
1103
4780
1706
1744
3282
3226
1252
4982
922
3251
4215
3402
921
3876
138
2520
1418
2426
759
1231
4897
1024
3775
4050
205
3596
2700
4376
4734
2186
1763
2101
5000
2875
4670
2747
2154
234
4323
2034
3564
3466
441
684
322
4727
4313
1516
3401
613
627
1235
1172
2403
4835
4092
3505
1709
542
4734
261
1150
1949
2081
476
829
2891
2938
4337
3535
4863
1058
2859
2722
789
2210
4660
4445
2941
1248
3018
520
4499
4495
3272
4947
1842
4692
4279
1636
2520
2307
2464
2632
4069
4322
3143
3764
3761
1037
1414
3096
2186
2172
2401
16
3161
4468
3071
959
1894
4789
4517
3483
1186
1123
1128
4511
1475
2388
979
4312
3739
3213
2219
524
2201
870
3020
3903
2597
2645
3011
3071
1162
1912
1259
2029
1757
2547
1426
563
4066
2772
4455
1557
152
2104
2866
1041
3498
2578
2840
3815
315
1234
1204
3074
2892
2106
510
4726
2986
4610
2863
3947
1689
3119
220
2973
419
1911
1863
1674
3694
4416
2798
4900
4336
3798
2325
2435
1739
863
2159
3359
295
2887
3594
1480
3870
3191
2796
4420
4952
1398
1872
2405
1241
2599
3553
1147
469
2750
1476
4315
215
3256
680
2605
2368
2258
1104
3111
3198
3919
621
1924
1776
2642
442
800
2433
2417
2800
3756
2358
1698
2745
3161
54
2624
2166
2063
4250
192
1061
4884
3001
1823
4483
2916
3443
3349
1847
3825
2579
3646
3538
4871
3974
1353
2329
3318
2077
547
4783
4050
578
3058
4357
4189
3625
3871
2963
3560
4815
3704
916
2523
689
3718
4241
2613
4804
283
2732
151
59
4387
944
4431
2290
4945
2895
991
939
868
552
3108
1272
4091
4304
3672
4030
4670
4694
1523
4018
540
2817
3803
3924
4144
2564
4197
1360
3951
4700
2417
2652
4858
1662
193
1988
2481
719
476
1039
4385
735
4526
2695
611
1541
2095
4762
4784
3695
1573
2721
2384
2628
2778
3227
3888
610
1199
2149
2851
423
4013
3432
464
1129
3672
1215
2395
155
2067
4933
3865
1577
2032
2048
1603
2916
2378
4846
220
1802
4604
4203
2217
3644
4165
1141
2999
4958
3782
3874
3349
1445
3173
1839
4524
190
1148
1156
4209
1113
1477
2918
1039
2644
4569
3200
4246
4751
3021
1624
4339
1658
553
3765
1478
251
3409
1687
3613
3099
2565
4547
3719
4050
63
4920
539
373
3913
856
3680
4272
473
1085
3160
2081
4494
3046
1120
4954
4372
682
2102
4923
1704
3106
3554
4691
1192
1327
2853
1868
1868
4005
493
4628
540
1907
2711
616
2194
2622
3006
4603
3551
1129
3349
802
899
1797
4859
3396
1111
3906
2442
2426
286
2262
3082
4220
1174
4846
155
494
679
1290
1409
3418
3350
2963
909
1535
57
4041
3253
1747
4895
4653
975
1433
4707
2827
2526
1946
3969
3613
3567
2867
917
1455
279
1848
3300
3126
868
5000
3876
4373
2119
1500
4099
1202
2654
1611
3111
3372
2777
4276
4942
4805
860
642
4864
1693
4773
234
477
3284
25
4989
2459
3058
987
4106
3725
4667
4554
4168
2565
317
966
2068
403
4773
608
2474
1198
4392
1213
1674
2361
1444
2003
4349
4197
2515
1322
4375
4193
4522
255
4660
1942
1205
3991
2770
4366
2916
2919
3466
252
73
4045
1144
1260
1127
2444
538
1683
2429
3584
2551
4166
4955
4932
1974
1659
294
4324
4600
252
2244
1736
4144
3927
3991
2698
857
3708
3352
2792
4546
4775
950
2514
2959
196
3513
1104
1414
34
1281
4802
4678
3930
1457
934
4471
3206
4073
4186
1623
702
3918
427
715
3218
2253
3466
1630
370
3596
629
4916
791
1465
1989
4895
727
1724
4699
532
2752
1604
4295
3511
4784
4890
2382
2546
3404
2725
3076
526
4028
2335
1722
2557
1781
104
3102
2838
4075
3760
3973
296
4313
1615
3265
2387
3823
3700
1171
1641
689
2321
4772
4739
2234
3180
4024
2895
1318
1052
4002
2320
3784
2746
4485
433
1494
1172
27
1559
546
4869
4660
3986
2515
3806
3479
767
4847
3893
4651
1874
922
1466
2484
731
3012
402
2367
2442
1732
4280
4357
2923
2481
253
252
4323
4141
3532
3482
2496
3579
469
2282
2523
1047
600
3662
100
2607
3953
1714
2195
3882
3924
285
1626
1228
261
617
2182
3783
3251
2313
4763
2760
1183
4208
3555
1089
989
1973
1129
2825
637
3241
4967
837
3487
4570
1720
1862
3877
1084
4559
3615
1140
749
1271
678
1501
765
3245
1819
2580
1822
1901
4937
3995
505
3696
4199
63
4883
3876
4007
957
14
4802
4424
3726
4549
655
1752
4700
3820
377
2006
2540
1552
529
2659
1435
779
4860
871
254
4117
1235
1694
748
2795
2094
3282
1927
4934
4654
1492
3540
1893
1634
2887
2357
1698
1366
1094
2537
997
3164
4949
2697
4856
647
3575
1864
1126
940
917
2859
2308
3235
1994
100
3371
4840
4522
640
2981
4430
4589
1371
1517
3660
2948
3040
388
1581
3048
4873
1008
2989
3906
1605
4747
1812
3417
2080
1192
3817
3467
4137
3619
1257
1016
1030
4439
4334
3030
1373
1833
32
1688
2412
326
337
1672
230
109
2085
3655
2369
1537
767
2914
784
2354
854
4050
879
3629
99
4808
175
992
3165
3257
1643
1361
3833
2820
4895
3926
572
1388
1013
1781
2011
4655
3673
4894
1568
150
1380
4392
2801
1262
4923
4141
2035
170
4530
3879
2061
436
2840
3390
2963
3944
1364
3833
4950
2989
4335
2932
734
3385
731
2167
4435
1878
249
3214
1583
4846
721
851
4458
716
1959
2614
1509
3751
4421
596
4132
933
3643
4608
1616
4923
3461
715
2910
3114
1257
3036
1977
4622
2993
2873
3420
3459
2414
1435
337
592
4631
1566
3061
3046
2118
1960
358
419
1332
2955
3206
1396
3599
303
2843
3019
4244
2249
4650
4377
4659
350
1197
1882
155
3838
2524
49
3679
1046
2486
4948
15
1370
1443
1495
592
1793
112
510
3975
1687
3244
4307
740
4784
4086
840
1902
3691
3003
4059
942
3017
54
810
1827
3126
2722
4917
189
4920
2088
4685
2875
582
4660
3665
1880
3964
3844
3841
777
3525
2087
3448
832
2025
4895
4923
3418
817
3770
2942
3275
3041
3991
378
583
2789
3697
810
4979
2371
4990
1316
2248
1136
2981
3948
4367
1108
1654
1114
4067
4550
1087
1675
323
706
2150
2647
3230
2759
2383
3006
2633
1113
3649
4332
1912
2162
1170
2670
4052
4218
4806
542
4881
1813
4717
1824
2671
1132
4295
486
4467
277
1947
3003
4035
4990
4870
4208
1418
3731
766
4315
1057
4206
2123
4490
1298
3197
2606
3883
4868
4172
2173
1834
4696
4969
2954
2982
3545
1664
3684
3877
3608
422
4182
543
1192
862
1596
2370
318
624
1733
1828
3033
1486
3250
1155
4367
3629
1280
4892
2697
2821
3501
1197
1290
3127
3922
1506
2059
4679
3130
1134
1789
3344
598
4763
1659
94
3231
1908
617
1784
3609
625
2986
3245
1075
2273
4101
4078
1770
4142
2573
2953
4653
599
725
3788
1063
4363
4035
1759
3729
2054
4834
674
4591
4166
1912
1850
2716
1877
4435
958
1787
2540
1583
2328
3234
106
2524
735
4442
4422
1053
56
4466
2162
1127
2725
2538
3801
3451
1009
1580
2085
2389
1721
434
1424
1259
1159
1631
2538
854
1084
3573
1819
3620
257
4354
2111
361
3468
2048
1633
4036
1998
4674
1627
2336
1283
2390
1814
1991
4081
4152
3689
20
3745
3173
3931
3036
4280
4452
3103
1959
3174
3596
1431
2571
4689
4554
3902
1544
3227
2318
2576
2183
2444
1241
3181
3756
4971
751
2242
1670
3128
4859
3931
4409
3945
4008
2990
51
438
26
2198
2713
4857
964
549
1942
2262
2986
907
2432
1416
4214
1586
659
359
3120
2670
900
773
4394
1346
2779
869
4644
1227
2854
4187
1581
2210
1632
1776
955
3330
2389
3691
2273
286
1610
2147
157
657
472
4973
4540
109
4331
2015
4584
1610
252
1412
1207
4144
3636
3409
2388
1508
616
1748
2231
695
3129
2852
82
3684
776
2670
2838
3892
2304
3282
4593
1953
1668
3292
3169
936
4426
1233
4976
3112
4652
3664
1003
1783
1117
2128
4361
815
4651
3221
1069
1683
2991
1828
4514
1667
3480
3444
4094
3528
383
707
300
4052
2860
241
1831
2427
2510
1083
2897
3119
428
347
4109
2692
3612
1189
4365
1309
556
509
618
889
529
2281
2
3041
4106
388
2477
4674
1135
1005
3439
1534
600
353
3861
3933
3284
3188
1559
4415
1061
252
478
2740
118
1284
2300
605
578
985
3018
1017
256
1243
2602
4097
3120
166
100
1876
1570
1252
2896
4521
1854
1138
1664
4197
926
4503
853
2333
3967
296
3086
809
1755
4371
4181
1747
4195
1696
871
2773
4047
3571
645
1155
2296
3442
768
1174
4408
1462
1123
1269
1986
183
914
4914
856
4321
3213
2357
2613
3546
3244
2820
2530
3705
4813
415
4866
4403
213
2234
2566
954
235
636
2853
2503
3520
1299
3553
4974
2355
4841
3508
3987
537
2089
3288
93
1939
4872
2841
4911
4965
164
555
2801
3138
1327
57
1203
2722
3440
3993
3709
757
4512
1265
761
2362
4094
1120
1934
4306
3871
4473
1108
1218
1763
4854
591
4307
4293
4819
1710
2088
219
189
1270
3837
4214
854
931
1044
503
2010
3230
1405
1631
4581
1509
503
630
1827
3168
159
3949
2246
4412
4958
593
2179
1333
1149
1939
1807
515
3762
1824
501
118
4804
3693
392
166
3945
4726
244
4575
1203
178
1741
48
2193
554
1083
4490
3230
2943
4382
2382
4646
1055
1597
344
2478
3632
2902
2001
1166
2210
4087
3886
3734
2002
4750
1053
4610
4880
1147
3168
2599
1468
2983
20
1532
2689
3991
49
2859
1961
3232
4160
4743
229
4879
3089
3241
2891
2215
511
920
25
1887
3743
2452
2977
1863
1358
2042
291
2278
3210
3131
2885
4857
1247
292
4319
4307
371
1035
41
2659
3713
4788
3218
2995
109
406
4244
187
3042
1811
375
2035
4103
2686
2930
2845
660
2571
3492
4893
4819
394
1672
4431
1997
4271
3885
1604
2130
1051
1484
858
748
541
3719
4418
487
1814
2410
1625
4541
1244
2085
1275
495
4194
3594
2289
4167
4051
353
2171
2718
4832
692
4232
4333
1737
3894
1741
588
2965
4680
3387
451
4891
4287
4461
3131
2882
4067
4290
1235
2286
3510
1297
2784
568
4755
1300
1769
4930
4137
1106
1479
4021
2806
294
1436
4457
478
585
3778
2618
4500
240
2405
1439
1105
4525
3243
2770
48
130
1559
4637
1261
2667
4892
2969
4715
1746
2583
1421
4434
3124
2169
3555
4561
3030
1022
1250
3362
1893
3070
4233
1676
3697
2103
3706
2044
3687
3004
2595
4540
1498
1471
1281
3684
2287
1429
2250
4562
900
3257
2522
858
1937
2518
888
323
1649
1088
3749
1007
2796
3161
813
2097
969
2560
4382
594
3617
2421
2336
4967
802
1943
4573
4140
1098
2282
2261
3019
2172
1797
1160
3473
4685
3511
3045
3145
4613
2204
1652
679
3128
1217
1790
4368
3185
695
1080
3873
4675
4761
2070
3317
3092
1201
3724
2526
222
4126
934
3452
4083
3491
3514
372
4228
2539
3842
2118
719
990
2351
1094
3639
617
4379
3369
4818
434
1054
3414
1761
4077
4686
1629
978
1944
4796
2090
4044
828
4481
4752
1057
3351
3165
3529
1779
3908
2276
1831
4396
221
4920
611
3501
1867
1314
4985
3325
2039
534
2495
3574
1616
4870
1266
2899
2712
819
1026
497
786
442
86
4249
4754
4222
4507
3636
649
2914
4752
4148
3587
1269
4510
2077
2533
1869
2572
1095
993
2846
4202
2147
431
4620
1043
3340
3997
3764
2263
692
3782
1734
4992
650
1093
1049
4374
3929
4432
1437
1195
2476
4415
896
915
4462
3761
4516
3871
2531
4567
3135
343
3743
2767
2855
428
3215
708
1608
784
2937
2282
3202
3819
2371
3084
2160
2613
3013
529
1919
526
1404
1523
421
3627
408
1389
2997
507
4950
4345
4230
4922
3436
2782
465
4455
2525
1823
728
2694
1533
155
3847
1712
1885
2439
3451
25
382
4683
2422
4828
865
488
247
1430
2711
2658
1693
2021
4794
1318
4889
4102
1460
699
706
584
1343
4648
3389
4754
4902
1170
3873
995
3008
3353
4461
1074
2686
2748
2181
1716
487
2448
2057
4342
1730
4208
4667
4818
1831
4654
2681
677
1458
4472
3112
2057
545
3360
1309
184
1458
689
2937
893
192
3210
4535
3413
478
1528
55
1758
166
4690
3473
1046
2191
3291
1493
2134
1313
3181
331
4754
991
2873
4133
1201
2529
2989
2309
2287
3619
2711
1677
1277
1633
2152
4339
4555
4980
1832
1755
949
1300
669
4114
1495
3415
2402
1578
4828
2047
4308
117
4981
3921
2290
4808
4085
1727
1302
1488
827
1118
2992
136
1401
4983
413
1706
2621
3765
964
296
2766
4817
2239
676
2381
4543
4101
4704
2026
953
1230
12
3659
713
4759
2441
2547
3019
2559
3935
4642
2515
3272
4355
3088
368
4332
2624
1083
2920
1710
467
1736
1527
322
4558
1041
2619
4822
3017
3513
2305
3211
1182
3712
3205
4837
3663
301
1101
2749
4855
1762
1745
1283
2848
3506
2889
1111
987
979
92
1090
4469
2456
2772
3094
4679
1810
2548
1560
1638
4031
2943
2953
1290
4752
1252
879
4836
1713
3924
1452
565
4894
2234
14
3248
658
4991
446
4197
1646
350
2012
1908
4048
3871
4838
326
3346
3567
236
3068
3267
2032
3403
4207
1430
1769
3361
925
2370
4
3691
125
3660
2209
760
827
652
765
4027
849
2596
995
949
642
1921
2802
226
2937
4660
80
1644
1152
3150
428
1353
4454
1124
3504
4153
1430
3210
1706
3342
2264
1434
571
3437
3748
3510
4980
3197
28
3376
1756
4239
4873
447
3186
1830
468
1659
2503
4422
1349
1079
4199
3637
1294
1478
3728
1285
1460
1586
11
1938
294
2024
4200
144
93
3133
4384
2656
3184
3298
898
4451
2108
3694
4708
2457
4378
3379
1080
162
317
3491
4862
4329
1734
3546
26
2577
966
3709
3746
1717
162
460
3358
563
737
3279
2242
4412
2973
2464
122
3072
3641
1375
3440
3573
326
1004
1709
3442
2938
642
2512
4265
3313
11
874
1283
3476
1809
699
3392
3100
4792
2532
3893
2732
1445
1466
3995
4860
2036
4344
1963
4884
800
1020
2656
4003
4070
1093
3097
4901
695
4231
979
1320
4230
2385
4191
772
2387
1564
1598
3408
4335
2451
3619
2529
3010
3436
4681
4883
3468
155
3224
3195
1633
3350
4011
4870
1086
2198
4909
1566
4606
4589
379
1550
1901
1809
3730
809
1420
2124
4737
3396
1093
2209
720
4671
838
859
1814
3564
3429
1760
4328
4613
3938
4140
741
2282
1676
364
137
1049
3391
3175
4257
1486
909
4968
137
2905
3357
517
1423
2978
4663
2154
4768
583
10
2992
4495
1573
4603
2521
2218
3145
2327
38
3782
2790
288
224
3952
3428
798
4752
318
2706
2898
1610
4250
3988
4804
4795
1804
3527
4363
3114
2055
602
3355
1347
4369
941
1895
1239
4664
3009
2930
2023
3652
878
3949
4650
3331
455
2270
394
1334
4793
1205
2604
217
3489
3810
184
428
2068
3226
3029
3621
1189
3251
304
3463
197
3050
1879
3265
700
3583
4086
3442
4328
1556
2892
849
4205
3190
1247
2812
4847
3852
4103
938
3576
18
2725
870
3113
3750
4357
4717
770
4842
97
2153
4093
1856
2667
1985
3217
3501
2326
2141
3365
1317
1846
4021
2784
2471
1703
3027
474
3982
4342
164
2060
2823
3359
2902
2192
4072
24
1292
3852
2892
3561
3768
4781
132
2821
4122
96
2858
4623
2008
2009
2981
3850
3777
2741
4307
2530
492
3088
4129
3162
4769
4264
805
3268
764
4225
2376
617
4904
3718
45
2761
4281
940
288
1686
3904
1333
3629
2200
2979
2162
3330
3340
965
1234
4284
2526
4747
3874
1234
1455
279
4494
1089
2595
1536
1463
1174
4522
4187
831
4856
3861
4501
1625
1398
4948
934
446
526
2755
1406
798
1004
4252
4823
2512
3098
1853
1229
1638
1871
2548
4125
4093
1541
2504
4668
2688
754
1112
4582
4065
1584
3541
1172
3992
143
3970
3234
1059
4266
1254
2411
4810
950
487
267
4653
1004
2059
2410
766
433
4434
1807
3037
4809
680
1900
2141
3293
4158
677
4938
4608
4577
4524
156
2319
3153
3848
391
261
212
385
2579
1721
3691
2460
2654
3739
4597
2135
4185
1444
3631
3522
1070
1505
1379
662
701
230
2144
1775
865
3667
2873
24
3929
1778
1171
938
1943
2805
2215
1679
394
1893
1981
2369
2275
1156
1928
477
1250
4688
1879
897
3173
1705
1350
3832
3921
765
3032
318
4804
4932
841
3065
4976
2673
672
4809
1651
3947
3324
397
4585
820
3550
4309
3823
1020
1021
2503
1085
1494
2187
1914
168
1066
4206
506
4899
1339
3223
4611
2146
3865
4477
3112
1457
4963
4613
4969
202
3692
2376
3524
3045
586
3822
1606
3781
3636
1750
1885
3170
1334
4093
1076
3474
332
3433
631
911
3222
4242
4759
4439
1012
1146
4051
326
2625
1891
3790
4195
3713
2862
3997
3835
4140
3652
13
1880
3115
4633
2805
1958
4566
619
3057
3632
1855
2409
1289
4842
180
527
3238
2470
3715
1602
2727
3688
2287
2133
3617
3844
644
4414
3262
600
3500
832
1459
442
1186
4770
203
3762
4854
3375
3397
2894
3463
784
4764
170
3501
3692
3
3173
4801
2940
2488
1881
2917
1092
223
3790
3018
2427
2811
3480
1035
3240
4666
3957
584
4145
3375
4158
4263
4556
3386
1501
2605
4299
2635
1318
883
725
324
2968
2957
2490
847
1404
3768
1007
1298
1220
1737
3113
134
4592
4630
2912
2139
390
638
2647
3297
514
1740
3394
2327
2546
3992
3934
1331
3702
2318
3178
900
1069
2733
46
4034
4080
430
2502
144
1084
3838
2305
769
3068
4567
777
1453
1643
1035
4860
2075
1738
428
4282
2749
592
2836
4552
2637
2923
3484
413
1879
3900
1306
74
3134
4123
1716
1357
1518
1234
4987
4002
2332
2565
614
851
2840
539
2222
3012
1507
4704
3690
1144
3248
1532
1984
3235
3920
637
1058
4874
1947
1952
1964
3551
2682
4261
3134
2086
4576
1586
3096
1870
1195
3273
4263
3651
3229
4511
4012
2501
1574
1844
3504
3198
4830
3429
4679
2410
200
4238
2450
4370
4496
4199
1191
379
2731
2503
4411
2467
2831
3130
1190
3040
4259
1981
2353
4266
379
4852
3171
93
2017
4818
3730
4951
3177
1151
4012
747
2772
1175
4655
2839
3531
3281
3992
3433
4469
4768
2687
110
4420
2262
512
1122
4560
2937
1375
3734
3312
4393
686
2706
1192
4377
348
3081
4233
919
3858
3304
2604
1388
2401
3467
3865
567
1506
3432
4090
1323
4689
565
2029
325
3190
941
2387
2771
3086
2775
1174
515
1214
2923
1469
2461
2792
2554
2028
1463
2711
3338
4431
3905
1829
4018
3872
2487
3542
3602
614
471
2897
1174
526
4879
4435
255
619
2656
2116
663
2601
1808
3033
1957
2702
4659
2877
772
2580
3264
2746
4250
2105
3968
1812
3309
4215
4505
3609
4569
1703
2651
1649
336
4159
3529
1722
4734
56
1663
3937
4775
4486
82
712
929
996
4294
3973
2016
1716
4516
1349
4046
4799
3616
4396
853
1499
3058
576
4826
1241
2147
3587
1360
1560
4881
2949
4158
3932
2030
305
4262
2742
1193
3118
1298
2958
2372
1216
2522
62
204
313
54
558
3235
4031
259
295
1111
4504
2150
1745
3371
4922
476
2097
2225
4750
3173
785
1371
1716
1295
2768
1760
2674
4598
3689
1046
2449
563
706
3126
139
4749
4539
1499
1988
4521
3508
22
4243
3214
2864
4126
2005
955
1711
1524
542
2335
4424
1966
1431
4235
1987
590
1519
4293
2202
4584
1870
4453
1670
3783
4303
1017
115
1378
4187
3524
1016
1622
716
609
2580
2197
3827
216
937
3068
1543
1444
891
2030
44
3470
2304
2131
1696
2680
4241
679
4195
2838
1550
267
2186
4514
4975
2232
2897
2020
1517
4289
317
1587
3046
879
428
916
2647
4899
3783
1403
1230
1866
1778
1766
3932
2740
381
989
4756
3655
3652
58
3165
1705
2118
2851
2765
1895
2502
122
2271
3683
2276
12
2941
195
181
4697
2070
1705
2458
319
3697
4307
870
693
4451
1276
1495
3747
2734
54
446
4774
567
3195
1267
2956
2964
2665
3400
1035
4429
4298
3130
287
813
520
2233
3213
1862
4651
1746
2369
1135
2183
4345
3553
2149
3349
3615
505
2326
4656
4619
1923
4253
2034
1203
2444
4839
1822
4385
778
4119
42
3473
54
2891
1290
470
3786
1683
702
3156
409
4794
1702
3362
917
231
1290
3969
4298
4367
3504
1715
179
3578
2041
977
3201
3888
3569
3446
3014
1411
840
2395
2127
34
2516
2781
1181
3705
3120
1181
2907
4544
1490
605
3048
3830
2495
481
2628
1779
1865
1647
1834
1290
4358
4479
3133
2875
208
2615
3741
2057
1926
1021
4132
1918
3511
1083
4159
3610
468
1266
2997
4497
322
4584
2362
4175
2619
954
432
4354
127
3516
748
1119
1004
2809
3787
4302
1114
256
4830
1964
2292
3560
4359
2563
1798
3564
1207
1523
3157
2130
647
2643
2278
483
1295
3905
109
316
194
3006
2196
710
1657
2732
470
1051
1240
899
1984
1128
3244
3878
430
2377
4463
1869
2832
1749
459
4861
2615
2442
1613
4698
3298
2803
405
2693
2343
772
3886
559
626
2119
1955
377
862
239
4010
3349
3893
3525
3057
2933
823
1899
3309
2579
691
1492
4176
1072
2288
2618
4979
4820
4265
2296
3531
4273
2874
1986
4814
4675
4245
3380
438
4358
3134
4140
1602
4782
631
2812
4969
3170
4255
1549
3740
4236
3069
987
3254
2603
2082
1747
3538
2472
4078
3026
2714
1710
1791
3284
868
3309
578
137
705
4244
3993
4447
171
3889
3734
2938
2339
4178
2382
4538
4355
2846
4736
3854
4830
3431
876
4001
1870
3017
76
4770
937
4854
3148
4155
4534
1681
3033
47
3085
4457
499
2820
2783
432
852
3310
1739
4352
2315
4677
3004
1177
4377
3950
2886
4168
3613
1777
3800
4050
2988
1898
4016
4904
2294
3950
639
4333
1781
3807
3159
3516
1794
3568
4023
318
611
951
4272
2555
3165
3415
1300
2028
3974
2324
3396
2242
4010
1753
1428
1115
753
2410
3168
2023
3892
4317
3927
2257
4025
2169
2974
1721
547
3358
2747
3210
2687
3921
2297
2338
1228
2302
3511
1158
3917
4234
791
3084
3005
2210
670
3280
4110
1236
1338
1382
4894
2291
2190
1833
1428
3846
961
4092
140
2052
1011
1355
4780
282
1811
4536
3345
4498
1755
2384
2783
464
2510
3920
4731
4780
3371
2054
1076
101
1694
955
2135
3143
3827
3929
4940
594
927
3214
4669
3599
4447
1937
966
4198
4962
3621
490
3841
1975
3985
1705
2576
247
772
322
4607
4648
2073
3253
3930
922
1164
4891
259
839
4198
1013
185
2304
2654
2722
704
1830
3033
2584
4595
4914
3687
3065
3691
1268
309
1381
3284
806
2329
2153
1568
91
2251
2797
84
4651
784
4421
2969
3663
1462
1402
262
4625
3551
2092
3016
27
683
4180
1195
2588
3401
1429
3337
2890
965
2458
638
3667
2096
234
737
954
1911
828
934
1539
3190
444
2484
241
1097
2482
4063
1860
605
1352
2017
3622
1912
4355
199
2350
325
1800
2390
69
1148
4889
2988
1004
1791
2936
2386
668
2195
1944
3117
1679
1586
3964
2691
3389
840
176
4425
2537
3887
3862
1929
1098
25
404
4251
3646
2246
4244
4593
1058
4833
2869
951
1920
2167
3453
348
4713
799
4704
34
4433
3893
3397
3846
4183
1919
1367
1631
3622
1140
3962
1585
3481
1008
1503
1609
3374
34
738
2844
3918
4308
3511
2902
2513
2572
2983
4462
2057
4228
789
4567
1872
3184
2377
1559
1536
1719
702
1497
4375
901
4572
2169
3456
379
1088
4615
1847
4158
4289
3971
25
2417
3168
3709
3787
1715
287
686
3445
4018
4392
1760
241
3374
3468
47
4989
2877
4662
2767
1729
4711
3118
4173
1716
1979
3706
4876
1314
151
2005
1838
241
1057
4309
1674
3605
1929
677
968
162
4606
491
1721
637
2336
3014
2026
1018
2663
3362
1417
3404
3569
1372
3906
1696
221
1713
4397
1186
2514
1843
805
2549
4672
4813
1554
4990
3140
3220
86
4770
747
4641
3768
4245
2280
2836
1372
3106
4361
3811
3444
3648
3066
688
1564
4095
3155
2466
856
194
4935
3707
843
3979
311
2550
3436
3851
3488
4942
4515
4392
3759
3595
4324
1585
2915
4795
4628
2177
3003
4141
3826
1072
3803
4187
2969
1986
4089
1576
381
805
4855
2515
4557
4788
2813
1510
3796
4223
2999
12
2483
4767
4796
1541
3406
4742
1695
1318
2902
1513
250
732
2767
4667
1944
2619
3031
1618
1274
4149
277
3669
1161
159
2723
2926
4160
4123
3126
3375
3805
31
3147
754
3604
2382
4599
2086
3522
833
3316
4138
4506
736
2718
304
3407
3186
2913
1553
3989
3113
1764
251
4690
3684
3331
3784
3762
1219
3998
3017
766
2169
226
4736
3307
1413
3797
3905
569
1997
4000
4071
746
483
4314
302
4785
429
4444
1493
3370
4160
3606
437
2641
550
3512
4997
1035
2315
1883
4631
481
3710
4365
2562
4343
4006
2474
2799
4607
1799
1725
2077
3525
2247
2770
1403
2119
4173
261
3432
4982
2316
3532
3133
4100
4669
2640
1729
583
696
654
959
223
1262
3868
2213
2993
547
532
4842
4493
524
4672
1527
3973
2527
3798
4682
2428
1278
4055
1732
44
3164
498
3721
3712
4808
1512
461
2287
2233
977
2109
3431
2178
3007
4536
2090
1485
1624
4122
2576
1164
3937
766
1117
259
1767
3406
3234
3751
3612
1930
2693
2004
1105
944
12
4962
1897
1800
3819
2394
4933
1947
3777
2789
3678
3175
3169
2524
2482
4371
4759
4967
1476
795
836
4296
4430
1045
2527
2425
4814
3305
375
2120
1696
4552
3265
4116
1946
2626
2969
3863
3442
847
3439
1427
633
4421
1233
1562
1520
3850
2952
3591
4161
968
664
284
965
861
3938
2399
2387
262
1018
367
3396
4708
2569
3385
4040
3600
4385
1023
3852
3420
417
4354
2738
4990
481
1289
2174
26
579
4692
3835
410
2779
3572
2562
62
4815
2404
2611
3366
2335
3311
3715
2250
726
3551
3616
2680
1440
478
3270
2046
4072
1683
4415
3324
3375
4556
3105
2148
2475
3838
2423
4482
4048
678
442
470
3475
1610
3317
1626
2705
1281
2197
2446
3387
1035
3934
1082
2830
31
4953
4790
4081
3495
2655
4182
4281
1045
4885
912
721
1872
2561
1725
3305
3134
3002
233
4947
1968
923
2274
3237
2416
2582
1298
2887
4543
751
2340
698
3887
2637
3486
3910
1345
4571
723
2629
3762
2005
3802
4876
451
1813
1484
72
2763
2709
2911
1027
922
1724
2436
1312
3506
3185
342
218
4508
597
2676
834
850
1362
3871
526
2143
4697
92
1112
2092
2037
4872
839
2656
4397
3749
2205
261
3441
1436
3364
4117
307
3748
3761
3274
4244
1839
485
2957
112
1239
4171
4280
750
729
873
2030
299
3300
1010
2681
779
3620
3694
2757
2191
1250
2924
3841
259
1405
896
3212
4337
4733
1339
3948
1556
1787
4484
3539
4909
112
2327
4751
2059
1069
4659
2054
2892
3781
1135
1801
2331
1073
4347
3082
2176
4112
1963
3545
4089
4108
1101
2080
1124
4481
1393
212
2755
1518
4182
4417
3002
172
635
295
2904
4119
4251
4520
3235
666
1213
41
1887
1097
2393
4876
4782
134
4630
240
4183
3030
756
358
2625
895
575
4131
3608
1074
2977
1945
3820
2230
634
2662
118
661
692
997
1562
4587
3594
857
211
998
3207
3334
2137
1720
1067
1373
3539
3833
2445
3399
4100
4854
2356
3031
1884
3256
2462
2943
2863
860
435
1255
2713
832
496
4531
4015
1411
596
4547
1242
4706
1687
3135
3642
1248
409
1090
1310
712
343
877
4615
2231
536
2621
484
2466
2584
166
547
3457
1034
1997
4394
4436
4473
289
915
4990
2271
489
1009
3827
4501
4886
3566
373
3060
4369
2995
647
3733
696
1626
3050
4604
4731
1686
2215
707
298
1272
1867
4358
245
2705
2663
3
3558
3943
1106
269
4862
4524
1334
2464
311
2209
3532
4916
4535
3555
4054
748
3351
2210
165
4782
1577
2874
1674
2818
818
2615
3711
804
2513
4500
835
1538
2045
1871
4765
2179
2539
1270
472
1451
2518
2914
2322
3337
3427
4623
4252
1715
3159
3848
4260
3159
4455
234
4938
231
3069
4666
2423
2759
4505
3574
4004
4400
1111
3125
2183
1677
2969
5
2389
4377
3157
2725
3547
2872
3051
3487
3114
969
2130
4738
1738
1933
440
2527
3432
1099
2845
2850
1189
1097
4243
2161
4979
4018
1556
4614
1235
2020
4380
2790
1224
1861
1967
4265
1650
520
2925
3103
3566
2042
4081
2815
4022
132
3602
875
2077
2763
1756
1532
2677
3757
1811
2447
16
3681
2343
4166
3077
4767
3604
479
2801
3468
2113
3263
4976
1690
1431
2094
4507
1799
4819
222
2632
667
2876
274
2399
2349
1592
4981
713
1281
1044
987
4413
4797
3994
3366
986
3595
1622
4730
4879
4796
527
1672
3473
716
1517
1916
4338
1648
4665
3095
4255
1713
4731
2962
3799
297
2197
4238
1385
4952
1868
3632
4820
3097
4373
3409
383
4044
4539
2974
688
1630
2796
2627
4770
1528
2951
1353
1170
3510
3744
259
3937
3624
4626
4940
186
539
4883
3361
3793
3783
4284
4253
2945
3902
1192
4451
2499
4063
4171
1531
783
3276
1694
4980
4381
2331
1786
4466
837
3317
3321
949
2998
2576
464
1664
4364
1591
1050
1695
3120
3212
861
2950
4713
2861
4622
2939
1089
249
1422
807
2165
879
1182
3466
2836
519
1470
3466
1018
4602
1706
4736
2319
4275
2182
3630
3334
4006
2005
4787
1076
117
4666
3787
564
3941
4349
707
3587
3249
2529
480
4979
3280
349
620
2504
1175
293
1256
2731
3895
426
3284
2868
3963
3348
2390
2688
4951
2241
4237
1756
1246
197
4983
1273
192
804
3760
2348
4886
3758
69
4406
3017
1609
836
3358
1502
607
3772
2680
1656
1547
798
66
1178
4102
713
1664
4797
614
1920
2592
1311
1427
4900
3162
3616
4558
64
4428
3336
1777
2423
508
1991
2806
1495
1866
2445
638
4096
1511
3874
628
4065
3072
2979
4528
4247
1308
1844
509
3034
1136
563
529
4691
3379
4575
4124
412
488
4781
2347
2025
732
4742
4956
4353
2535
4996
2167
3108
2898
4913
2539
509
4805
1987
3742
1322
2551
2869
4925
2066
4587
1972
2911
4557
3644
1682
4622
860
285
2610
1075
2706
4401
2997
2260
1984
4238
2582
2313
3490
1510
2964
3400
1804
516
1265
1034
3901
4866
2118
78
549
2907
1680
2166
4666
2330
673
4190
3978
43
603
1231
419
3786
3160
3946
1976
3993
28
4303
3125
1607
2491
3354
4270
3882
691
115
4517
3509
2237
2040
3937
3300
1634
2051
4980
1074
4158
3046
4858
1930
3590
4973
2943
773
1593
3614
2505
4730
4430
3227
4231
3774
678
746
2550
2165
4435
926
4928
3869
1361
1372
728
4718
3964
4029
1902
3919
3207
883
156
1721
2313
3077
4042
3070
2240
4053
3886
447
686
156
4958
675
458
89
3612
3884
3826
1471
2143
335
3025
2262
4561
2885
3387
1383
2128
427
2900
3724
3937
2193
3449
2628
3698
3691
1406
1492
3456
2962
3657
1827
1900
3434
921
3043
3888
371
4139
4074
3990
511
4647
3281
3414
2918
564
1570
1495
1665
3138
39
578
3535
2981
780
808
2822
3058
2880
2894
1167
3817
859
4285
2912
3523
4039
1700
4988
4099
3249
23
3830
3452
4083
979
1257
1647
4742
1686
2105
3887
552
3588
117
4454
1822
1010
1310
2759
2196
1527
4563
605
3659
2424
2670
3302
496
204
4339
2570
2512
4862
44
2619
2073
1497
2045
842
2682
972
3441
4261
720
2456
1219
4727
2082
1300
2892
367
1810
663
661
343
810
4550
3777
3942
2854
4157
4387
1079
3551
3117
4264
339
1888
2993
3504
810
2497
3356
4248
3845
3375
3241
2876
4982
731
2783
3187
938
422
166
3282
2233
337
320
4774
4630
2833
3050
1297
3023
2938
2682
2665
1006
1650
2630
399
1044
4276
1619
2587
1851
1112
2182
2778
4568
2623
702
3173
1696
342
3280
542
2680
344
3877
1334
4969
198
4497
4504
644
407
4878
3176
3359
417
3836
1775
4569
4175
902
1606
3756
2296
2142
2513
3485
318
4711
3124
333
4198
2140
3534
2141
466
4246
3614
2440
4085
3890
886
303
1565
4619
1757
2890
2113
2491
2702
3440
2319
1378
4611
4140
4018
3124
1264
3080
51
407
2462
4325
2807
3982
3952
1205
1978
3050
1038
3128
1386
1643
4749
666
1163
4041
2430
260
1171
2658
1674
2023
2337
4348
1315
3876
3536
1697
1089
1429
4282
1567
3934
2223
4345
3809
4417
802
3760
72
1223
4153
2967
1664
791
1125
2132
4220
2892
172
1599
4033
3664
1818
2545
3881
470
3951
1641
2722
4191
954
2160
81
3889
991
1197
4456
678
4313
957
1260
1129
1360
2471
2184
4671
447
3532
1878
1937
1045
954
4697
502
4255
2783
1224
4537
1813
1657
1833
1196
4025
1226
1351
3515
565
1400
4036
555
4200
4041
1175
442
430
2577
4107
4696
974
1438
3550
3074
1681
654
4351
4892
406
1277
3915
4287
2992
3293
667
1854
4320
2629
1882
3630
1659
2531
2344
1219
2008
763
247
2361
4304
2315
2985
1018
3185
983
3381
4930
4697
2996
3783
4762
4760
3591
2601
4853
3382
499
4930
1935
1075
548
3187
2891
1562
3941
2380
247
1971
3549
3748
3752
4655
1567
1203
651
2048
37
1105
238
4471
2691
4503
3532
4846
561
3114
1881
3102
1787
4927
1077
1991
4304
4487
2990
3845
3940
585
3509
4742
2974
328
150
4623
4625
1424
2918
54
2401
1756
4486
2853
1745
3268
2698
3293
3901
2127
329
4829
3108
3837
200
571
2366
3044
2740
1268
1872
818
366
4347
4033
4694
4985
2153
2422
3546
2326
4649
1893
2468
1184
4502
2780
693
2559
4283
3812
3808
3900
1808
3403
2677
4373
1227
1722
3198
679
301
4567
3319
2338
2931
4579
8
562
820
2104
4968
2197
3205
1088
881
4385
352
4671
661
799
337
2114
4663
4268
4828
3238
954
1118
2820
2887
2810
766
4535
3115
652
508
2589
1955
2765
539
2110
4781
3369
2150
4622
1242
1624
3657
1839
267
3291
4711
1597
4686
4500
1725
77
2363
4829
3415
4281
4697
3847
4109
4972
4012
275
793
859
2093
4811
2349
1791
3028
971
141
3765
4256
2836
887
1932
2740
1264
1810
843
2579
1269
2839
4246
3297
4642
4004
355
3951
881
471
264
551
1430
4572
4162
4806
2699
2857
4996
657
1768
1420
1572
3997
1190
1906
4616
545
394
2261
4225
387
2078
3746
1549
495
527
3876
4698
829
3511
341
828
2196
2171
1444
2561
3602
607
4729
184
1707
3036
1120
4677
2677
1579
2935
4150
1503
699
4199
488
3148
1392
4489
2288
1102
1982
2303
3267
1242
3694
2665
3688
2078
202
323
4519
1592
1558
2559
1689
4195
1629
338
2018
4333
987
3086
4673
2042
381
2030
2942
780
1100
1460
1688
1507
3447
2708
443
726
1114
1206
2029
1402
846
2876
1005
1683
786
4780
4331
1811
4511
3466
2054
1218
3875
4196
4869
1140
3333
600
3946
244
1445
3583
388
2501
3545
4918
1921
4700
3663
4314
882
4908
3257
3276
4811
2214
2531
3973
3321
1128
365
1483
3896
4997
3958
2248
2719
3873
383
3060
1683
2093
4423
241
3640
921
164
406
3599
578
416
2830
4491
1581
4413
2468
307
2306
4036
1664
1955
4507
1784
634
2733
1108
2354
4948
3935
1864
2690
2396
4053
3341
3495
1595
3565
367
1425
2453
1426
3480
1877
2070
4068
3794
4496
4777
4893
4593
709
548
3220
2555
2866
938
4590
2961
3774
3871
4103
242
3616
2214
3984
4221
816
3524
292
140
1162
783
3279
77
755
2907
788
3099
796
4183
355
3166
4680
2580
4259
1198
4329
1098
1600
2176
4466
1720
337
120
2367
4993
3121
4257
1515
185
4296
3750
2326
1082
4060
212
962
3209
442
3421
4670
699
4434
3719
2840
1507
2802
3867
94
2861
3254
4747
2678
1580
2427
1743
4443
2782
4407
4876
3409
4357
2192
3015
4911
4142
2394
1727
2502
2205
2852
2735
2906
627
4428
3856
3998
38
721
173
3005
4815
3544
441
1464
2247
4120
1375
744
3645
3484
3968
284
4134
3949
3795
61
1053
4702
837
2548
3442
2927
3928
3244
4775
1333
1552
3509
1504
62
2611
4004
599
4130
3872
3742
1306
3959
2505
933
3198
735
260
2346
799
2734
2772
3361
4432
1906
2134
4428
3977
3362
4157
4504
3672
1031
1824
4129
4298
1710
3627
973
314
821
2963
1855
3949
1745
1010
4826
838
4764
4634
393
4142
3637
1616
2074
3607
949
2298
4092
84
2558
539
4301
3994
1671
2268
3666
3122
2972
4277
1911
2362
1438
924
3460
2606
3727
266
2988
1674
1272
2799
2597
2825
1406
308
365
4138
482
1822
2436
449
4977
4156
3395
2679
3668
3462
2396
2006
1504
3306
1577
3756
1539
1320
215
1224
1374
623
236
1431
3115
4287
408
1290
3546
404
4241
2094
611
3817
3851
2250
1488
4135
3990
636
4267
3628
3157
1125
4544
2576
3519
4109
4469
3133
3310
1142
4238
1108
3392
1106
4965
2140
2320
621
4829
373
3432
4695
639
2972
942
287
1787
927
3517
550
2943
3000
2633
188
1257
792
4644
2855
2017
2531
3316
2611
4056
2632
2954
2042
1395
2820
1395
192
3233
4052
3355
3690
1722
4525
1150
1068
4244
195
2484
685
1607
4846
4885
1672
4256
2234
3876
3545
4511
4951
1231
4362
3411
1793
1779
4503
3369
2185
4324
2175
1066
607
4008
1105
4536
679
558
4572
4501
1734
3003
2697
1606
2101
105
3424
753
1658
2379
1551
2044
4413
3669
3883
3203
2447
651
2866
2141
4442
1341
4606
4571
1346
3202
408
2929
801
990
805
2716
4591
3848
2428
103
2603
3882
2177
3650
1450
4477
3767
2374
1100
841
1683
1682
4627
2093
233
254
3814
383
4838
1986
863
2096
4978
3861
474
2942
2150
781
3699
4006
2449
1906
497
687
4796
4406
4069
4194
3637
432
4996
611
1519
604
4953
2810
1089
3265
3157
516
4534
3925
3115
444
1830
4951
4394
2747
4686
3850
910
3645
2005
344
208
1542
1364
4908
4606
133
953
485
2262
4318
2973
3027
103
4039
1758
4076
4983
1040
4643
1532
4441
4677
2289
3453
2442
1435
2989
2678
612
3559
1589
4373
3986
4274
2563
4676
1098
1834
749
1775
1228
2496
1935
1225
1733
2217
4763
1728
1202
2538
1112
2270
90
2366
1753
562
2355
1435
2503
768
1145
3379
3896
647
2267
4059
2071
1872
1783
2151
3943
2640
2263
3336
2168
438
1640
876
230
3660
1124
2288
1680
3551
998
3500
2398
3652
949
3637
970
511
2841
4109
1208
2627
8
1887
4278
3148
4578
2116
1171
231
4758
2247
4637
201
595
2573
1099
4562
3904
3627
3057
4477
1607
2486
1336
356
1738
591
1132
2885
2049
1036
961
2899
152
4234
3034
2471
2300
1601
446
1882
1558
4780
801
4139
1055
1397
4290
1175
1670
121
3755
339
2226
1756
1197
225
2273
4787
3141
4075
4152
807
1126
4697
3597
2816
4373
174
2191
2186
65
488
1937
3130
2152
3255
4768
851
2538
1472
2674
1287
0
161
1830
4218
4287
2698
2336
6
2667
754
1715
627
165
153
1706
2065
2236
2809
739
4865
4803
3649
4436
125
277
3889
844
2544
2894
2930
3368
2900
137
3682
1573
3842
4190
325
3461
2822
1129
4019
4381
2804
600
4241
4952
4515
880
3841
3327
2479
3025
4998
3006
2958
1178
1762
2783
2692
1941
3724
933
4220
2714
4702
2637
4339
3820
2490
1950
3274
4579
766
3192
3800
2515
1392
4057
4681
1086
1381
1339
941
1822
1475
4315
533
2823
3718
1223
319
1123
1685
2015
1732
3951
1064
4358
1339
3590
25
783
3086
3126
4663
3608
4280
3020
1901
4297
3340
3267
4862
844
1654
1429
4010
811
1788
905
2793
3551
1257
4792
3364
572
3052
3791
4406
935
2878
4249
3534
1803
4550
2574
3172
2515
365
2946
2599
1778
651
518
523
3514
4348
4542
828
1341
1662
3796
4795
151
121
1218
4011
2958
212
2809
671
65
3880
1011
4098
3390
3212
2113
4368
4454
3625
3740
3510
3412
2960
190
4487
1854
2557
3333
2085
637
3049
3671
443
61
1246
817
4289
785
1149
1341
1777
1246
774
2649
3899
2973
2907
3334
1290
4099
3263
2683
1953
3210
136
3310
3719
3497
400
1909
4069
3579
842
1222
33
4009
14
914
3682
1931
3404
3113
3143
4908
2153
1122
2765
4861
1298
573
1016
2022
55
3143
41
2973
4127
1528
1802
585
4481
2538
26
3372
2829
2186
2775
4832
3958
4549
3879
604
1126
2188
4906
545
4562
2302
3456
2701
4555
2201
3312
4702
2885
312
4743
2853
3213
968
2720
3155
3005
536
4577
1117
3144
3578
1915
3832
1123
218
309
4119
4544
3662
3639
3949
3063
3198
4789
4398
1755
986
4375
3012
2513
3309
1359
1363
2603
3704
2035
4885
2916
2565
2188
3509
3961
1265
2744
498
1550
1594
1474
1911
4450
230
3444
4174
1177
17
753
527
4077
2821
575
439
3397
4172
3015
2927
3849
4127
4044
3613
3882
725
4018
4280
2510
3608
4592
3934
534
984
3527
4094
3006
964
1845
4577
2211
2988
3417
1669
2092
2568
2134
1177
3228
643
4567
2189
170
2479
19
4191
2201
1428
1709
1105
3122
2193
4647
4064
1782
451
1266
3714
1658
4811
1322
2079
2578
3708
271
195
3855
2279
153
4204
2865
2565
2288
4084
930
130
2345
554
3344
3946
3919
3658
4201
1285
3384
345
941
1184
872
3579
2707
2509
1150
2224
4254
4612
2318
1747
1252
354
4377
1450
3016
1079
993
43
1273
1238
4317
237
3569
786
976
4071
3349
3402
2955
2433
1391
3722
344
1309
3108
1207
3042
4792
4603
3458
3827
4474
4153
1156
3054
3248
96
3755
1834
3408
4859
4874
1495
3387
3088
2888
2395
3507
4567
372
1152
3519
4890
2647
4314
527
1740
1628
4656
2037
2008
4577
1535
2688
4156
2007
4822
3816
3752
2199
1999
3781
1956
3778
1509
1753
1274
3079
227
428
495
498
573
2116
2414
4190
3064
78
4759
590
1507
686
298
1600
1565
381
4592
121
1643
3967
4317
4128
1357
1235
2304
1983
901
3499
4657
1
569
2434
1079
1497
839
4915
3875
3190
2209
3129
582
3279
3192
2382
3422
4836
155
4165
1622
2270
4792
1770
576
4785
1065
524
4569
2913
1371
462
629
3753
2104
1187
1889
4161
4303
4290
1433
2147
444
4313
2907
650
4188
2797
1526
1520
1834
2897
2712
954
4451
329
1220
4266
62
7
1581
190
968
4948
4400
3160
3763
1495
2219
3216
1864
2406
3639
3436
4523
4091
2736
3333
860
1056
819
4021
1262
4488
3206
3156
1940
2600
370
810
4922
3150
4838
4151
1086
3516
3802
4597
2116
3887
4639
4905
2545
917
2597
2047
1085
4615
943
3199
20
1327
1817
1507
3092
4273
2106
4701
3097
3974
1846
850
4677
4089
1405
599
1796
4770
1268
3272
3468
178
296
1110
3480
985
2122
2682
3580
1332
3961
4031
1018
1723
4726
85
1416
19
814
2101
4781
2371
2690
247
159
3487
4838
950
2369
243
2489
2181
1775
2975
4011
3999
783
4142
3976
1177
800
1184
2407
73
785
2885
3184
467
2936
1048
4165
3594
528
4057
2614
385
3479
1384
2871
358
4557
438
2348
957
2994
4543
4378
888
1669
1388
3230
2070
2343
1948
4256
2757
3222
4938
2521
4945
3700
4421
2363
2968
490
2020
2116
1491
4918
4582
738
4934
3376
3278
1131
3745
4734
1908
224
268
3040
1797
276
3073
3814
2090
4350
2162
3655
1924
1802
3598
2248
498
1300
2083
1035
1654
1770
1320
1344
394
3989
3984
3248
1782
1975
3487
935
2301
2687
1271
2909
304
4896
3210
1590
73
2035
2369
4147
188
705
1183
3449
2663
959
1193
2033
3849
804
3007
1801
1903
45
3798
3084
4756
119
957
1528
4926
2310
2692
1605
796
3816
4326
975
1329
4279
2289
3093
1867
523
4094
2907
2758
233
4748
3603
3851
3536
1655
1919
1178
1859
4073
3581
1315
1677
3207
4070
1540
2339
1756
2872
709
2366
4721
4658
2881
1551
3554
1642
4228
3339
3385
4796
4331
453
2275
271
2154
265
3409
3203
2763
4373
4422
2935
2400
445
1637
3314
4318
1235
2465
650
4853
3748
1094
450
4490
4079
2655
3114
3012
757
2182
4684
2132
497
1318
2087
4942
2473
3041
4226
4278
1323
3380
1437
1961
435
4475
3070
4305
387
3350
1176
4472
652
1740
2472
94
1837
2402
694
2794
2278
2318
2837
1890
3252
2549
4619
2596
4068
4746
1231
158
136
2374
4622
2581
1765
674
474
492
1122
293
3915
743
1611
4938
1054
2746
910
1166
4762
1800
3472
651
3567
4999
207
3815
830
2180
3988
2878
2043
1924
2503
5
4694
1254
493
1871
4400
1058
3848
423
4700
1492
301
659
1883
350
469
1786
3858
1721
1391
542
346
3629
2218
2666
964
4838
2509
3783
4750
4726
2350
2095
3937
4894
4397
627
2753
3554
4594
582
3967
3376
1110
279
3958
4075
567
4119
1167
685
4080
2441
1505
1591
1633
3194
1416
3086
982
4244
1672
1679
1940
2170
896
1565
3539
2858
4169
254
4959
908
1637
4032
2226
486
857
2622
4735
4190
1721
1819
4918
1292
1215
3344
3609
725
4259
4206
4987
277
3645
3941
1108
482
393
4000
3226
2412
1258
3065
3825
4531
3753
1324
526
68
1828
3598
2330
455
4120
339
3740
4182
4753
4643
3185
4930
802
5000
803
3451
45
4513
4551
1642
1064
3265
2551
2945
694
3361
389
1429
2950
2107
1059
2479
3187
1378
4332
1604
527
3355
1759
3118
3077
2348
2595
128
4388
1550
915
1388
2290
3222
4477
775
1888
2061
3235
2081
2762
3892
530
2115
3397
1675
4770
883
1347
2101
3022
4128
467
3610
1068
1561
374
1796
4410
3215
2058
2268
1137
1747
4963
2156
814
2401
4706
1922
4665
424
4348
1442
3813
1428
733
2120
3238
2702
2735
4607
345
36
2884
519
2474
1883
238
2833
724
4946
3651
2080
1632
2478
2046
884
2751
668
4432
34
2193
4061
3178
2529
1489
588
468
1762
2004
2294
4899
2219
2997
1534
3562
4572
4245
3420
1894
267
784
3516
507
4138
1788
2515
3407
3832
1089
3620
2677
1396
4251
1290
3471
4394
4242
2362
325
4503
2428
1365
4732
4772
1102
1697
1483
1081
2264
4182
3796
2307
3512
3064
1413
1151
1943
667
2395
4276
4439
4637
4648
4195
35
588
656
200
3727
4103
1454
708
4965
1259
3015
2826
1944
4812
3213
2095
3378
3271
4225
1559
4018
4273
1522
4483
4332
1361
4571
4128
3489
4239
673
2077
2989
2841
2541
3971
1918
4884
4181
3556
994
2767
4604
4763
3294
2422
3271
1276
4719
3957
4753
732
449
1
936
3079
3803
3151
4146
4158
4710
4039
3948
4855
4382
152
2104
3310
4446
1304
1270
1829
4069
3863
4735
3957
816
3449
1447
3393
4993
2106
161
3852
1604
1645
287
3475
1697
4615
3993
3532
2982
3384
36
1733
1110
2113
3280
4803
4984
700
4501
1941
1386
308
3774
4079
1121
1989
2249
1714
3764
4754
4225
1946
497
229
1309
2538
4549
3394
1927
97
4001
3104
4424
497
2719
848
3130
1746
3768
2630
1949
1946
4257
3133
173
4131
534
4789
785
4323
4300
857
1228
1039
1870
1576
229
1319
2858
454
442
3531
3622
4708
4628
3952
3869
2319
2918
4778
3756
1226
2688
3386
3198
3987
1015
2683
2916
2172
4999
3869
2542
3512
67
903
4147
3020
1888
1481
4742
2555
3038
1402
4929
4681
1226
1251
3411
4342
1832
3560
4592
2275
4309
2121
2870
1607
745
2764
1202
4254
1958
2746
481
3588
3265
3453
4533
4304
386
434
2872
2206
3710
2644
3271
3958
788
2090
569
3172
1531
1882
2610
1285
1420
3269
559
1264
3410
68
3967
124
3573
3189
4822
3815
4947
4901
2072
1445
208
1338
942
985
1457
2672
1771
4132
4616
3525
2925
3300
3811
648
1222
4736
1025
3757
3112
2506
1696
292
582
4174
2704
3646
3901
3345
768
3361
2741
2191
4316
4553
2783
3797
2096
317
4104
1982
2359
4592
149
2037
1057
3235
3264
1793
1952
2274
4086
1270
4661
2975
476
2471
3763
1078
2140
2856
3166
2720
2918
622
138
2658
1150
2227
158
1650
3247
4586
3155
3783
330
4681
3798
4491
4805
106
1839
1079
2652
792
2834
2374
435
4670
2675
640
619
1582
4039
2986
2480
1623
3036
4565
4610
4836
3600
772
955
2036
4520
791
3380
902
1561
2235
956
3308
2811
4531
771
4964
2632
1641
4512
4094
2242
4252
1529
3911
1931
3632
4705
2505
2336
363
2425
4127
216
1793
4896
3473
1872
1672
1371
4708
403
1911
2865
4865
4194
3964
3014
4651
2000
488
2930
1858
1651
2663
4217
2887
3872
19
2897
4211
1136
2541
841
1510
2213
3312
565
249
3810
1548
2278
2599
338
4719
3359
4233
4061
3666
2440
933
930
4445
4909
4412
4313
1039
860
645
1035
2422
3387
3277
2351
4319
99
4003
2335
2717
3367
1773
722
1009
3846
4461
1511
2899
4556
3059
2032
745
207
1352
2420
371
1235
4024
1759
3334
1559
3197
2298
249
2278
952
1346
1028
221
2501
3621
2156
3865
4259
3501
3954
4239
3508
3681
561
3132
4694
632
2405
2656
3276
2683
1010
1958
2866
3413
4792
3543
3331
439
65
417
2524
3328
1024
341
3624
1654
2678
3860
1072
1017
4343
4515
4758
3989
3436
1390
2407
4967
249
768
3631
843
4882
1445
1331
2153
1693
637
1855
4829
4319
1083
1938
4627
6
1639
4281
1982
1565
4370
1527
3891
3478
4277
2116
720
1969
261
1806
3123
1238
3090
4604
903
3032
3608
435
308
3970
954
4172
3547
521
1158
2030
4424
4681
2481
803
1327
3990
3689
3424
2947
1076
1103
1362
2904
883
4430
4634
1288
2063
1998
4845
2600
3329
608
1181
891
3318
2505
2586
3314
2216
1822
3335
1202
3221
1614
989
773
3197
579
3588
136
3294
2343
3098
3899
4599
2743
1073
3769
2600
1729
4951
3276
4149
1481
1399
1530
3134
1662
79
4109
3026
1572
3408
2503
4860
2412
2872
2126
3290
3467
1133
2673
4761
75
4449
739
965
369
3446
4371
4273
1351
8
2045
4479
1595
2213
3883
4565
4606
962
2950
3756
2097
1955
2912
149
4618
2326
3777
349
4128
1196
2928
2610
409
4159
769
1306
2892
3658
3121
2336
1059
992
2526
4948
1810
1353
2670
4327
1292
256
4299
2152
4663
857
2259
525
280
4310
558
2424
977
2836
1316
1729
2914
2538
1944
2018
2295
2260
461
3712
1525
752
955
3031
2702
4623
3420
2560
4143
2307
932
924
3428
580
645
2965
1239
1385
4487
968
4462
2173
3192
4569
1959
1820
249
896
2230
3416
3786
3722
1440
3238
3321
4652
4263
1664
3213
589
3358
4652
229
3054
4860
2024
639
4378
402
4243
3352
2822
3376
2736
115
4652
2623
2804
19
914
1408
4191
1741
2027
2152
3605
1775
1450
3522
1033
852
546
2520
2747
3999
3717
439
2168
4834
2451
3581
2123
2549
212
1265
114
4382
4217
1001
291
3752
406
2152
986
4083
420
3685
2795
1396
4070
1089
4729
2610
2427
2391
3420
1977
2332
4743
2120
2948
2162
3444
4955
2968
4301
1582
4428
525
2076
3463
280
3206
457
3740
4696
2555
2788
2856
2258
4582
4539
3848
1885
796
3646
1868
3484
1585
829
2429
684
3731
658
756
1814
1993
1363
469
4149
4386
4253
922
469
1313
4693
1931
2191
2151
2793
4855
1064
2097
851
1853
1233
2709
1268
2881
551
2353
4640
655
4036
418
652
2970
3564
3484
1269
4401
3905
4478
465
1858
3790
1263
1784
902
782
4220
1085
1897
2147
2019
3208
2125
3826
4556
3521
2366
2469
2936
363
4561
3805
3700
3451
765
1840
4063
2059
891
2601
2503
3427
2771
3811
182
1495
2819
4255
4559
17
3628
946
4680
1631
4145
3033
4986
4018
293
3797
2245
719
2949
635
3637
874
2440
1806
852
3407
1383
4092
4211
2051
3925
1022
3165
2513
2850
4806
1323
204
1831
545
566
1263
4850
872
653
1280
1238
1651
3106
1425
4707
2106
1178
561
1196
2978
3980
4768
2413
594
4909
883
1581
4730
4637
3812
3798
3194
1826
1196
4654
3302
3413
516
1401
2172
3590
3281
4746
315
2024
3108
787
4345
4548
1504
2822
1410
4405
3306
3506
2319
4013
253
4085
2752
3671
3389
953
1458
815
191
445
112
3478
448
572
4686
2142
2476
2556
2864
1164
803
4954
3400
2843
477
76
3981
1805
199
4030
3458
1903
4817
4150
4590
2644
179
1286
550
2324
797
2469
2995
3907
722
2576
3305
457
4173
2574
2956
3925
438
3086
4597
1971
194
751
3170
4656
2237
1962
1956
3618
4400
2491
1323
3322
4039
555
4997
3654
4672
1829
4737
4454
4512
1691
810
4880
2038
3557
772
4868
3528
2600
4534
3466
1309
3879
351
2568
1845
151
3004
1827
3403
2915
3639
811
2581
271
4438
592
1078
4172
4949
435
3168
4271
1312
3700
718
523
840
1206
4516
4455
221
973
2943
4897
1116
1426
4291
3732
2436
2011
4480
4410
4968
256
1513
641
3209
1458
1267
297
2658
4173
2321
243
3505
1807
2204
3152
3850
1899
3661
4584
4927
3250
3628
4029
3542
2997
1477
2806
4357
4409
3614
4543
3269
3297
1492
3885
2400
708
943
4917
3555
2051
4291
4280
2019
4825
2964
955
533
152
3742
3082
603
2029
4034
2067
3013
2069
3076
1604
2279
1421
3125
2270
3787
4253
561
427
2431
2646
2198
802
4471
2922
3403
1298
545
304
3509
2745
1364
907
4408
2540
500
1589
3994
4026
2979
4033
4261
4665
3868
4616
3046
4121
2217
4153
3842
569
4497
3186
1527
850
3047
2939
4119
2068
4194
3381
441
3309
1538
2964
4114
1826
3509
671
1161
920
2586
2532
4865
3339
346
1531
1441
2236
1833
3705
316
1381
24
3469
1740
2248
2010
3036
3004
2401
1751
3742
636
2753
3804
3755
1134
2123
1933
4071
3711
393
20
2484
688
2717
2466
1813
2059
2609
31
2087
4498
2406
2246
1198
2364
4292
2998
1164
1681
42
4736
3960
3240
2067
386
4800
82
1629
4524
4045
3871
2763
3437
2571
3106
3005
832
3690
35
4231
3395
2846
1606
3120
4830
2682
3950
1026
1047
4374
1835
892
3810
2714
2086
952
3686
4656
659
4602
4651
4720
2329
706
1887
424
3450
2829
3964
392
4440
2125
2866
4935
4882
1572
3105
610
1932
1244
3190
4483
777
485
2360
4856
90
286
4910
4716
4140
3357
3437
1594
3303
4454
2826
895
4113
1768
2590
1451
650
4012
2482
2261
4592
1902
339
4084
3368
4761
2273
3506
1932
791
3199
4347
2767
4740
4795
1504
836
3153
3702
4016
1031
3771
2838
2227
697
4588
2167
2534
863
3499
3136
3241
4729
4850
2316
389
3398
1784
3720
3609
3082
3841
1108
430
394
1003
4201
3048
4367
1570
3789
4354
4666
1541
1940
4093
4587
2359
1917
2324
4692
1562
4365
2081
2243
311
1160
4260
431
2534
2608
2383
4124
4346
1064
3313
3780
4784
3286
2823
4131
4225
4770
1609
4744
3369
2669
3114
1638
440
505
3388
1561
3311
3154
583
324
1363
4261
118
1122
685
3629
2335
1650
1022
4126
2452
3094
578
2888
222
3847
2864
4673
1445
2598
2940
618
3065
2282
1096
2255
1352
77
2575
2130
3233
1656
2166
1686
1276
1387
1869
1522
895
1674
1721
1883
214
3053
2726
2786
4257
3742
1210
1146
4204
3198
3868
4159
3150
4152
2574
1278
4291
2389
2428
1992
3180
1650
3297
2814
1554
1818
1899
2853
4755
4252
180
3868
155
3899
2770
4367
1988
2703
4857
3152
2539
95
2730
1580
3740
4296
2203
2658
1050
4681
4218
3480
4447
486
2897
1787
288
796
1634
2596
1954
1451
4180
1070
2736
2988
2777
4406
4516
881
3191
363
4099
45
2014
43
2843
1514
829
3117
3579
2538
127
1803
2723
1895
666
3709
1249
536
4188
4991
4445
3082
3630
4861
4432
1459
3225
4725
3904
701
3515
4306
993
813
2949
3987
3500
1345
903
4027
1037
4622
403
2786
544
3803
1993
4192
2010
1086
2484
125
2854
249
4590
1197
1478
2112
3356
4773
2630
2050
1928
578
3823
3262
2433
3544
345
2990
3664
2540
759
514
2210
1403
3767
1823
4385
2834
724
882
1026
1466
4981
4472
2958
3935
3695
1547
1910
2488
315
4774
3140
1040
1167
1694
1494
61
4079
1563
1405
1455
481
2815
4630
4761
1274
817
406
1689
3672
1453
236
2964
3763
2493
677
1800
4328
4363
1719
2561
229
904
2522
1508
4764
3089
1943
3504
4760
2101
1486
2792
1421
886
716
1772
1211
2834
3329
4097
1632
1779
4310
2142
345
280
2882
714
518
4014
3903
2270
2764
4181
375
1816
4256
3256
1486
535
2050
1470
4496
2445
1246
959
1489
2289
1941
2605
3617
2809
1772
1428
4696
3799
2351
4670
3351
1224
91
2382
3420
3765
4552
3424
3324
2070
2431
3011
4960
1787
363
2252
2305
709
3042
4158
2641
206
4488
1707
2806
2894
4195
3324
2078
266
4252
244
3465
4984
323
259
4104
3150
4171
3036
4861
705
3089
4823
3291
4131
526
1083
3748
191
1138
1439
2012
4464
1074
308
2471
598
3958
1994
2195
3110
4564
3878
4642
37
2825
1142
464
2053
1603
4751
2039
1184
3818
4902
4976
1313
830
4895
3458
2461
3560
3493
552
3196
4030
2192
3510
4794
4772
2220
3645
4442
2934
4858
4334
2637
2486
2028
1277
2620
3862
569
511
2958
3343
2516
4120
3056
396
4147
2686
2088
4627
1325
1359
2425
2152
4157
2156
1253
3617
4905
4419
1590
2506
462
3064
121
399
4171
507
3295
1734
1858
447
74
1115
56
3880
8
78
2179
4974
2637
556
183
4087
896
2890
4873
858
4224
1905
4554
1919
4204
4408
3923
3976
449
4222
1363
2600
4171
3570
2752
743
2695
2999
2465
2683
4976
2270
1464
4283
3745
4485
2451
1794
640
2650
972
4913
572
4998
4912
1711
1393
3284
4667
2535
3246
1280
61
2589
4661
3321
3934
3488
4293
4550
1836
1033
1134
2921
4045
2474
100
3561
90
2187
1098
3046
4832
3385
122
4698
2077
2839
117
2407
723
2093
989
786
867
4175
2858
945
847
556
4661
4739
4326
3936
467
1536
1241
2076
1995
2525
1306
3453
3506
4596
781
387
4350
4643
4933
723
3566
1308
2814
4395
679
2435
1209
1426
849
2739
658
3400
879
905
4622
1894
2514
2540
195
3228
2985
4114
821
1710
552
2678
3822
259
4273
4360
3704
810
1153
2798
1040
1565
1664
931
1513
1323
4240
4369
3621
431
3729
1659
3928
4924
4253
4969
2590
243
3887
41
1519
2301
2719
142
154
2682
2050
3089
1513
1922
679
4426
1567
137
1669
1842
3114
578
3224
4326
747
4494
265
883
970
2512
1757
1503
3611
558
709
4789
2615
291
1925
2096
1648
2083
1202
683
364
4319
700
666
4942
149
2402
4344
3816
1816
569
3790
1573
3669
1749
3156
1150
4760
2013
712
2307
4231
1946
2238
730
2506
4117
1260
3923
475
1121
1796
1033
1731
1616
1954
3843
4603
2686
601
2245
1085
3301
499
3488
1512
2021
3119
2100
758
3003
4763
2775
4887
1836
4729
4514
3292
4045
1951
2870
2273
3481
1529
3470
465
3464
2321
223
2766
4730
4024
2880
3453
3611
3654
3519
1505
2121
4441
672
2882
4017
2709
732
2771
3525
2423
1282
4901
4911
1607
3146
1534
3465
2938
875
4591
2436
1766
4429
3593
3754
1276
2451
2773
885
231
475
2704
2
2628
4345
4917
2702
58
3343
2901
3889
4618
2020
2807
1450
1278
28
4849
852
3033
1785
3444
2065
4734
4347
3637
4374
2383
1111
3085
3900
4220
144
4533
3593
376
224
3926
1440
2360
1077
4212
2277
2089
3333
3895
3023
3009
2651
2179
4727
4659
2027
3724
2849
4039
2426
704
4566
1165
723
1760
3814
4256
3488
1161
3160
2626
534
2850
1134
4055
2522
1016
2348
3086
1291
135
1179
4648
652
591
1583
1901
4743
4105
2443
2371
3599
3554
1129
3667
1078
1253
193
3948
4125
1843
2851
1634
3437
3481
2250
2937
1415
2994
2934
2770
661
1844
2945
2279
4403
2425
4886
1688
2954
4509
2033
612
807
2982
4777
2622
4364
3271
485
3838
4371
3047
4154
4155
3491
4526
2667
787
1746
1623
4239
4397
4322
2511
3181
4380
2715
3618
284
424
2786
1807
3367
2234
2591
4028
259
152
855
1970
1020
3119
421
637
4145
3538
770
2175
1881
507
2943
1215
2969
3595
2512
3504
4059
1896
2522
2086
1140
2042
852
4637
4925
2681
4729
1267
1031
2279
290
305
57
3312
2768
77
4343
850
1135
3059
3368
4397
1902
3362
1827
3142
1806
1218
2118
2198
2039
2362
2689
4523
3591
1552
3784
1088
567
2460
4526
3121
2023
367
926
4781
4552
4932
2577
3939
1583
2882
2325
4246
2570
260
3295
531
269
928
284
3302
2590
3746
4277
1684
4997
1996
1627
2325
35
269
3696
2514
3464
1764
2420
4245
4044
4436
1857
4245
175
715
2317
4549
4550
3277
1696
940
3094
4414
4110
2968
3652
2127
1929
852
4611
4417
3995
2119
3064
4337
4703
3720
4625
3619
4354
1685
4261
4631
3439
2057
2203
3020
1832
1945
1053
3320
4029
2807
3024
144
265
1497
2207
3762
3950
921
1023
55
4174
3766
976
2250
70
2575
2017
4063
305
261
672
3210
662
1606
4979
4197
4886
3314
3825
719
3420
2983
3472
4188
2918
4631
347
1660
868
1713
3611
4931
462
3679
2832
4032
2471
454
2162
4127
487
3257
1182
4658
4991
196
3076
4375
2013
4828
2355
4724
1611
4165
1821
3312
1760
2897
2887
4266
712
923
3263
1716
286
4752
295
1398
3327
3114
901
3825
389
433
4484
1734
4975
182
4495
2796
3174
1704
488
1062
127
66
1502
2121
3973
746
666
1395
3413
3580
84
2908
3798
3570
1508
112
2400
398
4372
4128
3893
2500
491
3957
4501
1503
2247
153
4054
2093
4196
986
3428
4135
2823
1657
4110
4410
4764
3042
2799
538
4781
357
4811
748
1160
922
1456
1513
1559
2151
812
336
1929
4986
558
3621
82
3592
1909
2258
4099
4320
163
1925
2826
3082
75
2881
2941
4751
1836
122
4064
1272
4137
3277
2207
347
3368
3839
1206
363
4892
1034
1277
2201
1225
178
881
2789
1792
3133
1372
1507
3268
4130
740
2993
2435
3420
4560
2050
4439
4627
958
2036
1431
3011
2834
2030
3843
4114
2750
1133
1425
518
936
2944
4481
409
637
2691
3098
2832
3435
3855
73
1265
392
1305
3558
3953
563
2667
3207
1677
733
3450
2586
3060
2144
3893
2711
44
3972
4263
3485
3257
1638
2370
1754
2700
904
1862
2259
452
4204
3221
1017
686
1631
3181
3740
2552
3471
3817
978
3659
3590
2670
2921
365
182
3493
1210
591
696
4282
3296
985
316
3965
3457
2942
1680
4565
3564
596
4156
4701
2600
648
4176
3460
3583
2873
600
3045
4854
1306
566
1934
299
3064
2788
4950
3879
1807
4745
185
903
1124
1669
2537
2343
1270
3224
4342
3820
2512
4393
3971
4790
4229
4855
1762
577
3528
2285
4186
2931
425
86
1845
2391
2659
443
3474
593
1767
3498
3655
2463
2882
1673
58
735
3597
3750
1805
3298
280
42
3145
4491
3057
3762
3609
1210
4592
1677
4195
2838
4050
2301
1
2031
4615
2894
729
4442
3884
2446
4229
2995
1734
2073
3806
4016
1649
10
3619
4001
1287
3116
736
2778
4310
1008
603
3905
3031
3870
4958
2172
2421
4750
2346
1227
535
2318
1235
3442
2153
4756
4598
3418
2165
4802
1543
3447
4743
586
3488
968
4973
4323
4025
4059
202
2757
4531
4440
320
2912
3877
983
739
420
4955
1957
3732
3340
2153
2865
4644
4216
2877
1162
1989
2608
2560
3526
942
3878
1221
2639
4464
1820
2950
1899
522
3234
1004
1648
171
3971
507
233
3575
2344
3586
4030
3769
2001
1114
2473
305
191
3738
596
3970
1046
491
1475
1854
1054
4831
1052
73
4734
1209
1650
479
1065
1825
1097
625
4363
1605
4077
4334
4689
3053
2844
4075
4453
1264
4431
4478
4713
1056
2212
1888
985
2906
406
1281
2404
2767
617
559
3914
3569
1907
130
1067
1048
913
3772
2557
4526
1636
1300
4259
2897
1983
3827
940
303
2550
3639
2487
2458
1445
2833
1347
1281
3192
3787
1215
605
944
1350
1563
2326
1208
1158
458
1498
965
4887
4892
4077
2783
1694
2302
1433
1077
2788
2709
3660
4076
3089
4457
2043
3072
1947
4581
4028
828
221
2132
4969
134
3479
1682
3361
676
4891
3437
933
4062
1191
3554
526
3306
4549
3699
4168
488
1670
2568
1968
3593
2078
1879
3775
2464
905
1184
2917
1387
3604
4348
4036
4048
3210
390
2454
106
4096
3332
912
3560
937
4826
4943
2189
3401
2945
2190
2337
1027
4718
1213
1757
248
2990
4376
4370
3270
1216
1953
441
1251
1332
3833
4141
1894
1970
4884
2572
317
2246
350
1999
4856
3318
2707
3274
2526
3790
3565
4266
3010
4461
1477
4115
4626
2951
248
2476
3755
853
3889
3262
39
2489
689
39
2555
3848
3273
2541
2776
375
2457
599
1600
2719
3153
4610
1591
2340
2877
4875
250
913
1632
1887
1379
3101
2768
4716
3470
1698
3325
2286
428
2114
4040
3661
1037
1142
1637
2181
3668
3225
3967
117
4945
4537
1940
3375
409
4102
4237
2411
3518
1447
751
3588
4776
1825
1008
1
2004
2079
3403
2439
4861
3180
923
2453
1931
1602
2651
1220
2407
3315
1845
3271
799
4164
1171
4087
1099
3097
2899
2472
1430
4554
1906
3097
4578
2344
2298
2912
992
2866
3916
2975
917
488
773
1332
1889
2034
3962
555
4666
1920
1814
2909
60
2684
565
1720
831
1004
4051
3697
3133
288
1444
592
3645
626
3845
1651
1056
4835
4270
641
3146
2244
4418
774
1492
1464
3597
4658
891
3994
2863
4767
4915
3877
4548
4687
4297
3309
3439
2424
842
4529
4304
2399
4857
2842
319
3030
3900
4353
2351
4588
4901
501
4229
141
1533
113
1228
1198
4335
3282
1388
3375
224
954
1568
1062
506
454
602
1388
334
1868
1907
3837
927
1744
4850
2443
3020
4552
2629
821
1142
1949
3281
1949
4745
4410
3349
3651
4151
1615
1358
3389
3448
907
1714
3386
2934
3623
404
138
3935
2674
3428
4418
2152
149
1562
1931
3979
4158
4679
4180
505
273
4073
1816
4922
3274
4581
1601
4095
2090
2863
4096
101
2401
3500
3184
1997
2137
3511
1388
662
2568
4919
1523
2884
4669
3007
1954
2754
479
1561
4142
2613
4889
2051
2810
2870
4100
2112
1134
1334
3561
2799
3720
4649
130
1354
615
1431
2175
265
4659
1893
4377
2824
1830
3539
2782
2842
3220
840
4092
3179
4641
2103
1655
3063
3488
1360
1355
4710
1810
3159
363
4332
3283
742
4446
2758
2880
3854
3648
4401
221
2530
3241
3025
4425
744
2654
248
2052
1219
1077
4926
165
5
3012
1970
354
3191
4400
3147
4892
797
4138
1663
3398
1459
4799
4686
1562
906
1616
351
889
4406
179
390
3553
575
2340
2777
4953
768
4827
2319
1660
4868
3832
3356
1445
4613
3606
1508
3789
2694
1999
4830
2281
2548
1248
2765
396
3414
891
598
3098
3820
2925
2609
2608
413
3934
136
4404
2027
3196
2820
251
2829
2428
312
1679
3867
2358
1655
4247
4211
3881
1981
1840
3221
3231
1883
2726
584
2572
4250
71
157
2825
514
3047
726
136
4396
3732
4513
149
253
176
3353
2076
2754
341
126
4303
4548
1220
3663
2210
4014
3640
3994
752
4697
471
2213
94
796
3728
706
3085
3571
509
783
487
1557
2353
595
3959
2824
2768
2432
2565
1509
3039
3206
2755
4447
3569
1992
3745
2362
4950
3774
2362
3502
206
4141
213
3831
2595
4081
695
1375
1853
997
3008
4213
700
1702
3553
1241
3401
3181
3671
1300
938
25
2625
1916
1879
2774
3137
2409
2819
565
1926
4988
1144
1897
4164
2557
988
4192
309
3922
4293
3230
4354
3272
4719
1853
1094
2979
971
4423
3667
60
2684
2470
3375
137
893
386
3531
1731
825
2620
974
1071
1497
2435
3033
4007
994
2172
450
1383
3321
1589
4006
2700
4094
4057
4580
3217
3139
4967
1886
384
3343
3571
3397
4548
3552
4268
4180
2578
863
2718
343
4927
1666
4394
1100
3374
4519
4328
1327
216
3728
287
1499
3408
860
2043
501
2107
4444
4412
4525
3577
3525
2644
600
1897
1450
3996
226
3379
4177
2538
2480
2701
4356
2562
4210
2145
1575
3349
1133
307
2116
1521
76
3438
2109
1637
763
4315
4059
3219
4609
2855
3124
3941
241
33
2376
4611
454
379
3447
392
686
2065
302
4975
3429
4924
2762
3214
4427
114
688
2067
482
4151
2601
3697
4488
1857
2608
4884
1347
3052
609
511
4955
1859
2582
676
851
3322
4462
4773
3545
1244
3751
3902
2850
983
2709
4398
2946
2636
1686
4347
3689
1986
3174
3881
3923
2525
4989
41
4298
883
2245
2483
706
2369
4979
360
75
4845
3610
631
434
3764
1777
333
2241
2043
4169
1665
3146
4469
4279
3711
818
4418
3488
3221
1063
1653
4858
1551
2763
4946
1691
1870
2456
4365
1943
4695
1683
3937
550
3239
2557
1602
4887
4328
1266
735
1765
1389
1901
4488
1985
4364
1811
1614
1334
4981
4970
1714
3590
2158
3770
3063
3818
3782
1988
23
2203
480
3055
3754
1510
2309
461
4887
4004
886
4478
4201
4191
1070
900
1520
4679
4484
2046
1482
2937
1000
2098
3574
3023
3551
2732
2803
2865
3067
3201
979
1104
2871
3995
4518
2263
4843
4311
3848
3618
4935
1944
2712
4238
609
3398
4611
4227
2971
2388
4293
2407
772
3428
2077
1436
1021
260
358
2695
80
1176
4688
32
907
4413
1903
1418
1137
924
1854
3288
2036
4944
4862
4905
261
4964
1998
1686
3998
2204
2111
4292
957
4183
2857
2358
1318
3221
2335
1916
2858
893
1550
1125
4839
4711
3097
1674
4571
359
1540
520
2838
3477
4297
2841
4707
943
4344
3395
649
4955
4624
221
2256
3401
901
1080
2987
2071
180
1176
2572
574
2622
2588
2114
710
3176
1124
3475
1983
4155
354
4910
1261
1423
4927
3063
65
2983
2950
3595
636
3185
4914
1696
4109
2601
2817
3122
297
3592
3282
1588
4325
4196
101
3462
4521
2612
4007
1040
1523
780
1245
2967
2879
296
390
317
2889
2712
3087
2442
315
3854
2779
3558
3146
1798
738
3914
315
2323
2913
2860
2011
3670
2952
3560
2592
4724
1098
749
3137
317
288
754
2766
1635
4199
1863
2677
917
3614
3302
835
4154
3281
4952
4455
3132
3594
2104
4285
4016
278
1281
243
3219
1290
385
1325
3593
515
4202
1041
3941
1218
2530
51
1611
3860
3778
129
1335
2802
4815
4358
4397
3901
4741
1425
2022
3687
4251
2269
4844
2448
3386
4882
4625
4877
3411
2174
1544
4532
4773
3839
522
3607
3649
339
1467
1218
3636
3117
2977
500
3250
3937
4848
1881
1810
1219
1974
2757
458
196
4661
1390
941
4552
4684
3779
2373
1986
4826
4042
88
2574
2151
2939
4289
4593
2364
4681
4175
2916
4148
791
3527
4765
2749
1878
4372
2306
4654
653
2534
1633
2826
4858
662
2917
765
3859
503
1138
3210
1038
3907
431
2536
1780
3967
610
2071
2288
3993
4212
414
2294
4681
102
2277
3597
4436
3217
3611
4851
1547
3100
4671
3921
338
421
3736
1478
2233
4256
3125
1359
4406
2809
2370
561
697
3707
2885
408
2234
2635
3462
4666
3874
3047
924
770
489
2182
4534
2838
1602
356
4879
563
737
1174
1985
278
718
1476
3469
2528
449
2756
2905
453
1202
4857
1943
2843
4777
121
114
2970
1245
1380
4457
2457
1019
534
1384
2928
1200
1739
1669
4300
4743
4628
1974
4468
1323
2551
989
1755
4243
3473
609
4406
3221
4180
4824
4088
4216
1332
3092
4004
1934
1758
2833
3114
1320
660
691
968
554
2681
324
3969
4782
2475
1146
443
1204
3493
3481
959
4245
3026
407
375
2932
193
2949
578
202
1240
4970
3970
1902
4370
225
4802
1638
77
1420
3499
3709
1207
2114
2318
4978
328
1499
3077
436
663
4207
1242
881
3539
2059
1848
2341
4854
800
4748
3929
4753
754
4875
1405
952
4688
2570
444
3863
1498
1415
2215
2562
3964
1835
4079
835
1619
2932
4654
1459
1053
907
1264
928
3058
2357
4768
983
1103
130
3353
666
1768
1747
3593
4160
3537
3294
3603
2097
935
1408
3412
2696
613
2003
614
737
2056
1160
270
3081
1901
602
2614
2816
3746
947
3626
3952
2477
243
886
2843
2255
3036
4903
745
347
3858
4183
4268
2796
2744
550
395
4377
2286
2164
3409
2831
3514
8
4837
1338
4034
513
2198
1583
4688
2140
3880
3708
1104
1141
3760
2265
1097
3358
1208
1470
1521
3945
2358
209
3483
2288
3830
1585
1081
3248
1584
3515
3607
3494
2646
2278
4266
2272
2071
2896
1091
4056
2027
2810
3118
4598
2697
3444
4802
1367
913
374
3234
223
3748
2495
2001
4545
2508
2215
3956
662
3977
1306
2823
777
3467
1804
1571
3953
2498
2722
3560
644
4232
235
3596
426
4686
109
4644
4763
4492
4780
2366
821
2060
565
842
3480
1136
3518
4369
328
777
547
2785
1435
1804
53
2524
3679
1528
1908
2709
3541
3646
1056
4509
912
2898
4532
3874
2943
3623
3288
3241
1833
3791
4251
2978
4973
4338
3590
2076
3362
1611
2856
3274
3328
283
2528
2175
2604
135
4053
159
4118
2287
4748
4341
3398
66
1093
2357
1606
3193
2226
1228
3455
1033
1282
4574
1138
4443
428
4808
80
2459
4199
2273
3040
1835
35
1021
3310
3080
2705
4777
2155
3881
2638
738
1272
2204
4972
2379
1790
3374
4265
605
2273
625
798
2819
262
1551
4226
3148
398
3826
2233
325
4014
1576
3896
2814
3722
4537
1715
864
1519
1046
1191
4925
2284
2175
3302
2821
377
377
3630
2066
3394
2636
1818
3290
4517
3999
3476
511
3973
4546
2853
958
1915
3656
1542
4501
4947
475
523
4627
4002
3793
1848
4356
4284
3118
3254
3207
3692
2090
4441
3584
1348
3847
2711
2909
4620
3946
4401
153
2521
48
3720
2322
45
4797
1937
3394
1128
3062
1330
3162
3011
2702
47
412
3358
2821
397
3226
1405
3876
3600
1946
2431
4274
2962
4985
4325
1698
4822
2841
4063
2950
1326
762
2353
4091
4208
4670
3210
3936
747
4810
3034
1588
4071
827
4109
3045
1232
601
2420
2037
3727
2904
4075
1322
4937
4174
1875
1023
2925
4347
2360
1654
4476
2588
4328
1955
1228
2417
3730
477
893
3657
2100
2388
919
4084
3321
3009
3726
4712
466
196
678
2003
4783
3618
3444
1441
3705
1107
1362
1330
3252
4684
4944
3484
3834
4812
2126
4840
4977
3222
1796
3874
2347
2023
1795
4662
98
3246
4279
2632
1229
3369
4182
405
1075
4826
4450
763
3894
746
4585
4367
3261
4996
85
2944
3806
3863
2742
887
609
4433
2665
617
2998
1562
2679
1043
165
2728
3022
4531
4117
4863
4598
863
440
1446
3428
645
2400
3863
670
2847
3443
2326
3566
2845
3603
835
3449
341
3029
3637
2141
4699
579
3016
4743
4118
1145
4975
967
1614
3351
4492
4894
4244
4717
4908
490
4361
3536
2114
3960
4928
1632
3127
1310
1826
2934
3371
1347
1166
1195
856
4177
1601
4784
149
1355
3911
932
3577
1601
4883
4985
3646
730
4230
4716
3509
3849
1180
3045
2687
4825
1829
4104
4338
2097
426
4575
3708
1705
1901
4519
4155
3796
633
2402
4314
1940
1037
2423
1452
526
4840
998
3118
1161
3031
3795
2167
3056
4754
921
745
3735
2738
4421
3898
3083
4210
3602
4382
3190
4788
3074
2635
2645
1853
2197
1435
969
4683
4731
971
1294
193
4738
1719
969
359
627
1219
4856
3081
195
4538
2123
3635
2752
98
4247
4518
2214
3071
3170
4111
3187
3155
3229
3874
2515
1621
736
1856
1141
2871
1032
623
1497
4485
212
2879
3715
2932
2941
1931
854
4654
4176
3843
3102
3824
1039
1729
637
4762
2445
4826
1464
3991
3147
3749
1932
3679
3107
1355
904
1325
3561
1720
3313
279
2428
299
2257
4796
2256
639
3083
190
1722
3370
4072
4723
1879
1381
2360
3296
1920
3401
4356
3809
2803
3866
4425
1914
3425
3842
2434
1324
2977
4624
3248
1271
2318
1265
243
1061
2386
554
2846
4476
2365
2076
1714
1525
925
4122
2484
3420
4625
4369
4480
3496
2073
4751
3307
1460
4447
2595
3645
1143
4640
1391
1334
1990
2977
4684
4266
701
3412
3576
4689
1713
3031
439
4226
3444
3919
3349
2334
1604
4279
4668
642
187
3190
2561
533
1728
3730
2882
3952
4829
1348
3817
4120
2420
118
4146
4764
3562
897
1502
1726
4390
2271
2118
2636
210
21
4722
3389
1776
623
207
378
3649
1639
3780
4384
3139
2849
4616
4058
1499
3409
3447
4166
979
4995
4918
2117
4570
3125
276
3771
4136
2019
2328
1455
4781
4777
2475
3273
2963
266
3825
1451
1409
1817
3620
3415
203
1642
3206
65
1737
405
4382
3299
3983
4278
3711
696
4493
3439
3391
886
4232
2452
4251
391
4662
2686
1293
622
1268
2691
432
1225
1592
2628
2832
3277
2241
3513
3507
3865
2444
270
1699
1726
1766
4300
2150
4378
516
4867
2835
964
3958
2493
2482
2408
3060
4338
4427
3930
255
4173
108
947
3129
1140
3235
335
2619
1485
4605
4385
491
224
2985
1516
4634
992
809
4735
3068
349
4314
2943
523
4863
3696
1967
2299
3864
2458
1166
856
1538
984
3192
4842
1743
2020
566
4983
569
3279
2736
1887
2805
3611
1163
3880
3387
3798
1450
4501
2760
3379
3853
2569
3667
2133
2808
4297
4545
2500
1364
2548
2096
379
3751
1823
1
3290
1018
832
1202
584
3648
98
3775
4180
2653
480
4334
4357
4017
1078
3185
1338
2200
1460
3699
4339
4554
2829
3306
4712
4314
784
242
1348
4040
2815
1881
2659
4894
4718
3470
3959
4102
4310
3225
2776
2378
4441
732
3889
3812
1330
2677
2155
2667
2119
1773
976
3336
1648
1154
4286
3429
3245
3773
1422
268
4226
2287
2177
3027
2813
3055
1273
2919
2133
314
4691
4614
602
356
1301
332
2997
916
3770
3343
3776
770
3151
4625
653
3808
614
3828
1298
2698
3488
1034
704
3571
464
3562
4678
3205
1862
726
1811
57
2659
1098
2798
943
3470
401
2089
605
2021
2498
680
32
2438
3493
3940
1424
4370
3861
1778
348
4877
2951
2668
4537
3972
1716
2797
2828
3216
4024
4597
3806
1431
2571
3026
723
567
1837
3829
1479
1886
1913
2938
4280
3139
2517
3715
2498
4972
4679
3867
4038
13
3536
4470
2959
1954
3008
2741
4311
1130
1934
4395
4238
2451
528
3165
3859
4528
3157
774
1648
1361
1965
633
4328
3016
4424
1533
4729
3314
1509
3200
649
4291
2011
2619
1044
1542
4866
3687
1779
2971
2152
4957
1451
511
153
859
2768
1495
770
2329
1526
3089
3139
2397
4886
1004
2407
26
140
302
2968
4214
1846
3679
427
2477
3418
393
2315
2777
557
3001
4850
1849
921
3951
2260
2222
3711
1936
1976
4885
383
311
1663
1408
3807
4090
2216
3096
3865
3438
4327
2858
1859
1846
4143
3078
2811
2299
3384
3847
529
3169
2705
2278
634
1115
2744
4795
3412
7
1100
629
4737
2809
2980
2413
1860
133
2375
2085
4632
335
2303
858
4013
1371
548
4937
3767
3154
3676
2274
3129
387
4133
2974
1753
1028
1293
2244
3920
3106
4349
4534
2028
2301
4900
82
836
3731
4548
1889
1464
1198
64
3487
2597
2977
3627
520
4084
4856
1632
3321
162
1847
1502
381
3700
3550
3933
1204
2422
896
3510
4621
3820
4316
2476
3286
4924
2204
1874
476
3697
2563
2409
3259
4573
3050
3044
2092
4381
3264
2671
4282
3949
4191
1010
3959
3530
640
3189
4265
2284
4881
2506
4864
1787
2965
3329
4566
837
3754
228
1926
1187
2327
501
986
4839
762
740
2064
4528
1540
1581
2692
1482
1116
3434
1348
4230
1735
636
1063
2787
3716
1690
2858
4724
649
2435
4313
748
0
1541
1044
3142
801
4438
4314
1287
3010
3331
156
3994
2989
583
4790
1096
1020
718
3196
2970
38
2737
2133
1234
1180
3388
1308
3780
270
4134
2101
1116
1961
2780
2444
3436
2723
4998
484
99
4538
3999
4839
1717
2779
203
3302
4866
2956
411
1778
4447
639
1567
3835
4618
298
76
4628
4376
4937
2021
850
2609
2542
1322
926
623
1189
1213
2667
590
4819
2108
1245
43
3664
3509
1345
1400
2294
1714
2842
746
236
2533
1671
889
3724
564
1479
4289
2552
2819
669
1470
346
1175
704
4260
2746
157
3718
1731
3302
2141
1386
3191
1162
3866
902
3018
3604
1255
4252
2643
3227
2768
2170
2342
1766
3826
1398
2839
4563
2281
1699
4764
3382
462
3820
2713
3115
2599
4055
3
2004
393
3962
2693
2122
4044
2400
1920
1732
4270
1349
4131
693
578
3253
4496
1497
3273
4130
2070
1477
3967
1684
1551
4649
2375
3877
4152
1822
175
3516
408
4562
4689
2403
2010
2474
3763
763
774
851
4476
1776
4848
1824
4717
4842
4425
1801
4812
3046
2455
2571
3939
643
1302
3589
4714
8
148
2457
1708
3945
4878
1098
3954
4490
4971
3492
4766
3228
3209
4079
3426
982
610
3830
1154
3619
4820
803
4733
912
1112
2663
4407
4578
515
4897
3062
4771
1734
4761
1332
3592
4383
1671
1056
3327
4057
136
3444
1558
4577
3607
4364
4560
2249
3712
2686
2580
3873
1598
879
4014
4252
1562
2926
2855
3983
3548
3781
273
1831
2468
2822
222
2523
4889
3623
4535
3435
3013
1334
1153
3951
3201
4417
4042
2531
1874
477
343
186
2457
970
1748
3580
3267
208
4704
1489
4101
4293
4215
3582
4540
4535
2380
2342
3104
332
1548
2375
1035
291
4251
1297
4255
1245
3945
3596
623
4335
3354
2825
4695
88
3620
2356
4218
2752
4903
2471
450
1376
3537
2305
1422
4808
689
969
58
1849
1976
4736
897
4299
3779
3142
3216
1469
1632
658
174
4387
3901
2877
3427
4063
3149
618
2427
409
3000
1791
1082
2880
4384
2508
1681
2384
950
3715
1435
831
891
1776
1720
314
4090
154
4809
1578
4950
853
4403
4750
4521
1526
4527
4757
2805
993
2278
2292
3271
304
3104
147
2823
1023
3791
3021
340
740
3935
4469
1931
1070
4527
4826
1448
174
1187
2144
126
4385
823
4450
3756
4622
4324
3793
1533
3571
3014
3254
2503
4522
4184
3109
4640
24
2579
1169
3881
856
2559
3382
3981
4015
4331
1889
1079
2206
2973
3009
4342
4217
560
582
3373
819
4443
2110
4697
2792
1391
2235
4604
2062
4545
3557
3510
2437
3262
2095
1302
721
4402
2755
4522
4016
1819
4350
1950
2094
3252
3492
4179
566
2532
1009
2913
226
1333
3641
3582
2997
36
1660
2231
4330
1676
2286
3036
1884
3981
1970
2824
1445
1602
2801
577
3852
2663
4108
2234
2659
772
2572
2600
1110
3901
1800
4588
2186
72
1886
4511
3617
897
2409
214
4505
131
1847
1983
3861
682
4091
2180
163
107
543
4390
1020
1226
3412
3282
1787
4562
2783
4149
2501
1128
2297
3782
353
4391
62
4902
4083
2944
2233
2395
16
977
1538
2828
1622
3409
1390
391
4385
2743
2343
4839
3778
1064
2432
1781
3678
1522
4912
3338
2668
2569
1249
910
4364
2625
4468
4835
405
4888
2101
4351
1655
3566
2172
3361
3588
4538
1630
4740
280
1168
976
3305
322
1393
4754
603
2667
4440
3102
378
1877
819
4203
3818
2458
2494
652
3362
3394
953
1437
2747
188
1520
3602
656
1035
1198
4805
2761
1999
2807
388
3839
3830
137
1101
4841
3138
3228
1633
3829
85
3366
3093
2391
3538
848
4728
2186
2652
1383
485
2699
4937
3496
79
308
2052
2548
2850
1590
2232
3158
2692
2696
3988
1490
4379
3148
4810
14
3150
4670
544
4959
1294
506
3725
232
2990
1125
46
915
4124
4242
1277
4769
1515
4099
4636
1224
1478
2596
2282
4596
4988
3727
4174
65
362
630
1965
1726
3641
3507
4065
2710
4551
445
88
2070
3419
246
4247
3178
3784
343
4623
1917
3905
3447
2290
3933
830
4484
3631
4164
1041
291
2357
3190
1972
1180
2005
3660
4068
630
4350
1786
341
4415
3835
2241
2605
70
4433
419
2158
766
2143
4713
4372
4409
3733
272
559
3701
2271
208
4311
4414
4897
741
4681
3592
1322
2227
590
866
3859
2208
3888
3378
4022
522
1471
1522
1528
2734
4339
3928
1058
4063
2512
2798
476
33
3050
2043
323
1515
3602
3116
4716
2406
2250
201
590
3418
4725
1767
3808
1692
2488
3737
537
4765
1374
2294
1732
1285
3697
89
1463
1152
4650
922
1075
4721
3424
4546
2520
3658
2179
4765
4934
4462
2060
3690
4865
1940
3116
1168
3558
3517
3084
4307
1688
2375
3108
4477
1321
913
2690
370
738
3497
2621
3253
348
3714
3879
2337
1558
1781
2206
4341
2222
4553
4909
2906
2098
4208
1611
3355
1930
338
4507
3584
2307
3273
3083
86
4635
4784
1962
4438
3090
4623
1130
165
3383
719
4920
1729
693
1291
903
3959
2772
4928
3325
546
707
4856
1756
4750
3473
4744
2993
359
2706
4488
4966
3541
3386
1056
3973
1655
3938
1578
1193
4748
4021
1968
3806
4704
2716
1754
2741
3921
4974
644
4614
631
3351
658
3280
3424
4343
4845
1563
1827
2350
4267
3445
1069
207
4483
3609
2309
754
1948
2010
2091
2238
698
1
475
399
423
2219
4864
2696
3916
2312
1341
3650
2892
2245
335
4064
748
3728
1438
1312
2569
2729
2247
2293
4350
190
1511
4829
4332
4605
1278
4575
3445
3669
3856
56
1250
4721
1583
2515
2965
3360
1920
1300
3678
1461
4374
181
1989
3343
2766
4264
2813
3927
4979
2612
3714
50
1879
3166
1743
4222
2762
4658
3891
1066
1748
750
604
1115
2414
2098
1072
401
1063
4300
1299
1086
3785
2728
4462
2698
1968
688
1372
1949
3041
1346
1787
1117
565
2298
1484
4509
2510
179
2895
4626
4071
3734
218
2106
3377
4355
916
3715
996
2928
2028
1331
2502
1269
1237
2664
4208
2319
3484
4292
2465
1081
1384
4657
4707
4138
3458
2284
69
2252
366
3631
2256
603
263
621
3516
897
3977
4662
2330
4709
2876
3836
3039
1127
3336
4944
225
4546
3594
1568
1939
2133
1664
4687
190
3385
3672
1132
3871
154
1379
3224
3224
2194
4125
706
4283
1079
1815
3010
1295
3373
3061
2279
1431
3641
651
3706
4232
4465
3828
109
545
612
1355
4243
2400
2285
4127
2993
280
834
2860
4808
2300
3224
64
2372
3840
1291
584
2278
3748
2129
3707
2237
4088
2855
1296
3043
4695
4180
4517
1016
952
2936
1979
148
2238
4359
3718
331
2057
2287
2233
341
696
1045
797
1813
4335
1125
3564
3667
2468
3861
4892
3389
3826
2649
3378
4101
3703
3768
1598
3826
2133
4868
1294
2215
44
154
335
1024
2875
1301
1244
2028
74
4944
2855
535
1514
1373
1914
3467
1687
3820
3050
490
3243
3138
543
4399
148
359
1148
717
1039
3578
480
4454
3401
1682
3633
4832
1943
4191
1086
4961
1104
101
1871
2661
2554
3423
280
37
4492
3096
2183
2800
3267
3841
4533
69
4065
1097
1449
3879
2878
2569
3030
4562
4945
4598
1934
4265
2198
1496
3564
3366
2167
1035
1828
2345
2311
4391
228
799
4942
346
222
4451
2674
965
2082
4748
489
2029
1066
3221
211
4775
3182
4221
3396
3865
4701
3057
2008
397
4177
3693
1599
4621
4601
4298
1276
2738
3307
4698
3622
2215
2744
3323
4535
4822
2453
2879
829
3314
2993
3229
3492
4292
4956
210
4902
1358
3753
1424
4620
1212
2251
3398
3178
1646
4432
1546
3521
1991
4826
2464
100
2760
3167
3444
2423
694
2663
2337
3749
3874
3681
2613
4955
4556
2391
129
3168
1798
1274
3235
1869
1356
3896
4823
4122
3178
2282
4192
2529
2622
2647
1735
2783
2346
3570
2528
3848
2264
3025
4152
1913
3782
2671
4383
3529
923
2305
3449
1157
1532
2927
1418
3160
1167
964
3667
4420
1004
2531
1470
3302
3910
4759
2564
4378
1262
3886
3973
2701
239
2314
598
2622
1290
4658
2092
1566
967
2931
2081
3439
1777
841
3325
4666
2269
3424
2794
309
2020
2972
402
1293
3873
3762
1094
2583
4309
813
2621
1939
2279
3270
1012
2552
3927
1630
4336
3864
3549
1979
3640
1748
1844
2553
3653
4786
2661
2755
3434
2871
205
3632
1393
3411
2392
234
717
2676
2810
1655
1152
2670
2364
1097
2599
1315
197
4892
3603
2770
3750
1531
4290
722
2936
3080
2931
3398
479
112
4145
1402
1290
1794
1781
1756
3047
1451
3777
40
4066
2419
2975
3696
1306
4424
4612
1666
4392
4349
1992
1067
384
3550
3833
3795
1963
3456
1391
261
995
2369
1148
1776
1043
3174
3018
327
3335
881
2509
542
126
4
964
1367
4591
2113
4138
540
101
1171
2662
2440
3660
2101
4467
4903
4761
4278
3845
749
3760
340
900
1429
994
2207
1205
3185
609
574
2489
190
1519
3097
2429
3747
4936
4001
831
4251
963
2970
3135
2
2087
2807
3870
4588
4349
1368
418
418
3980
2913
568
338
1805
251
1876
4010
1168
1164
2446
1300
4176
2546
2067
2137
2110
4102
4781
1335
4112
2474
3996
1823
3980
2993
3346
147
3556
3473
2840
711
145
1484
4833
989
1607
3131
3132
3574
3249
3698
2672
3765
1643
3985
3286
1057
1853
251
1001
3376
1410
1289
1705
1545
1092
2088
287
525
1074
3332
2880
2801
4457
3647
2041
4339
1308
671
1651
2839
4095
4408
1239
821
63
4385
4338
1285
2628
345
3396
508
3073
408
4187
435
261
3287
3440
4590
2368
1190
4815
3689
2602
4261
1908
724
3128
4547
613
4889
286
3039
1815
2834
3701
823
1222
2724
1565
2222
3249
1629
4843
1532
4898
2640
4714
1837
3905
1102
228
2220
4208
277
4016
346
1289
501
1703
195
421
2958
3535
60
1975
2917
2505
418
4486
349
1779
339
3496
3139
4642
3625
56
403
4082
3316
2500
4222
2088
165
2813
1009
4594
1953
1358
2172
1893
3936
2207
3762
3657
1939
1590
4914
1285
1047
459
1564
2666
3405
4421
986
3075
3347
1469
4812
4184
578
833
3910
2755
4324
4958
3282
3733
1940
1939
3268
4385
3913
1085
2428
1693
556
4011
2249
3186
3216
932
1087
2732
3467
3434
811
527
2242
3840
1427
2201
1026
1551
2440
2010
1661
2945
805
3065
2619
4127
2938
665
2141
3757
1314
561
290
2537
530
34
2420
2945
509
4290
494
908
2862
1244
1858
1411
1123
3997
4058
41
4927
4290
3236
3138
755
4465
4688
4668
3238
1284
542
3860
3692
4103
3305
4149
2256
741
4557
847
277
4233
4137
3803
4355
3260
3083
4718
2079
3013
4320
4398
275
4630
3394
3273
4003
4872
3639
376
1410
3918
4771
2655
714
2707
4699
4317
2554
2716
1371
3618
2334
3213
2812
3786
1712
4166
2644
376
4866
353
648
3786
4575
4158
1824
2173
3565
3066
416
587
3926
4869
4612
4561
1916
1709
2792
206
4854
4442
3454
1594
3996
3422
275
4088
1570
1222
1032
4689
10
1581
272
1708
2477
452
4201
1330
3065
2132
2560
608
875
715
4596
395
4639
1118
4320
3577
2823
2243
2792
4864
963
4643
440
4726
1267
304
4598
1705
1215
1710
3929
3022
2847
1734
3254
3938
3102
4717
4535
3380
3984
3267
8
2099
3938
2780
3112
2526
4349
4837
2169
3384
39
2742
1633
3132
4887
4485
78
920
3669
3078
3637
1456
4599
4974
3631
3115
4086
2450
3109
2
4193
96
3631
967
833
936
2776
1185
4461
1090
2816
2399
757
2287
2477
1322
2497
4941
1757
4490
1557
1132
1501
64
4646
672
1168
4462
3090
3032
3686
2034
4412
2615
2822
439
2722
2049
2593
3975
3463
1523
3111
2549
3747
2823
2941
4624
708
2830
3182
3692
3513
660
2901
698
556
4252
3358
3024
409
1122
3176
2382
4029
3008
2437
2614
1561
2125
4009
1164
1855
4424
41
25
3330
4975
4306
3900
3783
182
4310
2201
4515
829
2230
3820
2506
4777
456
3822
1917
22
4171
4062
1754
1651
2103
2779
530
708
831
4038
3534
4073
592
4267
45
3234
4801
2238
2630
2276
4930
1501
232
4176
1907
2118
3601
4502
4951
611
4875
2809
3988
3577
3002
3100
1134
4674
562
2507
1729
894
4246
2071
4316
1029
4960
428
336
401
3105
2564
3269
188
178
4389
4715
156
101
184
1012
3968
445
1703
3718
4367
1277
3980
2103
2505
692
4412
3703
3944
2978
3752
2257
1615
2416
1228
351
1437
1827
323
3062
4134
4005
2368
4513
4678
3338
2428
1831
1331
3814
4134
3466
205
2571
3803
4937
4106
1349
2186
3838
197
1022
534
4686
2318
3161
1761
335
1140
2914
2505
2797
133
1366
1902
4815
1364
3255
4405
340
2970
4800
2610
4139
2075
4237
904
4380
2792
4841
1097
3351
1574
60
1708
2184
421
4339
3275
620
1391
4764
1223
2582
3743
3877
4772
1357
469
2375
453
800
3277
844
2847
1453
4676
1952
2481
568
647
1580
3749
48
3522
2937
4765
754
3638
564
3754
1129
4042
1094
1383
2763
1706
2064
1388
3953
2656
2747
2646
3300
109
4542
1644
4260
3347
1303
4209
3842
4147
2214
610
3392
350
1592
3314
4039
2998
433
2802
2748
2750
1642
2756
1745
1170
4545
3466
3452
2773
3058
1179
4156
4252
4581
4320
3390
2245
688
1654
3222
829
3103
3752
1086
1187
4321
1375
4540
4690
3286
2596
3206
1038
3211
4771
2553
1835
3484
3521
1755
936
4410
2343
270
453
1033
1654
4455
296
1288
222
2723
1500
2570
2111
1430
309
3871
2428
3454
774
2065
3842
147
3311
1913
1501
4688
1759
1721
2157
2955
4630
193
569
1008
2177
4306
1481
929
2844
801
1802
2859
1754
4089
3837
274
3304
4122
900
1967
2824
4595
2420
2311
711
4167
2620
4256
2238
3566
1153
1781
480
909
3064
169
1332
4358
2884
273
3836
2670
4243
2967
2250
2063
93
4470
4102
2157
4773
2392
1368
3912
1807
3150
799
3757
2147
3795
4162
4083
643
2137
2904
3677
4316
1074
3356
4133
229
406
1762
3895
4956
2966
110
2309
2360
2118
2947
1424
2650
2852
2840
1801
4994
2356
239
463
1392
4098
3635
161
2113
1831
774
4623
966
286
3743
4518
1089
2581
1328
4854
1367
3432
3833
2284
753
426
783
1564
1154
4602
239
2999
2974
170
1030
4637
3197
824
2815
3371
4279
4239
549
3941
4043
1915
1053
2627
113
348
1845
353
1424
977
4167
971
1882
2596
958
4603
3446
4825
93
4588
1139
2276
1859
4191
2885
4118
4995
1805
4125
4390
755
3136
4973
3599
333
645
1518
3210
4778
4867
1725
1602
4682
3048
3175
2420
4977
4947
1617
470
2454
3519
619
1317
2644
1457
4604
852
1337
3757
4899
4126
4205
3116
960
1927
2152
3348
3081
3688
8
3508
2871
1773
2452
1968
208
1803
568
2580
531
1350
4442
2425
4651
869
2996
715
42
3522
1973
2830
4228
1775
2350
2594
305
4857
138
861
454
3702
4430
4449
3527
3244
3047
2271
1021
2310
3196
2573
1837
3305
3945
3642
862
3304
3848
1518
3550
3104
312
3117
4264
1932
4237
855
990
1038
4571
2674
2605
1550
4385
79
1033
1296
3834
2611
2231
4252
1438
2194
833
4615
2366
2972
1062
2120
4258
1115
3801
954
2165
1434
3125
3463
4871
2536
4040
2245
2913
2561
3123
3051
1700
4505
1818
1621
1137
4302
1706
3688
1918
3090
2979
1151
614
3502
3095
4196
153
4518
554
4780
1004
2076
810
2467
1719
4494
4492
4171
3802
4899
2281
2859
1196
2991
3160
3826
1155
549
2433
2696
3973
1586
904
4685
3837
2624
4507
3436
1805
978
3882
2261
4456
771
2166
1321
183
1580
4884
4031
436
1999
3566
3028
99
2245
4965
4655
4681
3239
3667
4578
2425
1939
1677
4483
959
822
4562
4297
422
1148
674
447
1548
2095
2184
4960
3255
3684
2676
3917
336
4282
136
3627
2089
2466
1387
79
2821
211
567
3388
880
1567
1332
2335
994
982
4674
3170
1234
401
4237
1164
4711
2488
4748
4979
1091
1674
2756
2260
626
3472
4816
3664
2384
2930
2135
732
290
818
2550
4165
4617
2594
4270
1585
4533
2262
4218
1267
1606
4702
2395
1159
2438
206
902
4208
3950
1077
1248
4615
4117
125
4684
3823
3717
1447
2371
4574
2671
2725
4243
4633
3560
3262
3686
26
4918
2502
3575
3306
4088
4572
4834
4655
1808
4086
1922
30
4130
4892
4981
2650
585
1393
3144
2579
2283
139
900
2932
786
2903
2577
3108
333
162
4926
1327
740
724
4093
2442
603
3710
4730
4342
1358
569
2540
3995
3568
1002
4523
3778
3661
2402
2167
437
4783
498
4023
1704
99
4631
867
1830
4030
4714
2439
2796
1110
2406
4503
1320
2993
2668
3794
1394
634
3500
1865
1750
1577
4005
1881
1514
2460
1012
4721
5000
1336
2993
1319
700
1242
4431
2306
1564
4397
3464
3353
1014
2148
539
1896
4819
4128
4631
1738
3982
4838
41
4705
2433
2125
1756
1134
1195
290
775
1893
2806
758
2412
32
1448
277
3195
1574
944
4896
3689
2227
2418
2474
3211
2573
1043
2839
172
3998
4391
4292
274
809
4862
2026
928
3587
391
2044
2801
2708
4467
1325
3237
3884
1680
2597
2675
2032
2775
4856
2301
1466
1981
2258
3012
2485
3859
527
1781
945
1485
2404
1489
3626
1725
289
2456
1995
2438
2130
4848
331
4108
3611
2579
1225
2711
3388
1476
1590
149
4759
3808
1823
778
181
3579
3198
4420
776
872
1319
2326
823
4158
1276
2120
4574
2413
2795
4471
969
2789
4447
2941
1123
4694
4662
546
2586
1770
4837
1253
183
3488
287
3133
1619
4317
712
791
200
1250
1447
2243
3617
2509
4377
4426
4414
886
799
36
4498
3021
2970
1518
2916
3384
1938
3347
2713
4244
2094
900
1332
1634
79
88
235
2361
1104
3805
42
3827
4107
487
408
2393
2068
3052
3686
110
3412
4801
3636
1871
3783
1574
4240
458
2807
3519
3116
1950
4623
1097
2077
2796
758
2373
4457
2491
980
4001
1776
3478
1084
3043
1604
948
2872
3159
4872
2924
2357
3522
3267
1678
1689
3550
3671
2183
2910
4468
541
3155
2097
15
1732
3514
2666
658
2144
4967
4211
4257
2374
4489
2487
4058
2538
1015
1782
3930
158
4775
1583
3396
2225
4616
634
2376
443
4736
1856
2171
4658
3939
3238
237
1825
971
674
3513
290
3564
3618
141
4094
4443
1657
230
2693
517
423
1858
2852
3727
1476
953
862
3580
4967
555
1643
4554
189
3511
1317
2798
3773
604
4162
4755
1134
3713
2986
2580
4978
3475
4932
3637
2250
486
3168
1192
967
9
1471
1225
2125
1160
221
4170
4886
291
2557
1560
2822
2137
4413
4599
4783
3461
2221
3411
3937
4154
4587
3868
3159
4206
3791
102
1422
1673
1893
548
1884
78
3012
622
3021
120
1861
3705
176
1691
3879
516
423
2492
1055
746
4729
4470
1391
1034
4329
1821
4376
2120
3198
4669
91
764
3601
3988
3048
4602
4094
2983
1650
3182
1147
148
3661
2337
292
2109
2028
2951
2496
4725
585
1827
621
655
2393
3976
45
1367
874
3019
182
2239
3858
1458
1761
3411
1816
3359
1567
788
4566
4249
4420
4632
3818
3543
1318
3682
2077
4140
506
3110
4116
3267
4199
4778
253
4618
2023
1038
3623
39
2056
3670
474
4806
1038
3822
3827
2600
4931
2788
1834
591
4771
775
706
2448
3807
3824
1790
3128
3975
3132
1718
1079
4172
1478
1709
4106
3002
2295
3022
931
2076
1594
3747
4676
2861
1269
1481
420
3402
3524
1808
2433
1018
1229
990
3048
4274
4009
2981
1386
566
1894
1181
88
4994
511
611
4855
2308
1594
4619
2730
3377
4759
47
3414
417
750
4462
3776
154
1071
3784
4205
3582
188
2520
4181
1367
4213
3405
4353
1623
2627
2159
4269
2961
2544
1686
3392
2967
254
1103
4438
2868
3910
3233
1381
3597
1988
715
237
3066
2239
1913
2769
599
1982
2327
3666
1679
3257
246
4729
1511
1257
2673
1182
862
815
1613
21
4596
2642
2662
1425
2658
1854
4591
3852
3344
4118
1568
3376
970
265
1064
2036
4174
2321
3830
2117
2320
1788
665
3449
3525
4169
4797
4443
1745
4968
2778
2248
2821
2253
2370
997
3064
3779
3477
1239
1552
661
1049
610
4177
3340
2455
1045
3193
1995
3901
4896
4350
3470
2292
139
1123
4410
2802
2695
2133
2889
4230
2928
1254
1488
896
612
3665
372
4414
4100
211
3475
927
1036
4003
4026
424
1837
1262
1195
513
4313
2935
3486
2284
2619
3318
3413
4449
4306
1378
666
1265
4218
2157
4512
4410
3273
1428
2508
2685
1748
144
4447
4508
892
597
4061
3347
2449
4462
4783
2545
3585
2770
1363
3460
3831
2600
2007
4110
2131
2182
4290
4837
3565
2622
3419
4914
888
2621
4112
4901
1098
163
4582
3489
4734
2519
1882
3735
899
32
3477
3231
210
1739
1070
2447
1388
719
2954
2493
1262
3685
1458
310
4990
1132
1872
2469
3465
4953
1780
3005
4475
4555
4713
2720
144
3190
4833
1655
1220
4219
1942
1609
2471
3669
184
3256
1753
3955
2548
4332
3736
2739
2055
872
3976
3953
2515
3317
2368
4602
1578
1043
395
1524
1948
4660
171
2564
3713
1288
4304
3758
4689
3115
1231
4060
3204
2952
1962
2680
3395
90
2269
733
3407
4736
4106
3725
1284
4680
1715
271
164
2597
1308
4508
512
2379
4891
3231
2627
2066
1952
2787
4114
2606
1540
4748
4384
4131
3035
2649
950
4299
2429
679
196
2932
1470
2422
2587
2113
3995
507
3832
3793
4432
2463
4774
1931
3469
4289
4586
4476
2627
1316
1380
1495
2871
3419
3642
2710
39
771
3031
2698
2155
2978
3303
1008
3963
3829
12
1394
1383
888
2359
4699
1758
3047
1971
4326
4201
4461
2697
3900
1497
1678
3805
1411
1682
514
3420
570
1775
4361
959
1829
4470
3668
4718
4935
4345
406
1784
1061
802
1464
4219
2635
2888
405
3846
3496
1083
407
4185
346
764
60
857
2432
4347
2577
473
690
2688
993
4586
3434
439
1167
209
1744
3968
1154
3341
4223
1659
724
649
4610
489
340
1289
143
1596
4150
4697
2199
2151
208
1201
971
3220
476
947
1280
2091
3252
1413
1064
1289
4495
2424
3099
3903
2714
4315
4956
3324
624
112
2804
2251
2574
2048
742
4278
3475
256
3770
2088
2661
3604
2434
194
2230
5000
3212
949
3564
2153
2968
2524
3403
1671
631
3716
3088
2229
2899
623
4109
3720
684
2845
2928
3249
1914
3686
2189
4312
1923
505
2119
1509
4658
3697
1362
735
640
4577
2393
3676
1839
2813
1723
1841
3339
204
2235
669
2844
2356
4876
732
819
85
334
2924
4586
434
23
2277
3574
3057
2252
4984
1637
3115
4225
3400
4082
1426
2528
313
3464
2510
1708
741
139
1998
2388
3137
3744
2957
1111
3112
4257
562
3555
2365
2785
2364
1076
3364
4438
4219
2375
4280
2342
1198
4088
4201
672
96
1855
1565
2240
3001
1576
3015
444
4379
1344
3162
257
154
1836
336
1752
2966
3379
41
337
4439
408
584
307
2186
950
2392
320
2234
15
1686
2372
1207
734
3144
4129
3398
755
1308
3383
2024
3343
3808
4386
1537
368
675
3610
2648
3416
1223
3061
3363
4869
2519
563
4179
4721
239
2054
177
4665
1421
4647
902
2243
52
4526
2074
587
1377
3551
3420
188
2074
376
946
501
3314
466
449
1971
2797
4224
4581
136
593
3750
3985
2126
235
4147
1381
1276
4835
1209
2933
1260
2865
2329
4993
2012
983
244
295
3504
4315
3962
81
936
2333
2899
537
2056
1501
2726
1081
3691
4990
3705
1025
2078
957
4793
3477
4942
2211
2184
1730
4883
2754
3814
2309
2332
3003
3726
4884
229
3647
2388
4409
4142
3776
1585
1008
34
3836
371
4178
2086
2272
3410
1068
2453
62
4726
480
689
1240
2901
4431
3644
769
4416
1704
849
1991
2412
427
2009
1429
98
49
2517
25
1275
4183
2080
3911
3695
1679
1155
3573
3980
3821
3035
2539
2083
1603
2653
2734
908
2075
2127
868
3896
1210
3388
4299
2625
4972
1428
3460
4884
957
4458
4897
992
1330
235
3961
4072
1302
896
3608
2866
4832
1051
3812
2961
3604
2604
4873
1353
4698
3883
2197
1500
2137
4338
3572
100
4973
3138
133
2546
1577
4002
1317
497
2959
1012
1160
277
3122
2518
876
2346
4536
2972
4089
3159
1448
760
4808
3623
4349
2895
668
587
1350
670
3616
27
3648
3653
3016
4650
2591
331
560
42
625
1063
736
705
2895
3528
2121
2364
3357
724
256
1477
4469
602
2256
4452
3884
4280
3640
586
3286
4982
298
3784
169
4161
394
779
4526
3937
3105
4353
2581
1657
4704
4010
1317
1422
1496
664
4469
1334
564
3179
1221
299
2401
4660
2487
1915
3146
2627
1879
4554
4606
135
380
264
1343
2184
1709
1366
794
22
2455
4964
3353
1986
1889
4805
3006
649
3543
2967
944
64
788
124
4921
825
4324
2286
3774
3159
1106
3953
227
2646
3432
1295
3465
3235
3441
4425
3952
1144
620
834
3108
2655
4832
4981
1792
3591
744
1635
2362
4507
2949
3355
2991
1441
1668
1902
3082
1528
542
2324
1089
425
1753
4007
195
1844
124
1721
3731
2949
4110
3958
899
731
242
1288
2543
1539
772
2950
3358
3946
38
4255
3701
1777
2568
4120
3672
3303
742
2292
2821
1526
2523
3880
1387
1194
3614
3242
2578
2850
1315
2572
63
324
3327
2344
424
2250
3709
1295
967
3452
793
646
3538
4382
4943
35
3275
225
3641
2451
3014
3159
3382
2483
1559
1967
2453
938
953
3321
3182
4627
139
1897
2229
1542
2271
4626
1683
1783
1284
340
2501
2697
833
4656
1310
4687
4338
2562
1724
142
813
1339
1563
316
31
3884
3950
2861
1893
2971
2167
3908
3084
2392
4729
4225
3989
3723
3448
2785
1073
3886
242
3312
163
4509
4279
3977
4199
3520
4277
4830
159
3604
2102
1423
1942
2659
1178
4159
1876
4697
907
1259
3879
331
2779
1464
4309
1561
4324
841
1978
4412
4554
2370
4737
4898
888
4017
4241
4073
1975
552
4933
1377
1162
1202
3103
3811
1627
2981
1423
840
3291
2847
1613
3615
1201
55
2840
4646
1838
3920
2234
10
153
4626
4086
628
4374
1415
4600
3536
4031
2858
584
2984
279
1069
3033
1840
3112
4622
40
4088
2393
2043
349
3089
4090
4089
2987
424
2898
624
1228
1195
3583
4662
4244
2623
4672
944
2793
2637
2366
4193
2450
3599
3867
3553
1973
4827
4121
1009
3614
279
3591
2920
2035
876
4488
3231
2187
3269
3146
1018
3216
877
3870
2447
4896
1216
2117
4075
2088
3690
709
394
819
2011
34
4807
3922
242
2276
3733
3606
1223
2166
2183
3803
4895
3259
167
1469
892
1331
708
1548
4982
1113
4970
4523
4734
4761
430
1979
219
175
4004
2159
4120
717
4255
2199
1207
3760
3425
1099
4134
2303
2541
153
3552
1857
3672
777
2466
579
1006
52
201
4075
2800
115
4751
4554
454
2988
180
2503
240
792
2142
1157
1137
3129
301
1618
1554
994
4572
3824
1034
1334
668
2204
2780
1624
231
1564
612
313
258
606
3518
274
3997
3253
3023
4096
1773
4480
4372
2057
1578
4437
1500
4638
4580
693
1265
767
3853
4657
1018
118
3721
1869
2204
368
3507
3521
3379
3125
786
519
4839
4795
4761
3684
1334
1006
1676
598
1689
2515
2089
2193
3634
2184
1620
1508
3532
2077
3215
2687
303
2490
397
3005
3641
3927
2513
1858
4671
1058
1085
4893
2881
3951
4962
3354
2489
3320
2398
228
2672
2140
1343
181
389
530
2262
1133
350
3286
702
3266
755
3784
4890
3233
1521
3906
1862
4751
279
868
2958
737
2046
1520
1897
2219
4090
4751
2379
1789
1759
4713
4721
4956
29
3587
1383
3672
1983
3603
3853
2126
738
3479
4464
1984
4333
726
4255
2736
781
3745
2491
4620
1771
3575
3263
404
2302
1389
274
1230
1981
2791
1068
3076
921
4528
4222
4178
4551
632
4680
3072
1660
3546
4189
4231
2555
3403
283
3649
145
2911
3943
803
1589
274
1666
4440
2337
959
226
2773
2260
2334
1582
4629
233
2588
3161
417
891
3460
4288
4182
4829
4313
3948
2958
2255
3202
4574
2156
1964
2763
171
3600
1974
3049
180
4367
40
757
2588
359
1571
1278
3583
4141
1199
2702
2941
2926
4466
22
2115
4534
3310
633
985
1791
322
3162
3008
1008
207
477
3035
1581
163
20
4247
1555
3971
2404
4216
1689
2904
2293
3656
213
999
2655
999
506
3746
1158
35
1302
2196
4945
3845
3611
1253
4276
1352
4414
867
518
2914
722
2916
4739
2796
60
3518
1745
759
3982
340
352
1477
1685
518
25
3830
1972
2222
617
81
1699
3141
2839
65
269
1366
663
2950
671
41
1088
1031
3641
1557
3819
333
4745
4568
2565
4415
3210
2339
254
1280
2655
3928
47
2286
748
1565
2512
4337
1267
96
2222
2689
2363
870
4002
2202
3608
2202
3852
2294
3672
4712
4374
3255
1490
1561
1824
4728
2891
4475
4157
108
3978
4271
270
2355
266
316
2531
4272
4638
3851
2561
1052
1497
475
3305
3207
415
4514
1298
3378
940
3634
4534
2340
3729
2355
903
759
3614
3114
1520
2775
3148
2636
1978
3768
3961
885
887
4058
4695
446
1053
4942
1868
943
485
2870
4582
3127
755
2055
3738
213
4509
2723
702
4919
4570
827
701
3287
1576
3625
1049
4562
3324
3288
4984
4815
4939
4341
4769
2751
2562
3714
1824
4452
753
3827
4826
3580
4990
284
813
708
4050
3350
1737
3400
447
2892
4587
948
3674
4333
4459
1890
1634
3727
2866
4830
673
4391
3992
1224
78
433
3878
1850
2780
4183
162
4636
170
1878
1068
3009
558
3345
1574
4728
2533
3321
42
4604
4706
4236
4161
2755
961
919
433
2187
4883
4839
1346
433
4145
4149
4359
2252
237
2969
2925
3865
541
4816
1867
4404
2318
2174
1336
3868
3809
3346
2645
1604
3034
3083
4385
4478
3663
4300
467
4729
1966
1029
932
3069
4577
2757
65
3029
252
1473
2525
3041
3452
446
1887
3062
3618
2793
3443
4249
4517
299
4059
3816
2664
635
3089
293
1956
3533
1132
709
333
3063
4211
4308
4798
1420
4302
2417
2803
4996
3170
859
1851
1404
4259
1114
1294
1096
2672
3872
815
3176
567
693
4154
2031
2056
3860
2305
1288
4158
1959
3298
67
4733
2344
1778
2549
512
154
4963
2888
416
3599
1236
1921
4805
321
2338
1240
4226
4055
4437
772
1129
2693
2995
636
1761
1729
525
2529
3138
3399
1697
856
2546
525
533
3503
1445
1157
1999
3605
3522
3985
2104
877
2721
3049
1739
4893
2433
2322
957
2031
602
2790
1118
2737
4783
3681
3405
3263
1470
1597
250
957
1543
946
18
1847
4391
4043
2250
301
4854
2062
213
2879
1578
3243
4148
372
1079
2984
4374
9
4287
2067
4495
3658
1451
1570
4035
4337
1888
2753
1354
3831
400
2851
4433
3994
2679
807
4491
1158
4695
1129
4235
2204
1966
3239
1388
494
1948
1829
2468
4566
22
2643
246
4531
2436
4882
4870
2758
3526
4918
3748
2181
3209
4882
3464
4324
1843
4554
3712
4691
73
4193
2220
4171
4925
3969
3967
3036
172
89
3812
3433
4398
1130
4408
1354
453
1287
3871
3075
4707
2066
2431
2956
1398
2319
2440
2238
2905
3957
3371
3604
2952
526
1158
2162
4117
3135
3468
4887
2564
2782
2805
2690
686
2064
3269
3619
4402
856
1807
4054
1204
1346
1665
3658
1243
1200
2895
3357
4546
1847
3720
1692
3298
2384
1195
4130
3728
3281
3756
3971
536
798
1186
352
3753
4835
2711
4835
2473
2789
3301
668
4120
2166
657
3898
2413
3360
2019
304
4823
4571
3870
3929
347
1049
3088
4868
1012
4031
2797
4984
482
2817
1573
3950
2531
3360
2666
2822
2719
4310
3674
2781
2325
482
1969
2381
1989
633
2566
937
3753
1045
315
4310
3477
1794
440
827
4664
3262
632
2091
4979
411
1053
2460
127
1844
3198
1152
194
4640
421
3525
2688
572
2015
3494
3654
2100
913
4950
234
4021
773
549
1584
2696
3024
10
2927
3494
3969
2899
3141
2308
1735
2055
432
2341
664
3730
4005
1211
3656
2396
1547
4940
1042
3825
950
2222
4939
3235
2585
1751
1578
4580
4276
4928
4334
4
1296
4875
4856
4913
2591
4157
4756
3288
4367
2689
3214
2007
520
4521
2981
3320
889
3938
2601
2922
3027
1668
1944
1774
3035
2964
3602
2920
1830
4243
57
1700
2195
4242
4909
1914
1696
313
77
829
3938
451
2040
2978
4256
2476
3877
798
1523
938
2091
2748
1455
841
4029
2283
976
4509
3654
3252
3412
600
4014
96
1653
3304
1790
3763
432
3163
2685
947
238
2566
1749
2121
2848
67
3526
4688
3179
608
4454
3608
4791
3322
4793
1397
4484
4363
314
2807
2186
279
4500
4765
3336
4375
1169
2733
1517
2785
4065
295
3917
2167
111
3656
2170
4802
992
2607
956
1204
134
2046
4888
2959
3332
4546
214
2982
1603
4453
4750
4579
1306
3758
703
466
3758
1773
1228
1585
3467
4688
3904
2023
1635
208
4069
878
3104
3069
1623
1774
3701
3089
4077
2034
758
2253
3073
1244
4514
2884
430
2945
3031
367
681
3763
3121
1891
4619
455
3093
699
750
1852
1071
4994
2998
1627
3897
1831
977
2996
600
4083
4243
4239
2894
4594
1435
3804
2999
3555
1065
345
468
2357
3930
207
1123
4294
4268
2509
2569
2389
481
776
4358
1857
4734
777
4592
1793
500
4005
1633
395
968
1701
3488
3242
2686
2400
3152
1729
2113
1933
1387
1519
4614
4927
1022
4465
328
2629
4635
666
350
1370
3251
2812
1115
0
1765
1127
2578
1224
1123
4002
1576
3872
3607
1690
1202
518
4923
3344
3113
469
2952
1435
3841
2023
713
4086
780
1143
3046
2823
2917
4892
3440
2573
4348
2629
451
1077
2606
4206
354
958
1261
2687
2680
1315
447
4459
1261
4073
3096
2500
4420
3605
1436
2432
3943
4709
1799
3984
2050
1535
4714
2756
944
3524
3321
3796
329
2676
4454
3223
1693
654
3165
3177
190
2985
173
3900
2258
2567
935
4641
4975
4976
734
2698
3261
2144
230
2004
149
2936
2316
4946
2852
3133
2189
4267
2922
2808
2780
2898
4652
2237
4312
1378
1323
4327
2506
69
3589
1766
290
30
1476
4038
2670
2822
4935
2016
1188
1035
2525
4883
12
1099
1881
3025
461
2851
3488
1354
4314
2133
2958
4045
299
144
2325
4042
4540
1318
2142
3031
4032
4991
4529
738
31
1583
336
273
3990
2813
4707
982
4320
3264
175
2653
4064
473
3661
2946
1498
4153
863
4526
1586
4497
869
2413
745
844
4367
263
245
2702
3137
1882
3622
45
1449
1595
4145
513
1137
3593
2354
1564
2667
4151
2045
4690
1868
4667
3362
4291
135
1892
3700
3477
2853
918
1585
1407
2713
4873
4940
549
4585
3209
4967
4366
650
2968
2666
1937
2644
218
2851
1201
3074
3519
3165
599
3041
364
2893
115
2350
790
4555
3801
4092
3279
16
698
2595
155
589
1642
2186
3711
3268
3536
1115
3266
4069
2138
338
3216
2883
4744
3390
2149
2595
3209
594
4375
4094
2571
147
3866
4282
134
4579
391
15
970
4553
2050
2810
597
2519
1864
1193
2713
2713
3220
2578
2779
975
3468
4749
1503
3019
2824
1161
2974
3115
4768
2099
3102
3505
4585
1678
2475
1084
1698
3988
353
4584
4746
2543
1189
1017
1296
2946
4449
2963
4055
2314
832
4234
4297
647
1959
128
670
2031
3067
781
3388
469
597
2204
4765
1549
3523
4683
3390
3704
4701
3582
2116
1697
2141
2225
3570
1628
259
1385
4884
3599
845
177
3332
2929
4372
2088
397
4804
348
3222
1914
4730
3858
3297
4208
4450
4705
3393
2163
1665
1214
3718
472
1333
1807
237
197
1881
3177
4995
4972
40
2599
1975
3390
3607
3047
2060
2890
4597
1956
4992
2453
1709
2336
4802
3236
3141
40
267
795
4237
529
1942
3891
3053
53
1812
3672
974
3733
75
644
4887
1922
3901
3048
3602
647
2779
4778
4968
1492
3415
4416
3747
4108
2445
2273
4214
2646
2695
4631
398
1470
3345
1710
3377
1659
4105
2217
4375
1961
4109
3159
3035
807
3439
2576
1042
3939
1382
3211
3180
4821
1391
859
2588
2880
2804
4851
151
789
798
4184
715
1304
1831
3735
155
2095
4697
1756
3175
2886
3114
3207
3741
616
2880
3129
502
686
4755
2399
2329
2712
3249
553
4099
3258
4526
4847
4434
1881
4424
1218
2571
119
2063
3256
3191
4704
178
4607
1692
2126
2564
631
1421
2675
71
4397
1479
2116
643
273
4305
2593
1827
3914
1869
999
179
864
2066
2366
1282
3078
3136
367
2428
1378
1700
4142
3435
4741
1046
4876
3667
3798
1960
4406
2426
1844
4641
3784
4107
2017
226
4936
1468
3934
3693
825
2139
1689
2047
2312
507
412
510
4329
2943
879
3169
3706
1899
1528
1293
4408
2795
1558
2210
256
736
2048
2113
4049
1892
3735
3057
2218
4776
2244
2313
4255
4348
1488
98
3721
4927
4879
3217
4737
2193
3727
3596
624
3996
2529
4318
472
2632
1814
2584
4021
4984
484
476
559
4861
1963
1694
2948
760
4774
3080
4184
3268
509
2999
1501
241
782
235
3053
4855
4155
4949
1662
1180
1130
4962
4168
1420
51
2328
4554
4416
794
3684
3027
4603
31
156
1340
4761
3802
732
229
1234
3433
1225
2344
1876
4820
827
3728
1629
1938
36
2791
3327
972
2715
1218
1885
3404
3212
2447
2826
4609
2190
3514
1338
4504
4758
1634
4416
1467
369
4740
1487
4024
4233
3642
3309
1932
2905
3339
1721
3839
247
1219
3577
4487
2786
4565
314
3247
4102
3843
2064
4653
713
2983
4782
3574
2638
2288
4420
2551
2347
3738
1843
4437
782
2558
1438
1191
244
4643
2691
609
3532
1473
4100
2544
693
1984
3458
3001
3558
3190
4512
1429
4257
216
2372
2082
286
3294
4329
3255
622
1704
2935
4699
277
4585
3721
2849
3500
2872
809
2893
236
1715
3210
2167
2611
1252
3398
4026
2902
2796
4686
2180
2550
4777
3946
1950
180
1063
3188
3354
1461
918
4458
3137
1863
3617
4278
116
772
3809
2881
4521
4697
516
831
3235
3149
1518
1713
1511
1566
2473
1885
4627
4912
1759
2405
2152
4128
4449
1384
3695
3425
500
3504
4481
4725
517
655
3571
2058
1990
1240
760
1118
2399
1400
2519
1631
1890
4833
152
4795
3290
1610
2400
336
3416
2592
4197
3546
2151
1326
1853
4901
2427
3463
3025
122
4832
3210
2034
4960
669
1157
1087
4280
4189
1805
4906
3985
1804
814
2715
1288
1166
920
4961
306
2043
2458
4702
4900
779
135
4006
4382
2598
362
4016
3679
1818
2715
1227
1563
2033
4784
3868
409
2079
1236
4609
774
2743
4160
2727
678
1397
3543
2966
3825
3662
4160
4013
2597
2655
1630
2967
4989
647
4544
200
2745
1043
1895
4046
3739
413
1142
4643
3896
3743
3397
546
2413
4484
4032
3859
2769
4928
510
4902
4103
3384
1194
4344
1671
4346
4542
771
2760
3214
1306
3607
3508
2424
1708
144
2621
3692
3087
2371
178
3566
3176
2603
4061
2990
2812
2091
3117
1642
2690
849
2982
3755
4133
4155
4217
3735
2976
4368
3441
2262
4297
3150
2666
856
3483
2595
2304
1472
3156
4694
485
3538
2240
3200
3475
4431
1863
4846
4893
868
2771
746
1496
3846
812
2798
4748
489
3251
3468
4077
558
242
1809
2025
4183
2084
1891
4268
2026
1677
4753
587
581
2770
906
411
1786
2218
4107
89
4770
3156
531
2827
199
2997
4832
565
2920
257
4114
1869
2273
3862
1128
4746
4740
4129
2855
4531
1997
3991
4305
4849
2186
3202
1203
2718
77
2919
3303
1624
4887
796
507
3160
96
1777
2783
1576
3036
2622
186
3392
214
1988
4079
2370
1014
994
4707
3581
2827
1232
2012
922
1317
4493
2545
3440
4800
914
1995
1991
1366
1158
4567
2453
2693
4289
4933
713
1031
2977
417
4663
4992
3666
3674
1379
44
3072
2414
3880
787
2331
3331
873
2580
4731
3837
4148
2904
4819
481
2992
4449
1366
4800
3545
377
3169
2837
2746
4484
778
1417
3718
1776
4899
1827
2928
2487
2850
3298
3030
4270
3651
4984
2055
858
2098
1280
232
4680
1483
3404
3986
4991
181
3907
2939
1664
932
3466
2770
4533
2562
2288
3630
300
2705
3409
4140
2748
1839
4010
1032
856
3952
1776
2322
4814
3593
3976
2028
2969
1570
3752
4648
4609
3477
4115
1579
146
1232
3308
3560
4293
1035
3249
4786
4900
4106
4145
3119
281
3251
2845
3389
636
2444
2745
3503
1243
3271
3555
3651
4773
538
3480
4126
1213
2592
4176
1726
2390
4534
1883
1082
974
4832
4819
4230
4145
1074
1528
3034
921
1529
3160
2002
3835
4928
780
4249
3788
3429
1730
658
1203
3736
4184
4022
1583
495
2050
1784
445
2081
4677
4804
4703
2702
3673
3562
172
3956
2022
3452
4041
1996
3964
3493
537
1018
643
885
3227
4978
4547
16
3479
3266
1839
2716
1904
342
618
4616
1682
2229
2147
264
1720
308
4010
4364
3233
3034
4086
4537
4078
4118
1925
3730
528
607
1636
3178
1648
4045
772
2827
1308
319
4367
3504
4361
1461
3649
2990
3473
891
2428
3142
714
3919
2046
4059
836
922
2725
2136
1855
4787
1520
4593
1532
1369
1303
1627
4872
4121
703
1398
928
31
455
2367
3052
3627
1041
1490
577
2316
91
1252
1495
3499
2564
4073
208
1043
3517
3358
1069
3518
1558
1076
213
3905
2075
288
3956
1994
2770
3447
4628
1949
1534
1719
4438
4964
1932
2119
3749
2651
3135
2049
563
4720
2430
678
2468
2501
1729
2828
2329
1937
1843
316
986
3759
891
793
1961
3756
2744
4070
4473
712
4525
1318
1126
3271
1177
3286
3032
3286
331
1403
4226
751
4328
2320
2978
2363
3483
639
2951
4034
884
1602
1712
978
2926
3875
2226
3577
897
2460
3802
1237
4700
2203
71
3060
213
2159
694
3985
114
3816
1161
2843
320
174
4430
1171
125
4668
2241
2420
1781
3542
1481
579
98
3171
2220
2318
1272
1068
2553
175
2722
2932
4699
1314
862
4005
2357
3707
4850
714
1321
615
1382
2040
1241
2645
1219
4049
3265
1326
3276
1032
4330
3236
3073
3822
305
4728
4366
1564
4146
4407
639
3340
443
194
2736
2854
1879
165
828
2454
4203
2938
2175
3553
3353
1101
732
2860
1582
2516
4869
908
2365
2813
3119
735
441
2499
2311
4146
1261
2743
176
468
4067
3445
1096
2455
2598
2406
2597
904
2214
520
2811
2595
965
1307
3862
4990
3889
1110
4258
4404
3116
2616
620
2916
1934
1801
1196
4874
4906
1945
4467
840
2739
3460
2635
3375
4279
4465
225
1997
4155
106
1002
1279
4128
3092
4960
760
1171
4734
1278
3454
4679
2687
131
3006
2678
2287
517
4836
960
4603
385
3630
3072
2939
4617
1979
4581
1030
2072
757
1678
4917
3117
3946
867
1730
773
4643
1228
1080
1074
4059
2032
3060
3790
527
2413
1875
3908
530
3986
4707
4122
1449
1528
2158
2141
1622
3377
820
2146
3743
635
3744
1805
1247
3685
4711
4967
1551
2920
3328
1272
2367
3808
4512
3569
3796
2498
401
3703
1064
4091
4292
2296
4652
3090
4926
3773
2189
1894
1380
4695
3510
2351
2629
3716
217
4664
283
2142
326
420
1405
3291
3456
393
118
754
4809
791
2348
2473
3137
2665
4591
839
1007
2923
1818
3344
3695
2351
2955
4246
1889
1204
2547
1520
2387
2748
1270
4278
2122
2206
4679
4346
3754
3760
2331
1588
221
2090
3662
673
2583
2600
2815
4472
4808
3347
4642
2938
4637
3887
3098
3663
1654
2836
4699
662
2535
3660
1484
2238
912
622
789
4045
3060
3540
4170
3887
1701
867
1697
2484
3810
1856
1857
3300
2458
2267
1481
275
4718
3382
139
3254
1960
2255
3642
3891
3307
48
131
3232
1381
1901
4061
1075
1347
4512
4217
202
1930
3402
1963
1559
4508
4
12
482
4688
522
2012
1996
896
2213
4642
3975
1722
4845
681
4023
2241
893
4263
2923
2744
3977
45
4313
4355
1085
4449
2752
694
2333
3089
1467
1214
3396
658
2728
247
1456
344
3584
367
4132
3249
505
2147
4423
1854
2025
3867
491
4514
349
32
599
4983
4631
362
1673
2233
2140
3115
3313
1202
4413
913
2749
2261
1506
4314
1703
397
3106
1193
1352
113
4097
1610
4403
1904
4214
1760
1390
506
1631
3311
559
3644
2064
4984
30
410
1323
137
1299
579
3320
3934
1607
318
829
4845
3112
4437
3245
2364
4123
773
3647
2695
1584
2404
1435
4661
425
834
3496
2092
2506
4874
2044
4796
2921
3556
721
2301
4126
501
1522
3451
1078
1663
4928
962
1677
4158
1401
3532
898
2518
4099
4071
179
3205
413
2847
3882
3024
2657
1917
766
3849
3948
2140
43
3963
3011
6
71
3077
2305
4145
2270
4600
1604
865
1847
3834
3400
81
4892
2353
2434
1835
2813
696
762
4459
2033
1031
251
344
1954
770
2622
1876
3146
3274
1369
1962
3504
4745
62
3217
520
1940
3859
3176
3149
4060
1773
1097
647
4729
1912
73
1710
537
57
3608
4085
3035
2167
3829
3469
4545
74
1432
1726
4536
2410
4180
1276
4485
3367
1092
436
287
2068
389
3946
2721
4917
4363
2991
2326
3716
3413
2309
1175
4746
4393
1427
2169
100
1010
3337
1522
2162
4134
696
4845
3785
1021
4232
214
217
299
90
2398
4096
925
4672
4798
4195
844
3164
1951
4038
4177
4677
4870
1177
3452
3333
2599
3888
2989
4631
541
282
675
2045
1869
159
2362
1902
1833
4522
1108
1845
644
3848
2438
2099
3528
203
4557
4100
2202
4585
1108
4225
4733
3420
2576
1689
774
649
4438
4391
4265
3136
4376
1157
4682
454
4730
3499
3418
3554
3823
969
651
974
3291
3956
3363
975
2354
4532
292
1514
4639
3664
2628
2211
480
2469
4288
2548
1911
4581
422
1765
4278
3147
2880
3127
3681
4860
2504
371
1448
2949
4978
94
3094
2301
466
4507
2646
3900
955
2192
490
3014
1183
1107
2457
2103
3939
3219
3932
3354
4739
2719
224
2926
2856
4360
2080
1631
599
3122
3244
3943
3522
3518
1019
1348
1671
160
4869
2556
880
4810
4737
3137
565
3429
2121
1707
2737
1506
4315
619
3192
2963
1479
4651
4994
2715
4001
4868
1042
4531
766
3449
3401
4131
1572
2958
2978
3346
3085
3814
1610
3606
4422
83
1606
3608
1292
2179
3375
2270
3688
4807
683
4491
3210
2256
4443
3243
2572
2068
1714
2952
3001
4662
3016
361
3981
32
2923
2023
743
3465
198
4253
1711
989
3678
1348
3323
2265
3456
778
128
2536
254
4288
180
2285
2790
1494
2295
2993
1451
3346
3973
3820
3959
2857
3268
800
1894
3229
404
671
728
4773
2794
3658
1129
3351
709
3154
958
1095
4051
660
1082
2576
1506
3948
4334
358
1133
82
3948
4892
205
1221
1461
1293
2620
710
883
748
4612
3900
2659
3271
4954
2056
2328
3658
365
501
2135
3636
4252
623
4787
3680
2172
988
2384
1564
4829
4539
3682
3061
926
955
4320
4001
2133
4654
4905
478
1262
1407
3303
3955
1786
2244
1883
4404
4472
3382
642
2486
3231
4618
1853
4138
2031
3783
981
4061
2826
4677
4499
4524
1618
2612
727
583
2324
3905
4197
13
2991
477
3071
1777
1804
4134
1409
2516
3543
623
134
3355
3087
1231
4165
2885
1323
2482
1012
3689
4345
880
4365
550
1901
2532
3503
4822
2866
3613
3649
3825
1198
3095
1393
1397
1338
6
1941
1126
4251
1797
1004
4818
80
1717
3523
4960
273
4935
2789
281
3183
4205
4126
1948
1615
3074
2025
4766
768
4528
3336
559
3529
133
2069
1238
4579
1125
4333
4271
92
4168
1819
3025
1400
1152
2284
1628
3305
4388
4611
3066
1844
1177
1326
1008
3833
625
923
3212
4566
1497
2355
4818
327
668
122
1314
1730
2996
9
648
1329
4751
898
2881
2747
2688
1456
1347
3827
473
3276
3964
360
28
2851
3011
4107
2528
1461
2740
2547
4060
2606
176
1068
4989
2592
2196
2869
875
3816
2419
3224
1201
3091
1254
3365
3672
2729
3333
4579
3414
2510
353
596
569
2314
3752
421
278
2324
470
2513
615
453
4420
311
3801
158
3005
641
4389
4780
680
4030
3150
1438
3360
3992
4378
380
3399
2555
4225
655
4803
1545
3508
2291
1235
1584
4771
3870
2256
1158
2019
4748
994
2697
1625
2709
2724
2590
533
3481
2712
3050
4433
2375
3420
4435
4341
608
1133
665
997
1259
999
2454
1189
4332
4909
3139
133
3879
1338
4104
2735
3688
4996
2404
3591
3643
3718
1764
2689
656
737
4047
2878
4581
710
3675
1922
1723
1152
2258
3729
648
2251
4134
4410
3159
3370
4973
450
3035
4679
3505
26
609
3993
1678
98
3889
1430
3857
2641
2777
2342
3582
2150
1727
3168
2298
4232
3492
4162
1860
3447
2356
3146
1590
3860
1326
363
316
1387
4324
4237
4701
4791
4345
4563
947
2189
1953
663
2034
1155
4164
4368
4942
4424
1681
3220
2662
1243
489
3615
3546
2787
1888
4644
3008
561
1227
371
2960
1492
4467
392
1299
1479
2201
1692
2639
3652
688
1439
1530
328
3462
538
2160
1752
4319
2326
4142
605
648
2095
2894
754
4876
3571
4181
4364
1580
651
2310
2448
3556
310
3752
1701
1276
3899
2430
919
4334
4649
2752
325
2503
1612
1195
1717
4075
1491
770
2845
2832
2994
917
1826
2059
3195
2514
4432
1989
1804
4650
1432
1857
509
4116
3981
2927
3575
832
1585
2878
2777
4218
3803
1238
1175
2287
2033
632
1254
2789
4705
2874
1690
1311
4094
783
3146
2471
937
1539
1628
4466
412
3033
1619
4289
4027
640
2380
2167
2525
3176
2896
1084
299
2387
2717
4846
336
1955
3115
4655
3744
4478
4487
2034
3028
2288
4594
887
1285
4614
1480
1689
3684
3101
4507
3075
561
3063
707
1337
4093
1157
2550
4901
4997
4645
1150
1848
3469
2655
4411
546
683
4250
3074
2475
1875
210
4009
533
1802
963
3261
3451
1321
2897
4946
2436
3968
386
1007
1607
4951
93
2370
2911
3858
521
3297
2280
1630
4424
1838
2814
4786
2898
454
2050
2043
3389
2169
486
488
228
2687
3844
879
3323
2239
164
2022
539
1939
300
2983
2152
3900
1730
2567
1814
2085
1792
3628
2592
315
4084
1581
2807
1223
2907
1654
320
3111
2069
3340
2664
4663
4647
2999
4975
695
1281
4905
1807
2264
4519
3057
1578
52
3335
358
3107
3780
661
4148
1523
2098
128
1690
2354
3503
1941
4519
2818
2716
183
4924
214
1807
3204
3667
2256
1339
583
859
567
724
3457
1037
52
4192
2537
1848
842
966
2449
1265
1844
233
1002
2746
952
2388
2858
2704
621
1760
4547
3155
4769
966
2104
721
4983
1006
1323
3372
3549
1520
470
2876
568
1476
1222
916
3094
3913
4131
3988
3761
843
2744
1868
1217
3610
4615
1849
2188
3034
3731
2963
536
1430
3198
2558
1763
645
800
4806
2320
2376
1076
2143
1162
2304
3681
4055
479
1847
4293
2612
4916
3722
1373
230
3695
1394
2540
340
3665
1447
490
1889
37
180
448
2214
2630
743
2050
4450
1944
2635
4555
351
4480
545
1961
2580
3051
3231
1184
2763
4420
3089
659
1294
4332
245
1867
3069
512
4070
2731
87
159
696
3351
3235
3025
4715
3994
895
2249
4643
2312
3600
927
1912
1471
1966
3219
3310
2077
577
85
3121
2601
4411
3696
1697
3739
3506
4851
994
3700
2493
21
3085
2241
3631
137
2120
3328
223
4895
1245
4636
2049
3630
1281
4175
947
614
2196
499
2858
1413
3896
1471
2799
428
4305
1080
3168
4327
3399
797
2061
4739
2657
375
656
3452
4309
906
148
3341
259
592
3603
1058
2549
170
3957
251
1474
2094
1717
4296
4872
2782
2807
3269
1961
1096
3593
4283
132
1025
1696
1308
3066
4410
4881
4744
4133
4375
4615
1623
1792
3194
4222
3094
1604
2545
2608
1155
4252
3867
1721
1830
3024
4968
18
148
669
2281
2913
2078
4595
287
3252
333
3392
165
4225
2736
1372
1218
3114
3668
3457
4783
792
3166
1237
4122
3472
841
1994
2048
1979
3507
878
3002
1201
4016
2236
19
3222
2234
4259
2258
2387
467
2034
4240
1104
2918
1190
330
3149
3306
345
142
1468
803
2023
1234
2188
2113
3775
2477
4281
1954
2684
4209
4575
805
2583
2638
613
392
2936
3078
4442
3278
1620
4303
637
556
2719
4794
1740
4021
318
4858
4590
2421
3364
143
3157
1106
3039
1736
4454
4615
1160
220
1533
4720
4533
484
3925
2895
2509
2869
1764
3126
3583
3826
3871
569
4792
912
222
2063
1324
4493
2339
4066
1378
1859
3777
298
4356
4289
4546
1338
122
2598
3949
4200
3311
1808
2222
2535
690
1648
3493
1498
487
163
2971
1275
1927
3429
4787
2197
964
439
574
861
909
79
3594
613
3012
3097
116
4684
4108
3173
472
3669
3658
2342
2067
3960
4442
2546
4291
923
589
463
2926
3241
1602
1760
3968
4905
633
359
331
3209
3779
2181
449
864
369
924
3195
2408
3468
4545
1934
511
4159
35
3567
3987
1371
1708
2584
1488
2204
1598
1967
3450
1482
3026
509
4929
4219
896
4670
1536
1142
124
3637
859
644
1933
1649
4221
4417
665
23
4411
2842
2493
31
690
1234
4823
392
777
1078
1442
2582
605
4980
3953
2476
1133
2795
4316
3511
651
3606
1854
842
1123
3069
4999
3313
868
4209
3965
4783
1547
2547
3700
4438
330
1722
4904
3730
437
3797
1436
2586
1497
2850
3797
1438
4359
556
4263
2799
3731
244
2325
4016
3156
1063
27
587
1129
803
3819
4243
1052
3068
2384
4398
4185
1095
1536
2773
3882
4997
1679
1464
4924
1189
3138
3599
2290
4384
4613
363
152
902
2345
2507
4104
104
2155
3567
1444
1206
1779
3935
513
618
4102
4155
1392
526
3016
1819
687
4036
284
641
4389
2760
3811
3285
1241
4532
3109
1438
279
3023
174
2706
3567
1188
2326
2115
93
251
1571
2695
132
4100
3159
2145
1630
1904
3395
659
343
4634
3925
333
2792
909
1747
3305
1171
3195
1848
2407
4293
2800
2006
2415
267
1853
3840
1515
884
333
2319
4279
923
4827
2856
2644
562
4818
2656
2600
3952
3680
3520
3874
3559
2681
4584
2656
3481
1793
2193
3652
4906
4782
3977
2198
1521
353
2364
3798
2226
3070
1964
3815
3220
69
1171
1003
4042
493
444
4417
786
1188
1922
287
1099
4480
1446
455
480
438
300
535
2943
3234
4034
1421
3929
4550
1684
3296
1481
3505
2682
2771
373
1544
2142
3684
1532
2052
4482
952
4263
1277
630
3360
238
436
4926
4984
1793
266
2693
1808
138
4230
899
674
3850
1064
1214
4936
1304
3072
4643
4670
3735
1977
1622
1428
3439
2336
1338
3704
1383
4257
1251
1338
250
2474
716
4054
3989
3055
4061
4494
542
2121
4331
4993
4703
1797
3444
1561
4090
2141
2532
3147
1655
3792
3614
36
2550
3922
214
4002
3863
1069
4149
4256
2517
2160
4759
684
3046
2726
4592
4004
2389
4501
4494
4642
4441
4608
3762
2165
2992
371
4241
2476
3946
2709
2282
3055
3574
2565
3977
3505
508
4174
2253
1519
2200
2198
1661
1903
4278
4015
3576
3244
3518
4372
2457
3332
4670
4790
3856
342
2324
4041
4923
4840
4051
4035
767
4595
703
3413
4505
657
4510
3606
2132
1718
4651
4037
2117
4933
4512
2420
1898
4888
1336
3573
942
2688
3035
3811
4484
4300
3194
3448
611
2798
3319
4998
1069
2311
1507
1690
2927
1469
1263
4834
2179
2631
1897
3731
2002
1162
939
3996
4250
4035
4650
271
140
1777
3696
2428
3734
718
1001
1922
2711
1207
419
2124
3178
704
3027
4467
2826
1577
4772
1233
398
1596
1608
4079
112
3115
4614
1730
2657
2832
2532
2705
4792
559
506
1523
239
4039
2791
4754
3550
2533
2138
1652
1039
1957
4610
4855
4287
4664
1151
306
2831
4172
946
4359
1738
2521
4902
3591
1057
1046
1488
4642
380
4622
312
3250
4606
973
1640
3874
2271
2710
3145
3365
2218
4078
3179
997
982
2525
2314
3336
1757
4990
4708
1824
2293
2504
4568
4737
977
3559
2156
579
3483
2718
1309
4292
4523
2674
698
4741
3491
3751
178
4503
1801
2050
3405
423
4137
1978
2467
1540
2967
3327
1352
339
1031
4208
3540
3449
2558
2344
3155
3145
4155
2617
4664
4317
2356
951
2496
1462
224
2332
981
4391
70
2599
2559
1622
4601
3465
3464
986
799
2223
3528
4783
4573
2140
1889
829
3722
1460
3031
316
447
3650
1837
1531
1830
4916
824
1960
3175
2925
4941
2546
3188
4818
4101
2010
1950
945
4385
2643
4211
2656
1372
803
3412
3781
1485
2706
2252
653
4730
312
4435
1905
466
4036
411
1080
4037
837
3289
4957
3722
3165
699
820
2330
101
1925
1661
332
3096
1403
2673
936
1790
2890
3349
2652
4482
2375
1080
740
2718
3231
4235
2883
1158
1711
2041
2238
755
1663
4018
517
3518
345
1392
1523
4881
4816
3359
2500
3260
375
3688
49
4994
4682
4384
4505
2945
2790
4280
2470
3152
4347
4009
484
2180
3638
3669
3181
2317
2070
3198
467
125
3303
1096
2417
4859
1412
2350
2382
2092
4713
156
1530
4988
4681
2073
139
4975
977
1710
4329
2270
1071
2161
1148
1188
697
2557
4795
4617
3934
2889
43
1132
3292
4658
4361
4179
1626
3704
4580
4852
3201
1151
2759
2427
2513
3716
377
4373
2753
3733
1834
2203
1082
202
3784
2478
521
3580
2949
4936
262
662
4593
1276
187
639
3752
318
4835
3030
2048
1467
406
4931
2330
2641
4737
345
971
4108
4436
3834
4561
1632
1560
1940
2643
1750
1297
4561
1743
2893
4875
632
3965
1706
1027
4617
2207
4406
2905
4781
910
541
735
4733
2206
4436
3816
1045
1822
1013
2342
47
3893
2285
3115
4690
2982
4555
3216
1993
3955
1167
1026
3876
2320
1624
4115
3781
2665
4152
1333
1668
2147
1460
358
4611
2924
2931
1518
1777
3227
3170
1954
4881
628
2322
3688
4335
302
194
1687
2923
233
3827
3203
469
4755
933
4820
4319
4810
4760
4881
505
161
70
2344
2787
2184
4349
2565
4178
872
2005
1519
4077
2091
1708
2194
3091
1784
2148
611
2621
971
4459
2826
785
4417
4277
518
196
2081
2235
489
613
1235
594
183
1932
1103
4001
3812
540
3405
3595
558
4559
1443
4381
2064
4322
3119
4951
4655
725
1060
4627
4162
4535
334
3582
3954
4335
2039
3654
493
1650
4345
3820
1013
4501
1573
4749
569
4402
2168
2092
2985
4924
4856
4813
1264
344
493
3615
2992
1266
1572
976
3823
1368
2200
2582
1503
2523
4998
1260
4639
4731
538
1659
3330
3405
867
3253
1570
2145
925
4111
3010
4537
912
2063
3499
2485
4878
2049
4998
1887
402
2811
1026
4456
2964
1573
2982
1239
3970
4965
1554
2012
3148
1409
961
3625
481
3596
1758
900
187
3712
3056
2843
4716
2139
2941
119
1952
1330
1562
397
1940
1099
4246
2342
2777
2074
3884
3763
4783
4816
4518
4358
1250
1958
284
1551
3305
1040
308
2991
1523
4934
1654
4576
3982
2341
805
1484
3476
4652
2433
1689
4084
3496
3133
253
439
4783
3121
764
49
1071
445
1387
2766
4588
537
1805
4353
2350
3597
1355
4934
3814
1359
2598
2742
4534
3203
300
2487
3987
697
886
854
1403
3527
2910
4234
1704
1185
1130
4569
2472
4276
1693
4573
2566
1968
428
1323
1192
155
1541
1104
572
2305
553
1385
4421
2718
4857
815
4131
3353
2648
4990
325
982
4268
2130
183
3195
3439
1053
1332
561
4155
524
1606
1807
3974
3627
4769
1501
2117
4233
4500
1116
4472
806
679
1153
1947
4808
1648
2672
1540
794
349
3683
4038
202
2594
738
3683
2531
1561
2129
4152
4435
1802
4877
287
999
3478
3033
4040
4849
2424
3189
4757
3673
3171
2119
4245
3344
3101
2356
2563
2672
3322
621
2963
1110
85
1025
4231
1611
4864
4608
361
2162
2571
3335
4768
2660
2804
3791
1794
2733
497
2844
2424
565
3929
80
4001
724
3259
1348
833
3287
4905
3579
2167
2043
3594
3452
441
2675
3751
3565
4142
2838
4556
1850
627
1542
956
518
4250
4932
1201
2221
4613
4838
3070
2310
1394
1253
3808
649
2836
3622
2829
4847
948
427
105
3359
4776
4145
3010
1486
3868
2994
217
4911
3501
234
1307
4395
797
1928
2330
4609
211
3469
1955
3299
737
1589
3115
4461
3205
1869
2660
4984
1167
3518
373
3755
1093
648
3448
2311
2341
4868
2307
4122
1370
4073
4099
990
4049
3326
528
3091
3788
4606
1426
3947
804
1864
4740
3664
2212
2755
4691
2760
2001
392
3474
3864
1250
2688
3042
1953
3374
3886
1144
2501
3904
4783
3949
1519
60
508
3214
2350
3866
3418
4011
1796
1528
4473
2710
595
1188
1364
499
3901
3098
3575
2246
222
3793
535
4379
3137
3892
307
4580
2278
2290
2224
1491
2552
145
3188
897
1355
4385
4814
3783
1406
3168
139
129
4000
293
2831
2944
1168
1234
2510
4351
134
1018
3348
583
1691
4369
1908
2170
779
804
4205
4369
3032
2358
4555
668
1459
625
222
869
3484
1713
1576
259
2024
3871
2783
3248
207
2269
2011
4331
448
3454
3169
2344
4563
3791
3535
662
3043
1810
725
677
539
3698
1979
1804
3280
1513
394
117
3631
2671
4106
40
4586
462
2141
2060
1264
4683
2891
375
2377
3411
444
4696
829
3076
3142
5000
1339
1257
4422
736
2287
1334
1380
4625
4647
4497
3076
2582
3241
3201
1749
105
2436
4214
2303
3959
3349
1744
496
2785
3564
494
4582
1908
4328
4390
4362
2473
3051
2340
1461
1697
93
1123
1928
1859
3426
1668
850
3623
679
4440
190
3017
2240
3243
2872
2015
3805
872
2967
686
2575
452
4061
588
2643
4465
2013
4766
2852
1864
4554
3808
3702
79
3643
2452
2027
2279
3332
2917
1503
2851
1910
2808
4151
1602
1615
3150
3373
4834
2938
1445
2310
1893
819
217
312
1625
3778
430
2151
2636
4122
2558
3736
4597
4816
4877
3903
4277
584
1733
4976
738
3198
619
1981
900
4047
2652
4538
3024
192
1516
3418
2615
4820
3575
1164
2558
2016
3751
3935
430
112
2191
1568
3610
66
492
669
212
348
101
97
885
196
3752
3101
897
731
1561
1427
2993
3255
1394
1716
2349
4506
4049
2172
357
612
3701
4095
2714
2905
3349
3022
3139
1835
3786
3802
4048
420
235
3250
3917
4936
1055
1651
3457
4646
4833
4660
2631
2711
1523
2926
3063
233
4968
4642
1664
490
3255
2724
2617
1299
3483
2993
2787
2250
2348
2592
37
938
1806
30
268
3999
2828
2328
4750
1630
1086
4108
1650
3217
676
3264
4728
4459
3196
1801
3477
580
4003
1200
3421
1780
379
1054
4458
536
3862
4252
200
1485
4338
4322
3744
4546
2906
1193
633
2017
3208
2247
3466
1902
2182
3246
475
4401
4986
554
1406
2978
4256
3075
3802
3688
3035
1617
2381
4225
116
3801
437
3438
4014
2511
3893
280
3236
3585
352
3213
1059
2699
2724
3140
2472
4078
1384
3085
4645
1358
3449
3826
655
570
3263
1521
3476
1131
4769
523
916
3140
372
624
716
1713
4568
2864
1989
1299
3673
2429
2961
3509
1206
236
3578
221
3825
1155
1723
2024
4587
3871
4406
3769
4496
4783
2789
2717
2827
554
2443
3073
1894
1634
1300
2599
2098
1848
1150
3658
3705
2343
4719
166
2456
2438
140
1725
194
4852
1736
4888
3597
3166
3723
4786
1893
437
3714
2564
1269
2685
2380
1298
620
448
1901
1958
4173
3349
1845
642
3601
4264
2237
1936
2868
3179
3786
4760
695
3610
914
344
1357
3523
2267
4043
1160
2698
4898
1578
2095
3835
1386
2235
18
3222
2560
1378
3898
972
3529
2663
4955
2163
1782
2237
567
3912
3736
1884
1773
258
4297
4391
3878
2158
926
4641
2995
1802
2703
4769
1394
4779
4370
353
3024
1433
2575
449
1605
916
2197
4428
1619
4168
2380
2896
1289
3964
1642
3209
2124
1823
1452
648
3239
3614
219
393
1627
3113
130
3607
3220
3169
560
1852
2348
2675
2267
2065
3284
1808
1304
325
238
3897
4058
3922
4077
2372
4461
2523
3674
4212
2266
2473
4581
3259
1843
389
2005
3321
4353
3301
4493
2000
3325
1594
2597
1818
1252
2701
693
2911
933
2727
324
2481
4282
4831
713
2521
2483
3217
1093
2007
4977
3417
2944
2564
4420
4357
285
3189
3451
4280
4185
787
771
2767
2235
2802
482
2084
4946
363
3590
3073
2271
1622
3123
2639
1390
3649
4014
4162
742
4146
2535
1012
2693
2016
3939
4400
3263
883
3296
2530
2790
2294
2497
4726
992
4129
2305
2264
245
1606
210
4738
4593
1915
2408
1712
2869
4234
1261
2851
1733
505
665
4712
2639
1505
2703
1115
490
3658
4303
1008
656
4487
280
1596
4769
4735
4902
3135
2793
53
4306
4664
959
2631
3700
106
1187
3696
372
818
3699
2586
1460
3706
136
816
171
4586
203
2397
2336
4645
2788
799
796
1133
2732
3316
356
1169
4203
242
3811
4949
4226
2639
4234
2602
2111
3
457
3246
2108
3231
969
2011
61
285
1324
2983
4853
789
1173
1517
3357
2509
2606
4285
4166
3324
2969
3047
1521
2216
580
1704
1919
3670
4835
2088
4242
374
4481
844
902
4076
3657
577
2207
3317
4835
3581
1968
3317
4946
4679
934
4778
4235
1068
4260
1983
3037
1188
1250
2941
2968
2271
4710
4419
1626
4480
788
4009
2939
813
4648
876
3583
3
86
1605
1182
2151
2886
2343
4017
1113
793
2870
2779
546
1654
3297
2468
104
1725
2038
1406
1615
2597
300
1920
376
2980
18
1668
3726
3153
2101
1089
1477
4151
2001
3331
744
3954
4217
449
101
4006
551
1928
643
1491
4964
3827
4160
3061
1063
2724
2414
3281
28
2475
2335
2009
1178
3067
2051
172
1974
932
421
4471
2076
2721
4966
2067
4917
712
274
2117
1079
3173
1448
612
2247
3265
4759
2762
2502
2017
364
203
2094
445
5
2694
2549
4995
4531
246
547
773
271
2311
794
2549
2065
164
1046
4050
1788
1727
4559
1137
2078
1759
4139
276
1701
3637
2362
1809
1504
2494
3563
3789
1649
4204
3233
2254
3337
2933
155
4657
281
1139
412
764
1350
4771
4490
2459
3242
2559
4786
1922
1442
4387
728
1704
4110
1709
3830
4234
261
1063
2491
4647
3415
1547
2783
4908
3900
4375
2480
4131
4327
657
1349
920
3964
3158
3390
1270
2608
288
4553
4786
2307
948
1053
499
4709
2281
3885
923
4632
407
1114
3522
2696
3290
4953
2110
1307
3208
1515
2571
977
4211
2541
3143
3834
4280
4524
4371
3204
1461
593
713
3243
4719
3874
2785
515
553
302
3432
4313
3065
4603
2109
4970
2113
124
2299
4834
1677
2787
2196
2172
1349
2640
907
4256
4325
2213
478
1812
2199
909
1155
3532
3907
3895
3566
811
2269
144
4114
2802
736
2685
4564
4320
4981
4841
4767
1630
4665
3148
4761
917
2159
3672
1822
4257
3114
2197
1247
3993
3406
2179
4741
4364
3887
1180
3034
721
1770
3305
3472
1735
3738
1570
2377
2082
870
2422
3669
3620
3504
2573
2802
4032
1657
494
1318
827
4727
2526
2860
4056
2939
3924
3974
4117
2406
1097
302
3669
1608
3601
503
2271
707
2014
4544
1559
4691
2128
2012
3501
2476
3537
357
1244
1313
1056
2783
3698
3412
4257
1825
441
1013
1862
72
299
2602
2218
1613
2681
398
1273
1874
4359
1362
2744
3659
4981
337
4939
1568
4350
2984
1386
4392
2113
498
956
3572
1223
4875
531
2449
1353
2355
2594
2851
1363
4764
707
3059
1621
3938
594
1435
3899
1633
181
4198
3233
980
248
4839
3740
1490
1805
1401
3922
4292
4113
2226
4434
2026
3698
283
3135
4900
829
1311
1399
2997
3328
2143
3094
840
2244
1473
3186
1125
650
3724
252
4539
987
4369
4630
792
3623
1963
1489
1316
1423
3537
4644
412
4436
0
1171
2703
2099
2214
2493
2368
4617
2685
3253
4651
4582
919
295
699
4662
1971
81
1835
3674
3603
4804
4716
2630
2426
4648
4417
1814
908
1090
1461
4590
4816
3557
2358
565
1446
3485
2634
2614
4594
2493
441
1717
2925
2808
2199
2552
4446
4236
545
1588
3763
1547
1673
747
2804
1585
4310
289
2738
2492
4600
1300
3038
1048
2908
1814
1968
4255
766
228
1527
4353
1112
1965
3516
3973
378
3052
1107
3372
3388
1927
1902
2311
2615
951
2776
4448
357
602
3924
1075
2578
5000
2853
4491
1295
2006
3689
3637
156
1525
1541
4712
1682
3068
1966
3184
1044
76
4907
525
2281
4670
4883
2528
3612
4195
2331
403
1460
3129
2982
3219
2921
592
2114
1109
265
4014
1822
3059
4703
1400
2627
1838
1491
3438
553
4537
2401
2283
3792
1163
28
1820
1251
1367
1253
625
1769
1107
1719
2109
3126
838
289
3612
193
3319
91
1136
804
2168
2676
4584
4874
1968
1012
1083
1310
3409
22
4626
2090
4531
1077
4354
4084
3827
1851
2298
3557
3766
2544
2433
2504
3995
2246
78
3985
4823
553
628
2250
2688
3478
1282
3659
1589
4641
2059
4164
2194
4531
2848
1836
4565
780
4978
158
457
1875
4082
4608
4442
1041
3332
2853
2788
3133
4372
2012
2998
1591
3986
1205
1645
632
3594
3653
2575
362
1967
4919
453
4728
1378
1481
3117
1203
2978
1103
4295
1013
4141
1820
2453
2964
151
858
2061
2108
3725
3473
2962
4554
2765
3574
4596
1562
305
4781
4025
2573
2985
2928
2398
94
2764
3892
1299
505
2654
142
2221
3547
1168
1025
3821
4729
1502
1796
2070
4244
1379
3991
1340
1876
1427
523
993
3342
4268
382
4039
1481
2944
4287
3628
4563
1086
2381
3076
1979
4195
297
3595
1877
3562
227
4673
1305
3672
3236
3461
508
2408
2115
1981
4048
1337
4885
720
4279
2277
2716
2340
4644
3491
1216
4548
4884
2010
1248
3843
1263
3615
4092
3991
4878
1865
4549
4515
4748
1579
1864
973
4193
2555
4874
4567
872
4735
3183
1521
2941
4209
675
736
2607
1485
2598
1087
4602
4391
3631
1495
2016
4365
2729
4279
2787
798
2237
4762
2581
313
4457
465
2955
2503
1784
2883
1822
3384
2352
4653
4344
4164
402
4668
502
866
4961
4725
4357
378
191
4589
2924
420
780
3862
3417
565
1537
2603
652
3052
326
1653
1717
369
29
4528
4408
441
3445
4894
3392
4379
258
2222
358
2737
2753
2928
1883
3908
492
4816
834
2509
3054
4837
4439
3556
3122
559
1995
4259
4089
2478
2289
4717
756
3079
2448
2353
2977
877
2409
177
442
4202
2730
3553
4827
170
3014
750
1411
1522
3311
3308
1303
4722
1840
3891
1684
3075
851
3086
4170
3313
2241
129
895
2092
3743
3493
1146
661
1453
1187
1575
2526
913
854
4875
198
575
1459
1403
3605
1259
500
3742
3333
1503
1048
1414
585
2752
4878
1965
2870
256
674
1958
1663
350
486
209
2937
4074
81
2200
2755
188
2377
3442
3155
172
3774
4623
2083
1588
3041
4325
3316
3164
1629
1722
618
235
1104
4776
944
2069
1481
2869
156
3793
4238
3966
4939
176
1393
3238
3383
2591
3287
2064
3096
5000
4115
4918
2993
1803
2347
3938
4408
2426
4168
2481
902
2133
4065
4702
2314
761
3939
1362
386
538
40
3468
2483
1488
4777
3154
2022
3340
4719
3415
3407
2618
1480
4621
4046
1652
4097
783
2736
3107
2844
2503
220
1516
4010
1450
2992
396
2282
1948
2245
3784
2506
4507
4743
2691
1976
1895
380
2408
773
1467
676
1870
3085
3418
2935
1509
3405
1480
1414
169
1897
2003
2626
5
3326
89
1888
145
1677
2478
3704
4940
2665
2025
1270
2283
4371
4857
4507
4924
1582
3869
3497
4182
2185
0
64
284
195
1250
4917
1674
2178
2224
2132
2244
1955
89
934
4787
3621
1256
1340
3371
4957
3767
2719
1271
2662
2285
4441
429
36
1222
294
3928
1773
945
119
1089
1457
2320
3785
708
1622
1140
4117
3035
2438
4364
4931
1621
4194
1246
3782
2509
3789
1228
4877
3434
2457
98
3
2183
4732
4874
2801
4497
2044
4014
2979
3750
2084
4573
96
4085
1180
1706
2615
2988
1425
4259
344
4789
1847
2383
4149
1487
3533
2674
702
3207
4731
4654
739
2472
4832
3815
3931
358
1140
2627
134
4195
4473
4168
3255
3396
4778
3846
2288
2574
364
139
91
2146
2677
4183
3164
1840
4124
1524
0
2098
3188
309
3557
1246
1926
921
4970
3140
672
1135
4037
721
1323
3445
134
869
1346
702
3473
1337
3960
1383
1809
383
2324
4391
556
4086
4173
708
3397
1068
1570
2619
1559
2196
759
3880
4346
3439
2198
4579
3234
2506
2686
876
2330
3146
4732
3789
1888
3522
3527
2193
1570
533
2580
53
546
1722
2758
4674
1131
2827
1532
3334
1126
4504
3323
3780
4745
2158
3514
378
3135
3004
171
4040
3952
2061
1114
286
3668
2994
3829
982
3252
1649
3652
1860
1280
3406
387
3100
4320
2260
1041
80
2515
2292
550
2816
2982
2862
3425
1820
4448
3173
2265
2518
1617
2749
415
1281
1688
3012
879
4028
1489
714
2848
2984
255
1801
285
3902
2075
940
3276
3817
482
2257
2868
3905
1743
4977
3580
1121
3465
189
1411
3218
4626
2786
1916
4376
3523
135
1307
472
3078
614
4000
1941
564
1180
106
428
3524
2508
2213
535
4495
1919
1244
3561
4536
2470
3772
3562
4179
4453
3219
2511
2357
3592
4669
3412
4782
3030
1015
773
1945
2503
394
3355
2366
1287
3091
1477
645
1290
2815
4207
4118
1328
1704
3618
1637
4552
3290
4094
2303
1213
1336
2005
2769
4918
1107
3761
1122
4191
38
4198
2145
4102
1633
4516
4779
2550
1567
1563
4625
2242
4381
706
3822
184
60
4649
4237
4259
2129
1923
1651
4351
2867
1175
331
1458
3111
2675
477
2610
3172
2306
2579
830
1142
1302
4966
3059
4997
4806
2447
356
1004
4188
3935
1642
2717
4924
3779
912
474
2540
1022
4940
1744
2836
1111
2216
594
2253
3702
1141
459
1566
1618
4978
4557
1101
2424
936
777
4437
2924
3712
2759
2184
1901
1894
4792
495
3070
859
3972
4914
3391
3882
3314
1860
3256
1425
4318
3024
3948
343
3855
4085
4477
4686
1133
3968
2986
3177
513
2766
2869
3164
2291
4308
3194
3784
3633
4639
3208
1253
1052
1847
4564
948
2994
1082
72
4525
625
2608
4816
1885
3087
851
4653
397
2373
4130
816
1101
2933
109
3363
1475
4599
4264
4297
1718
1000
1063
932
2106
526
1064
2174
2112
2532
3314
3054
760
1535
2295
449
3143
876
1050
1035
2736
1058
4800
1492
3220
3782
4105
2634
1423
4063
4445
641
4322
2821
210
978
4672
906
547
4894
3048
3373
3968
4738
4693
442
2084
831
3419
3802
937
1290
1137
2955
2580
3775
3057
4406
3099
3445
2233
4435
3375
2767
4987
2570
313
2614
3490
3056
4663
2522
1954
4630
1517
3306
1733
819
4533
1864
1460
311
1960
3502
1753
1701
2292
1901
2000
3468
1431
339
3232
165
4482
1924
1770
4022
4207
4677
2526
2250
3176
3732
4925
2041
3273
465
4187
954
1825
24
3417
2161
1481
2394
2204
3800
2166
1782
2645
1673
3256
4975
1789
2132
4156
3930
4916
428
4043
1036
3763
2
4546
4436
729
3607
1348
1810
1396
1978
3285
1616
3048
1346
2172
3301
750
838
4749
3392
3425
4946
1096
2031
2923
4596
4392
648
1928
4893
594
4067
3938
2235
1839
1369
2401
3199
3931
1349
4515
2094
475
729
3319
4480
2487
1224
3777
4013
852
4165
131
372
1102
3032
4653
4590
77
851
1718
4145
1231
1736
3852
1405
1210
1110
4911
1614
1001
4556
859
3598
811
4056
674
505
4336
3217
4671
3648
2577
524
2641
1306
4218
1995
4430
2568
3570
2324
3345
2468
3762
3727
2364
1966
3399
854
2885
3328
3232
4653
4786
170
604
330
2200
4181
223
3343
685
1542
2664
904
90
573
1387
429
1734
2543
4318
584
2727
3527
3021
434
2324
2961
1778
3826
3142
2184
10
1832
3934
1829
1398
1993
4977
3643
192
4701
2377
3281
491
3780
307
1322
2967
3290
2005
1471
2461
2359
2824
524
2055
3702
4313
3905
1805
2102
666
2801
3285
3229
260
2746
1898
217
3158
2818
3620
4160
2805
3907
2320
1120
2039
818
1615
321
4971
2798
3874
1616
632
1745
1256
3756
1555
3450
648
4821
3862
2860
299
1603
1752
4778
1412
4124
1571
1318
1745
4170
4126
1200
3692
253
1659
2181
3836
2748
1625
3744
4454
678
540
4741
3508
1082
834
3723
118
4173
2044
1776
3009
3600
90
2487
761
976
1404
3904
655
1872
45
2371
1936
229
2952
4902
282
4778
701
2635
2247
2760
149
3071
1509
300
2658
2403
4303
3158
152
1348
3192
2148
2778
1036
2738
4732
1030
768
1585
1570
4135
3253
1842
3910
3516
4685
3441
804
1879
4435
2790
1004
3192
3370
4661
961
3385
4771
2231
4582
3815
4810
2178
981
3537
243
103
2770
1431
1338
3900
3387
4571
4779
1774
978
4279
4016
4637
3863
241
3905
771
4005
3546
1678
1954
3954
3402
1105
932
248
2296
3765
3743
627
4876
1233
1985
1877
2472
171
2930
3213
3959
1041
2243
4323
850
202
1072
1200
1165
3960
3072
1188
2148
119
1802
2963
2365
1698
609
215
3907
237
1044
1784
967
1341
3823
2803
98
4064
2629
527
619
4881
1252
1101
991
2590
2337
2109
4679
533
2123
1770
4248
4882
2446
941
2037
497
3794
2231
3374
2498
915
3842
637
1258
4608
1524
269
1071
1532
3292
2654
4016
189
2314
1801
2509
4557
4134
1230
1119
1490
1830
2459
3552
962
4026
4780
1941
214
4824
2131
3639
3194
3709
2878
4142
560
3474
1591
2985
1054
4052
469
2367
4386
4341
1385
931
4663
1444
4562
3721
4801
2858
1646
4030
4139
1690
3949
1908
4757
3947
4855
2121
185
1481
1608
1335
4934
1510
3135
1303
2899
4024
3808
4127
1906
3569
3251
3023
258
1137
4599
1233
859
1935
3435
631
2029
3849
3724
1
1756
1283
2780
4816
1057
3136
3321
4160
104
3919
3300
264
2867
3837
1295
4743
2276
2811
135
2969
4305
302
3088
1026
3132
4861
3811
1911
1525
1503
839
2861
288
4659
3096
3711
2244
3173
3068
4515
4569
1859
3973
3367
1785
1513
2238
2120
2012
1814
2186
1107
4556
1734
3156
3215
1543
1807
2660
3780
224
1221
4642
3213
682
522
4002
4197
1638
4737
3330
2689
1787
276
716
1879
4938
3541
783
1375
513
1925
948
922
107
4433
2184
1204
1708
3188
2059
1452
2179
918
1123
2758
2750
333
235
4324
3156
183
2399
3720
285
3600
4391
3290
1954
595
4422
1778
3619
4635
1729
4671
3863
2668
2755
2913
781
1315
1976
109
46
4902
3253
50
3414
2144
1144
4531
2574
416
4342
757
3512
1052
2158
3831
3458
3531
3908
0
671
1297
4480
399
2634
1153
3852
3464
216
3346
2711
2169
4459
2262
1329
2956
3053
2208
4935
598
536
4568
2002
3737
4842
1156
4001
490
2526
2936
1067
1396
4393
3883
2858
3556
3714
1478
4114
2437
1994
2344
2987
657
3200
4423
3869
50
1106
1187
4299
2518
847
3384
4411
4995
120
3142
372
2778
931
4840
4774
744
3077
4423
1938
4505
443
64
1050
3138
4635
513
2803
305
3392
2147
212
1602
2307
2486
1913
582
3330
868
449
1274
356
1561
4282
2520
87
957
1940
3149
2148
1602
3265
1637
538
2353
1649
1383
3566
3697
216
3889
3855
2373
4164
4232
924
3563
1368
627
1676
3830
3165
171
992
4001
1121
1536
4163
3288
3182
2265
4957
942
4541
651
4806
567
1471
4153
2926
298
672
820
3389
4182
1142
4573
2427
519
1455
4237
142
1068
1694
1293
4924
3662
389
1847
3537
3616
4954
4975
880
1979
1836
3076
4715
4264
4574
1511
4294
3341
3393
1295
1397
4070
3756
2469
3836
3820
3226
4351
2023
1494
443
1161
3761
2825
1990
3438
2157
1776
2161
907
2273
680
3829
1517
3277
4896
4013
4963
4548
237
4047
3687
4678
4851
2265
2965
1634
1331
256
3583
2070
3188
2982
909
4731
140
1749
3677
2160
4433
2035
3334
4064
2784
3905
778
4158
501
566
4068
4293
3043
2774
602
4666
1286
1055
1111
3143
2682
904
3359
1290
3405
1862
2900
393
2630
1631
1350
3150
3633
2923
924
596
1796
3622
150
4272
2380
4076
2601
1615
3008
2859
2384
957
4448
3466
1028
1176
3400
3171
1623
3645
4031
4775
4139
3923
619
4439
2121
4595
2979
1102
1962
1025
2733
4294
4899
2760
4857
2787
236
2185
2535
3786
3547
283
303
1714
3459
3670
350
4865
2252
1830
15
3880
432
3881
1319
2925
826
1262
3208
585
1396
4961
456
3905
1351
828
1909
1590
3515
2883
985
2872
4296
638
80
3959
3541
2481
4414
3225
3245
894
2173
4012
1975
3922
3427
1779
4370
851
129
4073
1075
3251
1950
3
2151
4439
2475
3978
4393
692
1631
327
3882
503
2305
342
3779
4956
4589
1162
456
4392
2402
3016
2411
2228
3907
615
689
3459
253
3980
4100
2884
3357
1573
3881
2327
4945
4913
3258
4311
4688
1251
4273
3089
4577
4252
3015
4740
4136
2382
2697
4511
2860
1161
4280
2849
4521
4264
911
1301
2103
3449
2078
2326
3169
216
199
2764
3169
440
3859
4151
2187
1309
2869
4630
2217
4819
3179
3758
4868
4592
2529
2973
1820
2909
195
4277
787
3769
2382
2046
2595
2315
2230
1016
4315
96
4132
4341
4989
2105
448
181
3411
1993
127
3230
2848
1466
1353
3499
2813
695
500
4683
3536
2988
4107
1905
4220
1713
2972
4536
1961
3167
4262
4182
3426
4719
3739
3395
3017
657
3611
888
1830
2405
3152
4194
1536
3751
2008
4873
3010
1963
3720
420
683
991
4879
4659
1965
4762
4974
189
3641
4522
3773
359
2793
4196
1614
22
2479
3965
813
382
1117
3001
2085
1713
4518
399
1392
3073
1503
3370
901
3510
4507
1132
2180
1640
350
4869
1787
2980
2677
272
2663
3792
3469
2153
3552
4689
4813
3242
4619
3963
1062
2312
2087
3228
440
2358
3515
1608
2035
498
1473
2033
3318
759
402
4090
4193
3248
1432
1301
2184
282
2439
1823
1314
3487
2508
4384
4899
810
4051
1828
2699
2853
2581
3140
1692
588
2510
4390
2698
534
2661
4278
1973
1844
3182
435
205
2634
3648
4702
4245
2979
4605
3411
3735
2205
2805
1180
2239
2044
2323
740
4865
659
4755
1211
1253
159
1233
1891
2214
4545
3266
2711
3240
3820
3416
93
2677
4574
2839
2454
2686
2073
1487
407
3977
3876
3474
742
3536
3271
3950
1910
3128
3679
1887
224
3897
4735
2915
2228
2652
1213
3474
4592
2178
3347
2583
3932
2848
2192
4740
516
4661
4965
724
4606
3134
2279
2064
1925
1712
2850
635
2209
4216
4388
409
1616
2913
3440
1163
4290
1714
4703
228
901
3275
688
4538
3623
4671
489
4580
2601
1428
1219
1956
1312
4229
3495
1204
3552
4849
2227
3363
4297
4202
1392
646
1346
4763
675
725
1798
2467
1457
2182
1966
4062
3396
948
3864
2511
3525
3222
3017
3410
2579
2898
1021
1029
2917
1151
1111
4347
1356
2902
460
3357
1326
3636
457
3461
640
3572
4090
2461
2289
1165
767
4501
470
3771
1787
1741
716
3340
4613
697
2791
362
4457
3210
2636
3135
727
1288
2737
1166
3288
3057
2759
295
1721
4199
2052
2737
4874
2198
1637
2788
4069
3570
1424
1686
3158
2278
3411
4611
4480
516
4447
4936
4857
129
2113
534
971
3157
179
3581
986
1574
4626
2484
1868
3142
679
3591
1537
2311
616
4538
1777
2773
4490
4391
2493
3344
3741
4359
2248
3307
1095
2149
3676
2541
1718
625
425
2257
288
2944
270
318
458
3972
1033
4791
3829
3076
4216
2410
1369
2180
586
3658
414
2204
4622
2312
1274
2923
1725
4615
776
3599
4000
706
246
1527
132
4945
3329
3241
1285
3977
4407
2734
1931
3759
4319
2519
2869
2773
3351
2738
2731
2565
4848
1792
2035
1249
4696
1345
4736
4951
3766
2088
2317
737
4978
2126
4281
1716
2833
1434
3190
825
4794
3327
112
1460
1472
673
3180
244
2877
4324
1424
4833
4444
3964
3082
4989
2783
2054
2691
1299
3876
2451
3594
2171
3968
3897
1370
1829
2940
4780
1855
4074
1707
2821
4734
1511
2629
280
3156
335
694
1837
2314
4172
3597
3392
1146
3977
4001
3606
2064
696
1242
2438
830
964
2311
1970
4461
972
127
3939
4167
2380
4804
983
2221
4841
2811
177
3428
2956
3531
4147
2421
647
414
2672
3382
1934
4002
3543
2668
3764
1443
1398
2515
2271
1960
222
2612
912
3242
3075
1091
1308
2509
373
3327
3187
3977
4999
149
2527
1204
4870
308
1721
2298
2218
3678
766
2770
1704
2163
2565
2457
4251
949
3802
3343
1630
4798
3039
1840
4198
2395
38
3133
2257
3793
3728
4621
66
4608
3746
2694
3785
3276
3829
3336
4401
2997
446
1850
3224
3584
2794
1930
2642
1382
4943
2635
171
769
3414
3834
2930
1738
3268
3267
2424
2169
564
2791
1737
3581
2964
3082
3643
4684
3395
1518
1824
2848
1703
2151
1442
2752
4440
1256
4075
865
3292
2283
2492
4611
3080
3725
4859
932
2295
4154
3794
3996
1319
2528
2001
4562
2727
4857
3073
1312
3528
2733
1033
2689
2271
4064
397
2913
790
4115
2927
2169
3238
2556
4233
3821
4420
4403
3678
1085
4071
1597
3410
4147
1690
2994
3384
4346
2450
2548
2839
1171
975
4312
2295
4488
2779
1342
4230
3165
4795
3472
2025
265
4397
2727
3563
4069
3936
549
4469
1047
4095
1979
2813
1261
3816
297
4090
3293
649
2383
228
1217
2935
3861
3571
1646
2783
411
1498
1551
4129
4882
1561
2475
4838
3701
3821
676
4173
435
491
2111
3653
2399
313
2799
1049
3529
3660
693
1386
2766
4846
1075
1034
1295
3942
4423
3718
2081
2056
2381
1112
654
4048
3866
2913
4254
4342
2430
3151
1803
4450
1047
1255
389
94
1038
2749
3072
4533
3206
4689
24
3700
2673
4638
285
119
4578
1380
3991
445
968
2531
3816
4560
2265
2542
3146
597
3689
3895
3052
3056
917
3810
4566
1453
4804
959
2950
3553
2521
2971
2202
2409
3130
1642
4345
2361
269
4886
2535
1125
3144
3985
2193
734
4421
2349
3329
2480
4483
2002
2396
2681
4751
1698
2272
4621
1106
3690
1119
3040
717
686
2762
988
2727
4877
41
1883
2164
2145
2389
1523
3686
3374
2867
2946
589
4562
230
230
2986
4175
1835
3103
3591
4331
26
4391
194
3929
1880
319
257
3834
1167
4633
59
468
2973
3286
2505
4667
2710
1021
180
4186
1964
3337
3663
2953
2245
128
3871
3454
3938
504
652
3381
3085
4415
1014
3701
3140
2306
4692
1731
793
3870
3973
1289
2282
3648
2149
1848
252
3134
3037
4539
4050
2433
1674
1619
1299
3371
137
3893
363
382
790
1251
3528
4308
4153
4449
3048
4941
1710
4765
3427
3810
3710
4405
718
416
2096
1024
4057
2244
4976
3682
4722
4145
788
2197
2038
2137
4266
4734
4630
1629
3880
2825
3692
3775
4159
4555
2425
4651
613
60
4308
3416
2359
2659
2578
114
3538
1968
911
4513
3126
1286
4340
9
3826
1287
3108
4038
206
3066
1229
1881
596
844
1728
2927
3
673
4272
1385
1967
3226
4106
4214
4608
1271
4044
336
3653
4406
401
561
1406
4315
1276
247
4515
7
4157
542
4079
3903
3635
4698
1886
4170
610
2231
4697
131
3340
1502
1839
2195
887
608
1089
4393
4359
3663
1168
785
273
2533
1541
1811
4148
3579
1594
3398
4278
3204
421
3777
312
2063
1151
4408
3550
4966
4345
4694
923
2218
4782
3175
1112
2556
4247
2218
3237
1140
4202
1868
615
4803
4342
3720
2589
986
3022
1640
3680
3640
2385
4377
2033
387
876
2129
4922
1775
4270
2511
1992
4570
1482
1532
1929
229
1354
964
58
3277
1470
2752
3676
3738
3765
4708
4776
774
3376
2164
2981
886
2070
1275
3528
1262
1362
1532
4792
3202
1163
3245
4052
4266
4954
671
4041
1094
2512
611
3529
4160
428
962
2351
2068
2968
4160
2516
3511
1984
3096
4991
4260
3673
2589
4130
545
4860
1836
3210
1021
2377
4805
3057
3406
4757
2918
4006
3363
776
906
775
2732
23
1184
2367
1545
3723
619
3328
3008
2595
1665
3010
4814
2004
1224
558
113
785
3831
2954
2880
2337
4872
1396
1943
4347
1372
3946
3981
2903
282
1842
461
190
3129
2536
1875
986
2128
3409
4387
1066
247
2744
735
4003
2053
3575
4239
3016
4534
4965
1992
836
3735
4069
4349
4735
1832
4358
194
3871
4918
1194
3635
1251
344
1400
3189
3259
1619
4115
1973
4287
4337
4644
1666
2280
1617
4549
1391
788
2423
156
1842
603
3029
1635
3988
1884
1323
1939
1673
4016
4501
3831
3831
195
638
4831
3176
1820
3920
2053
3303
2105
2709
2783
2716
4352
3999
609
2594
4450
4824
4694
2077
4910
3956
4348
3643
3812
3622
25
450
4653
2611
2416
3016
2840
3480
3752
3846
2303
514
3172
2087
2914
4803
3510
2970
1200
1288
2488
3056
1055
684
968
3517
4162
1385
195
2114
4638
382
3195
568
4688
1747
2029
4154
721
2952
1623
1967
715
95
4353
4302
703
9
831
1667
1736
3489
656
1899
2510
3634
4145
326
1339
4407
250
1106
4219
2644
2821
1107
2474
2145
4116
4121
233
4277
3142
4629
1219
3179
1443
3218
2488
1615
2867
3783
569
4661
350
2453
4810
4665
1062
2308
4657
357
4305
2031
3648
441
891
20
4954
3809
4157
3221
821
1347
4226
1939
1237
3174
3457
3284
3757
2288
3348
838
2643
979
2536
2275
908
4089
937
870
2929
3581
462
4101
1350
1489
858
2585
1465
343
1765
382
1381
152
1467
3136
4045
2105
3552
4334
2655
3794
1153
2103
4310
3629
3686
3698
1397
3070
3271
890
4031
3545
2928
860
2999
1544
1718
1510
3050
3531
1086
567
2298
3102
2504
3337
2610
3158
3298
4279
2809
193
1217
796
508
1132
3065
3063
4095
2416
2930
786
2495
1916
1819
1688
1989
4700
4549
125
404
2800
3397
1450
3867
962
982
2800
3107
1321
2462
2298
3655
992
1146
1935
1393
3255
2243
543
1672
3582
4027
3287
4493
956
2135
1711
279
4635
1115
4903
4717
2038
90
1774
3794
2619
4290
112
2459
3394
3586
2002
839
1200
3596
3839
4478
1417
4451
290
119
3195
4566
2271
453
4614
4446
284
3872
1544
4859
2124
1686
2000
4279
2366
1455
2405
820
4352
4510
2463
398
4066
867
3442
2411
4541
1641
3581
2405
1979
119
4466
3477
3567
3463
2213
1909
4327
3582
905
3049
4007
4767
3033
149
3705
4074
3376
4646
4640
4829
2800
3740
4703
3790
2459
2645
1499
688
673
2571
4608
3010
3801
3773
1939
3742
3425
1575
2151
1941
288
3017
939
1043
155
2053
1778
3345
4163
1006
304
4565
2857
1875
2245
200
2399
701
4670
2648
991
2505
4754
1127
3543
3686
730
1796
2078
320
3408
4325
361
1895
2973
4084
2635
2741
1216
690
4593
3151
224
1819
240
1938
4624
133
3856
4860
97
4696
3482
3830
3684
140
352
2969
1130
1516
2898
4261
4676
4664
3165
1046
2703
1854
3917
1101
1294
1051
3071
2544
4018
3702
3602
2382
2996
2622
3883
4067
3725
3204
506
1770
4912
4320
1908
202
4040
2749
224
2447
3852
385
4488
897
4827
4200
324
869
3212
345
1734
2998
3016
3410
527
175
4535
895
329
3267
2648
4377
2224
2752
3639
1016
209
1169
1585
2638
1469
1814
2800
3624
993
4957
1030
4679
1644
2614
4654
1775
2830
675
1269
1728
301
4342
3523
1956
3323
1241
4305
2299
4725
2172
2001
1180
2765
2464
3297
4227
4164
2747
1614
4827
3633
2476
2336
796
1348
3282
2170
4601
2319
2352
2473
1432
3768
4498
2085
257
2474
4595
1001
4414
584
764
1964
10
2534
3253
1624
566
3668
3536
1477
3468
228
2551
2982
2966
1092
666
62
1138
4153
4292
4449
1848
2662
1079
1866
3789
2200
771
4370
518
525
443
483
3843
203
2339
4485
1033
3539
210
1792
158
4100
2760
99
75
3255
151
2722
3176
4700
3819
4380
1909
3686
366
1363
3928
1661
4695
2908
3980
4618
1209
1269
4713
81
359
3514
4909
4131
4582
539
3408
1154
3836
202
4872
3215
4284
4306
1293
2474
150
853
2051
4254
4345
2312
3481
2360
3813
3766
4631
1083
715
3478
2248
1033
1479
4802
2263
536
3831
3093
3078
1552
2196
3798
32
4476
1318
2189
4566
2428
2723
1504
4903
1249
3127
3771
2619
1968
1992
1286
4462
4446
325
483
231
3815
4664
1108
2774
1160
2663
1865
2358
1529
471
3423
14
167
3136
3534
902
4319
4570
3348
2016
3504
2762
2974
4745
3724
4142
3035
1660
2442
1063
4203
176
3163
3092
3908
97
738
3788
4299
101
1157
4907
2034
3691
1814
3880
4974
135
4276
3367
2027
73
2877
914
526
3617
1380
1614
3256
2870
2828
2674
2650
3372
3497
1090
3177
3375
911
323
3405
1083
1455
2881
3428
2727
1026
282
3502
3455
4482
2778
431
1723
4292
3796
2223
105
4931
2400
2667
4929
2415
3300
3823
1405
4578
758
1458
1605
2926
536
1857
1761
4554
1908
4748
447
3779
2436
337
1449
3109
1441
73
1050
1911
4123
1735
2447
3806
4503
580
159
4657
1076
4143
693
3415
4551
2138
2652
207
3588
508
3008
791
4827
2026
3152
3560
2539
3411
4127
3534
2860
2698
4163
2
843
3803
3995
2924
2483
2526
2030
1583
3783
3231
4891
3403
4462
4401
2872
4483
1071
948
3900
2924
3327
396
4351
117
100
4443
1324
2903
2865
4903
4451
2338
737
2303
4824
1015
2496
3292
2810
4184
400
455
4423
913
3759
3096
2864
3752
2792
3827
1230
889
4886
3767
3961
1930
4729
4157
4785
4371
4244
181
2595
3462
309
52
4207
4025
2252
1774
1623
2345
642
2476
2703
2861
4246
171
124
3869
4510
1173
416
4360
101
1449
2540
3391
3851
263
2341
4909
2383
2000
3961
3392
3568
763
723
2028
4294
129
3776
2767
3258
2878
2701
4718
4980
3208
3183
1105
604
3988
899
301
1049
4618
3454
774
3158
4891
4056
2591
947
675
1239
2558
692
4257
4932
929
1279
3108
2008
3767
844
909
4297
2195
2161
4435
705
3428
3241
4786
1146
2826
1927
2462
210
1189
4106
2401
425
425
3868
4346
4250
4149
1807
1261
3194
910
2549
4706
1398
779
2854
3420
832
2571
2684
2066
2513
3505
4702
4609
3340
2520
1380
4771
2986
1362
1337
2767
429
1031
3786
4646
2942
1574
1949
1731
4047
2445
4505
1441
4933
4935
4433
829
494
1000
1314
2854
2645
6
3224
1902
2753
1423
2858
906
864
4364
1449
62
2736
1560
4164
1537
346
1921
1349
350
3460
4197
4453
1631
2090
1032
4167
1480
3686
3608
784
1917
2513
2714
168
4158
3409
3320
2144
3740
1958
3763
779
3718
1373
1519
409
2547
1779
379
3070
4029
2431
4717
994
3766
2721
2082
2099
3144
4030
1224
3521
4104
4709
2025
3823
3994
3918
716
2914
2907
4669
4854
947
4905
4705
1055
2047
1339
3713
4493
4380
2974
3191
1220
2948
4614
4663
3306
326
1363
1647
2722
3429
3335
4990
1679
609
4323
884
2034
1704
501
4620
298
2825
1661
3934
3532
1894
1740
288
4123
574
2285
1756
3232
44
548
3417
1884
2570
3813
4497
3758
4103
447
914
4134
762
2294
323
4928
2511
4191
4617
3725
675
1171
3694
1465
3116
4021
1043
4894
4600
336
2825
725
4277
2863
2855
3342
3150
2610
3982
2511
2145
1600
2753
1219
2273
1397
470
4213
1882
1182
4555
3535
2651
1455
3231
2992
4069
2238
3576
343
4926
2433
3097
2812
3119
1577
2392
1029
3608
4203
295
214
891
2600
3957
4992
1359
1658
3336
4977
3702
3525
2108
3390
1819
4220
3167
2374
2805
1990
4415
1622
3456
2522
4376
483
1601
463
2963
757
3086
4951
981
633
2020
3588
3077
3997
4258
2385
2042
810
2787
4162
3347
2481
528
943
450
3119
647
4696
3081
2801
1749
2714
4976
4444
674
927
154
3364
2533
2891
4849
3005
470
4234
2110
4964
4180
3833
1824
2679
1019
4862
1309
2128
75
1742
704
2322
382
4841
1347
144
257
2309
1657
466
1064
4994
1900
2490
701
3411
1011
835
264
1720
2358
4103
3804
3743
3426
4890
4020
2900
321
2197
3911
2446
750
4384
706
3780
1405
3651
4096
2637
1761
3060
421
1107
3725
1636
3818
3481
2587
3785
1681
2842
3744
457
4831
2199
1746
2062
3457
861
723
3631
4556
635
4941
1853
2546
3569
1038
958
2106
2997
4558
1784
4252
3204
91
4651
3257
4350
3537
622
3305
1468
1723
4285
1227
1415
992
3016
2445
2307
22
4004
2582
4166
1066
4502
4381
2222
2626
2847
1152
1691
4204
3384
3996
4302
1875
1283
4924
632
1852
1154
178
4200
2118
3147
745
574
2036
2514
1637
2635
1315
2758
2186
4046
1428
1276
756
2140
2901
312
492
1947
552
1398
3840
1638
4693
4968
1336
2766
2467
3169
596
286
2565
4146
4590
3048
2163
2744
1973
2945
3265
1754
60
1800
785
2050
2874
4943
2763
2496
1506
1753
759
3077
4565
1275
2266
1861
1942
3777
2852
4759
2911
1420
2009
1237
3658
826
2865
1750
4296
3173
440
2513
3378
2266
662
3154
1343
1606
3363
504
3136
1176
1873
859
4039
729
4944
2527
4749
2358
550
705
1704
1430
2627
1369
1270
3050
3327
4773
3269
2117
3941
2173
4635
105
4116
1557
2843
4034
4618
3661
161
3078
3444
732
564
160
1194
1323
3536
2130
284
4192
1400
2910
2405
513
4073
3978
3269
2191
2946
546
2479
975
957
2690
1866
3616
3655
584
415
2559
699
281
4526
3928
3275
73
4610
2993
188
89
3029
754
3896
1332
893
2318
4464
2117
3945
4386
3215
237
2483
1375
4224
4040
2578
39
400
1853
3313
2796
1017
2087
3954
1653
3363
3420
2028
4330
3188
4399
900
663
2615
4250
1303
98
2569
3004
3994
326
1820
2920
613
3762
340
2444
1578
2083
267
4275
1444
4836
2827
1432
2049
543
1418
3383
2500
1973
2479
497
178
2382
3027
1106
1050
4077
1845
4734
1341
3217
4819
3634
2532
2255
2851
1953
3485
3711
65
3697
1302
344
541
907
2345
4140
4380
3125
4382
2150
1052
699
3318
1214
1799
4130
3592
1601
1519
3234
2027
3921
1454
3719
1887
2945
560
341
789
3370
1791
3383
2020
3014
1532
3650
3494
542
2924
1228
4016
803
1314
4420
4108
3259
2709
3022
2646
4474
3495
2776
4960
217
2788
3646
1664
4690
4502
2399
1948
1760
1604
1267
4601
4377
3285
2273
4293
4110
498
4226
4926
1751
3277
4683
4914
3376
499
3553
147
924
3704
4652
3694
4733
4213
4517
4992
4469
2709
599
1460
3355
2175
2610
2470
4879
4324
2546
1169
3264
1041
3244
1134
4628
674
3843
1427
3425
4140
2971
3020
548
2892
238
450
4458
164
443
3242
3542
4583
4298
83
3172
2129
1059
798
3357
248
1582
920
2696
3834
811
60
1985
4321
1369
4717
3783
3135
4553
4040
4382
93
3305
3213
211
200
1024
1767
1655
3553
2869
2021
1921
922
1125
3751
3074
1997
779
3814
4608
2632
278
13
1380
1479
1571
1348
4203
2374
1116
283
2103
4401
51
2221
399
2870
591
105
3443
375
3291
3849
1455
1097
168
1595
105
831
589
2459
1427
3036
1482
3124
3816
2668
4866
233
1235
4910
213
3440
2690
2989
1502
4614
1132
355
2522
1997
685
1907
4284
1657
4116
4592
187
3094
1228
511
648
3638
4453
3605
2631
4964
1738
4637
1493
1655
2427
2617
2188
2547
4946
99
2322
4754
2659
3287
4437
3125
627
4432
4304
132
3293
2277
2324
2472
2215
2053
2328
2469
2954
358
3432
4984
2081
2315
4073
1386
3353
4248
147
4843
2538
1000
1384
937
2750
3019
4611
4508
4313
3457
1
4136
1575
1133
4755
1147
379
3663
2183
2439
312
1572
921
4207
619
2749
3499
92
1977
3568
683
822
4988
3146
1968
1307
4258
3842
474
4944
2945
3672
4300
3113
3773
4378
3469
750
2482
3223
4543
288
3482
766
4070
3534
2355
2391
2238
2921
2514
4526
803
2372
4771
3637
719
3469
4057
4572
927
3289
2678
3196
1849
2863
4031
3185
2861
1048
4705
1748
3611
1269
1266
1667
3360
1374
3154
1293
724
1108
648
1071
3078
306
4196
4234
4732
313
463
4018
1373
3235
2873
3876
718
1974
2954
2850
4257
2085
3932
478
4956
3119
72
197
4358
3742
3800
2009
60
1637
1438
3414
2580
4992
4506
1557
2628
3053
2009
2904
4961
1803
1016
3700
4331
2080
2256
3026
2039
2966
3535
3547
2554
4729
4680
3444
1921
547
1020
670
3221
1724
4764
3236
4537
4106
1286
1426
4602
1523
4903
4432
629
878
4311
3360
1871
3703
4410
4410
1796
575
855
3308
3051
4290
178
1796
1649
1043
4611
2889
24
1380
1770
879
4408
4188
3148
4477
4151
2599
123
849
2165
1604
4611
3810
3078
2182
1679
3880
4581
3788
2216
3668
3612
3486
1678
1747
3865
3335
1597
4918
3944
479
3137
2234
88
1744
1684
1599
387
4802
1752
193
3823
3313
1829
4255
2867
1534
651
3323
805
1639
1510
3360
932
1066
3658
894
4573
4601
3813
3082
380
1579
4306
2055
1820
4939
1024
2431
2997
2616
4067
4964
3882
1319
3683
4945
3549
1727
2084
1784
4149
3536
976
3569
3548
2310
537
4450
1000
3408
4326
4479
3790
2278
4281
1116
1864
2759
1676
665
3890
2696
1354
4055
2670
695
165
772
4920
2013
3404
897
4872
3657
1246
4930
491
4930
2440
3674
755
3416
987
3194
2442
93
2298
1647
3624
4709
3967
2080
275
3823
3872
1323
2083
464
4592
3939
615
4842
4905
640
4765
666
2191
4224
3633
2801
2713
1178
1864
4363
2747
1220
1084
4555
2356
4710
1575
879
3934
3092
751
2803
536
2738
4530
3124
4835
1910
4012
3527
2278
3921
1088
387
4885
843
3857
2014
4729
1221
3734
4522
877
2426
126
1501
46
4908
58
2957
3258
1613
3145
1609
1835
569
948
1422
467
2441
2601
2476
1685
4572
48
4835
3170
4214
3487
153
1550
4695
332
1034
788
3299
2623
282
2268
4212
2943
238
3681
1467
1320
2868
2187
3231
259
3022
2685
2442
2033
2685
1072
1071
2856
439
152
2951
2602
4295
2237
2681
1839
3017
2616
2784
3225
3434
4942
4047
1468
3302
3411
2671
3172
4641
3142
1238
836
660
3883
2967
3450
4745
3490
4821
2083
4405
4375
2730
816
2037
4072
1356
1517
4837
2953
2506
3514
3200
3134
2488
2753
3423
532
1056
2217
4302
362
3917
1906
4338
3929
4756
4989
4460
60
2398
3331
2982
734
304
675
1546
2972
4340
855
1998
1244
3722
2945
1444
2966
3643
1117
339
2266
1830
505
4732
2979
1187
4104
1154
4421
34
1108
4761
159
4201
1745
2091
1079
3020
3157
2593
1837
1854
2749
50
927
3956
2224
3608
3132
3355
2040
4305
328
2786
2203
4292
2028
191
1666
2183
810
2338
3735
2015
1545
2429
3314
4841
4951
3927
3371
2422
3637
4224
4526
1069
2399
686
2758
525
1863
3730
3305
3674
194
3791
3482
3237
3186
1204
3042
4055
1858
3375
289
2875
494
950
464
4973
1442
881
4974
504
4289
1252
570
4501
1276
4897
4464
1751
571
3485
3780
2081
3490
4972
2163
4266
1105
1018
1053
1590
2404
570
1951
3918
3247
4907
4917
3841
2928
3934
2084
4354
2788
3406
958
1234
1153
1725
2189
260
36
4547
2233
4764
603
2622
4148
3887
2947
362
547
1002
2509
135
2549
3722
3807
4197
1263
3416
860
8
3410
4445
4735
983
6
65
1464
4936
2832
4164
32
4030
3998
3573
460
3660
3765
3472
2914
2346
2815
3274
1702
4118
3070
4578
3430
1213
4575
45
750
4862
2444
4167
3329
2150
3196
2290
4828
2542
1468
1278
4834
1366
1008
1014
4768
3387
1715
1128
4546
2945
4175
790
96
861
2019
1682
3846
2724
4176
3300
3487
2877
4606
1134
2394
3
493
4555
2166
1481
4044
3900
1076
2888
3025
3331
1415
3470
4551
3782
3727
2260
253
4100
880
4606
1376
4313
2086
956
3175
4299
708
603
3050
4022
2551
2250
2542
2117
3192
792
800
919
3018
457
1353
1433
1251
968
3541
480
2893
4291
4648
2623
103
3177
3627
2955
4863
4592
827
193
4768
2451
2047
1332
3501
647
4068
42
3393
2246
1038
3460
431
3817
2082
60
4615
4990
4606
740
3680
1263
1901
3014
1302
4846
685
462
2788
4479
2155
2266
2965
469
2268
1404
2342
4050
379
2963
1261
3645
4916
2100
3123
2194
2426
540
800
1636
2866
220
541
369
4114
2766
2259
344
3732
1671
819
506
1439
891
2749
3804
2985
2704
2893
278
1316
1836
2199
2783
277
1674
895
3683
4987
2025
115
1856
2358
1629
1886
648
3417
162
313
10
2917
1654
4972
2067
3815
846
2080
692
4574
2930
3254
769
583
4209
1581
1732
4280
1318
4892
3869
3199
1948
662
1966
1042
424
4310
2961
3910
2387
870
1621
4205
695
2173
4628
4842
3784
515
3318
3512
3586
2734
4206
2809
3315
4854
1496
1747
1133
4819
786
162
3224
3531
1625
961
3067
4430
4026
1500
4423
3144
1600
2142
4438
2801
1849
4341
4285
731
1769
3564
1831
2886
3986
4883
202
3016
668
405
4974
1447
3405
3482
4066
4300
1646
3162
3626
1946
2830
1891
1876
4302
4364
3395
3282
4798
2833
153
4052
1186
3582
2657
4752
3266
3020
79
1772
406
100
871
2796
3203
661
1372
1813
4401
3627
4446
2410
169
4877
601
960
2668
1894
3694
2215
2580
2293
1501
1446
4468
1019
1337
3108
3691
3210
201
3655
411
3196
3795
746
2125
1510
4201
605
3736
3694
2452
1013
901
792
481
4919
3932
3967
354
879
1919
4104
897
2007
703
3358
2036
4430
4282
1364
4230
1477
3874
328
3535
3040
3206
1485
3958
111
1284
4253
4348
3221
3620
93
2672
116
678
591
2408
4618
573
1836
4936
704
2654
2154
4581
296
2054
2446
3990
2227
3942
1102
2901
2192
2856
4226
1172
1097
1426
1655
4478
1886
2848
1487
3408
4936
2120
1042
3901
2192
1282
2379
1717
3765
772
1230
2065
2165
4867
3169
4089
1405
2553
730
4998
902
3152
2491
2727
97
4296
1940
1557
3921
2233
4412
4770
907
3834
2379
1626
2716
3040
184
3385
3680
1359
4428
1620
4429
2375
227
4866
2806
1736
2006
3583
60
1465
1222
1737
2272
3087
901
2032
902
2481
4861
987
1371
2500
1544
4245
1138
2723
4687
4927
4514
3267
1349
1070
689
2072
4374
1424
3822
1961
1991
4295
4038
1960
3937
1030
827
4445
4801
4715
1721
1182
4311
2098
86
3933
2994
2090
3953
516
3545
3843
3121
1368
3478
2944
2186
1157
3653
339
243
4732
4455
2417
2075
3341
4361
4678
1449
919
4341
4327
672
3784
3107
3223
571
3265
1777
2645
918
23
2754
417
828
266
3910
3402
4445
1879
1348
810
188
4706
4385
1159
4520
3158
608
1471
950
1054
199
108
4393
661
4213
1586
1968
3655
1835
2265
779
1660
3311
3024
2093
4546
511
1428
1433
458
4968
1467
1880
3462
4013
3442
380
1977
1808
4860
1571
2656
2354
1957
3159
3381
2694
1785
236
3010
4409
2015
4967
4318
1590
3562
2863
1383
326
2526
1191
4440
3321
4572
705
4835
1565
254
4092
3593
3931
4270
2480
2079
588
1242
3605
2131
3337
1842
1530
544
3056
2114
4925
4948
4204
2342
2894
4808
147
3552
1191
486
810
1829
3874
2498
1083
3005
3181
3671
4576
3253
3416
2913
704
4096
3765
2
2661
2017
3684
4167
1296
985
3847
581
4777
723
1793
2968
1221
218
2107
747
4191
2510
990
4326
4845
2589
4799
3202
636
1708
3854
2402
257
2886
1852
809
4395
2011
3488
3559
4435
121
2064
549
772
2776
2585
1569
4217
2478
3651
203
3201
865
222
1900
2457
1453
1064
833
4857
4298
125
770
1621
1295
830
2344
4395
3136
920
2632
2793
4022
4240
2946
2823
2454
4525
4811
4225
109
1067
1217
3060
2077
3897
481
22
3440
4564
1765
910
3700
4048
1063
2735
4314
5000
1143
4059
634
1229
252
345
3964
1651
4800
480
362
2678
953
2708
2644
2385
4383
3160
4480
2005
3336
1306
150
827
365
3965
253
2232
2414
3718
3229
3436
776
3458
4479
2384
3377
4600
602
799
4433
3698
802
3418
3841
1764
4603
1666
804
1999
4698
4357
1232
3202
541
4117
170
3730
1193
4602
2447
1180
169
2307
3027
3626
3827
3336
3151
1498
4832
1358
2691
4853
4670
4740
4733
3847
1444
1248
984
4644
4248
4588
3526
1306
3542
4111
2054
229
3100
2240
4525
4931
1306
2419
821
262
1320
3360
2851
1991
2409
4350
4850
3016
4691
4278
3252
2867
2454
2253
4935
18
2493
1049
891
4381
2845
4572
3699
1209
1262
420
2964
4114
3807
109
1931
4984
1745
3426
1580
4962
113
2561
1024
2224
3762
1614
1788
3166
2791
1
1464
1238
3620
374
619
1915
3886
3340
312
3718
3683
4092
1966
1989
3898
759
1460
577
4386
1779
3338
1901
3322
1466
1696
3985
1960
406
3429
2842
93
1157
3147
2780
3171
1034
3769
425
3974
75
1978
1069
1957
1428
4846
4154
3653
2661
1680
4203
4042
131
3437
4338
4532
4234
1303
4847
2759
1879
1780
614
558
3016
1465
2443
2396
1492
3881
3354
4104
1679
2141
3097
3659
365
693
4470
102
866
4523
4107
3426
391
3300
1140
514
129
1830
2411
3162
73
2302
2452
4295
4407
4674
3377
4069
1128
3200
2312
4220
3253
3136
311
707
1336
1214
990
1718
1290
921
4904
3083
3010
342
4426
3744
4996
4071
2751
3428
4971
2650
3542
2120
4788
2833
1084
2773
2178
3180
569
4501
2130
1895
590
4719
1490
3051
2183
2565
1918
4529
2766
146
3537
3219
1871
194
459
1985
3632
2187
3314
2686
4526
1826
476
1993
1638
1247
1563
4800
4258
1916
4156
1651
453
9
1447
3874
4076
3777
1573
3126
3801
4536
1871
3237
3729
3407
4602
2746
4416
1877
533
1615
3203
941
4780
4541
810
816
582
1081
4222
516
1827
4338
4377
1832
4979
685
1320
4201
610
2665
4585
1300
853
822
3989
1363
2123
1561
1059
3119
741
2808
866
4585
2181
4512
1470
1103
391
131
1176
1299
3535
926
2234
1309
2887
678
4298
3808
3081
3024
2072
2741
4486
2756
1829
128
4475
1049
578
3597
3796
2160
1472
4282
469
4789
2515
1865
770
4425
3422
1340
133
2327
931
1591
698
1636
2669
711
4206
699
295
3625
1715
165
3746
4658
3465
4250
1698
735
3646
1345
2979
3676
2561
1112
2627
2268
1054
1530
991
3168
934
2740
411
16
1437
3975
3162
3766
2008
1516
337
2423
4194
2402
1805
82
1145
3289
3489
2429
713
3933
183
3108
1113
1281
4341
931
2652
321
3172
3900
3187
3292
1148
618
2324
1704
4344
3600
1517
1791
399
4420
3815
1812
245
1721
756
2304
312
2305
2059
1689
2636
3449
1553
4391
2518
4008
4464
341
4976
270
1689
2425
3618
4795
1245
979
4672
3059
3560
4265
3877
1527
1135
180
1207
3662
3606
2045
2057
4737
2003
4960
939
919
711
592
3394
193
1395
485
707
2543
1864
4557
1829
641
1279
1481
4891
1262
2347
86
4633
4015
4498
1996
849
4461
3905
4008
4527
1358
1720
1958
2879
1989
752
3684
1940
4912
3555
3095
4368
4257
4535
4290
2994
3665
48
3619
2875
3152
3732
4325
555
2136
4303
3842
2364
4242
4353
3314
268
947
1503
461
4722
1332
1392
3697
437
2479
2019
1299
2973
1976
3493
4693
3814
2289
3281
1456
2696
3062
2433
3559
1214
919
4904
674
4860
2778
2964
4092
1719
2264
4307
3631
1920
3274
3301
655
2091
525
3055
4591
3423
3742
1604
4823
1593
203
1958
4640
2556
4198
4876
744
64
4470
3994
1237
113
4251
1124
2302
3814
1200
4813
2074
3540
2718
4740
4891
244
1719
3529
430
1368
3625
664
3795
2439
632
588
2101
1251
648
610
1909
4583
305
2953
1862
4530
1815
3934
712
1726
4354
102
3436
1658
4142
2238
4882
3341
1607
4409
3517
1534
3453
4463
3740
284
4081
4818
3051
1992
2647
3263
4838
236
2765
1264
58
273
691
3582
3181
880
4026
922
690
3952
3669
4115
2756
3919
631
1239
2680
2328
3466
4674
2022
432
3778
3328
2856
1054
471
2920
2234
769
4754
648
4178
1130
2141
904
3249
4363
4440
4418
2413
3805
731
1030
3922
1604
222
769
1867
88
2997
3276
303
4816
4173
2985
3485
1510
4187
1310
640
849
1138
3710
1251
3880
1451
2760
357
1435
4066
3620
1606
564
4497
24
2444
1371
3884
3763
462
3515
111
257
21
3182
2941
856
3409
1070
185
1948
710
1001
4288
737
4627
4066
4054
2701
1817
1449
3548
212
4902
2848
582
520
882
2657
110
731
4527
3086
1052
446
327
553
2613
3528
2676
3295
4146
1759
4706
490
3440
2411
1489
2430
2700
3701
2648
1165
4521
1980
1135
2112
3673
1571
3264
4012
285
1210
821
217
2137
3175
3416
1010
1266
404
770
3069
4896
4990
417
2253
1905
3220
2800
3304
3359
4087
4182
1982
2729
4003
4061
4781
1586
4988
4314
3903
4663
4270
1380
4486
758
4399
2726
1702
3767
340
1464
3084
3208
995
1102
2052
3125
442
3570
2580
573
1092
1033
4429
3188
1235
3598
1641
910
1465
2828
466
47
1031
391
3328
4757
1748
4862
521
2949
3163
779
117
69
3090
4424
2625
3008
2930
986
2817
3980
220
409
825
99
2316
1213
1198
1985
62
3284
2488
4414
2724
4966
2723
4577
3355
2854
3456
4805
627
3707
3268
4646
4116
4762
2969
4884
3387
196
3936
1694
270
1333
3775
2883
1122
2408
4543
3089
1559
4622
2652
3301
8
1402
3284
1800
2354
4314
2318
4928
755
4159
518
649
2284
757
3454
3578
2568
4705
4392
3868
3511
3874
1172
3082
4297
1587
3533
1373
1976
2577
125
651
695
3745
1201
990
2754
4993
3281
4875
4628
361
2926
3312
2583
611
4853
2436
4061
4088
2298
3728
4159
2775
1045
3776
4746
152
1527
2434
2839
2246
4685
1473
301
4139
1734
4737
4154
1289
3646
1269
937
4583
2460
3351
1423
1
2268
193
1130
767
4554
782
892
1997
904
4044
2516
4629
1260
4184
1540
3041
3908
4062
1971
2972
4514
4629
4151
2335
198
3906
2624
3620
4653
4084
2896
3259
3758
822
3544
2080
2647
4031
4316
1663
1218
1338
3001
3424
4160
182
1884
1218
4979
2632
4327
1819
1587
4934
1075
4368
2064
4947
4901
673
3027
3009
705
4980
3243
4515
468
1782
2869
2147
2137
271
2653
2035
2118
4590
1142
4
3819
4499
3758
17
2861
2617
3239
4596
1511
121
4688
3568
3755
2029
4306
3204
3821
1649
328
4190
4786
3360
8
3583
2167
1861
1788
2013
2273
2987
2531
3136
633
3848
1051
789
1864
2067
4186
1308
1029
2555
3826
911
1320
1652
4162
2869
4213
4012
3036
3009
10
2718
3055
606
3653
877
1477
1892
838
732
3130
4849
188
708
698
1745
4854
2410
1731
4917
1798
1496
920
141
1867
580
4946
27
623
851
1962
575
2294
1548
4160
3853
3080
4440
3427
4982
4314
1539
2025
3111
2783
702
452
3738
2994
1654
2805
1528
3886
2338
3825
3976
4872
970
1293
3250
3305
216
3449
2787
1532
3617
1750
1108
137
4111
3897
1928
703
3084
2581
4075
2270
4270
325
1396
1717
390
313
2748
3167
2273
296
123
1819
2506
982
1664
1206
4218
3758
4292
1836
1509
875
4760
2425
2012
703
3297
195
4977
684
3160
4362
1951
154
4061
644
4211
3637
974
4691
503
74
233
4198
2644
4657
2528
1857
4189
2365
635
462
1273
384
3692
4402
4469
4924
4823
4761
1621
3305
502
1525
3573
2343
973
1471
3933
499
3493
3128
2416
2491
911
4953
4835
1486
203
1338
1028
3215
3788
95
4843
433
1278
1483
2750
4595
2858
385
4653
3763
254
4519
408
886
4692
2627
223
1161
1882
4559
677
285
2298
798
1922
2730
2065
1244
1795
1878
2060
2592
2574
4223
4731
4697
1207
1899
1460
228
4185
1637
424
1733
4795
2762
4585
1814
4252
2573
2257
2182
1319
3231
1362
4516
2889
873
1773
2769
2936
3772
976
2516
2875
559
313
3174
1846
2175
3380
222
693
576
4339
2196
4977
4569
4586
2222
1233
1951
4347
3303
1925
2921
2595
4435
1166
3323
2259
4268
2686
3240
4143
212
2903
2471
15
2705
3941
4877
2994
613
4853
1067
4940
1732
3630
2721
621
2438
150
3730
1414
3204
1019
2088
56
1511
916
3074
3216
16
4590
2242
2124
477
3067
4165
2799
2033
627
1407
4820
4325
3720
835
1398
1725
3889
3145
4748
2967
3138
580
3372
3593
4029
4066
522
4432
2515
345
1339
3613
2068
1407
2720
4303
2693
4841
2454
3110
313
1961
3455
861
58
3607
1602
497
3312
2674
53
2761
1014
1310
1451
3066
4411
3772
3830
2887
1287
3193
1049
3761
4783
1157
1184
1176
1162
352
2838
2866
4120
2209
1906
3038
4819
637
2280
3283
3294
390
3979
3808
2730
300
758
4441
4478
2248
2617
1560
2185
903
320
2634
3125
1771
526
1600
1673
743
2016
586
3803
3414
649
1871
2183
3037
3056
2193
2368
4776
4214
521
3146
2330
3830
3104
4842
1021
2273
2057
1414
2378
3407
104
3880
385
1795
4728
2318
4591
3695
461
2172
2815
2644
2211
1036
585
4231
1027
4976
1363
4545
1747
2468
2529
3472
4553
2677
4015
486
1119
2922
3795
1970
1236
254
2038
3286
4368
1354
2535
2930
4848
4209
1577
2182
1074
3076
1367
4680
2619
3941
4996
4732
1002
3547
3003
3452
833
3608
598
1082
2137
271
1988
412
529
2153
2079
4999
4645
2931
2417
410
2318
1826
1316
2932
1005
14
2189
3949
1590
868
2852
2221
1613
4031
3958
3804
1641
2802
2146
318
2171
171
1171
4992
2729
3499
1853
4684
1667
4965
2328
3326
2240
4265
673
3347
2503
487
119
554
4348
2515
793
840
1561
942
3408
1893
36
2488
3227
1789
609
2570
4544
2999
2665
35
4681
2502
2552
1955
1752
1510
274
239
3041
1638
1510
1808
1458
2681
666
1785
3455
2085
388
919
1804
3859
4220
583
275
3272
4555
4334
2423
4101
4974
454
840
564
878
1903
1256
3475
2343
2149
764
1591
4164
4779
3303
3903
146
2945
388
2254
3156
2106
1105
1245
1964
4831
3572
1835
1918
3903
1221
3083
2374
4475
981
3234
1940
3838
2337
2559
3475
1508
236
2607
4359
2470
1120
3433
1126
1130
1565
476
1755
2624
4081
2453
3370
1811
1785
212
986
3475
4331
1144
2583
2166
1401
989
1678
4698
593
1407
167
2786
1435
4828
3697
4056
532
4847
3376
1506
781
614
1017
3095
4187
1317
1522
2055
1164
447
2282
3452
975
1308
2957
3678
41
4148
1376
1839
3954
3519
2543
4489
4249
1220
4454
4682
2768
2929
4100
144
4187
3323
3482
3114
2727
367
11
1058
1515
3625
1188
225
1260
2278
2488
3914
1811
4999
4414
381
117
4932
2785
3395
3848
4526
3185
4193
2964
1209
3868
38
4430
2719
675
3775
4687
4629
4663
2593
1717
3536
3479
3194
137
1830
4297
1218
3443
891
3331
3081
1419
3872
4912
2300
3037
1651
2437
3408
4310
2254
3671
2034
4144
3281
1306
1425
2485
831
3888
2304
1950
3739
632
4038
200
1277
1922
4799
3359
1050
4373
2830
3314
4525
1518
502
2645
1965
3599
1597
3544
2765
2584
828
3442
2709
290
823
1377
2399
4817
4690
4219
3776
3679
985
1730
3519
4898
2165
555
2741
4858
4588
4849
388
158
4670
1574
2170
1791
3530
2397
4815
1517
2183
2633
2886
4464
4788
1035
2674
280
2800
94
632
2820
4209
1406
348
1484
3565
3860
1385
3191
1703
4406
3025
230
2942
459
2583
478
1865
3043
925
1290
415
3491
1036
326
4235
3352
4656
3724
968
4623
1290
2666
1446
2484
2649
3695
2024
223
76
2486
1324
2521
4685
3011
4993
4867
702
3173
3207
4776
4878
916
1152
2586
4838
4683
2919
1693
1360
412
504
2109
2675
1779
918
3306
4948
3902
1578
2017
375
3680
451
2357
3183
2013
2780
3407
275
3906
385
1827
2612
1220
1978
3731
4898
4738
3595
147
2423
3984
759
710
4880
1012
1125
2886
1712
1667
2691
1573
811
3796
2012
3949
738
335
4059
1478
1054
2476
1687
669
2014
3396
3650
3737
297
2487
3214
990
1487
3658
2119
58
3596
1412
4233
4026
1257
1365
3122
1724
404
643
1467
1131
457
2332
461
3457
1231
3896
812
4405
1395
4669
1886
3682
4823
364
3225
824
796
4631
2343
3592
1084
2332
1771
1556
3003
2270
747
1396
4555
2122
4120
4420
3260
834
3001
1367
1295
744
4714
1252
1594
3511
3778
2790
2643
3130
22
4743
2644
749
3765
400
75
791
2550
2376
355
3785
1005
2335
2066
4167
2562
2861
3401
1128
4938
4690
4623
49
741
4652
4424
3886
3758
3287
2279
2299
4622
4612
3730
874
1548
4033
994
3807
4742
1207
3081
2252
2932
4610
359
2197
1063
2137
2457
341
1224
2924
4860
1710
4932
3031
3162
2212
987
209
513
4256
1780
90
4499
549
3434
1119
4842
1113
1427
3979
803
3226
2955
4668
4660
235
3831
187
734
897
4088
259
2755
1773
2460
2973
3795
4202
4302
4945
709
3033
290
4882
1503
2579
1026
779
550
3163
83
1416
3010
503
3147
2200
1435
2778
1392
2064
2120
4700
537
4137
3107
562
4969
2481
2241
4194
4458
1373
4070
996
1260
4767
3440
1211
4199
747
3658
3809
3734
2597
4914
1323
3778
557
4338
3916
2598
2297
1891
4313
366
2449
4974
597
4432
2197
3815
3522
1569
442
3427
2900
2891
719
1745
951
3418
4191
1795
3361
4737
4246
1548
1501
2742
775
196
737
3143
2745
392
84
1461
2085
4577
3664
4453
2184
153
3845
1532
1551
359
1978
2390
4169
2253
1376
180
3660
2994
3628
2447
252
4097
850
4360
3319
4554
4089
1868
966
4928
4226
1773
446
4218
3946
4124
1382
2515
962
1626
840
2853
4280
3497
4396
4147
569
4022
0
2804
3180
1582
579
1652
2664
2658
3684
888
3258
3196
2756
2136
4087
3636
3365
4214
3297
2273
2937
4052
4105
2746
4352
3905
4253
2525
1499
2425
2246
2243
4290
827
4803
2924
1823
4256
1929
3458
1782
4576
4407
2084
51
2858
4577
1391
1192
647
2975
4961
1066
4067
2085
1718
2380
2826
4439
4863
3338
675
2745
3537
1350
3436
4082
2166
20
2752
632
837
2030
2887
3136
2623
4029
2242
2425
4087
3790
1035
1315
4153
955
2328
3476
3796
3920
1235
984
3540
1662
2320
1250
3407
2557
3753
3991
4540
2946
640
2829
3514
3356
4591
418
4120
2180
2174
1613
3036
1652
1847
3871
4596
4894
1037
177
2148
2175
1716
1148
3203
2161
3805
2409
3007
1866
2336
4772
697
2485
4086
4179
1080
3301
1006
2923
271
4975
2064
948
2950
3034
1591
4543
2017
4986
658
35
3332
4489
4759
5000
3733
4283
613
1776
4944
1610
3055
4882
3863
3062
2150
4869
4048
1988
1075
3422
2686
4006
2038
3753
3163
979
2953
2286
326
466
327
331
2436
2167
1782
1940
3566
4735
4667
2563
3738
1113
801
86
4408
3266
4141
3746
575
1029
1760
3362
2057
4715
2796
3844
2084
4886
1237
2467
2025
2548
3688
444
484
3426
947
3935
2323
3181
2254
399
907
1439
361
4752
4879
2093
3942
2899
1552
1661
1953
111
431
4341
4158
3526
132
3611
3034
1241
4041
4675
1716
635
3969
1913
535
2375
4993
3046
1424
4945
1046
1198
1724
1256
3781
3916
3572
24
2771
769
2244
1863
2167
2806
20
4081
4304
2406
2539
2787
1485
1015
2357
4128
3317
2440
3361
1186
1761
3280
201
1496
1825
2474
4183
1553
4019
213
3983
4563
3684
1747
4893
4059
3199
3983
486
2938
1726
2958
4176
613
3871
3649
4287
3558
259
3862
3403
4725
3893
2545
420
3185
232
3761
4750
688
3644
3555
4722
1835
4613
1048
3805
4081
616
119
2184
2529
4465
2219
1456
1884
1524
1171
830
4967
3103
4092
1541
3618
2944
4985
2319
647
4339
33
4151
3731
3873
4177
1760
114
1048
499
2135
4443
4306
1399
3636
4318
3175
2390
911
202
4477
2455
3637
554
2008
730
3514
169
607
1887
1941
1157
2009
884
4984
3954
336
89
4591
502
3529
2160
1425
1743
3813
3239
4007
1204
3186
3512
498
4208
2648
4482
4945
4660
1829
3327
1907
1172
3087
2868
3877
1416
3649
419
4463
4041
3527
1223
3696
130
3831
1958
2227
3367
3385
2743
4087
2540
4134
4427
2552
3261
4431
2539
4200
448
4888
2331
2104
4759
79
3596
4297
4082
2949
545
4432
1846
3550
3200
636
641
1668
4450
3002
4630
4727
4384
282
2820
835
1393
4828
510
1404
951
3877
3608
4946
3500
4157
2503
4831
3857
205
1118
1130
816
4648
3747
1206
1470
2618
2794
3311
2270
2204
2336
4504
4394
4301
2475
1635
1757
326
1066
4036
164
4026
3489
2309
1124
4107
1972
1362
1707
4834
1992
3277
808
313
955
1222
3888
1535
2007
2034
4641
1211
2715
3235
3077
3374
4334
3954
4980
3199
1435
2552
2679
2854
815
1949
4635
4229
2611
2974
663
1835
2325
316
1057
2691
729
2625
22
2730
1494
4436
3115
3417
4571
110
4678
3858
297
4237
1713
564
3690
2290
3942
3051
1008
1783
3458
1234
4389
3881
3596
2581
4086
4983
2197
4320
1626
587
2265
3390
636
1916
679
41
4238
407
225
1619
3258
625
1445
4289
1216
1917
3861
4076
1721
1988
2910
4457
3448
2773
1942
1097
4063
1191
3604
1051
1733
3284
2633
57
589
732
3539
950
3367
2155
215
1169
4308
1800
995
274
2046
4819
673
849
2446
2506
766
4977
4288
2
2081
650
3252
2549
4348
1442
3248
1134
596
87
4357
3556
797
2621
1185
3311
3975
3802
4238
3883
3902
3965
4675
2499
879
30
4910
2339
2076
2315
1213
4088
3702
3613
4485
331
2949
162
4044
4880
4196
3882
230
2964
2045
823
2899
2560
688
4325
1671
2389
4777
2520
4416
2149
4454
4638
909
4258
1250
3751
1786
1289
258
4305
2721
4370
1226
2225
2118
745
4420
3073
81
2370
573
3129
2350
2908
3473
2410
3918
4072
4654
130
1847
3785
1132
3856
4955
1204
1974
1255
2586
695
1799
1650
1900
4607
481
3150
3661
1909
1241
736
3527
1098
120
1980
2550
860
2204
4523
1009
1113
2225
4194
4463
3209
920
2755
2221
1052
1579
2023
2722
4483
985
1971
3480
1059
2761
1581
1661
1753
3999
4826
47
3740
3984
4793
2389
4699
1804
3132
3793
963
1448
4184
1232
1360
4184
3255
4682
606
2514
32
967
2112
312
82
2359
2534
2768
3945
2384
4181
416
1295
3079
4881
561
3820
1060
1334
196
2740
1419
995
1000
2875
3167
107
1757
1941
3509
4606
0
1726
2307
3596
4120
3404
4931
1089
3287
4326
4960
1545
2842
1911
1804
2048
2018
2506
4183
109
1590
2295
4575
3306
2703
1163
295
3010
1665
456
38
3909
1286
2536
3860
4100
262
2557
3042
1070
1510
4857
4759
896
3583
2160
1081
2417
954
4110
2897
1507
2078
841
4568
4249
527
4982
1491
3478
2132
2710
1845
3476
4253
2395
3704
650
2954
821
1811
2805
3847
278
3690
2612
4029
3621
4718
4698
1464
1026
4594
770
2196
3536
1318
786
1764
1274
1047
1887
333
931
86
2794
3857
521
518
771
4217
4400
1819
2481
4970
1381
212
4622
4015
8
2974
3639
1263
4236
3006
3339
605
4170
4787
4944
269
2178
4730
3331
63
2118
3894
2806
117
2246
1223
4149
245
4003
1496
2976
2323
247
1348
1608
4988
3497
1791
4715
2472
4973
1163
1469
1768
642
3589
476
2883
3648
4868
1985
4092
4682
2636
4839
1059
1507
2365
4651
113
1667
396
1633
3068
3673
1999
4367
1263
2743
2823
1142
967
1685
200
4665
3085
4207
2576
4266
255
4463
581
1464
402
55
651
2839
2255
1209
4235
139
1713
4855
3403
1377
731
4686
3065
71
2365
2866
1240
3410
4201
400
1701
3158
4341
1375
4300
996
3043
2050
1685
1510
2842
4243
4872
3651
305
3055
1658
4010
2639
2952
1230
2046
1634
3309
2554
1679
3141
1953
3415
3688
4913
4614
139
2245
3982
4116
1343
2794
2903
2769
848
2454
2627
3560
4542
2202
3387
4361
835
1045
2566
1857
2859
47
2041
950
1559
2214
1232
4786
4475
918
4568
3169
1475
1567
607
3715
1218
2427
2796
4627
3358
679
3555
1848
72
2365
4070
4618
180
4430
2768
4159
4383
482
3549
696
2411
2985
3632
2249
3617
752
1293
4681
2284
3290
3874
398
2754
491
925
987
2009
952
491
4043
2136
1582
3129
4296
1657
3171
2108
379
857
453
1486
4702
747
1483
1710
3778
262
2148
4663
2060
1061
4086
3213
3012
1461
124
292
2307
2160
763
3289
3220
3969
3355
3686
4517
141
3076
4222
2640
4097
4543
1190
2290
4063
3519
4632
2105
3423
2211
364
4631
1889
1001
2549
4237
2948
1586
4205
3388
856
3400
3234
2071
4202
1741
1794
2969
1049
3748
1254
1014
3863
3919
561
2605
371
2704
566
2543
3839
4919
4925
1231
4870
2843
2750
3163
2055
3169
2356
2121
4376
1076
4482
3666
1654
3724
4336
4242
170
1515
2405
2813
2606
4069
389
3338
4200
1361
3045
4625
1775
101
602
3687
3728
2178
711
507
1003
82
4578
1445
4145
2805
2961
428
2194
3203
3952
3634
1997
1037
2951
3395
2007
348
2274
3536
995
629
1414
1350
1703
3085
2204
1185
2316
2367
4900
2705
4139
3672
519
3344
2554
3469
1313
4614
2376
4814
2610
1167
2416
1855
2425
2294
1771
4469
2530
1182
4981
1767
4028
3518
3026
675
1543
4901
163
4839
1240
1163
2022
1974
1010
4669
4115
4891
3896
1989
3455
989
702
965
1174
1444
2319
3573
4688
3205
4562
1315
3627
4645
573
1451
4000
1574
2269
4531
1239
938
4071
2017
2296
657
2605
1293
2423
1815
4506
1738
2978
2716
4359
2561
749
4986
1807
2679
3781
4033
4563
4106
2602
1318
1507
2687
3198
1914
651
841
1408
4934
3787
2624
2328
980
4970
3635
3025
2619
4828
958
870
1356
4509
4968
1426
4207
1271
3100
1513
257
698
4612
4723
1199
2504
24
1430
4179
1303
3621
4345
768
4360
2936
3437
386
4810
4497
1679
1767
4792
1570
144
3377
46
4957
747
1411
2684
4444
4982
182
4265
1698
1138
3978
2477
2267
3872
2793
2236
1433
4523
1455
3522
3479
1429
94
1375
2323
4624
1775
4047
2272
4841
189
1248
3961
4503
502
2206
4445
1829
3741
4546
592
3261
848
701
3493
3667
3291
4734
1738
2191
3034
3352
2053
930
4042
3238
2718
157
2406
769
3559
3159
4296
1143
4847
4735
2266
459
2070
4542
3926
4663
557
2617
928
1788
2883
901
3713
3696
2191
4974
1649
3413
2196
3413
2138
697
4356
2681
1615
2308
3319
4438
2764
391
2124
4615
280
4927
4026
2901
4449
181
1853
4001
1316
2844
3409
4425
38
2096
341
4060
598
1613
4872
2271
3022
2912
3333
3193
4301
4964
4807
3336
3508
2797
2411
167
130
2532
478
2218
1943
1541
1480
1667
4667
2540
656
1675
785
829
2836
434
2294
3095
4817
2465
2962
4010
2041
1028
4342
4569
3661
4559
4419
1362
2055
1408
4204
1778
3599
861
1638
1408
1047
1636
3908
533
3302
1499
4033
1403
519
3031
3607
4114
4342
963
4935
1061
1321
2844
426
4662
1599
2639
891
3228
1967
955
3450
1955
398
1915
191
2970
2249
2092
95
2036
2858
3032
616
4592
3887
4258
4334
2657
640
166
4057
821
4803
3280
381
3715
626
1693
2309
4800
2723
1692
2966
3000
3742
1738
3657
3777
3352
3920
4105
3974
1376
4274
2417
1244
1846
3600
1706
3676
3406
1249
4098
4520
3805
201
51
1139
1124
3762
1783
596
3610
917
2786
1806
323
2229
4341
1959
55
3924
4333
1004
2826
4455
404
2526
3867
3110
3854
4766
1584
2033
2805
4813
3140
1730
3087
3423
3967
2849
1228
72
772
4972
4349
4452
4827
3871
4751
1955
2397
4349
1247
4263
3785
3323
198
4968
2264
3664
4146
2404
493
1436
3855
1610
1134
1442
786
1719
3358
4421
1011
3456
666
2292
773
2002
3839
2191
2708
2878
1057
4141
3426
1129
1773
711
4050
369
104
559
3853
4207
4824
2395
382
4819
2412
12
3419
2481
2382
546
3096
752
951
4873
87
3672
455
3460
3675
790
647
2194
484
485
1875
2964
2303
550
1698
4795
203
1325
3369
1216
1101
4237
1471
2785
3114
2747
2795
2268
325
4515
1984
2363
2181
4653
2995
2407
1992
1641
2261
1534
3386
4265
1393
2371
1376
1088
2786
3980
3908
3365
3043
626
1669
1642
3242
2935
3980
2436
227
3991
41
4020
4324
3406
2640
4114
4537
2438
4350
3513
1797
2656
614
1797
2135
3247
4034
4528
1542
2605
2424
2683
2564
4723
608
3992
1815
2151
4430
1514
3374
1805
4312
2001
2033
3403
291
4991
1812
3081
2974
3347
3798
695
2697
1476
3254
3604
3990
4176
1914
444
2116
4758
3601
2990
237
1959
726
4135
176
890
4236
649
4583
3396
152
3069
1867
3260
962
738
645
984
3769
4505
1363
3571
2735
1487
3063
4595
4031
1724
3459
3091
4662
1823
4885
2646
4421
3331
1780
1358
725
1883
2910
1370
144
4699
1148
3530
4898
1919
70
4327
1877
3028
2305
4230
1237
1203
3238
592
1463
4268
553
1674
3916
998
3012
1327
3078
4686
2308
665
227
1974
679
1165
330
886
4345
2419
2651
2953
1488
1961
3573
3002
2361
639
1787
4072
1775
925
2686
1951
2790
499
4571
4110
2792
3168
2214
2118
3429
2379
476
4138
2390
2260
448
4191
4063
3873
4297
4863
1857
2642
4873
4003
1654
35
2952
2936
2670
1084
3123
1942
1433
3083
1274
1220
1178
3540
2003
127
3706
2814
4023
4660
2916
2555
553
3405
1221
3376
3325
2475
989
2100
675
370
3138
4742
487
577
1974
1914
4005
283
1014
775
4444
1964
184
3136
4562
2651
2874
1082
2643
3606
1929
2943
3120
931
61
361
2158
3712
2796
176
1941
4239
2071
71
3373
1309
4536
917
4227
3385
3051
4897
3556
4710
4559
4822
1465
332
4001
114
4776
4931
3585
4760
54
4429
4820
3045
3213
4362
2864
4133
2947
1069
634
792
1103
1021
1009
635
127
2691
4370
1238
4682
2977
3732
2106
3075
739
3275
2242
1062
760
4607
4316
3932
2121
4837
598
1659
2034
1778
3334
4121
2892
829
3595
4340
362
3315
4205
1931
3594
1965
628
3708
128
760
2135
3854
2292
4765
4316
4365
3502
4528
278
3073
4096
4562
3058
4650
2616
4340
303
2687
2342
3233
2996
2808
719
2339
1421
1155
4513
3137
754
4345
310
322
1691
370
1421
1583
4424
4021
2379
1998
4182
1157
1849
4310
77
449
2331
2936
1866
139
3268
997
3185
2377
1658
2222
76
4586
1648
3211
3987
4968
4722
4117
3106
3447
1339
3865
3666
2457
2948
2220
724
2852
1724
4646
3071
1524
839
272
1529
832
474
3989
1251
1917
2344
3286
3304
2197
2162
2867
4867
1117
457
2035
2948
2461
1093
213
2621
3065
3723
1242
3620
612
1494
3004
4669
4147
436
1715
1970
1268
119
549
2522
4246
4313
1956
4607
4032
3008
95
1364
4506
3096
3652
4692
4144
4866
3101
1511
3534
4562
1638
3460
3677
2469
6
326
1190
14
2559
682
548
2005
825
2949
4489
2213
378
3227
1364
4301
2909
710
3702
2997
4423
727
2926
2448
439
4588
2555
4062
595
537
3665
365
1836
3935
3976
219
1256
3337
607
4261
3177
181
4832
948
148
2280
3219
3296
1515
295
462
3301
4056
2637
1884
2372
4805
2191
4804
4870
4936
1423
1218
4262
3100
279
1934
32
1379
2559
4639
36
3939
292
2384
1006
3820
1229
4517
2922
887
3722
3802
468
1941
3017
1820
1507
3862
2902
3119
277
487
2854
664
3190
2583
4953
4664
2852
4981
840
2937
3605
4801
555
4863
842
1166
730
437
3112
2048
4299
4737
4680
989
3935
2666
4848
3338
2456
3187
2443
493
2372
2940
1863
1386
40
3249
1949
2175
548
2114
1428
4723
1984
2692
2065
1678
1589
1021
1126
3905
4069
1475
817
4322
2627
3920
2181
1296
4300
1086
1192
3886
281
417
2226
151
4354
3647
38
648
3124
1593
4743
1082
3821
2536
4190
1214
978
3961
2489
4162
3320
4256
4436
1949
3937
1199
4647
4413
3931
1049
2273
2394
2721
497
4636
1661
4960
4357
1214
1398
948
4044
170
2343
270
2027
3749
457
698
1058
3411
2300
2300
1406
1971
4847
2744
2632
2869
2041
321
2234
1602
953
4510
3145
3217
4800
602
1557
2563
3222
2296
3583
3654
3416
2275
4366
3295
4584
3279
4982
2583
868
710
2204
2103
4400
2885
1356
3694
3058
1150
2828
3787
3821
2800
4257
1560
2168
1407
4591
4864
1371
2866
1611
62
2610
3872
4542
903
2703
4899
122
2911
4711
3518
378
3006
731
308
2757
4046
2716
1024
2493
4120
3481
1185
3182
3978
270
1851
3711
1010
2664
1334
1926
373
1933
2819
712
4129
3611
3140
3092
2483
1277
687
1919
1890
1210
1698
552
9
556
264
3075
1153
2663
2303
1129
3831
3509
4755
2459
2538
307
4166
3151
3654
1228
3111
4054
1457
1909
1566
3442
3131
457
536
1652
4897
2611
3664
3138
4492
4450
2523
3853
1478
2675
713
3568
3481
4557
49
3255
3413
3507
1336
4732
4790
2109
1300
338
4739
3674
335
3812
838
2842
360
2655
3333
1120
284
790
518
1145
2375
1322
2137
4546
4834
1953
3095
4796
747
825
4067
3575
2804
2867
658
2045
3373
649
73
831
4238
1848
3313
526
2691
1580
190
152
4325
4772
30
73
3058
1756
2962
3719
1256
1514
307
4144
2795
230
3762
1054
3667
597
2179
4874
4353
1098
2566
2149
4856
4147
2109
2801
2049
507
1434
4242
1079
3819
3191
4950
782
4350
3058
291
4584
842
4658
690
2102
515
2509
2526
318
2414
3399
1387
1922
3717
3595
4537
4271
2807
4004
2956
3555
262
3583
4039
359
188
599
2160
2860
698
2157
2869
4051
874
2877
1648
4223
4925
4321
639
2987
4769
3894
131
2735
995
1999
1717
4225
2162
4592
370
3757
4450
254
1306
751
533
1376
4544
318
1720
274
1052
1474
4621
2978
1557
322
3877
3591
4062
1487
2241
3534
2886
1346
444
4477
1937
3247
964
3141
2639
3830
3856
2143
922
4525
2815
3056
18
3115
3653
4430
3739
4961
2654
4694
4169
1841
1772
3755
1972
2681
1897
1568
4960
3864
1393
978
4463
4573
4505
805
4568
2144
1143
2949
1001
4894
1966
4760
3438
4498
3329
4743
2527
373
4274
1552
1443
4888
1465
2558
4168
3975
2568
376
1650
4956
816
2752
1657
2914
1331
1492
1892
758
4191
4309
1305
4262
3344
1568
1058
4045
370
4994
1236
2854
259
556
675
1653
940
1046
1400
511
3003
1542
2503
2999
3393
975
4643
4531
630
2083
3703
3308
1758
3691
1829
721
4069
4087
541
288
4401
1684
2141
1542
1887
395
825
1951
3059
4101
2310
4708
873
4217
916
1076
2484
4302
4302
3202
3705
2457
245
3460
4245
1101
420
2762
89
4414
4805
4966
4207
1399
1160
4102
4259
2635
3671
1146
4373
1394
4429
3954
3187
2887
790
3855
792
4175
4218
3471
1083
2101
2829
4373
4123
5000
535
1618
3869
2532
1033
3903
914
1146
2551
1513
2501
514
2158
1919
2419
4158
1974
12
4378
2594
3102
3696
2590
2781
3382
3823
1248
2122
1363
2812
2417
1888
2772
3733
1337
3766
2891
1450
916
134
4030
1792
4014
4206
4275
4972
3589
4795
1975
4122
3388
1873
229
2671
2790
2671
698
2470
2804
3922
4028
4020
4997
481
1671
2176
1283
2563
1136
4800
2765
1436
2195
2714
884
4870
2857
1624
1846
2417
906
2857
771
2036
3547
4814
144
2088
3188
1676
204
1141
3748
4739
2922
2445
2688
3607
4907
1581
3976
3356
3932
905
2283
4880
880
1904
337
2979
2005
4841
2889
2141
6
1280
2929
4657
2773
573
3761
3925
2718
2178
560
593
485
4516
3235
373
3021
1993
1732
2328
998
3639
1694
1539
177
60
4608
739
1473
1197
532
2778
3417
4074
1336
4161
4849
1295
1930
3910
213
4131
1322
1360
3971
2582
591
3360
547
4978
4198
3967
37
3991
3211
1485
4076
2622
740
3949
2150
3732
3239
2365
216
1662
3889
1214
3750
3300
1146
922
1213
3420
4498
834
2042
2736
2570
1325
1111
2536
4084
2686
2878
565
4685
2228
955
3449
4439
4426
4521
607
4463
2259
3750
829
1745
3012
593
3305
4867
3289
475
4650
2804
214
1453
4377
1909
2619
3455
3032
2245
643
2838
2788
3634
1234
1203
3485
3472
3740
619
2114
1346
1047
1768
3855
2117
2094
3639
1232
2015
1296
1599
4401
2499
1337
4461
4603
4881
2185
2547
1628
1128
4567
4302
190
2943
1398
586
3106
90
4707
1038
4136
4265
4761
3598
2613
2013
4465
2950
4404
1325
976
1432
1730
1545
4316
150
2640
968
2516
1820
1330
4946
1744
3086
4401
2154
4458
1217
3195
3631
683
4937
586
2040
1601
1115
2097
3999
257
2743
2156
2690
3811
3040
4031
1168
4376
164
1091
282
1270
2511
3572
646
3708
41
17
3320
1350
1576
1895
546
4171
3340
246
1936
1019
4109
1869
1079
3655
2436
2091
151
847
3912
2347
4845
1660
4393
112
497
3711
3226
3096
586
4867
1922
450
2505
1382
2622
1557
3859
2666
648
1816
2336
4711
5000
226
329
4170
1675
4937
1237
3082
595
4068
2740
1987
3495
790
1181
4858
4859
246
4730
2279
2945
4555
695
4379
3129
2447
929
3305
1759
2060
3425
4116
4274
2472
862
2517
195
907
3522
1293
3700
2563
804
983
1600
1940
1
3495
1386
4634
4833
3843
1544
1979
749
1631
330
625
92
997
3378
3578
4230
390
4932
1675
2596
1108
3971
1474
2703
1433
4416
1512
2117
3574
4614
4913
1647
216
4790
4242
4637
2278
1663
186
90
883
191
4148
3862
3104
1311
2785
3222
2659
2871
3859
606
2499
3046
4997
2028
3103
1120
1079
4247
2065
4254
1233
903
4768
3342
263
3110
2215
1658
3267
3850
2708
1271
406
4354
2912
4956
2177
1475
262
4239
4458
3572
2594
3895
4457
1977
4054
2878
1825
1984
1637
4013
1816
4466
1077
647
3995
31
2173
1995
4462
3674
303
2917
2392
440
2657
4607
3045
3436
280
2323
4743
3827
4915
4551
2759
978
2506
3287
3749
990
109
1018
2024
4300
1908
983
3378
660
11
22
1793
1401
672
2924
2325
4049
645
3664
3390
3855
4156
1650
2374
133
3587
1420
1112
2657
405
3564
908
564
906
980
1110
702
3993
4000
3208
1639
176
1530
934
3398
1561
695
4651
2625
3510
4337
3028
1971
4022
1430
2169
3757
739
1534
4708
538
4210
3086
4710
32
2865
2031
4802
684
4907
3524
2878
107
2252
54
2782
4334
2340
3130
3899
1365
4843
386
610
994
524
2670
4909
2752
2237
1426
4707
1226
2255
218
4073
2172
468
2420
4175
3947
2170
2970
519
4223
3146
537
4428
1154
2436
3656
1485
1576
1172
2527
2077
1062
1976
2143
2346
338
918
1971
2568
1855
4026
350
4575
2929
577
2070
2814
3926
1980
4978
2696
4083
3318
1655
2052
3146
3423
4535
4997
2839
561
373
2808
658
2731
1940
1928
752
1376
652
1363
4125
2260
525
4757
4637
463
3772
4051
723
22
1474
3810
3769
1602
1419
4340
1003
3469
2338
2076
3572
1974
3071
939
3920
2567
2730
3816
2077
2281
3047
3247
125
1657
123
3628
1565
1707
752
2529
3890
350
3321
2768
969
3442
4863
2839
2840
3369
4757
291
2668
2728
2644
3258
3861
1310
1775
446
2959
1623
4781
1597
1970
4731
58
536
3314
4037
2294
1411
2230
4788
1541
907
2143
2990
2115
4494
3252
877
1280
2451
4214
554
2135
2066
2616
3939
1088
1396
3329
2620
3337
3209
1264
4010
3929
696
560
2005
3063
3401
4638
275
1681
4921
2431
837
25
4554
1646
3667
1392
3471
2509
4401
490
3178
129
4725
3742
4600
917
3799
173
1374
4755
485
1552
1184
4699
4861
3803
3362
1365
1982
2873
2678
2505
743
448
1783
4195
1246
1579
2421
1209
2401
2675
4523
3158
949
2189
270
3116
1785
264
2542
4461
532
4119
2048
2780
242
3735
3176
3308
3660
4407
3488
3657
2095
4609
1416
4272
42
1638
1948
698
3001
4090
3496
435
1296
1108
1652
884
2902
3952
1846
1287
2071
4759
1580
4218
2974
2349
2608
2495
2877
1547
3099
4688
4079
2572
433
294
3778
2899
2757
761
221
3183
648
3108
4919
723
1696
413
2861
1358
3803
4220
1417
1239
2318
3295
215
224
1658
4647
1227
1871
3175
4773
1737
4866
548
458
439
2873
4578
4139
1022
1302
3005
4911
3676
4247
4495
970
4545
2594
4067
2489
1486
4003
553
470
581
569
2318
4033
817
239
1553
4283
3477
577
2193
1919
4943
2984
4698
1880
209
1817
2205
1856
651
2605
4524
504
1364
3280
2941
3735
4098
3644
1688
4706
2408
2636
1546
3503
4877
2500
2571
2423
1301
1888
2468
2431
2096
676
3931
4119
4772
801
316
2898
763
4288
2378
968
1888
3434
4425
4391
1837
1943
324
4663
2110
3445
2630
2479
3642
2259
2119
1831
4395
2585
2096
3642
3508
256
4492
4283
4141
4480
3525
570
477
517
3755
2494
570
2869
1487
370
2375
4952
4441
3956
1412
729
2860
2203
770
695
3234
976
3273
1504
2320
4130
3987
400
4917
3133
1435
1300
1382
3043
273
4898
490
1459
2449
2644
4746
3360
3519
2416
2528
3888
4306
1208
4057
570
4488
1154
257
4820
3304
89
2871
2525
3617
1114
1692
2417
1827
943
3204
4587
4155
2140
3379
4034
2178
3281
4664
4477
2404
1434
1910
3467
854
4931
412
4127
820
945
2341
817
3649
4951
4638
8
4218
3065
3062
4612
3704
3664
4440
174
4532
4887
4111
4621
4167
1746
739
3825
2869
840
708
942
498
3225
3079
3519
1091
4181
4985
676
531
4748
737
3657
2109
2916
4943
1178
2586
4946
2570
2140
1502
3461
2680
2010
3977
3585
1827
4567
2586
2677
1293
3302
1036
1801
2795
2961
2372
4394
3979
1820
2689
3014
935
4540
4614
395
4063
3182
4134
1126
2328
25
987
3949
1313
1491
3716
3085
221
2748
4248
3789
3983
1249
722
4368
1976
611
4356
3633
2134
4253
1925
1978
1357
3441
4203
4194
2173
1140
923
4085
319
2752
4534
4835
3432
309
2049
4427
2332
3678
4207
885
2165
461
490
2251
72
3736
4277
1474
664
722
4560
2726
1732
554
1569
952
3330
3156
4862
72
1272
2265
4871
3474
40
354
4650
410
3103
4417
2490
4900
4358
4139
3870
4716
4074
4578
1519
4224
3016
1757
577
3785
1968
2634
4127
3349
2984
2297
2803
3599
1054
321
573
2514
4430
1061
4846
1634
733
1715
1758
4551
1047
3790
1140
1892
8
1891
364
1589
2705
4370
3820
4070
4998
3724
681
1222
1685
4805
2295
2391
4462
3721
1262
2827
4396
4291
2241
1338
380
3405
1791
1585
3942
3898
3737
2622
3618
1582
965
2738
1637
2758
3617
4924
3922
3927
3075
1418
3755
301
521
3872
4201
421
2267
4551
793
2226
4747
4557
841
4553
1727
1191
835
2596
3897
3522
4748
2966
3869
3576
2510
3659
648
4501
4685
3285
4080
1702
2326
3886
4396
2100
3055
2574
2700
1047
2440
4781
345
1779
718
3711
1176
4114
1228
3270
4630
4350
2587
2563
2798
1193
1421
1180
3824
90
209
1998
3189
928
1532
2637
407
2231
4568
3413
3359
1550
4065
3888
544
3715
4830
1787
1141
260
0
2459
1826
1840
845
3465
1168
4842
4647
2216
4564
4272
3742
3321
1720
28
2394
3872
2329
3429
2139
3998
687
1440
1629
2126
1884
2373
3362
1642
3225
1146
1234
1307
1351
2129
4566
992
114
587
1707
3947
4888
4738
289
3251
2547
2100
2050
146
1172
1370
3285
1949
3894
3977
2648
4638
4213
336
4996
4365
3507
833
25
3732
4728
270
1088
2565
1761
1147
2280
4056
1669
3318
3097
4093
4160
1175
2913
1205
4609
2008
53
452
3098
4310
620
3349
2986
845
400
2017
3167
2901
4262
2573
4424
3327
1425
3171
3948
3141
3701
1595
997
942
773
4075
4290
911
4883
1304
3433
818
947
3717
969
2684
3006
2927
2048
4837
2407
1843
1869
3472
603
2059
1511
4141
4161
3048
1115
1144
1840
4354
1543
1923
1054
1735
2023
2673
3039
1689
4719
3087
652
3723
909
3731
4756
1877
2467
901
2065
799
2589
3630
3987
4865
1366
4582
1171
384
4633
3959
131
2078
2009
2680
65
2964
1202
110
4803
607
505
202
2050
786
3727
2470
201
2783
4548
4129
4850
3114
2201
4712
4392
4506
3196
1913
1283
2600
3956
3042
3731
1125
710
2930
4379
4337
336
3704
2869
2452
4853
3131
2353
4106
3699
2069
2067
2684
2595
3642
1702
301
2528
974
2085
135
3072
4986
1555
1246
3582
2299
3956
186
927
1828
823
4145
3331
3632
4134
3609
1663
1172
1570
3015
3207
4056
2724
527
4537
2555
1810
2575
887
874
1380
4479
48
1103
4801
1326
2734
2531
555
3995
4970
3220
1631
212
2191
2330
3233
3904
2288
2768
3185
4795
1538
3936
1770
407
1336
1449
2529
878
3647
2802
347
2382
91
2195
511
3318
2102
1004
1564
2721
1135
4253
4945
886
996
2482
2466
3157
2051
3457
3945
524
3496
2732
4088
1919
2957
4126
3993
3818
2440
2325
2676
1699
2215
4735
758
3820
525
280
1751
3004
3648
4882
267
2755
3660
2067
4759
2941
1228
1035
635
1495
2398
2689
2743
2661
2431
319
4997
1070
2206
1337
1369
1156
290
536
1608
2607
4407
4523
537
1567
563
69
4509
2617
1695
4882
1454
1404
3878
2052
2433
1499
2990
297
4171
2557
4238
2677
3658
2950
810
2307
424
1188
4962
2977
3856
3795
3829
509
2165
71
3837
4338
2323
4852
486
734
2562
4479
1570
2448
3474
2298
3761
926
3065
4514
2155
4917
2282
1175
1748
3722
3052
2098
1063
1329
1479
1170
1174
2542
1849
966
4070
2873
367
997
2708
141
1719
951
3816
44
2810
632
2076
2266
4193
4697
4874
4449
3065
1811
811
170
4711
4276
698
524
4237
1690
1516
3474
2336
2372
245
118
75
555
4555
2980
4662
1835
1920
1282
3865
3061
2304
2743
1520
996
2493
1317
316
1874
2242
1104
963
3490
863
3355
632
22
25
3133
922
4863
4575
2021
1946
3059
4409
942
624
4147
4017
2458
1966
149
1221
2748
4524
1405
1188
3611
1936
4033
4641
2296
2700
458
474
2762
4486
3644
1249
2483
4473
1147
2163
2616
1587
1771
3255
1252
4523
1239
4519
2292
3294
2917
2816
3239
3845
3782
2211
3449
1307
4704
2402
3427
4960
2013
1505
958
3411
717
1777
1489
4493
1148
3030
3813
3866
4263
4320
251
4832
3574
4011
3523
1660
4428
2207
2345
116
720
990
3730
2633
921
629
838
4751
60
3154
2887
4460
2281
2620
4754
3949
475
3498
27
200
4845
3444
2749
3338
3536
757
2310
3304
1406
2303
2075
4809
718
3001
4958
4170
373
3497
1807
3164
372
783
1638
3044
2530
4843
2614
4328
2991
40
4570
4220
2120
4028
3367
2187
1678
3594
2672
253
1713
1681
992
338
55
1735
2783
2980
1041
240
479
1158
1643
3
3845
2895
4973
3168
2829
771
4285
4664
1600
2540
3296
2799
1664
2303
432
1740
4639
4964
4458
1554
943
514
4938
4932
4827
586
2762
3496
434
2167
4710
3641
3104
3094
1193
1745
1664
4818
4852
205
2764
1322
1885
4083
2807
3117
3248
2947
3626
2069
4583
216
315
415
2282
248
4663
1903
418
752
1777
867
2785
2767
1125
3440
4547
1850
1669
2090
3136
238
4114
337
3016
2352
2896
2774
1636
4958
4003
2478
4398
4798
2659
401
1085
4860
3307
2708
2290
1035
4853
2355
1671
4898
4566
1463
347
724
2435
3440
1088
607
3
3451
584
169
630
2189
4602
1879
2390
3712
2022
2928
505
2024
242
553
474
2329
4832
4456
3743
536
990
3858
2560
3061
3245
27
2639
2864
3703
2845
4385
4375
4375
3470
44
2892
4134
2317
346
4018
2828
3117
3589
3682
4581
1740
2734
862
1999
4101
4792
4463
2234
4508
153
3831
4183
4887
4946
2050
415
4568
2537
4706
4927
4466
1218
2626
1858
2871
564
1125
1989
3808
4906
4392
146
569
1434
2389
2166
2049
443
4862
3163
2222
4862
569
4193
3882
4026
609
2425
3614
593
2267
3715
3789
2835
1025
3823
1040
949
1821
397
47
3017
1610
4286
931
1522
183
2397
2846
2949
2187
4986
3124
3422
1744
2107
1434
1702
1958
2119
3994
58
4602
2642
3399
3048
2556
1484
1447
3605
1248
4045
683
1705
4084
4730
1299
4842
4895
3752
4590
1480
3914
2093
4412
779
4343
1015
322
1329
4455
4489
2098
3261
2112
2308
2577
2194
2317
767
4089
285
2539
2804
2916
3318
3806
4325
4237
1261
3130
821
1654
4893
4033
979
62
1500
969
3637
3902
4827
2708
3065
1764
4520
1804
4567
2365
4453
2127
3984
392
4068
4976
4447
4789
3377
898
1769
4
3533
2066
1329
3248
2645
1218
4566
849
726
2122
4795
4938
4377
833
1735
440
1946
4867
4700
1797
3847
375
1785
654
3265
3677
3029
3502
3562
80
2842
3099
4322
440
237
301
1646
149
778
71
1252
3382
2381
2546
657
1173
4624
4579
1442
3646
1646
922
2124
602
1026
1549
59
1041
2980
1040
4549
3370
2511
1195
1456
2574
2647
360
2049
3946
1710
3094
1931
2339
3976
3797
3323
873
1096
3011
1595
3264
1982
1603
1841
3408
3317
357
2042
1461
130
2616
864
1522
2432
2707
585
1479
4480
1607
495
879
361
4497
624
1641
2240
4054
2818
522
112
3611
2894
2818
2394
1940
3209
1280
2180
1729
1238
4477
4364
3497
4415
1471
1311
4637
3071
182
3613
1203
859
297
4850
54
2117
4160
667
2496
1247
3071
4744
71
1867
208
3039
3966
204
1476
1051
26
4308
589
4733
835
1567
3884
4948
1112
1266
2793
4326
3687
798
1379
2356
428
4063
2013
1499
2409
4700
102
4128
1013
2476
2093
2870
1737
4223
3422
4090
4678
2500
4239
2363
1276
3805
3188
397
3368
2752
1732
3308
3473
2108
1524
4825
3318
4670
1296
1367
661
327
4505
4261
3952
2689
4730
4674
1443
2652
1234
488
1471
3986
4742
4487
3725
3047
2243
4056
4688
3363
4695
3173
739
3443
3963
4811
2625
3048
133
2836
1729
3527
972
3383
32
2602
4303
2479
3214
4189
4630
489
515
3497
1510
1991
3763
3614
3387
4434
2855
1768
2275
3081
4268
4856
279
3421
1338
4882
3107
2256
2867
3806
4386
3013
1483
850
2759
4560
4014
2325
2487
710
82
1204
498
1593
2377
1483
4460
4821
43
3876
618
212
3796
2082
2603
4631
4176
2949
2545
3548
4846
3712
2963
4387
4642
4082
4344
3211
1278
1888
3862
2536
3693
231
3113
4018
4834
4550
132
1077
4310
4270
1924
1445
66
297
4434
3966
1276
1920
758
4519
942
4049
1180
3148
79
3490
144
1960
2499
1584
228
1824
677
2527
879
1504
3901
1798
912
3939
2943
2344
3213
3589
3334
3062
797
475
2162
1978
3915
3868
3591
3009
145
1943
4676
3273
1337
4082
4949
1353
2604
2474
2072
2488
2112
2020
2454
1326
4546
1937
2609
2876
1619
1997
2865
3502
2368
2765
2680
315
3839
2559
553
3404
1880
1789
2837
2974
792
3144
1144
2328
2804
4298
1203
3400
4285
2037
2567
907
2269
4184
542
584
788
843
1429
3423
2664
1890
1995
3612
3276
1520
2914
423
2135
3190
2953
4086
2440
4639
4879
1166
84
4165
1859
1180
2219
2397
449
2676
1493
4504
2621
2056
1668
3
1866
3905
3457
1581
1249
4911
2410
2741
1600
1389
3057
4731
4256
1421
1855
378
4205
2655
1703
209
980
3655
2702
1890
4334
3818
4771
2668
41
1616
2631
1496
4449
2345
4685
1114
3793
2578
1918
3263
3222
4303
4812
84
3361
4864
3389
1630
948
183
3107
4323
4309
4937
1460
2476
641
3316
4679
3676
75
1831
3008
3558
1946
4214
4866
2064
4929
252
2167
344
3407
684
740
1788
1144
1579
3037
1464
2010
874
4322
1516
4298
258
1583
2240
2060
485
1798
2232
2422
4205
2100
500
3896
1557
1513
4502
4676
926
2155
3024
3404
4290
4083
2331
243
620
66
518
4759
4706
872
1232
2061
1688
138
1583
2052
1028
3151
3419
1416
1903
874
3860
4009
2413
1040
3528
4973
1456
2031
959
25
4608
3296
4659
4139
2500
4386
2395
3710
3352
1783
4484
1581
969
696
4813
4889
2058
4979
1791
7
3369
2825
30
1482
2515
2999
1206
2938
2525
1118
3254
1734
2653
4137
371
1409
4227
3794
1792
4875
2597
356
4919
4599
1611
889
3928
2867
1917
92
240
1632
3048
3804
495
2209
1498
3485
2323
1849
3846
4621
4154
2151
4801
2471
3312
3888
2392
4938
476
4583
3375
34
2525
2821
4025
904
4398
895
32
4093
4850
175
1189
4143
3156
1046
12
3338
2107
260
2633
2820
1794
4813
1245
1001
96
4263
1456
2791
1299
3842
1514
2128
3342
4479
2097
2170
2428
203
1535
418
3123
84
3318
3095
3386
2486
2576
4187
2516
1283
1640
4105
642
1868
2404
1791
3705
1102
1851
2938
3433
2802
4779
3856
4318
4926
734
466
2432
4936
3261
1296
4406
2238
4732
1140
624
1826
946
2830
2608
1096
329
4034
4913
1816
1385
3608
1793
1587
3736
598
3389
2055
4026
4823
3269
2322
219
4336
3706
2274
999
2450
4238
569
317
4050
3685
3987
60
311
88
1214
1477
4115
4755
4006
2917
614
3421
4580
3217
3393
2310
4929
4055
1943
4206
1341
1866
1578
1952
4817
1628
4933
750
2251
1375
728
3348
4009
2238
325
2876
207
2805
3215
4784
2362
153
3082
1568
3372
199
3730
90
3492
4424
1119
2997
976
4552
4852
503
2263
4615
3412
2307
677
2238
3497
4099
4046
4143
4826
3053
615
2360
2496
46
719
1556
3819
3137
657
3145
698
1328
4642
3827
4072
162
1417
1235
964
4620
2271
2874
1896
4469
24
1389
3375
308
4879
1800
2890
332
3640
3710
4592
2140
3021
511
2100
63
4778
928
2846
3027
1319
3197
599
3230
46
3328
2293
3433
4663
498
4382
2332
3903
2775
2796
3801
3517
2016
459
3798
4491
27
875
1859
756
671
3851
1407
3794
2331
25
3975
2616
3426
1070
1303
1637
3677
47
3011
426
4144
4508
1110
1759
1713
1803
4145
522
2807
4831
358
2282
4649
1822
1736
634
3043
2171
1482
2561
1403
3284
4506
10
1151
1848
339
4495
2492
650
4946
1924
955
317
780
587
865
315
3810
388
1656
3133
4329
479
2415
4840
3515
255
4475
280
4778
1714
1129
3236
4995
3296
3599
3635
654
4145
4056
1623
2107
4504
3040
1056
3707
3414
1812
1254
4115
4656
1682
987
949
3968
2489
794
3703
2641
3433
1696
2312
1782
4355
3042
2814
2394
3375
3308
1674
4169
376
972
2360
4522
1266
1031
317
3709
4952
1179
1143
1500
3479
2458
4994
4349
1307
4305
1651
726
175
965
3936
1471
2676
813
398
2342
4466
2841
57
3385
2797
600
4498
4738
1185
1775
100
2789
1052
4810
1262
661
2159
3330
3986
3918
4121
134
437
2022
3850
1094
2854
4925
1674
1181
3556
3696
4330
4147
4102
3661
2520
870
4352
3385
1333
200
4501
841
3712
1982
3614
942
1463
2748
2646
2055
1477
3218
803
755
641
33
1803
2918
1761
361
1111
2238
4444
3122
1184
4885
2858
3845
1274
498
3372
4094
2679
3422
739
4329
32
7
3293
504
2606
3001
122
1665
115
1106
4372
4981
3761
2649
3106
2692
1476
3116
59
3274
4289
2692
2889
3054
3060
2117
1811
356
1912
4400
2471
1405
2846
4411
3408
2321
634
3138
4470
78
3888
1516
4682
4097
281
4586
53
3448
4585
2601
500
4980
1304
4640
3375
2811
399
1014
3947
3692
3858
596
2277
2774
1208
1227
2049
4668
249
3333
710
4016
1806
2169
4059
1983
1061
4968
1098
2698
4316
3710
174
617
4701
3745
3018
2929
2207
543
2672
1839
2990
3653
1176
1744
3191
1883
4870
3574
3391
4202
447
2349
2687
182
3662
2811
3266
4491
4723
4521
2797
116
1841
4255
1856
4591
2476
4622
4979
3470
3195
446
2227
4094
3442
3841
949
1430
1092
4984
3721
4130
617
4084
3487
3055
4364
2310
2861
4653
2476
1975
4211
4032
1969
3800
4213
2090
2578
3658
3469
3777
4295
2724
2041
1252
542
2563
4502
3237
1774
2440
2140
2457
3790
3741
2724
4866
4387
214
1520
4316
842
3326
124
3621
3557
3534
3466
1521
3663
3042
1768
4117
1679
1712
352
4581
3467
3689
3048
1982
2434
476
48
2928
936
1429
1682
4045
2146
4190
311
4190
3112
1938
1933
1161
2414
259
3128
1897
4595
1417
2655
1336
4809
4452
3355
4491
709
910
3951
1068
2298
3270
1290
2003
4451
1548
4838
2182
3065
3566
704
2857
4883
771
1193
4745
4101
1380
369
4874
498
2674
44
1512
126
2705
4661
955
3439
701
4724
1506
2206
4074
1018
3342
854
1810
4654
2166
327
4094
4610
225
4700
1582
2934
639
2463
123
692
2745
4116
1569
996
4390
1884
1169
937
3460
4338
3746
2868
1938
2894
144
1842
4473
3938
1011
2850
2368
1685
1180
647
4497
3104
4964
4380
245
3939
1352
4701
3206
4203
2542
4651
3188
3669
4618
801
1573
2289
4543
2707
860
1370
1196
2197
2565
2549
2071
3521
3673
3421
1336
4568
2056
1275
4147
1384
3959
697
2983
2109
3924
2441
3014
3925
3291
3063
2625
2224
4644
1313
167
2795
1402
3220
2536
1093
593
2088
3960
3383
2430
2399
4605
473
1756
2019
747
4210
983
3898
2652
4470
1562
2388
1685
3749
2363
617
3929
2604
709
3413
3219
2571
4569
1202
3907
3826
4195
3059
4379
488
2013
3201
4134
3851
2779
4731
2295
3359
1387
2370
1349
2700
3122
401
104
3132
3529
1826
3367
3827
1084
4703
930
4851
1887
146
3337
3552
3187
739
292
2632
1532
4992
1728
2523
1350
4775
2427
3100
3001
2559
2430
1703
3921
4967
3795
4635
4986
2882
3745
4004
1176
1840
3958
2084
2632
451
66
1710
4102
2344
1503
3501
2629
3540
2400
3904
4896
338
2494
1634
3663
2227
1480
1231
4219
1144
3215
1249
313
77
3951
3028
1273
32
3382
1168
247
1595
1579
3488
112
4220
1043
2104
4129
194
2258
691
3584
3428
2057
2983
419
1089
3428
1216
4526
3191
1499
4606
3016
2030
3042
1107
1276
4072
693
1611
1958
1154
1947
1051
1421
3087
398
3330
3882
1271
2352
1133
1603
1146
4179
4348
2855
894
2519
3641
30
4180
111
1559
2091
4907
1036
3565
2730
1783
1442
46
3948
882
3905
2326
2392
4542
4993
1921
895
2217
2981
1380
4096
3137
1029
943
593
664
4335
3779
1973
731
2420
1805
4636
181
4783
4238
2656
3491
4486
3994
1555
4130
4401
2690
3983
2942
4644
1194
1121
3553
4475
4640
2784
556
4007
3700
2235
79
2717
963
1962
4779
1446
4289
4061
3137
2333
892
744
744
3440
2792
1485
2743
2099
3914
3317
1742
912
4717
2581
3215
1302
1521
3477
417
547
4852
304
2362
2267
2584
15
1373
683
945
1617
4761
4788
3525
2203
4280
224
3429
4130
3401
4205
1126
2119
2799
3073
1761
2223
4443
1622
3479
2306
3647
4707
3550
1336
2136
4450
1931
368
4668
3783
3105
45
2079
2913
4398
1187
2638
149
2525
1050
3733
1982
4395
2897
2648
1357
1970
1318
4898
1005
3587
2623
4184
3983
3004
4629
264
4470
2271
3025
3570
261
342
1753
1701
1218
1988
86
1803
464
3490
669
4775
1035
1540
3314
2923
3725
3432
4554
2733
424
2381
3899
4842
4725
1866
3313
3298
1243
224
2274
219
699
2459
177
2204
881
3924
445
329
4159
4135
2452
2263
1439
2258
3039
2535
1809
969
3738
2772
1097
2346
299
4386
2008
765
4100
394
2468
2091
322
3821
203
1390
170
2919
2077
1204
2285
3405
3081
2853
1103
3466
3093
1368
4145
2830
1513
4581
2326
2599
188
3183
3056
2325
3930
3919
672
1166
652
2207
4985
4235
2132
4222
3936
4252
1891
4586
4702
2610
4623
474
1676
3405
3462
1014
2537
3642
4222
909
2775
2274
3137
1235
4016
4558
68
4763
1151
4671
327
4892
2362
3406
3975
3127
2059
2456
4449
947
1547
2195
2834
209
3410
1592
888
4292
3150
4499
443
4159
3656
1325
1186
2350
4665
499
3316
1235
1675
3468
2639
1079
3642
2479
1036
493
432
2961
3081
1210
1779
548
1951
4364
1979
3272
1737
2729
1588
1431
3005
2841
3312
4584
4791
4920
4233
3004
53
226
3635
4239
3379
1181
2850
4213
2930
2674
3674
2415
1481
1027
4321
1339
1814
38
4198
2825
3505
2521
1126
4918
4977
336
1020
4794
1372
4016
3372
2401
2181
3830
2239
3289
2810
3675
204
1083
2672
2601
605
2599
4773
2152
3545
2146
391
1115
4815
1037
4114
1616
2601
3484
3897
3285
266
1924
3772
4357
1618
516
2578
2806
3977
3347
3721
4208
2153
4302
4490
3849
1078
4323
2571
1675
1857
3529
3318
4448
1035
3329
218
1516
157
1868
1786
3923
1138
2823
170
599
2452
4941
3735
532
4626
4967
1126
2311
3525
4462
4642
2117
2603
3580
3134
1817
4201
2636
1469
2131
3936
4057
73
1025
4514
3884
4334
1599
1029
1216
608
1081
2150
4903
2254
1676
1788
3377
800
204
4612
4112
127
1846
2267
1607
2411
2336
2665
3154
3655
3593
274
2037
2308
1967
3697
4077
4051
2634
3756
592
2994
4265
4482
1549
400
4633
4851
2965
3184
143
1741
4881
1853
227
1008
1722
1310
625
569
2889
4155
4491
1270
3397
57
4866
4755
1277
4618
3003
118
1556
4507
4055
1175
438
3270
170
2283
3791
4509
4428
4806
1432
939
2861
2710
4990
4002
3842
4494
4119
3838
2888
4277
591
334
2676
4828
1323
3046
819
1780
2119
4242
2108
3069
4368
1909
137
4934
619
1928
2155
1591
3127
3033
1399
2625
2118
858
4102
3523
5000
4364
2422
4611
358
1094
3635
111
1308
3332
4059
2905
1329
3542
23
2747
3122
3660
3972
302
3598
2006
3779
2768
1487
471
3394
859
3155
1290
3145
1941
486
2542
255
3148
2197
873
4149
1459
4051
4803
778
1013
4309
3850
4401
148
37
4646
2480
2514
4242
1303
139
1786
4130
863
2296
1133
3541
1137
3266
1286
1303
1216
4309
480
3743
3552
3344
4215
4761
826
4167
2849
1680
1512
2642
2700
343
3701
1902
864
1404
4044
880
1993
1208
2090
4999
290
3592
4084
972
393
2966
4035
299
3751
1596
75
1178
3370
124
1276
4674
4447
2504
109
2332
3097
2795
2530
4428
3643
4158
3680
3126
1929
4197
433
2150
2027
1969
3476
3526
2998
1037
669
141
2166
3343
201
4388
2687
1434
526
846
922
2898
2113
2970
4244
2053
4956
3602
4376
584
1749
4877
2474
1923
2900
2841
4737
3619
741
2812
3130
3070
3091
1495
2619
2481
3673
171
1582
3351
1458
3330
280
2842
1076
1578
3169
1234
1621
1633
4622
337
1395
3779
4140
1607
4032
4722
177
2684
4599
4961
2851
1570
1695
1779
403
1740
1465
3361
4443
2095
4534
2121
2940
1994
2172
10
4341
2401
186
2954
3935
4178
4487
601
3798
4419
2165
1967
4661
1853
1083
3262
1765
1920
1632
3492
848
817
3260
4267
540
2471
2593
1323
1130
2886
546
1559
390
1964
1408
2693
2029
4028
2714
255
262
3427
3136
364
4847
3863
2296
1035
3528
3241
686
2447
3894
3970
3143
705
1471
665
3151
1344
1925
64
4507
1644
2057
2352
4898
821
1095
1887
3610
3432
2984
1598
139
4662
1004
959
2239
4506
4863
3628
3092
1321
2733
2716
746
3467
475
296
161
4350
2873
4963
3442
29
3317
475
4474
4196
3254
2339
1834
1453
2346
1795
3781
4309
959
195
4685
4075
278
1349
636
1960
2531
1254
3715
3078
2448
4640
2629
4569
1970
2751
2112
1264
3812
4122
4076
3080
1689
1579
30
204
3401
1336
3369
2826
3424
1681
2013
1416
3902
2905
2689
1473
4458
3183
3926
1132
4642
2361
795
364
4
12
4591
4426
822
1047
3501
251
712
1517
1323
4768
4131
750
1757
1810
41
4422
3086
3953
2930
1915
354
4287
72
1584
2067
3280
1618
2833
1170
1123
4919
2145
3496
2163
1607
1716
2697
3176
1465
2333
1091
3912
93
2792
615
462
4570
482
1999
4898
870
3142
1896
895
2904
2509
4262
4973
4715
4397
2286
2262
2267
2027
3577
4282
2077
3426
1576
1990
997
4029
1169
1501
842
956
4582
2303
332
2338
3046
4929
4951
2845
2444
4613
63
4067
1022
1013
4456
1454
3688
4412
3106
4812
531
3452
1978
4070
2994
3951
3622
1264
1698
1918
3102
1978
2683
767
4259
4477
3246
3577
135
3135
1402
4029
38
3170
2678
1201
4706
3313
3099
369
3249
4066
1842
3937
2813
4027
2292
332
867
884
3636
4337
2429
1355
216
3294
1672
999
4773
4082
4112
3651
868
3569
1723
966
3770
1615
3126
235
3387
3612
1532
2842
2630
2458
1708
2162
118
692
3578
3142
725
3018
113
49
2981
777
4717
1006
3220
1829
1420
1980
651
306
3410
549
2236
2810
832
3388
1781
274
2324
1820
2091
2218
614
556
716
2786
4235
2945
2333
491
2247
639
4326
2366
3009
1868
1647
442
3418
3761
4577
4893
1126
1845
584
3985
2026
2098
3660
4740
2552
808
1425
2944
2914
51
1456
3965
2096
3520
4397
680
471
4764
2338
3200
3824
70
579
2927
4696
3693
2026
3852
612
564
4719
1131
1491
14
2039
4194
2993
793
1468
4974
4742
1910
10
3848
3913
3593
4145
2438
4208
4801
2043
3286
86
3245
2199
3182
3750
4798
2756
4987
2144
3516
3132
1346
1973
2932
3145
1626
3720
230
2502
3388
526
1290
1149
3461
2360
3350
616
148
3858
2314
1443
2483
2206
3196
4911
4327
2919
188
2672
1142
2437
1647
731
3383
2545
1863
3169
3500
1806
1550
4537
7
737
364
4172
1993
2845
3374
2274
1402
4337
2701
1871
1449
1216
1961
3295
1131
4745
1498
1820
3628
1068
3928
4545
3656
2614
2241
3165
1323
2912
182
1542
1987
1327
958
2247
4668
3259
4003
4030
533
3837
156
3337
4403
2718
2927
4381
2284
4913
4757
4257
4246
1761
3684
397
36
4232
237
3884
1483
1158
930
2260
4773
2226
3879
4923
2629
1699
2843
2034
2964
847
4019
1553
2825
4809
2029
1924
1201
1484
2601
3338
4816
4260
925
3208
1531
2788
3518
4443
4154
4178
4686
4717
2798
1058
1009
3403
1049
4840
4452
838
2015
3613
239
2328
2747
678
2212
3985
1355
2166
4890
505
4091
2106
4966
4913
1494
4803
2315
1197
543
234
1640
1760
3882
2542
1368
339
4100
3212
3758
4180
2820
4598
3449
1366
897
2709
3980
4283
4577
3354
4526
18
1305
1433
1845
2263
4513
1219
4451
2985
920
3727
2416
1785
4920
2704
4261
2412
2082
4099
3417
1017
3351
1596
2256
2967
122
2327
2031
4408
742
414
4924
3132
2743
4940
564
3044
4293
3685
2919
871
4567
3442
2822
4033
2652
1963
824
2538
4287
2138
4269
517
3709
3652
1324
4012
1181
169
4979
691
2581
4002
2477
2388
3470
2553
199
1717
2050
2304
2257
3657
4220
2743
469
3840
484
2035
4278
2888
1731
3476
2300
1143
2090
2489
4077
1421
4671
403
1542
2475
2348
3059
1395
3654
3412
2554
861
586
3776
1583
1576
1601
3272
4460
3442
4730
4946
1756
2471
4171
949
4809
704
3399
3692
3518
596
317
2010
2515
4804
589
2709
4144
2403
2720
1949
4496
753
2138
4410
1767
3459
2461
1836
2848
558
2739
2468
4553
4546
2117
3096
1139
2493
607
572
3583
4239
1286
4700
323
981
1178
553
2865
4733
4426
501
923
4276
1466
3915
2597
1917
2786
2396
2722
308
216
1705
3652
2293
1835
3662
2146
3801
3391
705
2733
1992
3380
3092
243
4080
3905
2260
4975
2414
2973
4582
1862
1483
2929
3879
720
2323
483
3777
3609
4826
3384
1067
3510
1100
4352
1445
307
4885
832
3419
2066
1523
2286
4576
2640
2527
2652
3258
2266
4120
2961
4089
395
3612
4476
1000
4054
4168
139
3553
3397
680
88
4052
3775
4795
3110
1228
298
2657
99
577
2963
4470
4984
2118
4206
2527
2311
28
768
3320
1017
4283
28
2576
994
3167
3664
1770
3073
4158
230
1542
1980
2504
3863
3430
2792
3128
2552
2534
951
1829
3552
4549
891
1168
2939
1428
4799
3347
2509
4287
952
3694
2324
4321
3596
2449
899
4901
568
4353
4640
1224
4610
4348
2573
3910
3245
191
2665
4752
4466
4415
2216
1520
17
836
52
3304
2250
1149
4834
4887
1571
377
2842
4716
4246
2511
4632
1348
1898
3482
5
685
4229
2791
846
4485
1340
1804
1032
3501
375
2607
3981
1220
3898
4037
4123
2763
1416
3072
1534
4845
2572
3720
1845
2007
3829
389
3566
2940
3151
1193
2399
90
2835
3154
2313
2115
1835
2071
3625
2690
4594
3229
2620
4213
3264
1327
1849
2047
135
2797
3193
3500
2576
1397
4293
4280
4386
792
1138
3363
947
4555
4421
3900
1187
3941
4323
3659
4313
4606
1639
3868
427
3116
2627
4244
4968
3547
748
3077
2877
176
850
1615
3650
479
3302
1776
2088
1983
2032
1030
750
4754
3975
3247
2015
2685
3751
1417
2511
1256
842
4789
4107
260
2184
1200
1224
2376
691
568
4551
1828
3547
1835
2020
4134
3291
1582
2754
4061
1278
1285
3546
3928
2770
2991
661
4925
1545
1682
625
179
1551
3014
2516
2699
4696
1744
1470
3163
3570
2120
3741
2607
1911
79
509
1098
600
1461
43
1436
4671
1027
4117
2004
4781
613
4756
3080
4642
950
2104
4731
3199
4185
4812
3277
4151
3792
2279
1169
524
229
3231
2667
1465
2897
2888
1256
3091
1655
2189
2970
2977
3881
2365
1339
4718
700
271
2765
2365
2732
727
446
4698
1299
58
1467
4207
4000
946
2333
3677
2450
1366
994
2172
4981
2531
183
1095
530
4378
3138
25
3674
1243
2310
737
976
3151
3653
4469
4605
1583
136
105
2883
3367
2668
3402
3419
3978
159
4063
2333
4946
2130
4412
340
3020
2408
4719
3364
2203
3347
1181
3409
4801
1096
3852
4445
2681
3401
2328
998
4322
3455
4416
4218
715
1134
1708
3264
3438
3474
3722
2249
3295
268
1069
2795
1990
4641
3045
1195
522
4191
4408
4688
654
3209
390
1869
648
4962
966
202
1471
2290
4194
3000
4808
4832
1724
3428
4839
2491
3982
359
4257
4627
3791
2813
434
1856
145
3258
1885
1439
2057
3351
1901
4682
3033
1846
3983
4186
2123
2777
107
1750
1492
4478
3453
1120
4788
3510
732
25
4811
1186
1496
1599
574
2962
4612
2823
1008
868
103
4497
4102
1681
3071
3520
4972
4581
2163
370
2969
380
4376
4021
2597
3430
2152
1893
4703
2948
1447
2069
2930
2380
2330
3202
1623
4550
109
632
4140
3851
4622
4561
1739
1471
2476
4545
780
1253
2968
3505
2488
2331
4363
2207
116
4469
2500
2094
4530
4020
1291
4020
39
4075
1051
4182
2911
3997
4003
62
4465
3980
238
3009
1840
4957
3208
2542
681
4458
594
3833
1695
2038
4521
1796
1109
2747
691
1791
162
2708
3789
1067
2338
1641
1243
1797
506
1338
815
1977
4566
72
1404
4614
272
4544
536
1375
2648
2597
48
1824
2159
4009
4986
1248
149
742
2940
4777
15
2821
1320
3687
843
3914
4864
4111
4636
4537
50
1341
804
318
3664
4369
1097
2524
1952
1118
736
2504
3308
1275
1531
2590
2123
3350
4049
3634
347
1949
3848
3299
4296
4728
1095
4117
1930
86
805
1265
4154
4070
1543
1570
492
1953
2730
382
4460
136
407
1498
3660
2192
541
1799
2446
3730
398
2459
882
4429
3640
4403
3522
1660
4484
3206
1705
353
2449
2020
3815
2134
824
3875
4384
3365
1189
4008
2813
4708
4281
1119
1874
340
2673
3325
2809
2098
1262
1461
637
4925
4785
3429
3286
1005
3702
197
2753
3501
838
4937
2828
518
4614
1446
987
259
4332
133
2450
4936
2254
980
1662
4506
4039
1368
4768
3088
4835
3067
890
1219
2448
2294
150
3012
2129
4809
1985
1626
3263
2726
2190
274
4599
1431
907
4536
2774
1614
552
1936
2914
1218
4815
1397
4441
686
2372
1479
1990
4697
2189
1663
4706
2051
2186
4511
152
4022
1217
2724
1600
1921
4426
4031
1424
1894
4672
4217
2873
1504
2357
1123
2381
1590
4206
4404
4795
2366
101
537
4342
3580
518
1177
4476
3311
1680
4267
3990
3446
1696
3641
4017
4860
2537
757
2700
4570
1792
469
793
1368
3177
2283
890
3268
2934
3349
2452
1008
1884
3794
4384
3042
2089
2970
1069
3730
122
1286
1275
3821
2656
1518
4730
4867
35
1365
4992
2461
1227
2298
574
3966
4322
2974
3841
1059
2804
1156
4321
2110
1424
2093
3629
2624
439
4343
4074
350
4342
3259
4126
4979
849
472
356
1779
4634
1405
3181
4844
4527
3698
4650
4693
572
1202
44
3887
846
2670
1055
3380
4505
1691
4111
85
405
55
2369
4299
2949
3084
2563
1638
2186
2577
4955
3846
698
3425
4031
644
801
1379
3277
3145
4736
2907
506
2929
1261
930
3106
1962
3070
970
4413
2593
1651
973
4139
3640
3583
4172
3147
2884
1446
3433
365
3426
2905
2227
533
1430
4979
3929
4244
4937
281
1217
968
2778
4028
4319
4799
2290
1908
2922
1180
2323
1586
2934
3579
2641
4523
3135
607
3312
1228
3511
2373
2257
4065
1827
413
3395
3892
1520
3609
277
4356
375
4522
4574
3103
3554
3557
33
1434
4125
172
2949
2825
2634
372
4838
1140
1586
1083
1340
3715
2983
3338
4944
2955
2139
3760
3237
945
144
737
2019
852
2258
4414
1187
2034
2237
3019
2061
3685
4830
1208
4976
1340
4449
1244
1929
2157
1398
2274
1217
617
2790
1394
3996
2279
331
2394
891
4913
1573
4094
1260
1124
4862
630
2797
1695
3203
2377
4406
4898
2616
191
3771
633
3731
1079
2056
3630
2174
3148
1280
4411
2220
3644
4396
1633
4681
4573
4388
4204
4407
1802
2565
1706
1829
2819
4530
647
4845
1077
1712
2373
4944
2938
4384
1524
4343
1723
1185
2795
1575
3871
3617
3977
4927
1728
3443
1227
1139
944
1526
1584
2392
4485
1233
2199
1819
757
3494
1737
1993
3761
672
2435
4912
2280
267
4138
486
4195
4128
71
1503
2202
2192
3161
4052
1349
929
1885
1523
4453
2771
2488
161
1881
476
1910
3352
3969
4562
39
4031
2487
3364
204
2513
286
2064
581
4961
4407
3083
3383
1468
3225
1810
1708
421
140
2484
3922
2027
1629
2240
3266
1936
1878
626
441
2126
2071
3005
2023
1082
97
2213
3220
3992
3837
3023
4968
4248
2624
33
4687
3394
3071
2823
1907
1633
1489
2631
4302
3735
1369
3033
3482
1961
3872
1835
3624
2164
3044
4517
3092
2185
1629
3938
932
2655
4036
364
4510
2916
1593
4991
4168
2333
260
2697
2577
3355
4589
528
1708
2302
4752
3209
1795
3687
2925
2696
2598
1258
4933
4876
2503
2530
2345
2572
2389
2661
1079
2950
511
328
4686
4368
204
2350
3065
1415
254
2939
4907
983
72
759
4645
2423
2583
1893
3390
158
3559
3109
1730
4023
1803
1281
3765
4193
1365
4789
3849
2243
359
4842
625
1865
4875
1346
4677
4678
2300
3942
63
2292
3140
2157
3490
387
3017
678
4607
77
1183
1147
2922
327
1997
1201
1492
3236
1903
1488
712
3337
3141
92
223
2220
1548
3433
2428
694
109
2411
740
4114
3983
3515
2437
50
924
4469
234
3271
1133
1997
2827
4616
692
956
3956
2392
576
152
1143
4695
373
125
571
1518
266
451
1891
4975
1422
4494
870
3007
1798
4667
2822
4593
1313
1793
718
3539
415
2697
4549
3310
4324
4837
2150
2829
46
4390
1009
4147
3359
2181
4869
2192
1956
3791
2466
2508
1672
647
534
3643
803
2934
3801
2910
1573
1815
2223
3220
2362
486
588
3292
2261
3914
4116
2973
1903
4212
1595
4927
2231
4954
915
310
1421
663
4157
4337
1394
924
3518
346
113
1167
1555
3127
2481
3071
1155
2458
1267
430
2420
3522
3950
3134
1947
187
3655
2018
2713
942
3955
887
2962
4737
4057
1237
699
3368
3564
735
1878
818
3736
3106
1725
1492
4915
3462
3036
1276
4111
164
3699
366
2348
1707
1698
780
52
4339
203
2540
4979
3813
3573
2449
3811
1008
1877
3240
2464
3226
4405
3896
4049
3219
3227
4980
3087
2430
4189
767
1936
1091
278
564
113
1836
4123
3219
4320
4293
725
3535
3377
4860
2945
4260
424
4627
446
4192
4808
229
48
229
3353
3219
3431
4129
1729
2707
4582
1384
342
1557
1062
530
1691
3084
3883
2314
3262
4731
325
1756
2787
1186
3348
3716
1100
1779
3036
919
990
4778
1215
3213
2725
629
1709
3761
2093
1303
3186
1715
1525
3792
1962
3405
272
3945
1705
2820
4509
3597
72
3704
1565
4306
429
234
1449
2242
3800
941
4760
4439
312
445
3699
2961
1278
3496
4051
1638
419
1633
4907
3576
1210
3431
1086
3937
2794
1875
4017
4170
3686
1442
2707
846
458
3433
2409
1297
997
2118
1324
3678
2899
2519
1442
854
1149
573
109
323
914
1667
2512
1780
2104
1944
3550
1111
3728
3659
4056
736
374
4845
2470
2432
2044
2577
4210
2938
4652
1957
553
2125
2728
4761
4319
2907
357
1629
2515
3681
3141
3764
4480
693
1249
1313
3293
4728
3252
4230
1322
4984
4086
754
333
4714
3872
2913
2418
1448
2104
2252
3479
3651
2904
344
3904
3144
4427
2836
3140
3907
766
4561
3647
573
982
1748
577
2129
707
2496
1703
1535
4955
4531
4399
2653
262
2171
499
3892
148
3199
1842
2088
2632
379
3197
4532
592
3493
3870
1843
2978
1529
739
3092
4973
3818
1191
1563
3587
3729
4745
273
2889
301
3324
2357
2258
2539
3225
4098
369
196
2017
1361
4650
371
4034
2534
529
1052
2178
1543
723
686
820
4030
3164
1868
2458
2532
4583
942
4767
961
1504
3710
3969
2798
3540
175
661
2262
1238
1997
4670
3057
2582
2482
3243
110
3051
4613
3524
476
2658
3066
622
1749
4504
1453
2866
100
2716
3049
2035
2854
2901
4952
4085
2298
3972
3967
4775
2200
2594
575
4438
417
112
4630
3769
4825
3536
1553
4829
3593
845
271
4342
547
3659
3937
4274
1422
3981
2473
579
826
353
4934
3785
1172
1855
918
96
329
675
3225
3052
960
55
2507
968
1585
947
2356
1953
1052
2479
143
2433
1689
78
3144
235
809
2244
3489
3081
563
1469
934
2853
3662
191
2588
2283
1731
2361
1528
4855
1410
2610
983
2540
1189
935
1385
4570
4160
406
3765
2987
678
3933
3887
1267
482
3945
3412
3941
2872
4362
2727
1608
4737
3741
4771
2189
3054
1615
2805
3874
1496
723
2604
2252
4903
3308
4412
3567
1810
1576
3860
4294
3060
68
3110
3377
419
1516
2746
3694
1155
2767
4483
3475
3197
1670
2672
526
1551
4839
4817
2703
3536
3818
2156
2830
1680
514
1758
1363
4790
296
2059
683
3066
98
3712
889
1869
3376
1236
4925
1274
4570
2119
4563
351
2695
2360
2735
2146
2306
3696
3040
433
456
4327
3651
29
336
2928
4627
4065
2775
2904
667
4965
860
1461
679
3786
848
49
4074
4379
4307
4360
2361
377
371
1765
3397
4599
3359
2258
1009
4748
1144
3272
3823
4880
2973
3834
2143
2438
2250
1704
4959
4865
3640
2354
2774
280
1623
2258
3568
2577
392
439
826
1419
1080
2205
2546
223
4230
4781
933
1687
3752
2739
3265
3230
3498
2963
4323
282
4868
662
645
3559
2074
331
1557
3641
3528
2619
13
3780
1979
3
1242
3161
2413
818
4301
1795
1052
1
3013
4963
10
4254
1081
3600
1405
2590
3508
540
791
3857
1078
811
537
151
4019
909
3905
731
4702
1218
1811
4049
1225
574
3484
405
3182
4990
3325
1229
2569
1421
4442
2635
2818
3651
3062
3537
4001
993
1416
4742
3565
887
4825
4174
4189
4381
296
1194
4168
2771
250
3577
658
946
3861
66
4693
892
1684
123
4537
3753
2372
2558
2865
505
2395
791
3252
2477
3381
443
4495
1478
2988
1722
821
161
4918
710
3778
4811
2698
306
154
2861
3824
2104
4382
877
4070
4979
4171
2258
2723
4085
3395
3409
442
2679
3770
2518
4008
1421
2404
567
1073
259
95
4102
4722
4740
3328
704
533
1630
297
1997
3874
1892
896
1267
3749
2973
2515
15
331
830
2239
4338
4804
4735
3976
1361
1386
1331
4892
646
819
14
3476
1534
1804
625
3931
1001
2177
1613
4639
3658
3471
4484
871
391
1622
4745
2061
4581
2829
3771
3767
430
92
2965
2652
1270
492
349
3559
2525
2971
922
747
529
4840
1693
4106
3370
683
964
2488
2517
3209
409
1576
3277
1916
4097
1863
3612
2546
3535
2293
2824
226
3090
233
2879
885
3887
4979
4918
3999
1733
3704
3756
4560
4648
663
445
273
1512
3228
1094
3684
3463
1193
2002
4205
4743
3144
4385
1917
678
4706
940
300
4628
1916
4551
2216
4637
76
3417
2814
1165
179
3131
427
2381
4716
764
2435
2375
695
4480
3248
4128
4702
2205
4353
3309
3686
1618
882
18
213
2475
1856
2926
1259
843
2239
3123
2816
1173
3833
4523
3204
1479
2587
4687
2324
3675
4433
3928
2935
1432
3435
4277
4144
205
3609
4704
4283
1901
1451
4458
2232
557
1487
993
4443
4954
4994
801
4098
2717
2606
1665
4771
2058
1259
511
1054
1582
2221
390
3876
1491
941
3894
2952
1002
1194
2568
1864
3637
3461
886
2542
4384
3483
2320
4324
4317
4222
1982
563
2559
4385
2745
1875
4610
4579
3063
1060
2889
1781
2596
4655
2250
1833
4942
4475
4824
1023
2591
96
3322
3043
1004
1398
3444
3633
3475
1978
3330
3402
691
612
2123
764
3378
4479
995
1114
2559
293
1135
1261
4901
4596
3865
4238
3012
3890
4666
3972
1125
3152
4708
4478
685
2938
2242
923
3565
2075
1072
360
3511
3590
2269
2618
444
4744
2773
1613
3399
2799
3637
753
3554
3242
4845
147
4326
4768
1023
3818
4799
4095
4008
537
1400
3962
3958
3634
2459
1238
1740
4723
1110
373
3925
849
1171
1804
265
2415
1854
2613
3983
144
4959
668
1231
1422
3801
1853
1737
457
2430
1554
3386
2416
674
3200
22
3324
1697
276
3595
2618
3303
29
476
1586
2934
4065
4947
4598
2854
1475
1276
311
4204
269
3387
1162
1575
2206
1847
2915
3779
3778
794
751
1746
1817
4564
3997
4186
4025
2298
1873
2484
38
4510
739
4447
4918
182
318
2950
2147
4713
4568
2414
1901
265
4048
4006
2866
1282
2664
1881
4063
492
1266
1396
2370
3392
3749
1834
1614
1919
3106
1122
2083
4211
2801
3893
2258
1401
898
3609
1463
4055
736
198
3130
379
945
356
4380
4060
120
4202
1458
3305
3362
3381
1362
732
1621
479
602
3560
2725
1815
1576
1935
13
1798
3538
830
3524
2770
4442
3860
4475
2211
2069
4170
2055
2677
3717
4844
2887
1721
1637
3585
834
2490
1814
384
3452
2857
85
2126
4291
3814
1868
4290
4659
665
4409
27
883
1221
1602
604
4689
3042
2491
950
4319
1997
3573
2529
2833
4792
2756
3455
4926
3993
242
2187
3640
2606
3279
694
215
1282
2474
3950
612
4017
2462
4905
858
3990
2816
291
4227
3658
1130
4691
4451
1455
4992
2185
3385
975
4096
154
1452
1949
1249
2475
1065
57
4318
2061
2276
4721
271
4976
763
1255
1067
352
4163
4717
1379
258
1566
4180
3971
4559
789
1846
673
841
2324
4205
1965
2525
2879
3797
4192
2551
3640
4103
1846
4929
2051
2979
78
72
4426
1983
2028
2240
4641
1816
2890
2710
4012
1696
3775
738
3913
3686
2305
2240
4494
2269
398
4957
1717
665
869
3402
1341
3473
3438
2678
818
2554
2964
3041
4249
1460
4818
1058
1076
4660
1741
1280
979
1989
3098
1553
1010
4650
4448
3919
2403
1536
1847
949
2441
3150
2189
3943
987
4191
1641
2696
3257
2200
617
3362
4994
2861
837
2636
351
1445
1452
3516
2483
1154
949
1072
3520
244
2974
3381
1364
274
797
1865
4896
4115
1366
1719
2402
3330
223
1938
35
4503
1782
404
2118
2893
2914
578
3015
134
3459
1852
3583
476
1141
1342
4615
3046
4835
2636
3643
4428
2950
4247
650
3017
1155
1211
4767
3946
4636
3744
1794
655
1436
503
4054
1081
3913
4487
870
1361
2382
641
2211
420
847
2254
412
3429
4246
2482
4899
3181
3622
1994
3076
2675
4442
4745
1811
2226
1203
4792
2755
4755
1731
4250
2242
3244
2679
566
1869
650
1413
4157
2989
3690
4576
1429
498
3249
4889
2829
2390
2375
2
1399
1236
951
1988
902
4663
876
4983
4340
4387
4829
4402
3499
4635
4108
1284
4865
3126
1141
3085
1566
2180
2324
4804
812
1641
4933
1607
2501
4657
246
4897
1645
1759
3060
1395
3931
1813
144
158
2298
1491
3335
2773
1894
3179
692
3053
4397
2553
1318
3813
1218
3825
1801
1571
2628
1081
4731
2784
2484
2099
608
1894
2515
1544
4141
1551
1008
2022
4888
4313
635
4437
978
3006
3445
2734
1526
1918
1890
655
3069
1039
2841
717
1278
185
3231
2749
2153
3732
4807
1813
3432
940
3557
2335
1903
4979
2296
1632
528
1148
2942
3260
1556
4887
1664
1896
897
1926
4541
3403
2185
3855
2582
185
3039
4953
584
4738
1386
2836
4754
3553
2467
2858
1436
756
2376
2159
1661
2559
2885
322
4670
149
3943
3013
4049
1100
4750
422
2170
1475
4443
4116
608
1245
932
3213
2720
3696
4683
2838
1776
64
1627
2227
4785
3655
2246
275
2618
1110
1352
4849
1845
4892
1067
4683
4852
2087
4584
2532
70
3205
1384
4150
4198
3847
3301
559
551
692
3108
2461
1137
3226
2993
655
2436
2458
2492
555
856
1940
2874
1314
668
3640
2167
2468
2361
1008
3425
2304
791
2196
957
1363
1942
4512
809
1121
2802
419
1044
1329
2521
4122
3405
4902
500
334
1410
789
3919
2337
2721
691
285
125
214
4820
1695
1168
178
667
1329
329
3139
2817
2723
249
4397
608
1807
3972
4536
4649
2198
4019
1513
593
4126
4318
1340
4997
709
4044
3419
2389
3220
571
4367
3714
4724
4482
691
2483
4115
3278
599
975
4005
1733
927
4848
4492
2117
1342
2877
4372
1047
3225
4289
4198
4327
519
1552
498
2866
317
1759
4989
2058
4988
2147
4724
4820
1440
4418
4262
359
4343
993
2239
3481
1862
4976
1607
1311
321
571
4854
3402
1154
647
2074
4972
4693
4485
3128
2235
1671
1180
554
3541
1196
2870
2812
2586
882
3915
4025
3704
3521
1546
3727
2409
4586
2887
2921
640
232
3371
690
4378
1312
880
4800
4964
4950
1456
161
210
1986
4560
884
196
339
3351
174
1940
752
3886
3851
3268
3852
3226
1167
2067
159
4369
4271
2506
2454
3617
4643
1226
4858
2892
4113
3787
4378
608
2270
3939
3964
3007
742
3482
111
1297
3511
2595
3218
1773
2055
1567
1127
4872
939
1444
3901
811
2206
3454
1887
4441
4972
1648
30
3258
4889
3677
363
2583
1110
325
3150
1064
2838
2371
685
506
2228
22
4624
1645
1115
65
2857
2504
1867
3305
297
1089
4127
2186
3782
1889
1942
2815
1638
3042
4380
811
2936
831
695
4249
2383
3699
3554
1173
3809
1607
3773
579
4785
2421
2845
2668
456
2149
2277
4487
1467
1097
608
4513
1685
2
3992
3411
4003
4074
4026
799
1716
901
2941
3521
3212
2394
246
2041
3253
1217
443
625
4083
1306
3496
1965
2414
445
2897
2039
4108
4806
1348
3935
3828
2739
4223
1628
3007
2334
2058
3898
2621
4185
1428
1517
1472
3595
4588
2664
913
3467
3746
530
522
393
1907
2629
469
4714
159
4484
1416
1613
1399
1693
448
4239
3449
2372
2979
4510
2609
305
3626
1786
2945
4072
1807
4871
313
1421
4545
3435
806
4316
2336
3577
1480
4569
267
3937
3936
1995
1518
4804
4966
3803
2168
705
2754
1922
1115
2642
3856
2998
2919
4760
765
1169
2328
2611
3695
3603
4332
2816
2393
1620
3076
4150
424
2894
3351
3713
4696
4096
1243
2584
1865
1373
2067
3469
2919
2113
843
3429
3856
3804
1802
27
847
276
29
1724
2980
1733
3476
2613
628
4097
2006
3738
1846
2783
4071
2907
295
3119
4478
2145
4487
1156
523
3449
4071
4072
4302
1070
344
3520
850
1631
464
64
1889
2939
2807
164
1782
1904
1622
1109
2829
3416
2152
2755
2198
3488
1506
1909
2984
3546
3441
4536
4627
3580
4922
2344
1240
596
2311
3470
2951
3991
301
1679
4426
546
4777
183
2740
848
270
3291
2992
695
3629
4971
3198
3743
4955
573
2899
173
2760
41
295
1095
960
1187
1852
181
4077
2531
3933
4277
2137
1959
3732
4686
3330
2212
1131
1207
2152
3222
4396
479
2764
4875
4103
4584
2635
349
4648
4564
490
3495
257
4900
4631
1946
2981
4293
2068
3761
2565
2696
2086
2509
784
2271
55
1948
4188
715
450
3175
1567
2329
1188
2197
2704
3085
2831
4467
4594
927
1131
3451
4398
348
726
2715
3692
4790
4383
3331
3639
4645
3400
141
2634
3539
3052
4997
4481
2506
1115
4198
2458
4463
541
2927
2030
3594
3610
2454
2976
4960
2785
4698
1389
3030
4473
2534
2480
1619
3612
4057
380
2088
2633
4090
2827
2429
4571
2458
4528
4125
5000
1580
4230
4676
51
2791
425
4692
1669
4763
2610
3939
1829
1299
2970
255
797
3503
2172
3461
2291
713
1275
671
1249
303
2398
3748
2467
2521
1824
3011
2607
2904
3692
1870
4058
3953
4989
4353
2343
4160
109
1109
1915
1035
3008
3756
3673
4710
2877
4063
1245
4794
2014
2687
3487
3438
2297
4520
4609
75
4214
1844
436
2407
3067
1634
84
4378
3196
451
1465
167
4314
4019
1498
2107
4142
2941
1109
3260
4097
1056
1995
3637
1661
669
276
3305
1900
2498
289
1503
3318
4719
3663
2667
130
4779
3951
3357
2355
2138
1366
2046
2620
1406
2935
1250
2105
1795
1363
1383
160
1889
1798
757
4261
2684
3698
457
4484
3523
511
4869
695
2687
1955
966
3506
2566
1378
3133
671
3624
3452
1506
2760
2286
502
3451
4047
1708
492
363
1664
3609
891
623
2051
3960
1097
1707
789
2666
4867
375
3069
108
171
3720
464
3113
4878
2936
1744
4098
3458
2117
4024
341
49
3303
1153
3429
1956
92
3047
4911
3082
3111
4336
2127
306
4513
2818
3283
3498
2258
1011
4187
1454
3981
3860
4588
2903
4928
4881
4203
2678
4835
779
2266
2015
1653
4866
1003
2306
4273
520
1419
676
1068
4935
2023
2842
3322
1709
2808
3507
4560
1713
874
4734
1306
2674
1372
351
355
1785
3149
3606
2438
1058
1090
3060
808
4352
1463
4908
4979
2975
2018
2603
699
3755
3582
3439
1310
2066
2409
2273
2855
4133
1115
4533
388
3543
3234
633
3763
3781
2156
1822
1474
3049
699
3387
4816
2056
297
3724
3795
3893
3948
4543
4168
715
2752
49
2851
4575
1020
4571
1277
4309
4899
1605
4819
3765
4071
2881
2068
242
1038
1776
3013
2613
97
715
61
4450
2550
517
4897
4216
4098
1263
2178
986
2869
444
985
1074
4664
4117
2999
2341
7
1386
3028
3507
3375
481
4340
3264
935
1060
3533
9
3135
3776
2712
3642
3671
1129
3163
4424
3589
4058
228
867
2330
3692
3276
3422
3776
1839
3984
1
3165
4016
3825
4412
538
621
3976
2974
2298
3470
3571
1100
65
3114
4435
2690
3451
4912
538
1178
4723
64
4648
4332
4824
4321
831
2407
3288
3572
4593
2905
2961
1277
3798
2908
3524
4968
3087
80
1491
2904
3751
3485
1121
1958
537
1047
1639
4408
3801
2292
4857
4575
204
1616
3861
4688
652
496
4017
492
4212
976
3971
3807
4933
4463
284
164
31
172
647
3719
4189
1779
2715
2869
328
778
4407
1399
603
275
2740
589
953
661
3452
4151
4281
4989
183
1191
2525
4233
4635
377
1462
649
3171
747
3098
2022
4947
2113
676
1945
3801
3629
543
254
940
1630
487
2666
3677
2925
1410
1073
933
4162
1758
1271
2259
2908
977
222
718
32
4327
2967
976
1523
1553
1018
4656
688
4463
815
1967
4083
3844
4136
2892
3282
1277
2617
4622
1942
4821
3029
3395
4165
4533
3224
4152
1681
297
3159
1137
3652
3663
4293
1742
1032
3514
1167
2355
4274
3464
3573
1154
335
3444
865
1200
2809
368
3466
2573
1921
896
47
2414
951
2157
2864
4058
4570
876
2184
1776
196
1936
2915
3627
4218
1071
1960
879
2001
3697
215
2251
3902
1690
1105
3010
4556
2425
1752
1751
920
600
2543
218
4983
712
2687
3590
482
586
4290
4454
2629
566
2777
4918
1789
3604
4959
524
4664
2597
137
705
3914
4518
609
3721
217
4817
2190
2705
2582
4766
932
3283
907
974
4811
1479
2892
2489
2221
2880
4316
1308
783
1161
2178
2411
4603
3507
4655
833
4924
3415
4361
1881
3624
602
2752
451
1780
3835
2486
857
1041
4088
4901
2204
1934
3474
1054
975
3056
3817
3576
2080
3632
740
4168
4268
1993
1663
2690
652
2062
4337
4567
4762
3164
427
2966
2381
2422
1080
2414
4934
3025
1152
3772
1195
2133
1740
358
4512
1957
1500
3111
2068
1850
2363
795
2273
188
3018
1767
4934
994
1137
3357
659
1598
4341
3932
237
3952
3568
1396
4558
2719
284
4092
3811
4830
1243
4799
720
1942
664
841
4049
4640
3387
453
3634
3447
4144
1547
4430
3714
3939
1636
2745
310
2534
4733
2298
3147
2557
3636
1980
3379
2121
595
1230
3818
1871
1637
1141
1622
2048
2051
3304
3905
4309
4870
3287
1442
966
3769
982
999
2223
378
758
764
3615
4591
710
598
4366
1785
2786
275
3242
892
551
1638
3890
3259
2177
4366
252
4962
3869
185
2548
813
2426
3155
4378
3921
4608
1758
1655
2221
1487
4911
1687
4741
2936
3414
3528
1677
4541
472
4855
102
411
4739
1004
2006
4630
3852
2988
656
2169
2882
4224
1986
162
1400
1198
2751
3594
2589
4043
4207
806
2539
3574
1053
3046
2405
2913
935
4518
2415
933
394
3283
183
3769
31
3358
906
4139
439
612
835
2202
3171
957
104
4485
1963
1372
3281
1690
600
2039
1271
2672
4259
2101
1454
2933
2292
3460
3502
1526
243
674
311
3057
1121
3882
75
1239
4740
4502
4463
2281
2304
3622
2833
1862
220
2706
3731
3737
3403
4810
2244
2496
1738
3064
3186
2750
4539
3557
4700
899
3203
1983
573
1056
2494
1587
3089
4252
4415
3514
3360
2145
2465
3003
3286
357
1027
760
2700
840
1762
2202
4452
2226
4543
4162
1882
2642
1574
3564
4714
3993
29
579
3876
4416
311
3694
3882
441
655
3342
4275
3550
3837
2928
320
4693
825
4169
2648
3515
3347
4236
3370
3350
2616
3659
1114
2200
4345
614
3019
4861
17
1908
2439
25
266
402
3346
4484
4323
1999
1033
83
4727
862
4772
1112
3624
3733
3249
2455
4935
3505
2589
4629
3177
2583
4339
2935
3449
2841
3259
930
3854
2384
1140
2373
4097
2667
450
3725
2253
483
2790
2738
467
119
1298
2452
4637
4548
2703
798
315
1212
794
2285
369
2376
874
1469
4063
884
3611
4102
69
3428
2410
1858
109
1850
3537
1175
2096
3096
1875
2368
2427
4740
1340
1404
791
1534
1986
2717
2833
4760
400
2368
4292
4902
4399
2171
1339
2874
2812
2856
416
4440
2798
3266
138
1447
2474
4498
2808
1674
1482
1164
4082
3555
4380
3866
3558
2268
4361
3048
1816
2535
3951
4426
1976
343
3428
2034
2295
449
564
1818
1008
2951
2023
3084
3779
1672
2044
3509
88
2815
4057
4287
3877
966
229
2627
3417
3311
4016
3189
2713
2051
2915
4579
2449
1168
1099
1495
4482
1689
3176
681
4366
429
4620
3703
2381
3144
266
4273
61
1761
302
4350
3484
2315
3225
4946
4826
1678
3471
1419
4647
4292
3578
4719
4853
1658
3999
2257
2738
2938
3174
704
249
2040
1662
792
1367
1363
2942
4691
1663
2782
3942
4391
3431
1198
44
1451
1508
1858
1608
1058
4155
1092
3764
2770
967
191
2233
3907
1421
443
604
3500
2712
4751
2775
2890
433
4994
387
1266
207
2655
732
862
2909
1809
201
90
346
3879
678
2002
4891
2597
3151
1522
2340
1234
2886
1330
3192
2381
3989
2972
3410
1348
3490
689
3220
1278
1468
4996
4655
2534
2224
1883
962
2647
4306
3905
4260
1087
2703
2688
3679
617
3525
1125
539
164
3325
215
4642
3526
3850
1864
39
1187
1881
3311
4895
582
1896
2738
3840
4366
1526
1204
2553
4104
3612
2971
2028
362
129
638
1053
47
528
4687
784
3333
3062
3740
1960
4384
1730
4067
2193
1906
1461
1587
1817
1398
1910
3420
1108
2117
1677
557
3354
650
1423
2678
4250
2595
3751
3276
286
4175
31
4572
1507
3162
1549
4715
54
735
2227
880
4244
2796
1474
4584
1667
673
2177
791
3863
126
4911
1226
3047
2111
2879
2905
3292
4408
668
4788
3340
234
573
1407
1605
2915
2519
4814
356
2119
1561
3778
4425
337
3834
1257
4710
4446
1002
4435
1995
1367
2078
4407
3150
1257
507
3084
2087
965
804
4636
153
4058
806
4696
4038
1491
2473
1905
1477
2958
3135
269
2022
2684
2588
551
1331
3142
303
1219
4900
1471
1531
4328
2874
1925
1236
2244
738
4031
4917
3207
1202
3822
3185
4789
1063
2341
4155
590
4499
4436
393
154
105
2542
518
957
213
953
1615
2950
962
4462
238
2558
2666
4718
2188
827
4186
1745
4972
3408
201
2454
2802
1633
2637
4207
2122
2678
1483
4707
4076
2242
4741
2134
1087
2401
1547
2171
4611
649
4661
2623
3985
1174
2632
352
391
1751
2568
1988
2107
2673
4270
4171
3468
7
2075
486
707
608
2812
916
3239
1637
896
2439
4554
507
1011
24
3979
4849
4734
186
3857
2756
618
2714
3779
2720
1461
4488
1065
1182
3895
3941
4168
4391
4791
4906
1493
4602
4871
341
1786
3977
1759
1990
4941
4013
2259
3069
2057
4277
2208
3226
236
3346
1244
1694
4167
4107
2568
441
4856
299
1501
1915
205
4428
463
1251
424
370
4705
3247
2544
4190
1527
2019
3632
81
3372
1360
1900
3162
1468
353
1318
3482
19
807
1970
3023
538
101
1720
1381
1040
2410
1491
2419
1823
2348
1446
3194
3536
3444
1340
20
2222
4902
1149
573
2783
2016
4719
4593
4367
4281
2028
3980
91
2780
1574
3763
1183
1082
2590
2286
264
3368
1598
1581
1409
2284
4704
3081
3600
1297
3545
1716
4333
3698
3886
4709
2154
3151
165
4876
70
1111
4788
24
1585
885
4734
4223
2608
3353
1202
715
4124
2493
4792
3362
2360
3254
4107
2640
2897
1486
3638
3497
1340
1560
81
563
1163
1888
1220
2127
1516
3519
3492
773
1685
2580
3203
1062
3832
2537
600
4255
931
4066
3520
677
2554
1499
1442
4832
2313
1729
1830
3551
83
1332
243
1216
3407
2929
1084
1519
4081
2182
4211
2620
413
3490
167
1101
4678
1314
3775
2152
2427
2907
3239
1013
4976
1574
4636
1401
4888
340
4725
155
540
1158
2438
3319
2009
4960
48
421
4523
1604
1834
728
1573
1149
4877
1511
3566
4960
3122
1546
2754
2144
1497
1285
771
3700
1143
1137
357
1364
796
2114
4012
3973
4716
2408
2988
1234
4445
1797
3088
1177
2883
1589
1021
1369
4655
4275
3678
95
4280
4755
4463
4459
1508
4122
455
3512
4370
4317
2819
2017
2926
644
1692
2505
575
4934
3748
721
4234
1260
1597
2434
8
1683
191
3767
4403
1738
2157
4171
66
2282
1453
1964
2789
3347
14
4034
1512
18
2647
3958
1062
1428
3901
1922
3726
3222
368
2322
492
2594
2412
1058
1887
3121
682
2583
3687
3251
4620
36
4817
4158
1448
4945
1577
2413
1658
3352
4016
1432
4049
4188
2208
4397
582
4237
1124
3599
1883
4560
2734
74
4310
1083
519
2414
103
257
2641
3701
847
2940
545
3956
246
2120
3992
2248
4150
2442
3718
974
3142
4613
3408
1206
2024
2538
929
3388
4204
1261
775
3381
947
4802
3029
1069
3402
1877
2206
1375
4957
448
2831
1689
4928
4110
1828
2904
1017
573
4671
3091
3854
2116
1299
4617
477
1788
2146
2731
4752
4742
4481
3756
2688
2059
4376
2214
1509
916
1569
2829
3615
4260
4707
3578
3091
4278
143
4506
4305
2620
501
2112
1648
4460
283
408
1865
1460
1932
4747
3426
180
3337
4637
753
1610
4053
3453
4816
946
821
4898
1122
21
1671
3496
2410
4377
4446
4963
2461
1653
2887
1260
368
2097
2965
1989
3731
3821
367
4714
1543
4455
2241
3827
2158
1921
1794
1004
2533
2680
3337
59
4777
3293
1570
3341
1298
2886
1570
4161
4015
3286
3095
3550
3479
3042
1564
1157
1179
2279
2887
1390
97
2396
2476
4973
1257
4943
88
575
1671
2694
4684
4068
4205
3619
4366
2187
4781
1685
2238
2626
3744
749
1251
4962
770
1419
1860
4755
461
1966
3690
927
1674
323
4044
420
4728
4001
2459
4372
805
2555
1055
1484
843
2740
3395
3243
240
2574
2718
4878
2787
3215
2217
4694
4517
20
4706
4558
3031
4860
2863
1928
4436
245
1375
2147
2793
3008
4375
1113
2441
872
99
86
1674
3495
4882
61
4092
806
2236
2628
2266
1335
2304
7
3305
3340
2082
2981
4896
3008
2657
3643
1283
4091
3018
4476
1798
106
1322
1367
3681
643
383
2247
2636
1358
2637
962
2449
1142
4794
2769
1582
4723
248
944
4439
1734
3186
396
182
422
302
2258
2625
2286
874
1900
2488
4671
369
4981
972
2757
1542
4791
3711
367
1406
824
2937
887
1790
2542
770
900
480
3424
1574
1844
4701
4904
1823
2363
2090
2749
953
2277
2647
1053
4187
884
4360
924
1816
1742
4740
4385
4782
2755
1370
1472
4473
1001
4891
1372
1824
4751
842
285
856
271
3971
3720
4816
3086
1289
4733
1734
3391
4907
2274
203
3417
578
3059
140
1074
63
4380
2745
3371
1468
4385
4835
830
4859
1884
1807
3023
2842
2129
922
4586
3329
4999
174
1763
24
3173
3367
1831
2543
4046
1274
1275
3600
3968
4714
4709
232
3659
848
4866
1047
1618
1206
1187
4172
4551
1139
2301
3456
4031
4811
4593
568
4695
2456
2748
93
651
1874
1974
401
2692
1814
1889
148
1215
4525
2911
69
4537
3980
4562
530
2009
2827
4915
4344
4838
1886
3187
4313
359
2390
4313
3773
2512
1434
4762
3489
3172
2817
3403
379
1398
1533
622
673
2865
78
212
495
1108
1148
2778
1818
4542
4111
4454
2206
1662
3290
3832
4563
9
59
3774
4879
3273
3740
1272
188
70
3816
2367
4587
1231
2298
1684
4039
2396
1601
1425
1704
1186
1612
753
1212
62
4581
613
4064
1282
2706
4457
4372
4730
2492
3625
4604
4178
4876
902
112
3097
535
150
628
97
1066
2953
2937
532
4468
3996
1565
1650
4851
2623
4636
2485
2963
4444
1291
4443
4610
3063
2614
4236
1101
1985
4416
3373
534
485
1972
765
4468
4601
1769
2543
1648
4457
4323
3003
2459
463
4090
237
800
4512
264
2888
1562
1206
2848
3607
4348
3909
3299
2154
4801
4581
1801
166
504
4621
4184
302
1465
3046
3327
2593
1710
3399
3214
364
2522
934
4642
4051
2200
58
4671
4318
3468
3631
124
4523
2163
2575
941
2134
2967
483
2521
19
4826
1584
1935
3811
2796
2692
4190
3144
3166
782
3957
2552
3077
3596
3934
2903
4091
4317
4065
4288
2443
3291
4244
593
3597
907
2798
4655
1083
2243
3805
397
1228
2325
831
481
2311
4925
3041
2683
84
1116
3078
1986
971
3979
132
4096
2598
2135
4489
1994
2592
4773
3033
2754
3350
1617
3748
4194
2440
935
2855
2187
3846
1795
935
1415
3014
4987
3086
1904
1586
1390
1192
3242
2595
4364
1282
673
3870
384
2817
644
416
1189
2264
1206
1510
1873
4164
4882
3436
2535
2622
2839
1982
124
4437
1879
1465
2507
1242
2221
3264
4547
4074
1749
2293
301
385
2735
3650
1611
4905
2627
4909
225
3779
507
3330
2774
3154
4148
3656
4350
640
2795
4424
2094
3049
907
4882
3835
4311
21
1750
4297
829
106
2341
1316
2741
1853
2123
4657
664
2834
2160
3022
3358
3633
2989
4274
3537
1296
608
1299
3885
505
479
609
108
1048
1841
3813
1822
3490
1789
4158
4736
4681
4936
2373
4074
90
1085
1482
954
2284
2660
3516
535
4610
2396
4212
73
3038
2537
2272
3909
3628
855
3960
4868
3455
1587
3262
117
1291
4367
4112
1753
2166
2218
3837
1885
3238
4721
1536
3373
2680
2429
3650
3391
1256
721
1328
3615
1740
752
3622
3615
4640
2575
2073
4350
4621
4260
1616
41
1609
3816
3780
3895
1785
3224
2943
995
1262
923
2699
796
295
599
4630
3763
753
2786
26
352
2857
2204
2776
3726
1383
2473
2459
3686
3204
2361
840
2028
3329
2981
1937
4614
2656
4122
3522
3653
2446
1578
4673
4297
2841
2840
2594
2975
2497
849
3536
3463
390
2230
53
810
729
732
342
2811
1315
1956
4454
3291
2499
235
4307
4755
2598
2255
1035
2189
471
1920
3526
177
3299
2913
1188
2870
1111
2578
2505
2262
1486
2873
1589
2557
3287
4717
4782
2641
196
1971
748
3340
3348
4516
3136
4779
1697
179
605
172
1504
3751
3035
4121
4443
1678
130
4062
1146
2673
1040
277
3334
3388
2675
4222
2927
3670
4430
3419
1387
3048
349
3552
782
4394
2808
3562
1517
237
3462
1266
3895
3543
1470
501
1103
3403
2136
4080
2851
3732
4435
3010
4817
2964
4554
2396
1663
1110
4128
708
620
3524
604
3312
2645
352
854
1278
127
1903
4384
2665
2223
2960
2147
2886
280
3125
986
2480
1660
1817
3387
3361
477
4614
923
2769
2662
1963
2643
4077
3849
1390
3943
1997
4607
850
400
2698
4775
1033
2942
2346
464
3827
4879
4717
1298
2232
3275
2752
3843
4726
1147
1488
2895
1957
2004
2461
576
3922
4036
1831
2353
612
312
3859
1830
1705
3854
3784
633
4477
420
1531
1670
1883
5000
1593
1535
2528
1596
3906
9
1450
4459
1448
2366
1751
1341
2518
3393
4803
4924
1601
1963
3965
4209
2514
919
4514
1972
3963
1513
4308
4026
363
4232
3659
4283
1474
3529
2166
4997
3509
672
1169
2772
1546
988
1670
486
292
1753
1968
42
1813
893
2695
502
3689
1123
863
4025
3861
4194
678
4097
2253
3495
1846
4089
3316
1184
3902
2730
4064
1600
524
3790
281
2920
907
2983
1176
759
4196
2860
1303
1391
3652
1719
476
588
3165
4396
2373
586
4940
229
4808
4079
4147
2227
2549
4738
1514
286
126
483
2608
1501
340
2496
1223
387
4735
3225
423
3923
2165
4697
2699
3401
1132
496
2040
2976
3932
4009
3340
3220
2631
2136
2274
3473
4314
2239
4573
3267
4179
3356
273
1406
3676
4551
4080
1237
186
2261
1249
1754
89
4465
4784
1868
1403
1400
1977
3357
3196
4279
4863
4616
2801
55
2865
3033
4329
1618
4221
4655
2309
2920
2280
112
324
4438
2241
4297
4424
2070
2827
4282
4589
4823
1016
2447
577
2924
3883
1119
4044
2417
2160
1186
1441
2798
1807
4236
995
3509
1108
1274
2340
3088
440
1943
4438
2405
663
4796
4967
3906
1253
599
1125
2664
4197
1033
4658
2020
413
961
729
645
4133
1642
2976
3347
3949
4517
1063
942
2959
2598
2871
1404
1217
3474
3050
4936
4956
2408
620
3023
1679
4964
4331
1108
774
2370
239
1484
555
4557
2892
2928
2422
2271
2511
3952
2319
4328
4973
107
3551
4523
524
3509
4932
38
100
1619
1689
2992
1146
112
1276
697
2759
332
1891
2298
2166
2579
3695
3632
2049
4620
499
1545
4520
1033
2113
4472
3925
4442
2188
943
1429
871
1685
909
3294
2190
1550
770
4184
2427
4390
3164
767
2077
3331
4409
3761
877
1866
704
1484
3432
3063
618
1205
4208
863
564
3131
2516
4680
3557
1730
2717
491
3037
1641
2735
3943
179
1830
3103
4020
3723
3313
1517
342
340
2512
2646
1577
4215
2907
251
1103
3821
3287
1394
2359
1320
4706
759
4638
543
4674
3085
973
922
3997
4193
1103
2773
302
2777
1448
3083
2248
731
1233
1474
3762
4298
1407
872
4964
872
1498
4413
82
4263
1296
4519
1420
1677
140
3775
522
1566
4144
2995
1765
4002
333
563
1818
4755
3636
3888
3708
828
3469
2973
2023
3751
4948
3797
3619
867
1048
3880
2250
2875
3378
4633
3543
2576
3075
2593
3184
1676
25
3719
4836
4475
470
4061
3233
1182
1422
3086
4167
1165
3801
110
4138
1248
3530
4822
3075
4038
4131
3503
3018
112
1879
4833
1026
3559
4324
4984
2992
4270
4794
2036
4765
1251
2235
4627
436
1440
2070
835
2396
4520
2020
4421
1873
3139
184
2685
3987
374
2750
1437
1721
4923
1955
1128
3554
3482
3302
72
1851
4951
4965
3612
361
4677
469
988
4556
2458
4886
3429
1406
2324
2089
2222
2807
2839
4602
3470
221
1997
1050
27
1773
2400
95
1937
681
4351
1537
515
4635
2413
3841
2200
3532
4526
1295
1437
1318
2909
1758
1924
4075
1152
2769
3140
1771
2569
1225
4211
531
4947
1409
3946
161
1878
4706
883
3526
500
200
4694
721
3003
2885
4214
943
1166
4685
1087
2019
2683
1594
3135
3596
3705
2297
1267
1301
1621
2791
4460
1650
1999
2193
3140
251
2960
3148
557
4930
1014
3205
4933
1061
3914
1796
737
4065
2934
4534
3460
1501
4495
2268
1979
4761
3584
2870
1818
1338
3214
3065
1567
4414
460
218
373
4899
3134
4427
3775
1865
3131
112
4464
476
327
1948
518
4463
4199
913
941
1452
3165
4851
3762
3940
4916
2115
2676
4628
3202
4985
4176
4076
2479
2364
4976
3614
4662
2607
1147
728
3195
4936
3534
3376
1179
3507
2470
440
808
1161
4661
3823
3522
3798
962
4504
2989
84
3878
4706
1457
3085
602
1815
2736
270
2786
81
408
4754
4732
1663
4095
2891
2530
4955
1324
3175
1909
170
324
1572
2673
3171
3109
3976
2746
4953
396
3487
1221
4203
294
1575
3878
847
4757
1190
4474
3809
3891
515
2039
2655
4712
4136
1190
3926
4290
3996
2976
2833
1412
1405
4758
3267
1996
2543
4855
3829
3611
682
3402
4928
4490
2462
255
2247
4998
3486
2758
1283
416
2090
796
4945
3255
3571
1682
129
3247
250
174
2777
1175
1251
3526
912
4092
2845
4153
853
1481
3846
2723
2770
821
1331
3911
4561
1296
4405
2465
625
1331
2001
1144
3249
418
529
1031
1305
4014
1542
4455
3861
65
70
2833
4253
2200
4571
422
3510
4732
4986
611
3685
3188
4011
4790
3868
4298
2932
4295
1283
2738
70
245
2340
1591
1734
1848
521
2744
3982
4224
1694
594
786
3289
1215
220
2675
541
3922
1453
4073
2758
2178
360
3559
4336
2353
3809
2798
3622
3322
3621
4515
2960
2590
736
2212
974
1531
4143
4773
2629
548
3584
2272
2520
3356
306
3987
3259
2459
298
3996
4251
4206
3706
285
2487
2635
4115
4423
2418
2193
1761
3087
178
1776
2
907
4459
1393
3717
1292
45
3027
233
3029
4913
641
3527
4452
647
197
1236
2784
1875
3660
2171
3139
4435
2096
1314
50
63
1186
2247
2215
3259
2321
4104
1477
4990
3664
3574
4755
4562
1480
70
2863
2037
2644
4737
60
3233
3909
2366
3269
1942
3814
3469
140
1985
2035
3091
1318
3527
153
3732
2378
124
3976
1476
2496
4913
3016
369
4042
3696
404
983
1804
4373
2077
3545
1996
4389
1327
2727
3588
4915
3068
3188
2887
1305
3149
4972
1670
378
2246
3747
3391
4121
2778
4458
578
1230
2907
2456
4082
861
1788
1668
1303
3294
1407
4548
2943
3967
41
128
1879
1392
4337
4031
4141
1745
3554
2518
1714
992
4270
4896
4571
4120
3248
3105
357
1053
358
2465
2912
151
4946
494
1187
4586
104
2587
17
1383
3765
245
2770
1745
3107
1173
1779
133
4645
3636
3807
2395
2492
72
2072
1030
1405
4623
2223
3671
2675
823
555
2955
4811
1708
95
1681
656
3199
1110
1910
477
2178
4423
4006
1353
945
2606
116
3201
4746
4399
3490
45
4970
1063
1089
3004
3393
1815
2655
736
852
4392
1968
610
1100
1948
4044
777
377
3424
3028
306
2905
3158
2358
2295
4392
872
2786
1835
2542
703
4238
3326
1022
1278
4806
341
1414
213
2862
2194
4415
3079
3094
3288
782
107
4088
3459
776
85
1523
3338
1527
4159
2729
3947
2045
563
3518
4578
1743
3607
1571
4368
1176
3315
2872
2182
3462
108
603
624
2274
4633
2544
726
900
2896
3568
2372
4117
4039
941
486
2077
3590
3718
1515
3580
2750
4375
2748
1358
2188
3182
877
168
3309
4446
3672
2356
1008
2924
4138
1954
454
1326
692
269
2175
3618
2999
4584
2861
452
3898
1378
2733
1509
1369
871
893
3591
4034
4699
3516
4693
4332
1093
4068
2492
964
387
3402
1677
331
3761
2382
1026
2423
4258
1818
1572
2637
3171
3898
1334
4427
2170
1517
414
2767
2092
1776
1614
2171
1993
4361
450
2830
4480
4843
4643
2688
256
538
3460
3588
4418
3068
3468
4816
4928
2578
2742
4460
4542
2191
3997
914
250
795
4575
4559
4571
1692
954
465
2433
3308
1395
2469
2055
725
3173
4861
3811
3161
669
1008
512
3633
3020
2113
3125
2414
3370
4952
1300
3263
1535
4921
3482
4324
1402
2477
493
4652
4913
637
1438
2408
749
4952
284
1961
2584
93
4363
3101
2893
4955
342
423
379
1226
2816
1441
1005
4335
1880
597
4995
3211
2955
3063
3289
911
3345
2354
6
2969
581
2062
4021
3406
4144
617
4012
670
2034
4859
501
2110
393
3115
3908
394
3388
4722
3310
1753
1025
4861
1905
2146
1896
3705
3149
1194
4470
3738
348
3531
2142
693
4802
3912
4534
4929
2251
2974
1054
455
4272
1973
2384
4629
4090
2
2104
3762
3470
559
3844
3108
1590
633
856
1864
769
2704
3931
2173
2907
2647
3494
1869
4883
842
324
1096
2223
2392
1587
4686
1292
597
4310
3510
2156
2742
3292
1216
4687
1428
3423
3006
4331
389
4147
3780
2233
4217
2767
3472
3862
3659
3509
2442
2266
1130
2791
3586
518
3115
4560
3585
3423
2529
4346
3182
456
312
505
3357
812
2678
3277
4073
4082
287
1157
2854
4964
3361
4409
2555
4552
2879
3530
854
2761
3741
727
178
2694
1340
92
2394
1231
121
4889
1781
3870
3172
1391
2826
521
4750
975
1428
1824
3896
1459
1394
3199
4980
66
678
2705
2094
1249
4966
3175
4900
2463
2683
1697
3303
2698
689
3506
1726
2823
4536
372
3518
2861
337
3188
4210
1357
1631
2244
1887
2914
1868
2596
4827
1124
4805
1109
2698
2246
880
2714
4768
3757
2489
1795
3002
2760
3779
1084
3455
383
2410
2699
3407
4267
447
824
2390
2587
1781
1943
3594
2542
4882
3297
3572
3902
4524
2650
1877
3528
3995
4050
487
1760
4677
905
3945
2026
1170
3174
4021
4053
2506
2377
1221
4254
67
3314
3905
4978
456
1325
124
1379
1421
2157
287
4212
2554
4133
1582
4429
4135
4859
4686
4269
612
4828
4661
3415
1915
1399
2180
4490
2234
1334
4035
668
2628
4169
947
3187
2431
8
3543
795
1143
624
3927
3855
1323
1051
897
3825
3690
3756
964
2162
1003
392
1640
3575
3804
2933
4098
3812
3677
1787
3213
3176
4397
4493
1109
2167
399
2849
1646
1200
1446
927
3958
3355
2815
2131
2179
4520
264
3952
1961
1730
608
3225
1838
4392
4945
3924
922
1656
1410
1035
3163
4944
1798
4707
4571
655
2303
4389
815
3600
1436
23
1471
285
2180
2701
4063
1233
3315
2494
1876
1712
3440
2111
1366
3219
4800
3266
2688
3891
4916
2390
3540
556
1942
1070
2706
4890
3355
3880
3
4215
257
940
4419
2676
4875
817
2710
719
984
3574
3018
970
3061
984
2134
3947
3930
1268
1691
1344
4575
4532
1212
992
4278
662
765
2660
4799
2951
2176
2635
4259
4221
1896
3977
3505
3642
2384
2312
921
211
667
871
3036
1669
3986
988
2303
2398
3387
3970
3890
4283
359
442
2467
153
3695
1347
3319
3704
4892
2579
2896
2536
2442
2888
2720
4787
541
3321
4249
3488
1671
1715
4476
4306
1966
2653
517
314
329
4515
1004
3888
902
2649
2683
1980
1753
3279
1428
4121
3957
3035
2244
2373
4579
3182
3465
4069
1913
996
3411
3740
44
2490
3484
2857
1101
1779
3753
602
1932
3656
1006
2805
426
2151
2819
4345
2776
781
457
1507
2106
4393
4495
2619
3308
156
4262
1157
4925
368
4937
870
4959
1310
2543
871
3859
1126
3231
1524
2501
3774
4263
4127
3046
2255
945
2395
282
112
2387
2751
3513
1833
2323
2704
4007
2408
2378
3807
435
4571
20
843
351
2824
4578
995
4022
2360
364
1211
2438
1175
3636
4830
1926
2761
1644
4198
2679
4985
2721
3586
4621
4963
518
1005
4212
1364
1757
4736
4181
2236
1683
3701
3787
23
3586
4815
1330
569
912
4102
2345
3580
4
1091
821
3815
3116
4666
2262
4344
542
2474
3888
290
745
522
3924
1123
3
612
2935
720
2751
4393
2443
2029
1583
1760
1955
2077
968
1821
1243
4554
3003
4107
3495
2245
3035
3905
173
2402
1056
4739
1009
4442
4166
4943
802
706
4425
1264
464
89
4090
821
1651
558
3265
2332
3509
1061
634
1165
2896
3805
234
3854
543
3091
663
1047
3328
3237
4561
2583
2136
1488
4319
3103
557
4631
4191
4964
2895
658
1617
3573
1100
4908
3228
3790
1183
2338
3758
4529
3473
1917
1786
1659
2247
3144
2888
499
3257
3125
835
4874
286
2718
4141
2383
875
2556
3140
1632
2208
4027
1422
3964
322
2964
1407
4595
2424
2096
2
3510
488
1345
4851
2840
4466
647
218
1831
229
3573
2737
3098
2326
1691
3663
1104
44
4925
410
1272
1000
512
1279
379
870
1323
1902
3772
2748
66
3652
3340
504
18
4772
3221
2214
1727
1010
885
2143
4581
3711
511
4027
3516
1154
3354
780
744
3116
2060
4736
1766
3110
3007
747
3738
3377
2258
2875
3183
3063
3104
733
722
191
565
4634
1839
2730
3136
1340
883
376
3098
2393
3299
1026
4249
4849
2131
1137
3295
807
1241
3163
1030
671
1002
4723
1935
4719
4372
3578
1853
2882
510
4882
2953
3520
4710
4649
3967
3497
438
1183
3798
1258
60
1680
2173
667
2716
4712
2157
3973
4388
986
1627
3564
2943
2105
1080
3416
1549
2720
3401
4717
2808
208
255
4561
3190
4898
513
616
701
3236
2205
3332
4797
3284
1294
3534
4942
750
1621
4017
2134
765
3045
1692
4015
1258
1944
4910
2166
4028
1511
1835
2114
4481
168
3010
1458
4236
4858
1596
1244
924
839
2051
1474
4958
497
4829
4484
3220
4512
4922
2870
3329
1943
4039
3969
2283
4185
2404
4672
3914
4874
3236
3021
4242
1477
601
1575
361
1344
4467
4538
3865
4579
494
1622
839
2823
2504
4745
3345
2462
464
698
3057
1573
484
721
3831
3274
3562
3283
1750
3383
1484
699
43
1811
278
2008
4381
283
1456
4461
4556
2796
4174
2994
3581
2506
2912
4067
1763
2152
1322
2790
2644
1638
1394
4400
3697
1322
4993
3180
4383
2702
1131
4338
379
908
1262
21
4994
3242
1863
307
3182
4892
3680
2537
1140
89
3083
764
3352
3697
2420
3349
92
671
3088
4014
4520
3958
2335
1722
2552
3846
3269
4673
2931
119
242
3121
3826
2383
4529
369
1751
4417
4642
727
1570
1909
4908
700
879
1525
4042
2025
3054
4311
1552
4762
2527
228
1182
267
3918
3323
4039
2771
3390
3662
305
2174
836
3626
319
857
1013
61
3876
3114
3528
3929
698
2822
3925
4050
401
1195
809
2534
3475
4251
444
4919
4069
3814
969
697
3287
2205
1598
4994
3930
2941
2111
4844
4279
3552
992
4105
4526
1086
4311
2853
1804
2715
2263
418
203
315
2183
3041
1433
75
522
3374
1271
4263
1565
210
8
2023
1996
778
4282
90
3384
3485
4385
3499
3232
2735
3978
4799
1172
3233
3875
2557
1196
366
2590
2963
1633
1191
4750
3007
519
2136
4908
1676
4596
4579
4361
2972
2108
612
1576
1858
4718
4192
982
4856
3133
1249
1748
2832
3465
1628
3136
62
3448
3173
4936
2074
1633
1090
3271
4880
3315
11
2268
3719
4686
2880
2794
2066
4868
1268
86
3350
706
2089
1266
927
1598
3507
232
1383
4577
2385
4303
1104
95
3650
4378
3198
3190
4525
1032
163
4851
2116
974
1867
2085
883
966
4710
4545
1371
685
2946
3114
4354
997
3289
730
616
1741
3502
2282
4819
1319
2421
4042
2525
2900
2494
3155
55
4522
202
188
1075
922
1033
3520
3935
146
3907
2333
3033
3159
673
3152
2903
3619
2076
1982
3612
4430
2311
2154
4014
4681
3634
80
3925
160
3586
3406
1471
227
3382
3430
2214
2384
3123
4049
4843
4449
2612
2299
4860
1263
2884
4599
1732
3647
3094
3551
719
2419
4206
4032
4541
4510
4359
200
2029
468
2129
4304
620
4636
1663
4446
4576
4047
706
2751
2518
15
1015
4679
3197
1881
922
1020
2410
361
4461
34
3656
3646
1164
4837
4675
402
3090
2218
177
3524
3815
820
1299
3333
3752
4290
4800
4515
3944
2179
1571
712
4562
22
1692
4010
459
3230
2561
4853
1735
2891
1756
154
2436
242
3103
1616
3648
1910
1766
4577
3206
2813
1977
2460
2285
1450
2698
4499
897
178
1571
1871
2825
2580
4421
2473
2445
2628
3954
2539
446
4401
2517
67
2950
727
416
4708
3076
1067
1756
874
3962
2623
4739
886
4800
2872
3758
3831
4737
2351
3498
3042
3985
3350
680
4778
949
4585
4457
453
642
533
4556
447
4137
649
3003
718
157
4098
3814
3391
3764
3499
4095
2934
2228
2707
1098
3876
2781
1852
4511
3100
898
1425
4230
655
1311
2748
561
1586
3135
783
493
4826
4628
2087
3315
355
3361
4666
2954
4146
1351
2949
3940
3769
1824
2388
2089
1610
1127
3161
42
3828
2919
1246
705
4346
2422
97
1312
2356
4326
3160
542
282
813
3698
3152
4014
3711
3507
802
1897
2657
4777
3434
1747
4079
3926
4456
2947
2545
1011
604
4813
1888
4441
4969
3483
3699
4034
2832
1470
1653
4619
1162
2936
3918
2459
1619
109
3918
1526
1577
1451
1825
2722
4246
3009
4588
3524
2491
3448
1723
3995
1029
4355
483
4858
1248
3339
1696
2879
2516
3270
1642
1954
1859
2728
273
1540
436
3046
3075
509
2181
1254
214
4890
4074
3057
2111
1873
4462
3671
1033
3983
2143
2942
645
3778
3859
1955
880
1898
3986
658
1337
4186
3799
4544
3035
4602
2675
3219
1275
2692
398
4172
802
825
1171
2972
914
4480
2518
153
1761
4562
3763
2048
1867
1530
974
3408
4653
2106
3984
932
2333
513
624
1230
2156
4437
1771
4382
2062
4395
2898
3421
3018
4593
314
1962
3705
3919
1098
4515
3395
4940
403
3746
2495
1912
2202
4933
4178
4509
244
2234
3339
1521
493
3765
1667
3427
951
440
3668
725
4954
3501
707
3129
3858
1859
3748
4906
266
1251
4601
395
2698
2730
4307
4645
3506
3885
4712
3268
4341
3084
873
229
1652
4886
2607
4167
1153
3774
2836
1021
4347
3693
909
4197
4744
3671
981
2804
2744
4116
2567
4593
3130
2058
1629
3565
2828
2232
2960
4413
1398
2490
1184
4694
2907
575
2951
2603
4349
3932
3808
4509
3578
1718
3938
1263
3777
2155
3421
2297
2969
2774
2677
1933
4837
2210
4545
4061
2486
3744
3720
4030
1156
1841
3636
575
4243
3336
1239
501
2494
4157
1524
333
3905
4003
4281
4844
3606
796
4352
645
4210
4821
3273
4963
3869
381
114
4099
1128
2237
4958
1149
1808
3650
4364
2924
2335
2821
1099
3627
2950
1290
1674
1486
2842
2134
4765
2156
3587
1211
2920
938
4260
2019
250
4015
2467
4830
1994
2210
878
4552
1354
4273
1128
148
2067
3541
373
83
131
2285
2686
840
106
718
1851
4591
1245
3346
562
1111
4488
3960
4401
4710
3425
939
915
3193
2612
2145
1044
4111
4180
753
1581
1621
3344
3971
1456
408
4289
1511
3304
1197
772
1574
2248
4500
4997
1408
3748
794
3272
4750
4090
52
2377
2102
296
3720
4753
1479
3657
864
2148
2001
118
568
4897
56
2555
4402
2154
4082
2319
1556
1608
920
2910
2986
4131
3542
1617
1869
449
2611
62
65
2348
4541
1079
897
2411
4152
4697
4168
3543
640
2201
1511
3317
4079
3897
3284
82
4235
3656
1629
4891
2020
1036
4113
1221
2032
2307
2094
3195
1828
2825
597
2578
3055
1335
1940
2564
2336
856
2727
1166
2903
4741
477
3855
4928
4700
1556
1927
3835
3644
2147
932
924
710
3116
4416
1338
626
4322
3446
3777
1340
4434
1592
3571
657
4236
2431
3441
355
3262
610
2644
1680
1081
3678
313
1807
269
2234
3170
4995
211
2425
4865
4036
3208
3965
433
1411
4674
2990
1149
2969
1850
3072
3881
2885
4889
2531
3469
4237
114
758
2623
1328
3056
570
2432
1989
2151
782
2363
2547
110
3032
3989
3762
2564
493
3685
2903
1617
952
3431
3987
3375
1379
4090
158
1225
2315
83
1714
4718
3365
484
1746
4686
2910
1884
2243
4721
1053
1270
4840
1537
1607
4249
2655
2335
42
123
1128
615
4547
801
2196
4458
1537
2230
4091
483
2113
993
3974
1534
2424
1188
1972
2822
263
167
4557
2302
4673
3239
3434
4151
642
324
982
4266
1333
4147
3917
3465
179
2960
4672
2383
1252
4191
2279
629
2973
1783
4975
938
4388
4579
2197
1083
3169
1917
4218
99
3362
3694
2683
1103
4127
2283
1765
3657
1208
3217
2864
4602
1793
207
3059
171
3370
1181
1445
3008
1769
1508
314
459
2316
1383
234
1247
4093
1195
3204
130
4798
3201
414
220
4424
4988
750
2615
3480
3564
2929
3100
384
1462
17
796
128
2889
3336
2572
2404
2851
4043
2252
1179
136
2854
3871
4061
1137
501
4681
2103
4174
2075
2123
4246
80
1527
491
4687
3447
1752
1068
444
473
2526
1152
4201
1032
1941
3173
2957
339
640
1526
1897
3573
3066
1153
332
2189
3213
3954
822
2526
2783
3025
2354
2514
918
3015
3590
38
2913
1932
291
1839
2094
852
2939
3869
1594
2527
1594
1653
1724
4585
3907
1137
1578
2666
4153
3034
3195
1330
4951
3752
3891
3046
1341
3758
4591
2943
4115
3686
4038
2534
1663
634
1171
439
4420
1856
2139
338
136
2865
2133
1811
4685
2193
3825
4729
487
3315
3729
3788
3101
4802
2961
4466
1472
383
4594
3378
3085
2243
3794
4844
504
4071
3217
2939
883
432
1893
2797
1321
3027
2279
341
4707
4391
1099
3984
71
3671
2785
3697
772
3965
791
4171
3709
2630
2021
4217
3612
1436
3287
4334
2714
771
897
1102
1281
2216
900
1437
4891
2263
3516
2455
4923
4658
1552
2222
2546
786
2770
4149
2437
1981
625
393
183
2870
3165
1646
3523
1963
1838
1876
1627
3296
433
2257
4804
28
2483
2381
4785
2013
4118
2782
4342
614
80
3766
1553
2118
4637
3453
3307
2941
3400
2060
4341
3011
2483
2890
1696
2557
1667
2407
4621
2449
4472
286
3419
4186
2386
1167
4921
3448
3326
4708
98
3996
673
93
2017
1055
3837
3845
1284
1303
3411
2499
1403
1659
4978
4072
141
2192
4120
822
1152
4910
4231
2434
4540
3877
1515
2492
3168
1206
509
3049
725
4099
4039
2110
4230
4999
1737
2697
1167
1383
3916
2657
2537
592
1788
1621
3392
4137
2087
446
3773
1124
2629
2457
329
1528
1975
3419
4817
1705
4878
528
3826
2961
4016
3883
3647
2270
2996
358
60
1481
4645
1434
2351
3992
3462
2192
4947
3247
3413
4554
2143
1294
1812
2711
958
953
224
2926
3406
3226
552
2733
4959
2774
1426
2024
66
4624
1484
1095
4833
906
2832
239
3321
1573
2546
4576
4786
3218
2630
2761
1564
4595
520
1239
3896
21
1798
4444
4002
2266
2775
936
1576
1646
3948
4055
4137
3957
4651
513
2794
331
4098
259
2834
404
1303
4604
4383
2490
4262
467
857
3656
4189
3327
3022
1551
62
28
4540
2124
1768
790
3556
3959
2670
2294
2001
478
762
206
542
2131
2159
396
1128
2253
2535
1668
3639
634
1299
2972
3144
4407
4517
1921
2498
917
1578
3249
114
1828
2160
2989
3184
140
4262
2862
2279
1729
769
2777
1076
866
1272
3279
1136
798
4863
1315
2322
1723
4487
2820
3840
3050
1162
2562
16
4855
710
4780
4090
3562
3860
3976
4853
4853
532
4547
1050
2189
4376
3147
3519
1497
2045
817
711
655
4670
368
2850
811
3794
1448
1593
236
2491
4310
585
1107
3441
1735
3410
2308
904
4996
700
4957
847
4400
1233
3108
1822
1860
3181
2518
4572
1242
2557
1118
4944
4373
4354
4233
4730
1994
1763
80
1906
1688
3852
3449
3094
2608
975
1777
1612
2228
263
2258
4332
2312
561
2634
2405
4382
754
2392
4707
1634
2210
2638
1356
669
122
2872
2546
2826
3196
3384
2652
4801
1633
1078
3801
740
2111
2053
4530
171
4820
528
81
1025
3272
448
4421
3624
2881
3842
13
1444
1096
1927
4950
4765
2163
2344
246
2678
1044
558
601
4033
4337
4461
2324
3488
1161
1561
3426
4637
4593
3049
3344
547
3915
4124
2603
276
4961
760
418
1315
1946
3504
2658
978
3499
1978
2641
2288
905
2101
3818
4930
1571
2535
3777
1522
328
3106
1110
474
750
2462
4189
2348
1447
1444
1209
716
3305
120
4265
1288
3575
920
3612
392
440
4513
2441
4915
85
3154
4204
2492
260
527
317
2394
410
3152
4528
3963
1295
2377
807
2853
3333
1192
232
3049
64
1714
3246
4241
849
2146
968
514
196
4637
1291
289
3221
1712
3829
103
4311
362
1033
742
799
1181
1897
124
3589
2461
2642
2849
3725
478
4291
1836
341
2657
2223
1700
4954
3760
2153
3487
2220
1685
1744
2167
3583
38
4528
3327
3766
2880
2622
501
3340
2093
248
3603
580
1190
4070
4552
3125
703
1437
101
828
4881
3236
768
3803
4036
1903
3254
1167
3600
1288
3315
3073
3087
4828
4620
3873
3123
1793
3326
147
496
1057
4064
2137
4233
654
519
4821
214
1350
1622
2054
1289
2745
1840
3827
2239
3838
1881
4435
1979
3436
1337
1600
4109
996
3069
1326
489
3146
2102
1788
3012
220
1921
3226
2830
589
2715
4532
2486
2047
1950
1583
2682
1449
2903
2322
3038
4966
3021
1250
2322
3063
2632
296
1756
2136
2471
3316
2438
177
3451
2897
4921
1649
2707
712
2794
3189
4955
4013
596
584
478
4516
1096
3000
3942
2854
2730
613
69
1410
2081
3723
696
166
2751
12
642
3278
12
4596
304
3803
1915
1754
3906
3383
4406
2923
965
2982
2583
2075
986
3770
3808
1729
3755
1041
1715
3501
1928
2671
1986
2139
4282
1917
205
1351
4868
4372
3644
4820
854
3400
917
2290
1546
2768
922
1444
3307
1337
4841
333
1260
1578
1540
4951
4871
4574
2032
2567
3914
4876
4056
4553
2832
4878
3063
3278
2881
1929
156
108
4137
4532
966
3015
1298
4580
1942
2719
3821
4923
2258
4598
4787
1198
2630
2429
1493
664
1454
3588
3649
2176
3296
439
1457
1731
3245
4709
2935
2341
3483
2121
1698
4946
2937
27
1853
340
2487
862
857
2962
1676
3922
2546
2206
3539
4569
3180
3567
4659
4780
3267
1339
3273
4694
4564
1220
1992
2976
1778
418
4506
3303
2881
812
1974
163
1144
1822
4331
160
4129
536
1422
4204
1803
2468
1110
2947
4702
3930
4965
4910
3360
4872
3150
4200
1053
3653
3253
2552
2953
2271
3338
4300
913
2664
4742
30
2587
1774
1651
4522
2746
4545
1629
3811
1971
3954
4891
4182
4105
509
1650
1005
255
4354
2026
236
1533
1123
853
377
4411
1936
2014
3433
4632
1636
1776
2635
828
2644
2152
1048
3972
1222
4745
2136
2870
2336
2195
4933
1642
744
4569
666
2736
2382
3346
3352
4835
4590
68
1122
892
1355
1072
2942
557
3559
4315
4984
3413
4376
2685
492
727
3918
838
3661
552
580
1149
3518
987
2898
2082
3005
905
1077
4482
3030
4687
3089
4017
2777
3150
4168
2166
174
3191
3892
3531
3454
3514
1538
2599
2739
4734
1588
2914
4132
1982
2977
4212
3548
2654
2130
4784
1426
4972
474
862
3883
2240
4072
2747
2315
1871
3195
3957
3433
2360
2291
2656
3988
1571
428
281
2209
2105
1824
4203
46
378
3142
1577
2567
2631
4858
2129
1231
4300
1300
2933
3325
3179
256
544
3998
2907
4197
4292
1743
182
4908
4748
814
4958
2866
2177
3049
3186
2669
2026
141
3243
3935
1829
4632
1709
3556
438
4850
1401
3940
4085
2768
3663
3281
401
48
322
200
1020
1346
4227
1017
1335
2123
714
943
2874
4184
3267
1496
3940
1090
2073
514
2944
3759
2961
119
2907
2911
3543
1120
3352
1045
4922
2850
4679
2398
27
592
3909
276
4276
987
2154
2440
3789
1122
549
3238
3719
3179
2799
2452
4721
3257
1582
2626
827
3808
2708
4898
4105
4643
2056
1772
2671
4726
3847
3383
4801
3309
3457
3428
2124
3608
764
4612
1110
464
2705
4312
387
4485
3501
339
3752
1027
0
4135
3910
1916
1399
1954
2873
4242
4985
1340
3040
1645
3293
2056
3764
903
2655
1465
4821
4441
2565
4181
1178
3103
3810
2906
1606
1297
1564
2958
4202
2198
1287
4350
1839
3050
1241
4228
2417
2204
1324
943
4255
4454
497
2647
4271
2605
3936
2327
901
1858
3193
2894
1103
3496
3508
2584
3071
3576
2662
1863
3742
4902
492
1923
4203
1634
1857
2407
1581
2525
3617
2848
4432
4625
314
3718
286
1693
116
4951
35
4158
2434
4094
4140
404
1475
1199
2550
2175
1453
3307
2120
469
176
1758
2207
236
4717
2547
476
4774
4133
4040
1513
2962
4146
346
4431
2898
1279
2115
204
4895
327
2061
3052
3258
2273
2495
2475
2279
61
1722
1360
2468
3950
2983
4483
1449
3500
25
4771
4144
412
663
180
910
4057
2757
4378
4481
197
203
2843
193
3881
3043
4216
3873
4459
1112
854
2234
3714
3293
4810
383
229
4498
3663
494
3199
1354
2223
192
4555
1943
437
4673
805
428
2465
2745
4364
3559
4559
4840
844
783
4628
4926
4028
769
1948
121
1131
244
1378
226
3033
531
558
1993
4721
1261
4204
4429
12
4642
2736
1779
4774
3051
4926
4789
3307
3960
1075
728
3533
212
1744
4380
4174
926
1999
772
1406
527
4783
2568
4966
4309
110
4349
2780
3555
4819
2152
323
1725
1587
3673
1999
1788
1155
4437
111
1626
3865
964
1148
2144
4555
792
3846
1937
75
1763
3044
1555
3546
1693
4999
2259
2747
3020
4630
1621
556
563
3420
4339
476
2494
4280
3177
23
4559
3886
1784
1598
4499
96
2269
3533
2304
1791
3770
3779
142
4592
3568
1360
1921
1658
4698
3517
2718
2104
582
1463
4793
344
1466
2571
239
4017
4909
4524
1131
3375
2242
4720
4838
1559
1110
4655
486
4879
2884
69
3877
4528
4741
914
2679
4800
3366
2007
3738
1502
3215
400
4969
2488
622
2333
3877
2909
2442
672
2952
351
3402
1263
851
4127
4122
4050
1676
1028
4920
3820
1224
1590
2678
3777
3260
4677
16
162
2930
1150
1349
2953
1831
1066
615
3719
1074
639
4562
1573
1240
1109
1968
1856
1322
2201
2853
4674
100
2305
2964
4170
3354
3688
2169
1586
3679
4120
2442
303
3761
4305
2069
3768
1660
1403
2183
2880
4911
2927
2349
1802
2510
1211
2087
3651
1976
1818
4548
1829
2911
198
4572
2858
607
4714
4591
3305
1042
3497
2336
3770
1826
1886
1456
1740
3929
332
13
1809
2703
1377
2751
922
4832
1439
1327
1216
1004
3306
4636
1780
1663
2142
1952
4999
4342
1800
195
2435
2197
4919
4875
4062
4678
645
1003
4214
1453
426
1645
2286
2240
3244
3666
390
1092
1257
4338
1128
207
2802
459
2909
2810
189
4593
4880
2156
4401
545
2118
2161
77
2928
4571
3167
3132
4735
2629
235
3500
3852
3585
4392
2397
639
1705
334
3083
4751
1292
4858
4292
1638
2216
2470
3415
1114
2956
3116
1390
3204
1154
2607
1808
2320
4521
4104
2947
2726
3383
3013
4632
3097
1883
1646
708
994
1593
2508
2120
4163
3885
1536
4325
631
2991
4193
3284
450
3556
4946
1276
2402
3784
77
315
668
4224
4855
2977
1112
4190
4761
3271
2324
1815
4818
2219
134
4073
2432
1313
3855
2952
3982
4391
220
442
3360
4848
3541
4942
553
4357
637
2470
4436
4496
2529
1407
3123
4150
794
2075
3434
1672
1140
2116
2149
1823
4389
2491
2371
2967
1769
3518
1561
2143
4186
3766
1546
3011
2590
568
97
3989
1551
561
4641
2465
41
4014
1137
1521
82
1574
1909
4132
4164
3311
3646
3097
313
1161
4212
111
299
4092
1212
1309
4354
1557
895
2415
235
3035
357
2366
3523
5
4481
3127
1882
1350
2330
4706
705
731
4917
1147
283
3504
4827
1255
4794
914
2448
4758
2585
264
1106
4009
73
898
858
1205
1160
2352
925
4577
1845
1414
4602
2100
4970
3168
974
4050
4966
1446
2397
4884
1895
2286
3888
2179
3283
4829
4798
946
1617
4525
4206
4814
1638
3379
3527
3730
426
2490
4756
275
467
1990
3733
64
2814
4156
4124
1005
3840
2182
1045
3892
4278
1102
3761
2666
32
1018
4436
706
2918
1040
2915
1887
2328
14
1221
4812
3550
4798
3450
1202
3376
2879
4361
961
2498
1332
3438
2218
3187
208
1242
2807
4557
4981
2900
1175
4887
1095
4196
2280
528
778
3994
2147
639
2253
1275
4988
3986
1667
1972
2919
2888
1608
2500
2743
2303
2011
2399
866
2989
4565
578
1161
4226
3324
3885
3451
2075
2574
2704
3373
4283
3850
970
1314
973
2946
4615
3434
4333
412
1110
3792
701
988
2485
2505
1980
3718
2049
4580
938
2785
4781
4791
4829
431
520
826
4870
3970
3110
2595
862
955
3868
4181
3643
804
3117
347
109
2993
1707
497
1830
2310
2515
1050
913
1522
4628
1629
4023
4342
908
4579
1970
741
4377
2623
2205
1498
2945
3171
490
3512
148
3177
3145
32
3573
2401
1583
295
3135
2106
3242
4994
1322
4856
2692
4190
990
78
2073
4176
2114
332
705
1677
4873
4607
4238
2397
4222
4448
1979
2992
2080
1445
1382
72
3719
3082
1485
4756
1257
4185
1147
2298
4476
1294
2530
4972
598
3936
4361
2737
3904
1147
1315
1764
492
2560
4541
3733
3526
2678
3054
2819
2881
2969
1582
3163
1196
142
683
3521
565
3194
2358
2980
4627
3379
4485
1187
1649
3935
3808
1648
1058
2238
3087
619
3560
544
1042
3141
2253
736
160
4157
3569
519
4338
4525
2297
4481
4085
1880
4152
2252
1427
1088
1480
2542
786
2382
3276
3595
2960
3287
2101
3054
2665
2187
2222
4937
3926
3083
2810
3758
4418
4199
1745
2983
2284
2054
4416
2582
3487
4490
4624
2672
4279
4821
2223
2807
579
3196
4811
946
55
4600
4310
3660
4954
2261
817
2844
4292
1280
4348
2537
4120
1047
1578
1692
314
2884
2555
457
4857
2326
3
3886
4396
2649
3806
269
4570
1415
1844
3900
2858
419
777
1168
3730
2485
3002
1695
3015
2113
4976
37
2448
4363
1327
3964
4590
907
2212
3323
4181
448
2143
2472
4908
2027
1345
1507
354
1409
2356
3082
1965
690
3705
1339
2912
2125
1510
855
1756
3355
2356
2719
146
440
3766
1873
234
3737
328
4863
775
1115
1725
387
902
1621
457
2058
4460
4200
3282
1216
3989
1878
4776
2406
1053
3220
4404
4372
2323
2040
4877
3421
3325
3551
409
4364
297
2044
1038
720
4814
1833
3928
647
1257
127
4918
640
1489
2747
3426
1693
449
4574
783
2072
3656
4570
1835
1851
1239
2032
4476
1423
1405
3522
4837
576
1060
2580
140
1376
2545
235
4815
4884
2798
3560
2853
2136
25
4660
4589
125
3356
3451
654
818
598
1941
170
2813
4456
4029
3685
3251
2164
3794
3178
1022
1595
444
2678
2256
1859
4097
3525
3488
4761
811
2160
3253
546
1191
2891
4472
4441
1283
3184
935
4665
3747
4318
2684
3625
2306
4628
3909
5000
3393
2749
4462
4742
4744
1253
4260
1849
513
1670
3923
629
4533
771
4565
559
4827
3102
3860
4884
3966
4575
4034
2936
1730
2396
2385
3171
833
3334
1008
2301
2687
4433
3594
3310
4655
348
4274
3318
2844
3469
1992
3376
3547
1725
4294
4289
4484
4140
1285
1532
3304
4939
4861
4676
2636
2233
578
4884
3374
2004
4381
4860
3486
2913
2788
1069
2073
468
534
273
4954
722
4835
569
1348
2772
1826
4168
4295
3350
2984
4559
117
3570
453
3790
1828
4432
3664
1425
1429
3817
881
728
2079
3677
4781
2794
1774
429
958
3610
1671
2155
3181
3348
4825
1635
2328
3371
244
4772
3021
3283
2244
4941
82
4951
236
1537
4892
1115
2722
66
3828
189
3089
2560
4641
2851
491
1953
2650
725
4708
1846
1830
2696
1907
3006
4527
3607
726
1708
4115
825
775
3953
82
3883
3516
1248
3881
2542
1552
3640
1408
983
1510
2013
3610
118
1483
467
1136
4330
3530
449
2116
4899
1754
2333
3533
4575
2558
2078
4242
1940
1171
3911
2001
697
960
2602
1451
837
2599
3631
3010
44
1843
1301
499
4362
1216
1388
1899
4380
2469
1123
1251
4276
728
913
4010
2944
1075
4649
755
4320
4827
3098
1146
216
4907
2577
868
1450
372
4877
43
2932
3309
2789
2755
3066
2436
3370
3460
3871
1129
2535
2912
1945
4306
4300
4484
1272
291
1857
2138
2008
4773
4371
4734
4209
2576
316
3628
1449
4330
4419
1252
4322
3863
3998
4815
3616
3629
2907
3873
2146
2142
2290
4539
4110
1273
2236
983
187
3627
1141
1815
1491
936
2586
2818
709
4101
1199
2482
3993
4479
4168
515
925
230
3853
4660
4192
4353
849
4801
3019
1544
4113
2356
4021
4831
2759
4059
452
2192
3621
1575
2663
1030
4290
114
1360
1453
701
847
1995
3054
2442
2250
3335
15
1417
3587
1844
4213
3116
2750
1833
4272
1956
128
2101
3138
253
1145
3744
1983
278
2336
4979
1716
3480
2764
4044
2534
3426
2657
474
3683
3930
1967
3229
1880
1212
2349
737
2038
814
57
1293
1825
518
3279
2902
869
4147
4807
4419
1527
1509
2212
1164
2974
1995
1443
1908
1295
4227
3897
4956
1411
1198
4732
4714
3934
2335
3291
76
1758
3558
2268
2011
2811
4353
2297
3375
3487
2578
2554
2148
3909
3489
2780
1771
1138
4060
322
3117
2776
4923
2105
1607
1949
1555
2028
2653
939
3092
4328
4945
3516
4526
2036
4142
2448
983
2367
3562
4723
4580
2058
4800
2011
2409
331
10
1109
2044
3493
944
2079
1592
1089
1459
3435
3601
1989
1021
2373
2152
2600
16
2182
1135
1171
2520
2478
4
3295
3106
918
2475
296
918
3407
700
2474
2290
1721
4657
1254
516
4625
4785
551
4477
397
303
3852
2653
650
4846
4111
4418
1866
1554
2194
4896
3537
3417
1751
841
492
3796
3330
374
612
3690
2851
1428
2480
223
781
4292
4362
2681
2979
4672
1789
2498
3401
3760
3192
789
529
435
2075
465
268
2577
2634
3293
4534
400
3869
2072
1125
4308
3651
3013
4159
3094
3497
865
1139
2824
3681
4912
2315
3339
4404
773
815
2318
722
2797
1042
4266
2286
568
284
630
4719
3449
274
1481
1570
4369
675
4808
1908
157
928
508
3882
4754
851
1110
295
1906
102
2186
2150
4925
713
3288
600
4879
1575
1525
1949
4461
4767
1191
1086
2653
2262
56
712
3197
684
940
1311
727
3869
2663
3769
856
2769
2448
1252
130
2296
2875
4535
2825
3741
433
3188
3361
662
1714
486
192
2118
4578
3371
3802
955
2468
4441
3346
3267
2327
4821
4625
3426
313
1271
1284
1343
2293
2231
1771
912
1792
269
4898
3205
2357
4052
32
2844
3970
4713
2404
1279
2306
3530
4208
3502
373
933
2549
4802
2833
3375
4086
2564
144
3589
2469
1201
2522
1867
2711
3822
1775
3093
3427
4821
2071
1573
283
251
4139
4215
4822
4982
4235
1280
1747
292
3313
4230
1254
4036
4793
4050
3538
374
84
1577
416
979
3968
1786
1873
3973
224
4302
653
4673
3500
797
2788
1726
2141
2097
1981
4217
329
1116
3767
4752
3301
1090
3371
4711
3642
496
1101
2263
1867
4088
3712
2047
307
3521
4409
2311
2440
1489
3507
3873
3682
3377
2169
3343
4612
4259
2614
3875
1212
3833
1743
1283
4866
3580
4588
4784
1885
4218
5
2433
1232
3980
3679
2278
1775
3605
863
2674
3402
2530
4021
3242
4863
2523
915
1988
1301
4321
1472
818
3205
3551
2635
2530
879
815
333
2150
2442
2190
4454
1897
2914
555
4680
188
1612
2780
1011
134
3454
522
1970
2223
4024
95
662
3132
338
221
4515
1731
3922
2681
851
1555
3819
190
2147
2924
1284
438
1
3064
1954
4023
3215
3481
2310
3084
1684
1274
666
2647
623
72
2782
1893
3220
1963
2861
4618
2883
4389
889
2796
2265
3861
4697
1474
1328
4377
3971
4035
1397
3533
1632
343
867
1258
3937
4717
649
2230
4808
4335
682
3926
3235
2168
1790
1758
856
2211
4211
547
2916
881
1093
298
629
4708
4077
4589
909
4103
1708
3145
2216
1405
864
1058
761
3611
4354
3720
2343
2414
317
3093
3988
4397
4971
57
3846
610
1530
185
3268
3612
969
4819
2329
2440
4110
617
1513
3977
480
789
1071
2095
3615
2998
1428
3564
2494
2197
4002
1917
1463
116
777
389
1197
1682
258
3622
2004
4208
96
2418
3892
395
4254
1287
2260
4047
1610
3981
1880
1697
3811
1730
2623
373
1441
2113
1509
2115
4922
2233
1008
619
2864
2616
2108
539
3632
4491
1714
151
62
3634
2228
249
3284
23
2012
4806
785
1522
4530
1038
2223
4015
4245
763
803
2847
2876
853
4354
1989
2650
2611
1293
238
3623
3972
4641
2018
2425
3935
937
3530
968
170
1070
2731
673
7
3853
1215
162
4724
3120
4584
1944
22
914
4762
2280
3659
3221
3994
3677
2518
4916
1814
4673
4461
3899
1366
4258
2117
2411
2877
4120
4489
3227
992
3803
1094
648
2800
670
1115
2678
3409
787
2204
3278
3082
2167
84
638
4479
1927
2390
749
3192
4155
3426
3718
2137
507
3592
4740
1830
1100
2071
1382
4057
4207
2172
3705
4764
1278
2024
1132
998
3808
2347
3116
901
4307
3787
3112
1236
1290
4293
3445
3030
4518
1956
2218
386
1054
1350
2309
4020
3527
1182
2247
393
1342
1911
2946
4671
158
1215
4692
3269
3410
209
1094
4876
2877
1343
1077
1752
3943
1934
4436
3295
2997
1483
1917
1661
2877
1711
3335
76
1264
3297
655
2528
118
4328
3601
3602
2771
228
2692
394
3930
1152
3407
3748
2118
847
2726
4763
2625
96
1024
1889
3940
3660
194
921
1649
1513
2609
223
1657
4689
210
2195
4239
978
2608
1927
3989
2262
3202
4807
180
902
3089
346
2344
3196
384
1799
4001
2903
1340
2333
2075
2637
1018
1619
3525
1736
4750
935
1003
1396
104
2423
698
4519
281
668
25
1394
798
1066
4767
4059
1653
2433
2532
1504
1458
4138
4813
4944
3461
192
4605
1508
3102
1764
3192
3317
202
2725
1240
4775
3883
1486
1893
2932
2106
1698
2279
270
1475
3200
2275
188
3218
4894
4643
3386
19
4728
2391
3796
3608
1948
2809
1410
1820
630
4858
352
4233
2520
58
2258
2108
1698
1313
1469
599
2827
1175
4950
4392
1049
834
3474
3109
3452
68
2029
4303
3315
3995
195
2894
3561
3765
1633
651
1354
3707
2259
4154
458
2812
4418
185
4694
3142
594
2964
3180
3752
679
397
90
974
2009
4219
2973
1140
4061
4641
2899
4134
2921
1141
1836
2672
900
611
2016
1204
2945
447
3831
2351
823
1355
2740
3228
219
1738
169
831
2312
1097
3870
1294
654
4956
3031
631
3512
4083
2616
4648
480
1749
3378
4263
2741
1286
916
1809
2634
3878
1410
4499
3655
4478
3482
4124
3894
1615
2384
1826
2150
661
6
374
22
2494
3306
1981
4113
4941
857
3007
462
1204
1272
2786
3706
826
1596
601
4409
1104
4793
556
1167
246
551
680
1993
325
1459
2440
3466
1911
1943
1506
1234
3784
3605
1463
1527
3374
1823
2160
3232
4483
979
4228
4351
1880
377
1686
1738
3079
1782
4527
667
62
2950
1079
2235
4603
1411
3377
757
3429
3500
3658
2502
3837
3344
4749
595
2977
1652
2483
4592
4395
2568
2740
1193
4495
3266
1459
1871
4453
4706
2089
3895
4627
1992
936
1493
4030
4303
3931
336
2301
335
2616
2209
502
1260
417
1749
724
3548
3126
2464
1317
418
3718
1719
4057
2653
3478
160
2756
639
359
25
748
1277
3236
3666
3141
1035
1992
4557
530
2187
2195
4088
3698
3634
1377
1454
4941
3063
1404
1949
4626
1978
2979
4042
2114
566
2768
4627
1555
3945
4294
3319
392
3271
2114
3795
1802
498
1941
886
2212
3095
164
3755
2192
3590
199
1243
3314
3515
3014
3591
2101
522
3701
1151
1396
3848
3618
316
3836
4222
1174
4892
3210
1074
1374
3864
3946
411
85
2517
2467
862
4271
3934
541
2672
909
2418
508
1753
1418
3818
2251
1146
3153
4337
3468
3786
2484
1423
343
4595
2843
393
3279
4023
2
1673
2283
3872
2992
86
2794
2251
732
3035
1418
3625
4343
4534
1737
2881
1287
1292
92
54
1802
1348
4222
2317
2516
1577
2188
3310
4907
3352
4194
4010
2231
407
210
1438
4701
2647
137
3186
3711
318
1580
241
4849
1812
4440
4350
3603
3620
1892
3214
2424
690
3586
450
1030
4443
2645
4324
4896
1361
2405
3341
2296
4772
1741
2023
4808
184
2230
3385
3466
4728
3243
2472
1759
2632
185
723
504
4665
3540
116
2557
624
916
1550
2078
2798
1653
4662
569
44
3688
4027
1682
4390
914
3338
4193
3484
4774
326
3623
1798
689
1687
3852
1311
3084
1560
2001
3569
3246
3002
1933
4631
4412
3042
704
3550
3126
1649
4790
3309
3130
948
1583
1161
2614
3117
3019
3360
3445
4661
307
4865
2574
108
2366
3377
3019
4681
556
4912
1975
2609
3660
3448
2219
2350
3242
4057
2183
973
1341
3505
206
4559
4639
2861
1099
1091
4635
1757
3654
2538
2270
4265
3227
2642
2963
4897
2787
126
196
4535
890
2299
772
706
2573
1018
4795
1495
1745
2850
975
3113
1612
451
2637
1945
3516
6
852
500
3464
2589
3214
2685
3711
1196
3346
1352
197
109
4394
2778
2646
4249
2780
2421
457
3727
4923
3730
405
1249
3347
1608
1884
3620
273
4428
3998
770
3145
3982
241
759
652
2829
1022
4413
3625
1260
112
1090
4564
1089
4889
3466
2964
1217
3624
4510
3578
3166
3196
988
4203
4198
4577
4197
4390
3250
4862
280
2376
1946
3742
3434
4518
3961
4245
1888
2929
3137
249
4093
4047
1644
1634
3062
174
1777
4929
342
3902
4626
4185
4922
3569
3802
2726
3060
4518
1332
3950
375
970
147
3797
489
2257
2561
2864
4061
4258
3617
1964
2726
741
1294
3371
248
889
1222
4568
4932
4867
640
4349
3520
830
4784
3714
2346
2152
611
3750
4367
0
700
89
3816
248
2196
1875
487
504
4893
1755
3148
4010
871
2685
2975
1256
1865
796
7
4930
3550
2202
1959
611
4989
2735
3578
787
246
571
3474
343
1992
2557
2013
3347
2358
2690
4874
685
4217
2758
1851
1037
1786
2414
985
2624
4663
4730
2849
919
498
2674
1989
276
1561
72
347
1483
85
4603
2586
3019
545
75
764
4380
12
3281
2077
2588
2163
2120
4461
1887
2932
2706
2849
2768
2839
4944
4007
1770
1471
3514
1019
4281
2176
1716
2445
3023
2570
881
470
4134
1552
3831
1638
2474
4440
2212
166
2022
1771
1574
4578
1124
4640
428
4691
3447
1224
4914
548
685
4843
2803
2721
2264
2660
2914
3282
4145
1481
2606
4763
3403
2950
2842
2814
4962
3411
4244
178
2952
2160
1659
3715
1865
2719
2550
46
2487
2327
2405
3911
2302
3010
2612
819
3251
1792
992
1114
1491
807
2976
1690
678
4402
3223
2702
1164
3162
2256
2818
3922
4874
675
3126
4653
323
3597
4004
3480
4290
3081
3329
926
1648
1677
1551
224
3003
4012
393
3204
3565
3646
3444
4484
1078
1196
3979
1087
1363
3157
2179
801
2425
1265
2878
4537
3021
2950
3613
1027
254
747
2516
2632
814
426
4383
4166
5
1755
3824
1406
4749
1596
329
3422
1662
4001
3597
4189
4383
3258
4650
1721
4685
3581
2200
2320
3870
3389
2820
1046
2650
4385
2969
1556
1640
316
1090
1783
2048
4784
1892
3283
613
1460
1302
655
4618
2988
4672
4424
3098
2927
1553
760
1180
2910
4594
2942
4782
581
21
4778
1840
70
873
3751
1667
2593
4897
4547
1653
4638
1871
641
4451
2772
1670
4416
4364
2157
2119
1541
240
3099
2580
4302
287
228
3204
2948
1624
4630
929
1983
473
643
1121
4983
2683
4065
2139
2883
4102
3148
3446
14
2600
4688
2970
3193
4273
3122
3694
2651
4671
3593
3898
4627
3388
3928
3587
6
4019
2108
196
2258
2143
3536
2508
3794
1166
1049
4508
1722
1606
3674
711
2135
3550
3776
2810
1366
3831
4588
4659
880
2026
126
3791
3956
3728
4833
4366
4178
4698
331
1160
4875
375
3942
2609
1188
3523
3041
471
681
581
443
2511
337
1293
1000
102
100
661
3724
2676
3945
4105
287
4163
4308
471
4680
173
2299
1
1871
1927
106
1665
1502
3760
2740
776
3802
732
1021
4439
3521
4769
2882
6
2168
4645
1870
2397
1545
2658
4321
1491
2127
3529
452
2404
1673
1958
967
3241
1851
2848
3855
3470
4018
2367
3264
219
1102
4950
2223
3792
3602
1310
2383
1794
3966
2207
2936
1059
2780
2280
232
2886
1759
2217
2913
2454
1007
1380
3588
2240
3641
402
1471
3541
1007
3816
217
1999
463
3581
4934
3851
3282
1595
744
3465
392
1219
857
1752
2876
2406
704
188
2886
3641
1411
2973
3430
3090
705
1510
3004
4147
1946
3814
3665
3865
2212
3520
2514
2088
2800
4380
2170
3393
252
1880
2493
774
1539
3014
2361
2954
1047
3820
2820
2104
1768
3554
1052
364
3687
2502
3955
4698
1556
1988
2827
4754
1114
3719
3340
1698
3477
1881
3926
263
1459
4067
629
4782
2416
4424
2330
1280
2805
3164
682
3514
2067
1420
4191
1165
3115
978
1234
3428
2491
4905
4157
484
4674
4174
4287
3014
4713
2889
4176
2492
3028
1660
4028
1507
1439
1016
3579
4649
4974
1408
4306
1264
2508
3366
1893
4268
2143
4804
2494
1435
4456
603
669
2824
833
2638
222
4896
1887
2426
1622
2293
934
4818
4907
4430
1903
301
3997
1945
1610
1763
1606
3366
223
1359
4819
560
2768
593
1921
1153
2109
733
2148
4176
4957
844
2092
1899
1040
4067
4551
1418
831
1176
3212
3573
3436
3974
3208
3459
2582
1542
1125
1613
1333
3192
1711
4357
4199
4119
1753
3334
2599
4483
3773
2954
2516
4164
296
1728
3113
2021
4899
1843
4229
393
1797
3271
4924
4880
4953
4658
4004
439
4179
846
4451
1394
1641
3805
2097
1431
4334
1196
3079
4126
4737
2062
4749
3695
2140
643
5000
4689
1341
1532
1234
795
4439
3667
3741
4813
4105
2715
4860
3206
4003
4352
2309
2996
3311
947
3437
386
1450
1422
3907
3433
4817
1760
1410
1585
3681
3557
2043
3125
659
3881
4859
3928
3432
4308
4919
1912
486
1062
4625
4370
2676
2162
1696
4722
236
299
2512
4881
2073
54
1564
2472
3764
3191
2026
1399
4385
436
3823
1172
2533
1726
3007
4427
2118
3319
4153
1271
3677
581
2346
2277
3255
3461
3073
4774
3895
246
4205
4152
4797
2597
3268
889
3816
2876
4824
1144
709
2179
343
2335
1056
3888
3212
3260
1096
1110
1713
1799
4294
3422
53
4520
3525
2602
4947
3975
3920
4110
2180
4771
4572
3424
3343
289
1005
3005
3567
1604
3115
176
3502
1378
3365
4739
2057
2576
2411
3374
1169
4499
4940
4628
597
3204
963
2309
462
2417
4075
3484
1579
1701
3733
1906
4487
4642
1873
4006
375
4486
2667
1195
1950
4270
2809
518
3310
808
4429
1981
3865
4186
577
951
1599
2822
2519
3394
2969
1533
2704
3916
2756
1148
2349
4635
587
380
2061
2698
1906
1737
282
3188
2713
1467
3963
1750
3987
271
2255
1397
3926
3553
3191
2183
65
111
4555
502
4797
4919
269
4620
2422
177
2213
3894
3329
1274
3873
2467
2676
2833
1783
260
1171
534
1729
4185
1042
710
132
248
903
2323
3570
2365
4230
3649
2595
1097
4566
3967
2753
2771
122
1379
2338
1488
932
84
508
4418
253
3363
2367
251
3067
2107
2204
2277
1034
4552
4053
2225
2547
3252
1417
3718
4204
1993
2278
2134
2195
2832
2430
2037
1325
1355
2315
4559
3876
919
1493
2022
2812
3122
2099
1811
718
1286
1676
625
843
1810
4906
1572
3917
2674
4185
691
1776
1028
1355
4667
4966
15
3788
2136
2061
73
3090
1262
1940
894
4170
1531
2584
1340
1167
57
478
3368
3574
628
3028
1201
4580
1694
4540
1203
645
724
3915
4524
2961
129
3717
233
854
1034
590
2745
3001
3922
4812
3226
4084
105
3675
2567
2254
157
4926
2083
2221
2498
323
3787
1587
1617
2497
3173
4030
1625
105
4880
4068
185
2260
3933
3895
2315
3163
3425
3229
499
249
2452
4825
2720
802
243
4629
636
1662
4192
2482
4789
1492
672
1531
1301
773
2492
2069
450
176
783
2757
4115
321
3712
3975
3595
2609
4582
4880
2468
1180
1817
2655
43
803
4238
2284
907
3812
3579
3967
2932
1849
4544
2929
4431
4608
64
2589
3659
2773
4752
3080
3376
2744
2327
3322
978
255
1260
4083
1091
904
3898
4812
4233
1541
4120
3998
229
4703
1411
4936
310
4265
2663
2024
4720
3863
1517
3262
4255
1809
4700
1927
3873
4727
2729
3628
2192
1844
47
1519
3468
1745
3133
2265
516
2792
1376
692
3970
3537
1789
3934
1380
2762
1163
1724
4379
2482
2705
1120
3738
2185
4330
1879
4082
3341
3795
4475
2308
3845
3983
4947
4954
641
1277
2655
3995
196
1005
1375
2753
3833
1892
3391
94
2184
4196
524
138
1359
2439
3998
3425
3353
1859
156
17
145
2488
877
3069
4452
1644
200
2025
715
1480
1910
1439
4257
256
315
4789
3500
1779
2962
737
2084
615
1903
422
3313
3470
4499
4770
3367
3682
1859
4984
2862
2559
3862
2738
107
1572
4089
3291
3608
1725
37
175
3954
4505
186
1801
1191
1955
3305
3745
1926
3561
568
372
4298
4545
3682
2032
2932
2103
2526
1829
4643
3648
2449
810
489
4253
4418
1278
2735
2711
975
3741
808
4794
1117
476
136
3920
1979
3329
3582
618
4729
4245
1493
3926
1920
358
892
2325
2638
1192
1568
4073
1896
4226
1625
4789
675
3616
4371
2132
3693
1343
1113
1832
4257
2940
2139
3527
1571
2584
4542
3983
4962
3978
673
1117
2146
1987
4180
3911
4416
150
784
4913
4481
3446
1174
2873
4460
2933
3698
126
361
118
3782
3797
452
4693
3035
3491
4547
3162
4249
3402
2512
2018
301
1136
3119
278
3799
720
400
4673
3183
3634
4184
4676
2648
1903
4992
133
1216
4308
436
789
3689
627
4610
2861
4108
2496
3953
2224
171
4279
2952
3738
2552
2814
631
2579
919
3622
2286
435
1959
3997
4607
226
3817
92
3220
4222
2033
4076
2079
2433
2601
2125
4200
744
1261
3290
1886
4627
178
537
2883
481
3371
3226
2859
1329
1934
4734
2057
59
249
1050
1247
4567
2517
1174
649
4737
1904
37
4737
2368
4201
429
2656
1827
983
3041
773
235
4707
3699
2235
4429
3912
3667
1577
2830
1587
2535
3706
1977
3939
2153
105
4021
3306
4333
1883
759
3230
2403
2741
3516
2528
202
2476
1902
4147
2240
1321
2835
2468
4411
3415
2373
3244
1031
157
1470
3284
4620
875
3380
812
625
4713
3220
3122
1814
4233
49
1074
1062
4594
1374
4938
3827
4887
3696
3691
3811
2151
3137
2414
736
219
1388
4824
4467
4347
1626
4749
3963
50
4723
1609
921
75
4725
4733
3738
2406
554
2350
3197
1328
1377
3361
2401
2936
2162
346
1525
467
2610
4641
4347
2389
4615
470
371
3920
4235
1997
1197
4117
667
3895
2998
1503
1965
2337
795
838
854
2569
1550
4751
4322
2956
935
3516
1499
1985
4928
3603
3516
754
4805
252
4032
161
3340
1211
164
3289
2317
354
2393
1324
967
204
1242
3679
2791
906
2172
3699
4070
1410
212
3170
4924
4177
718
4674
775
3498
4925
1670
724
1348
4099
1742
2417
4606
1579
870
4273
3041
1948
3281
1423
4099
3856
1345
3143
3595
2451
2895
275
1979
2375
2575
696
2363
2723
1414
3626
2182
4264
888
4262
1683
3070
2246
2103
4106
784
2851
3386
18
2075
3351
2908
3939
3911
1892
1316
4811
1598
1957
3623
4932
1851
1282
146
4185
4538
4982
1439
2074
2446
1712
1991
320
250
4285
402
2138
2437
813
94
3161
1889
1845
747
4090
2566
2717
4875
3084
201
3349
37
2827
364
2750
4531
217
4516
4039
3790
711
3015
469
1252
282
1558
3153
4726
2284
4319
108
1143
2336
874
1371
1556
300
4138
3222
3511
3223
4320
754
3305
926
860
2955
650
4013
1410
4628
4642
2279
1809
1031
2310
2349
890
3046
2908
190
1351
603
4050
839
4669
3753
4402
1121
3300
2827
989
3480
3397
4821
554
460
2153
1735
1703
4341
3504
3795
1484
2630
4437
1581
4729
4631
4817
849
3223
904
3701
3260
1859
4716
1019
887
4521
2480
3879
839
1121
3921
1765
3918
454
2159
1711
3508
3623
1511
43
3566
4047
2134
252
4976
2635
4777
660
1430
4667
3693
3355
3001
1595
1
1757
3160
1346
4296
316
3829
4029
30
1429
519
1198
4331
1434
3632
4621
1279
4796
4746
4609
3576
4551
1225
268
4056
4807
4282
3472
3936
1861
487
1725
4429
1981
2204
3175
4030
713
4930
1920
1998
1698
4701
4195
3234
2987
3838
4981
4041
4425
2263
1235
481
2227
2277
208
402
3979
568
2162
1739
1093
2763
3406
4393
4687
3066
2906
1026
2720
227
1531
1342
1974
343
1532
2232
3053
2132
3567
111
1531
3915
1427
1570
466
3827
290
598
787
2286
1249
2582
1637
4129
1000
2603
4993
766
4163
4520
3073
385
492
1630
2351
2132
4079
2115
2019
4722
4911
2894
4229
1888
1768
1270
995
1954
3224
649
61
3177
3824
816
916
982
4849
4060
1040
4932
3900
3338
990
1748
2225
2576
576
2415
3629
2436
2955
2319
608
3627
3976
154
1539
1028
3523
2186
4207
171
652
1724
408
3409
554
151
2587
3503
3182
1630
2789
1921
3750
2273
480
3701
3839
1099
3772
213
1806
930
3791
1786
2366
1297
1878
2293
2046
300
890
722
1474
2126
3120
4933
4061
2695
2581
4498
4264
3602
1150
3475
3254
1694
2563
2161
2754
1885
2082
4317
2361
2733
3465
2830
1969
1727
629
217
602
2266
913
4166
3781
3880
402
2490
189
4840
2395
2599
3981
2194
2959
1573
237
1329
122
1579
1244
3588
396
2961
4908
1795
2931
1016
3265
3176
1651
4687
2237
2090
1558
4750
3682
604
3112
194
3352
971
2470
740
3945
3988
957
1773
3815
540
3235
3941
3045
1378
3307
4409
2752
26
3513
4137
1200
1172
3868
3981
1846
2672
4757
4242
2568
4949
415
4937
4340
453
2565
24
1144
1068
831
1497
4825
2923
4821
63
1192
3878
3346
4069
1992
339
4690
3052
1008
2123
4320
3593
3996
781
225
1755
1721
2354
1001
1959
1412
3197
2420
3643
2138
3485
574
4750
117
137
1438
1303
3532
4072
339
383
1128
745
1067
4766
3501
3035
3775
2530
3935
1714
2453
4137
2972
971
666
771
1557
4108
1675
2171
3434
94
757
2170
4218
2797
724
590
981
757
3782
4744
4533
4761
2434
4698
1694
4911
2158
2163
2423
472
3462
246
1366
3886
2952
948
2612
1996
1445
336
3468
514
4916
3946
202
3789
1926
3897
3517
3600
2206
3349
27
4984
2226
4028
3003
73
4168
254
4327
4101
124
3007
307
4195
1969
1468
1164
2213
369
904
3989
3500
3338
185
4246
376
4947
1045
2146
297
370
4927
1058
4714
805
4389
1616
4229
3521
343
966
4212
3121
2567
4645
1112
1727
4856
2893
4685
1491
131
4046
2590
2413
4172
2527
4039
945
894
2413
719
1451
2368
2830
309
2341
164
1134
4032
4190
1435
4413
3427
2731
3610
213
896
3960
2276
1366
3134
3731
2984
1484
3767
2538
3491
1383
2171
542
4310
3036
180
212
3325
3198
2951
1982
1684
4110
1784
1414
2148
4307
4814
4621
160
3097
243
3073
431
4840
567
3113
4270
4269
2849
3048
3400
3633
2214
3216
4038
0
1190
2143
746
2048
4360
1220
2108
3009
3438
1287
2156
2410
1061
4063
1401
1204
4146
1326
1569
2932
4665
1534
1169
1514
1838
2817
1255
2682
2084
3179
2528
404
1492
4528
4441
2094
4133
3905
2345
245
167
658
789
4009
2607
3869
4772
3191
2199
1403
2903
3864
3749
123
2747
677
4434
4800
824
4570
4611
1129
3900
923
4412
528
4876
3573
782
387
4334
3355
622
4163
3134
206
3423
4250
3312
4031
328
1112
4682
258
2518
3293
430
502
3753
1041
2281
1117
1709
4106
3541
871
2433
4534
3765
2834
1978
3252
2644
2041
4849
582
1840
2407
1562
4935
2792
1523
2763
1864
4638
3885
3058
3540
860
1264
2859
2226
4293
788
4699
1445
3580
1005
4889
3227
1231
2002
220
789
2656
843
517
1668
90
3015
4836
4856
2587
1140
314
1642
1946
271
3723
4419
640
4953
153
1272
4180
710
595
1285
413
3405
4388
3754
4753
3618
2199
433
2783
4785
3633
4912
54
1736
563
1041
4952
2147
1502
3202
817
228
1760
950
4152
2791
2920
3499
3397
2685
3319
3945
2730
1941
3817
2938
511
893
1381
744
4736
4178
4269
1336
967
2289
3434
3996
1398
4476
2335
2764
4551
4637
4339
2713
132
3293
3825
2701
4591
3968
4832
4008
2638
483
1554
4832
1522
4893
3132
2189
2548
3860
1897
3243
1065
4126
516
2813
2689
3253
193
924
43
489
4104
1066
2805
4735
3961
147
3881
3937
1491
808
1761
2088
1978
3779
219
2938
4313
612
4613
431
1231
897
1924
2059
4347
1001
3241
2221
417
621
1992
4441
3825
4595
3376
4851
4385
4717
1028
499
4006
3843
612
873
4876
3272
4542
268
4009
1734
472
3588
4067
4854
1972
749
1796
4737
2653
2867
4602
1106
997
199
1904
3526
3877
3940
2961
4516
1515
2243
3780
1852
2230
3158
4267
3803
2953
3285
4375
4512
4600
1953
2672
2954
4335
2733
2388
4219
4516
2647
852
1418
2295
2321
1849
4324
1166
487
3017
4487
4927
4218
1830
3379
2855
3844
901
1490
666
1399
1222
449
2324
4545
2796
4744
4297
506
4969
1510
4910
663
902
870
514
3634
2838
1518
1273
505
98
3998
2836
1297
4793
2892
1425
3656
298
2433
4812
1370
1278
1597
1362
3356
1010
3861
2206
3079
2188
403
4296
1539
4226
2997
1906
3080
1969
4196
1688
78
2440
4197
3675
2214
1972
2560
1077
4931
2140
2361
2010
4804
1641
4627
1169
4583
3104
2355
1563
488
4184
56
4168
3406
3325
3109
2685
2257
316
3148
595
2880
4761
467
352
673
2538
1042
189
1669
730
3507
4449
2927
1116
4847
3301
3759
4972
4441
709
619
2479
4708
3194
3425
4785
4848
2766
2219
1613
2760
3170
3701
4072
937
1861
1905
2895
927
3551
3910
2393
1190
2938
2938
4364
4043
3125
3181
4342
4984
2589
3447
2589
476
3674
376
1568
3672
355
3671
4907
3805
1681
1215
3180
429
3690
2042
1390
4787
1246
1439
3991
1762
1278
4947
1324
4423
4587
4198
2709
673
1643
3446
4114
2012
1573
2457
3572
4057
2392
2923
2331
2540
1535
1067
632
2276
2872
2442
4211
2676
609
1537
4483
995
3730
982
1456
1368
1739
1357
2326
3612
2866
4934
2248
3197
1271
2646
950
2339
1011
3684
1958
3019
3929
725
4915
2957
573
2167
978
796
1561
4849
1766
280
2350
2685
1864
3596
3332
3759
4864
4604
3736
44
455
4442
1798
3310
1271
411
1545
3292
3096
3629
542
413
4706
2762
2430
3770
4939
1642
2425
907
4386
21
3669
287
1641
1292
952
4335
667
3611
748
1871
2008
925
4686
4037
4155
1510
2811
3703
4983
2540
588
1196
2436
4530
94
345
3157
1785
4107
2572
2193
516
608
3541
2905
3538
4184
2533
2856
2974
3529
4495
2162
3946
1956
1127
3510
4615
1482
1525
3110
1829
2321
4880
810
1765
4465
420
3569
2379
1153
1155
2161
843
904
3285
4637
904
517
4565
23
1072
3021
113
451
4973
3661
382
1042
2612
814
563
2877
1075
3846
2470
4451
1293
3662
1367
580
292
2717
4604
3527
3784
3826
2334
1069
822
3456
191
4061
4460
2300
3751
2891
2518
948
2311
3405
1801
781
3128
894
968
813
4348
3833
1071
3851
3725
4846
3693
363
3068
4678
824
2238
267
3902
2437
1088
2299
4445
85
1712
2291
1951
4270
1643
4235
331
4298
3423
3143
4941
758
1300
489
820
4869
3754
4525
3426
2040
769
1386
855
591
437
951
512
2049
1177
1459
1955
1149
4855
2244
4330
2545
4074
1789
2331
1065
4633
2515
4001
2732
3147
2141
1957
3655
582
3495
1784
1456
3239
1533
3533
2336
4138
2210
1387
4646
684
1091
3167
4519
2628
3920
4187
460
39
814
3716
2646
1877
857
1275
285
57
2204
1655
3269
1730
1151
2938
3967
4950
4167
2271
114
2931
2166
4255
2855
2782
3773
1851
3358
3304
3542
4562
4186
1793
3876
3463
3225
3459
1734
2973
1988
738
47
1077
774
3031
3569
63
2273
1051
3651
998
539
4830
4132
2476
3380
4338
2270
40
2404
1790
1712
4951
2476
4526
652
4950
2266
4695
228
1142
2105
4405
2592
1212
3383
3244
1546
251
2367
2055
2757
2242
4436
2520
1591
478
3052
1265
2039
4032
4991
4298
3984
2204
941
2242
2168
4045
2877
2601
2245
4094
372
514
485
4903
3923
4114
610
1224
2547
4284
424
4158
682
331
2287
199
647
2081
772
2943
3748
1702
1269
2855
1354
170
1955
547
3700
3169
441
4112
4098
3333
2759
1489
1566
4473
1577
1357
719
2994
3050
82
705
3212
1681
1924
2927
4266
457
2056
2519
3373
1544
3379
2544
4580
4421
1090
3436
3281
2247
1283
1542
4688
205
2162
3617
4684
807
2754
195
1267
4349
1521
4982
4604
1283
96
2420
3238
4970
3902
342
4981
6
1238
3579
4997
2874
327
1230
1174
2652
1996
1705
682
1296
3413
2240
1781
4039
2163
2113
3280
802
1211
3953
3343
3438
3779
2998
4422
3086
1601
3497
4760
1018
1886
4512
2789
2432
3592
3497
4579
189
3900
3729
3819
4138
4465
430
684
2688
776
3426
1272
3714
1624
649
131
4081
473
2946
3904
70
2493
4403
174
3282
769
3289
3092
873
844
2726
354
1073
2672
3417
4998
3878
1204
3946
470
3336
3924
2278
897
3403
3269
3989
4751
71
2039
4221
4960
1442
1387
444
801
2112
3028
4979
3503
4997
3673
3293
1463
4751
4788
291
238
1284
2236
2842
1055
1857
4741
1049
4212
4008
1079
3890
1752
2872
1959
3566
4349
3378
4923
399
2505
329
3738
2678
3604
643
520
72
1574
4471
3883
4087
120
2739
2241
4748
1001
2188
513
2568
1474
3518
1899
584
3951
70
3560
4738
1443
3652
1371
1742
3385
3970
724
2351
4803
1618
2209
2102
3794
3295
978
3353
973
3587
699
2668
4014
2810
1233
2624
790
3724
3736
740
4806
1652
2683
2966
132
3099
2634
2209
4642
3227
3465
3723
1256
4099
2004
2329
2802
3091
3506
1898
2907
3752
966
3660
1963
3848
2706
4299
526
3490
1440
339
1325
2581
1543
2926
644
930
773
4567
4988
1757
2439
2594
4160
2273
2039
89
1118
3727
1248
1939
703
529
126
886
4111
1774
557
279
1489
1469
1932
1765
1220
721
409
3508
3056
4986
3863
4436
3047
4613
2951
1024
1993
742
777
3861
3398
357
1322
4102
738
2295
4960
3726
436
1322
1065
4094
4359
1101
2101
421
4304
1430
910
1625
2985
4510
1357
610
1740
1858
1868
1814
1345
4656
3158
2009
2093
3603
2012
3872
3299
1537
1082
4863
1893
2004
4
1957
4964
4806
3079
1990
2863
715
960
3740
3017
832
2347
580
1636
111
2390
1787
2651
3845
3526
3018
2678
2128
4187
1444
2699
1369
3145
998
3371
3958
1061
3333
4183
4663
2312
4695
2778
2404
989
1681
2878
4627
4599
4880
3443
1948
2923
4460
2779
3708
3655
817
995
1776
4625
1925
4418
4500
10
1376
2899
3034
1052
2346
292
1999
2157
3552
3757
2201
636
3107
1726
4382
4901
1868
508
4141
4484
2226
2908
516
2730
3981
789
2523
4911
302
3372
329
1819
964
4486
1820
2529
221
4666
3620
2604
2491
1289
596
4092
1813
61
1979
1700
2301
4533
2358
1535
4674
1774
4651
2825
4787
1833
2130
3637
3386
3469
4639
342
1136
355
3836
4430
51
93
1297
4457
1141
4461
1269
3964
3877
1243
4837
3068
830
4809
1
1988
2771
3626
2818
224
3095
402
2449
285
49
2808
4762
2438
2249
151
1787
1116
3749
3613
969
335
511
2030
2377
4023
2865
710
4973
1146
4132
3820
4782
4672
2747
2061
4678
1042
4466
2998
1845
956
1510
2057
1836
1878
3562
584
1340
1451
3204
3918
2218
4402
2136
2793
2037
1662
4593
680
1997
4142
2228
1441
2840
1436
3814
4609
452
2851
78
4195
3245
4813
1968
2755
1622
2893
1876
4350
3467
1581
3416
3829
4611
1666
1533
3801
2465
1773
266
3291
1729
4617
3816
2600
1310
1463
775
4452
205
3114
1615
3851
1501
14
4069
1484
2696
673
3468
3344
3006
2479
1096
1901
3211
3792
4657
2328
350
1943
287
1833
4119
344
3659
1375
2238
4567
829
1988
4323
3239
2418
3330
3796
1862
4748
1764
3863
2680
2659
179
4808
548
3944
2101
4811
4327
3280
3923
4984
37
71
1091
1820
1121
118
1451
4215
3829
4724
1543
1807
4838
2189
3006
1350
3816
4327
753
2060
2507
4043
1815
881
889
174
1437
2910
4880
1735
2785
3998
4827
3150
4885
3037
1785
266
137
1201
2128
4984
276
4382
2353
2110
237
860
3282
2219
2421
63
3950
4110
108
1242
4865
3027
2530
2907
1122
4530
3741
520
1298
4491
4376
3921
569
417
3438
3843
2956
4157
1842
1204
3922
2234
4
3266
2049
1969
3618
3522
1642
4902
3501
3871
3080
3820
4026
4840
4975
4653
108
4946
3157
1234
1419
1306
1686
3849
3911
633
4954
2063
4153
1089
3777
3198
2571
2620
4069
2841
2017
4065
2515
3561
958
4859
2573
1313
2588
4270
2069
205
3265
914
3589
4507
646
2549
2187
2163
2450
2095
1472
497
1732
1694
3
3046
1905
3750
4939
880
1273
1790
2732
2214
2167
938
2439
1437
3851
3607
2907
984
2161
2831
2276
4208
4515
1756
218
200
4868
3064
4713
2525
4418
3017
1652
3887
1766
3627
3363
2414
2972
1870
3017
4423
596
219
3370
2006
2912
2079
3264
4676
1049
1227
2812
4333
2953
498
437
2426
3523
3662
3081
3237
264
2534
2836
2325
1111
2987
3653
552
3621
1387
2949
4189
3388
3684
4563
2000
4678
4950
3065
1418
3245
4609
3546
4070
2243
4457
873
3594
4445
537
636
1682
3009
1180
2238
3165
4588
4602
3585
4917
3446
3811
4343
3272
1307
3651
1096
1814
1255
1134
4206
165
2679
3049
2611
2539
2457
3383
4797
1311
4028
4958
2568
135
3008
4760
4176
3375
3242
382
2644
486
4610
4256
4115
1144
4977
1235
3767
2626
974
4971
379
4545
3377
2654
1113
3108
4218
4794
3387
4410
2160
48
2431
3310
215
1936
2001
4308
2165
3960
2913
1361
2430
3224
3335
3356
700
3382
831
2323
1103
3927
11
803
2523
100
1348
4192
551
3964
585
2232
4
3353
360
187
870
2787
4675
3678
3239
2428
1802
2715
2355
2919
450
3236
2667
4851
2485
820
4244
3433
1279
2669
2198
2049
797
2695
2576
1169
3545
2437
121
1553
3603
3167
863
1654
4429
1620
785
4857
246
1832
4394
2289
847
1967
1323
3082
1475
4194
3238
2361
2459
640
3188
4744
2875
2122
3974
3235
2341
1615
3531
766
3069
4918
180
813
2508
584
926
2413
3857
3631
4220
647
4117
166
2955
2194
1392
1224
4153
3695
1087
3115
3380
2891
3160
4973
702
1031
1927
1431
2557
4272
989
2181
3631
4776
1024
329
1385
4717
1313
2325
1346
3426
4348
4679
2232
1994
642
1400
3311
1351
4784
296
4728
740
714
1935
1585
4145
66
3969
3697
987
751
1434
3698
4364
3280
255
1590
4084
875
4726
569
1975
164
333
4966
190
420
1454
1045
1730
2668
4054
4015
3446
463
2494
580
186
155
3010
3151
2567
1132
1015
1233
4405
143
1581
4233
1142
2355
2295
3447
4693
2977
3509
2757
1796
114
4053
3731
549
481
2153
3748
3720
224
1660
1400
1737
727
2951
4878
1396
1769
329
647
4801
2534
1662
1360
3484
4637
3549
4844
4607
2621
303
2583
4421
1138
4818
2493
1544
50
533
2446
179
1755
961
536
2656
2081
3618
132
3752
974
1376
4652
4835
4457
4557
72
1021
4911
2964
178
3095
2999
1423
3502
3106
2266
3469
54
2860
871
3522
4211
3288
4467
2432
212
1963
1968
2606
1735
195
3104
4991
3413
3434
913
3997
4974
950
2344
4253
1476
802
3471
1042
4466
3436
4062
2839
4286
4171
3564
4733
1480
1261
1875
3482
4105
582
510
800
1054
403
798
1671
3608
1236
1490
299
3186
4365
3156
3034
3894
3291
1327
444
1574
2338
3132
4460
3689
1697
4609
3476
1506
4471
1646
2413
854
735
4677
3858
3554
2440
2083
3078
2943
4336
4265
152
2576
4911
1899
2290
1914
2915
3197
715
4370
2552
2945
1027
3312
4441
1699
2454
3019
391
4557
2486
2243
2718
4762
11
4572
560
358
4327
4482
3531
3483
2728
1566
3549
3096
4748
4552
1595
4643
1941
685
2147
3962
4328
275
3515
3777
1857
1835
1013
4166
2803
2303
2064
1438
164
2207
933
3357
463
590
360
4131
1864
189
3481
2593
3069
3106
4821
3284
1036
2121
4396
3187
3856
943
4286
2722
2130
3453
3313
4435
4396
4739
70
1775
2106
4566
4903
4533
1001
1733
1036
3647
713
1327
699
673
79
427
346
2376
1730
1400
2267
2352
2711
40
3401
4707
1030
178
1466
4125
47
2143
2626
2625
1196
3569
508
4214
201
4939
2045
297
4844
4331
3354
2391
4068
1414
1749
250
2341
763
1062
2586
4817
4410
2945
964
1897
1534
657
2890
1196
4661
799
1368
1546
1043
2706
82
3073
2965
2379
3481
4978
3038
380
2547
4384
4075
4712
3987
2164
4892
3710
676
1745
4960
4575
4048
2758
1269
2122
1755
2654
234
116
4601
4579
7
1082
1283
1926
1595
2363
3839
2970
1635
2894
3979
3675
1008
1732
29
680
3594
2340
1829
3646
2293
217
2290
4879
4316
26
1586
4857
2610
213
3024
229
3793
757
942
2457
3466
2144
805
3297
99
1763
602
417
1759
1736
2325
120
3309
4936
1529
3904
4264
1452
3653
2281
2814
1657
428
664
4503
619
2998
1790
513
2722
3129
224
3727
3845
1229
3075
2844
2384
4891
3062
2233
1723
969
1852
4767
4959
4514
957
3460
3358
2916
4676
3274
1232
2468
2088
4131
4168
2061
2835
417
2296
1430
962
2761
3915
776
4764
1744
2848
3606
3771
4856
509
136
4979
841
4791
1425
4106
591
11
3966
3471
1201
436
1308
3643
3723
3918
1826
324
1596
243
3233
2703
4119
1938
282
4769
4067
4458
4905
2291
1898
2913
3353
2524
3747
3856
1706
3920
3997
1683
1148
4416
3238
1842
1253
4401
2612
4033
3318
712
669
4939
4932
2668
3203
3232
3154
776
2088
1678
2025
1719
3725
360
2517
4018
977
4096
4260
55
3333
1165
1350
2145
3309
2565
514
472
1452
226
2363
2621
383
4636
4841
645
4291
3535
1196
466
2426
3764
79
942
3043
3780
2188
1732
891
2267
770
2987
2848
3734
2800
298
394
2009
4731
2449
3229
4109
3700
377
4685
3658
4464
1759
2968
4581
539
2396
3078
570
4692
1368
3634
1512
3623
1021
168
1184
4290
1322
1218
1982
1237
2976
3021
1773
584
2900
4815
3305
2932
3115
4528
1994
3293
2116
3923
3870
2610
4863
4649
374
705
761
1657
1009
2623
3461
1904
3844
973
1035
1172
3810
717
1477
590
4521
121
3241
4875
2517
4201
3943
1377
3517
3977
974
3478
4215
1459
349
915
3161
3992
1533
2803
3372
3874
2919
627
4830
3443
3922
1628
3896
2192
637
858
2949
4315
2940
4863
988
2925
2020
2535
839
739
3227
1549
2343
1003
4616
2788
908
4207
3146
152
1140
3537
967
4257
3556
4788
2266
2517
4461
3616
399
123
260
723
163
2772
148
4769
2692
632
764
3353
3027
1356
3317
1301
2250
3133
284
4675
1367
4080
605
4081
4424
4464
4092
2550
2317
591
73
1073
817
2689
4183
4219
1802
4977
1688
165
1863
4038
799
2243
3334
1985
4858
3560
2400
3121
2952
2116
2635
2365
732
1617
1729
4391
1690
4610
4550
4267
2010
3886
2957
4469
2100
2192
3580
4577
926
2977
3450
2274
4126
4088
4180
2154
595
711
3161
4397
1765
304
552
1465
4338
2107
3878
1610
3388
2310
4099
2269
79
1100
2583
2835
1163
3280
755
980
1149
4750
3340
174
3786
3321
4525
1428
315
1326
4637
2546
4553
4189
2632
2417
1138
588
4384
4817
3997
1271
2388
1370
2312
3882
193
4719
3905
1492
436
3596
2725
4712
2452
836
1081
3208
3809
3320
4994
259
2914
394
3881
517
4385
4970
1668
219
3791
940
446
4775
3001
1613
1448
1889
4446
1356
1120
4867
2577
693
1609
3642
1554
654
911
3460
378
46
4929
3217
2518
104
2911
3125
4146
3088
4539
2897
2394
4869
1365
288
4811
1335
2386
587
2871
645
38
416
3452
1889
2022
3664
4714
2232
434
1835
2348
1204
2862
764
1060
3085
2829
4424
3154
614
3396
4808
95
120
1360
3182
3072
4556
4658
489
4518
2720
2201
2492
1812
3247
505
3119
141
1292
1877
1027
3972
4163
4937
121
3495
2013
4726
2293
547
3632
2974
50
559
1400
3215
2475
3547
2451
834
3714
1211
3297
1673
510
1925
4104
2018
2240
1724
4135
2936
3283
2729
3628
2879
936
1991
1973
3425
362
3859
3363
3503
2853
2338
3439
1981
290
4408
308
1973
2583
1892
119
3345
4560
1865
4617
4128
17
1653
4131
4397
4795
2748
3187
4052
804
675
1707
3910
4681
4571
4986
2893
701
3138
3013
3620
1847
21
3081
532
3304
2109
1693
1497
522
1469
1669
4596
3558
2665
75
1930
334
1857
516
2920
2157
891
585
4214
3562
882
1672
4851
271
284
4610
2842
4350
4097
1740
2735
2969
2559
1167
1661
2472
1742
3424
4608
2960
936
4306
1927
1799
3093
4913
1190
1096
2327
1285
640
4557
2407
4137
4581
2242
4879
1213
4528
2241
1277
3463
1423
3139
2365
427
2323
780
544
4911
924
827
4264
4512
774
584
1765
1739
1055
1947
674
4367
914
2712
3296
3596
3547
4190
73
4891
2181
996
3784
3317
3331
4427
375
55
926
4501
3384
2555
4578
1759
3240
4693
2037
1275
2265
3306
3645
3985
185
1794
3855
2576
1798
3832
3631
598
3288
3593
4714
1318
1537
1146
4827
624
840
2252
1158
4175
310
113
295
4128
2231
4345
4627
4686
2387
362
4890
550
2215
1467
2501
3619
2110
3620
2176
4192
2031
71
2455
3047
1717
1182
2528
1236
2974
2658
4615
541
2239
4167
1914
2518
2116
3890
1440
4408
899
260
2996
2456
1993
453
546
3041
4309
63
4202
514
2089
1042
3398
4829
474
4356
3258
1544
2229
1432
2847
1820
2540
368
1163
318
785
709
265
3267
2773
124
2065
1293
4131
3776
2421
781
571
1782
1724
2350
1685
1968
3949
4966
4217
3249
4282
4219
3621
711
1671
4300
1925
2510
4226
1016
3741
3418
4380
2853
2674
4869
1193
4532
3590
577
2747
1268
4204
777
795
2287
2906
1923
428
2460
3819
2132
2823
1173
4365
276
1268
4165
764
4274
2650
2249
774
4112
261
2693
885
3791
3742
1713
299
2077
2853
3818
113
1601
1768
1732
2204
300
1027
3700
3231
3122
4380
4256
80
1470
1850
281
171
1693
1700
3019
36
1663
1089
1122
2423
479
2216
27
4743
4596
3594
256
1067
894
335
3575
900
4991
3430
2785
4845
87
2941
3389
338
4597
3323
4991
1040
4178
1226
3509
1739
3326
2857
1319
210
3140
3282
4359
413
3410
3705
2624
2147
3995
1856
2017
2948
3074
2423
3970
502
4977
3709
200
1515
2474
202
1637
1451
1325
867
1565
1241
2088
111
364
4500
2759
1332
4335
4631
3970
4870
367
3981
390
4539
4965
4305
2003
1297
3655
3109
4900
320
1759
3947
2642
262
3661
2238
3100
2691
2623
1234
2067
2264
4303
4473
3050
2343
1752
1235
3319
461
631
4028
1705
1681
3791
926
1819
2460
4181
307
3541
1766
1780
4919
1191
4531
408
3422
3568
1451
1890
422
4575
1580
4968
1285
2377
334
3433
4745
802
2355
4986
133
2193
2184
985
280
2506
2784
2606
665
2124
1215
1043
1261
503
1238
1936
1280
3400
4360
3509
505
2112
709
4896
3303
2845
1855
2458
260
2581
2709
940
3872
2053
413
4247
2668
963
1432
34
1263
3517
3869
4093
3796
2014
4264
1386
2238
4307
1492
4064
3756
2309
678
1713
4348
4698
4754
2658
4651
2977
3278
3980
888
3445
2088
282
491
3502
1315
1915
4680
3724
371
2619
3873
3014
1860
601
1946
253
2538
1355
3150
1158
867
2155
4412
1096
3629
2174
830
4450
2529
3023
489
1962
1710
724
3707
697
4901
1689
4942
3176
2989
2036
3853
1107
3892
3407
1501
2768
2708
4653
1312
3256
2729
3344
4415
1409
3873
1247
3927
4638
2477
3222
755
3463
4006
3645
1030
973
3787
4007
133
1342
3706
142
1890
1085
1077
1181
3739
4932
3609
2457
2143
261
655
2371
4903
3449
29
2761
4630
4356
148
2868
4280
3881
2444
2232
114
3023
317
366
4849
1674
1688
1486
1146
245
3889
4012
3659
2789
1145
3048
2628
2703
564
2339
145
1785
1962
218
3584
3979
1689
113
1023
4928
1072
3778
686
4168
3584
27
2210
2300
879
2297
2852
4058
2523
4572
2868
3169
3230
2204
4444
116
1117
947
2944
2748
351
2852
4315
3273
341
58
3439
1050
145
3255
2491
2726
4616
771
785
13
2919
1659
2456
3604
2868
806
327
1552
978
1219
545
2282
595
114
595
4401
3991
3089
4660
878
58
1990
2938
2258
2536
3848
3642
4735
3884
4186
706
2324
726
3657
3858
1652
789
4688
3933
4693
1634
458
283
4850
4900
1327
3947
76
4545
1328
2889
1053
1187
2993
2599
2089
1162
4630
4455
1679
4420
4005
2197
1485
2087
2473
540
2706
2895
4745
2471
3126
1096
2931
407
3615
4332
1621
1777
455
4748
1736
4713
2481
328
2615
1368
2097
2566
512
1648
369
2218
3157
3503
1215
171
2561
2169
1304
4572
3307
2299
2513
1661
832
866
4907
3757
2147
4226
1022
2934
1289
1486
3777
4301
771
3687
851
344
2783
2932
3049
2604
3106
2970
3141
1247
4562
236
36
998
3425
4091
4959
2223
922
52
2276
1577
3235
3863
3204
4803
3254
821
4962
359
3562
923
3275
1898
3908
720
2437
2750
2675
4476
4423
4495
181
1862
3167
4389
3486
3254
4150
2084
4339
1763
985
3356
1634
1844
2320
1839
2345
163
275
4988
4325
3555
500
661
4425
1851
607
4458
1698
2900
1006
2576
777
3562
739
3159
3349
3548
4140
3354
550
4365
4522
3390
1534
4956
2671
1367
3498
4087
2810
3795
1036
4002
3163
3686
618
1352
4
3896
3539
3345
610
3141
1646
3537
949
4707
3004
2594
2180
3696
2640
2576
2946
2513
2883
2903
373
2035
200
2821
3988
22
2276
4138
1418
3461
4822
4253
4349
1161
2234
4773
4488
1566
49
51
4531
3954
4805
615
1659
4826
910
1861
3870
1763
3271
1151
3531
890
4838
2421
3146
4038
818
4018
1028
570
44
359
1015
1279
4748
4305
2728
12
1883
3290
3073
3590
2554
1762
2789
3532
3696
1357
4656
1047
660
4260
569
195
1933
3433
3174
4274
117
3262
1664
2056
271
4733
2215
4744
1711
1918
935
65
1856
1424
2355
3494
1506
2212
2902
4051
4710
1550
1752
4450
2796
4305
481
1540
2915
3226
3364
20
2142
4132
4307
3675
4380
4689
3396
1990
549
1733
445
4518
1989
3581
3888
4909
3403
3281
784
1715
573
4033
1868
536
912
2686
1653
1945
3628
1987
3466
1725
3483
3945
2510
2170
972
2986
4027
4783
2211
4031
1326
4152
3979
3278
3843
942
4248
1818
579
378
3868
4706
942
4217
4624
3054
4309
1878
273
1236
1966
3962
1750
804
457
1914
1761
1761
4418
4272
2656
3524
3434
2333
2024
3139
3294
2879
999
2083
4529
3671
4725
4446
3623
976
2182
2201
2366
199
3547
3800
981
1713
4522
633
2815
2323
4480
132
3048
1383
3317
1554
4816
2142
506
4966
1279
4561
3743
1348
149
4138
4691
2550
1928
4627
3079
1448
1485
3361
1235
4452
2179
3775
1868
4443
2788
4121
1809
2881
4241
1860
1559
2622
3273
2791
1583
2726
4272
2380
936
1047
2370
2350
1489
343
4741
4860
3133
1657
193
4873
3378
1908
970
4523
481
4787
4220
883
2527
667
1517
3470
3600
4268
1008
185
4616
1559
4458
3065
3171
2563
3486
1898
3072
1548
611
2841
2885
492
4121
3587
4726
4985
2599
73
3598
873
4312
1666
1387
895
1822
3548
2940
3705
652
2162
3544
734
3129
1930
4332
1065
4954
2887
2089
394
2549
3559
4179
1497
660
1152
3388
3567
1958
1822
199
228
3921
1276
4200
591
2435
1898
4107
29
869
93
1799
1497
1456
140
455
3442
3311
2780
3788
2513
4086
1924
465
3361
4502
3925
4633
3960
652
4206
3303
4504
33
670
2291
3191
1269
1094
3005
3410
2335
3811
2380
3987
623
3696
1913
1920
1202
1800
4544
3517
232
109
2382
4455
4703
4243
4503
231
1145
4954
4808
3898
4193
3660
1873
126
4149
3125
4310
4476
245
2188
1624
3429
3972
3665
1495
1529
176
223
1168
558
1739
2704
4219
1410
1654
2791
2263
226
2204
4507
4867
1975
4601
4251
3643
3929
325
4427
3608
3175
2145
3532
3494
914
1376
1274
464
2174
2586
3212
309
4025
2041
656
1339
150
123
4478
2586
965
4320
161
3815
3039
4724
4301
701
2553
502
1361
3841
2889
4675
4117
299
4158
2409
1497
541
497
4713
3720
4458
2437
1239
1668
4770
2047
607
2704
4088
501
4975
2206
3491
4788
390
471
377
3884
4715
4418
2637
2992
3968
1142
2272
2334
3892
2495
3532
1719
1973
3088
2175
1639
859
1705
2296
3854
4618
2663
1457
469
2155
4161
3896
3434
2323
2170
2458
1164
1622
4565
2681
3514
3912
514
4253
1652
4984
635
1727
824
4473
785
2103
2295
130
3002
4576
1249
161
4330
3858
1224
207
3278
1705
101
1514
1447
3877
290
4583
4043
3890
4079
3365
2588
3099
4694
3905
1847
2326
4694
3706
2330
3944
4041
1092
4125
1394
1998
4390
4373
2794
4541
3956
2649
2818
3303
1014
498
1971
2242
288
602
3060
1891
4635
372
3517
3097
3776
2853
3921
4974
3179
3528
1749
4125
2818
1896
3938
2319
4091
4512
3624
1914
3260
2291
182
3972
4098
3456
1464
3896
95
3679
4025
3589
1131
3951
1048
1887
661
3278
2260
71
4721
2839
2706
2471
232
2121
362
3498
3482
3453
4174
4438
2158
4775
2343
878
211
4640
1771
1040
368
953
1750
2416
1291
1859
284
4691
1822
855
4781
2732
1263
2395
2346
2762
1701
1893
3825
4816
420
1327
4040
550
3903
3853
48
900
622
4687
1918
1100
455
3279
784
740
1628
4722
497
3610
4248
4944
374
817
3272
1168
1904
4035
529
3346
1637
2506
3498
4154
3983
3174
4021
1679
4787
2441
3227
4214
4175
1585
3844
222
4909
3335
1260
997
293
100
1454
3133
2010
2957
214
2861
4247
1948
4555
3575
65
4530
2515
1043
805
2136
4087
4345
1116
890
2319
468
520
3120
1631
4910
3618
3254
506
3871
387
2440
2967
875
43
1624
4724
1887
4032
394
462
773
3746
3555
4880
2083
3152
3506
4100
3040
3078
3811
1463
3127
319
4120
1356
538
3819
4566
189
4620
379
1213
3386
4592
4221
4316
1553
4131
3900
656
2667
22
1836
657
2104
3012
4055
3160
2222
3346
2157
497
1309
2177
3144
1335
2080
3757
522
944
2104
2977
1990
184
1500
680
3606
788
4568
2318
4851
2657
3220
3054
3347
4255
424
1450
2993
963
4900
10
731
641
2593
4960
1384
2666
2829
4094
4871
605
1076
2309
1001
582
1263
111
1424
4469
83
2108
3345
3797
1464
917
733
1931
1547
3717
3920
3248
4855
4517
1326
3491
4950
3615
4462
4466
2297
1117
3737
4477
4691
1802
3402
2567
4052
4281
3635
1970
1142
1883
974
1001
2927
2137
51
418
2078
1914
4696
2223
2758
3898
2819
3125
768
4980
1939
3484
2098
361
1716
2784
4488
4347
1168
512
1138
1194
3208
2989
2822
4782
546
4393
198
4339
4751
4213
4913
2800
1466
4104
271
2042
3955
4638
2893
4842
4358
813
4608
3672
373
2286
2332
2953
4815
3656
4451
1688
3434
2063
1653
2625
1617
2732
1229
1635
2111
3801
263
1634
3779
4967
975
3965
4403
3688
3706
2950
2682
991
4629
3293
3578
4950
3619
73
119
4622
2670
3780
2045
2427
3651
2334
1160
1814
672
3512
3015
4467
2218
4193
3126
891
4942
1252
699
3671
455
309
866
987
358
94
4256
2092
3200
918
326
1565
1485
284
1192
3925
1658
1335
2631
2938
4169
18
631
3659
1686
254
3491
2694
2784
3930
3220
4263
2393
1637
2894
3873
4548
1350
560
3432
1238
2361
3464
4395
3744
1865
3958
60
649
1409
2250
1376
2419
503
968
2924
2827
1207
326
3548
680
3357
3146
1605
3182
2755
4132
1728
4806
4227
1738
4997
1371
4043
3392
1675
2008
2075
2710
1934
4036
414
4637
3957
3545
395
3991
910
104
3403
2328
3756
785
1096
4475
3977
1430
1685
218
2212
4925
120
1478
3414
745
685
1105
3496
3156
1349
4489
2738
4457
4286
1900
4716
4933
4592
2192
4752
1560
217
4879
4493
3143
528
1470
3348
1392
2426
1349
1166
3588
2406
2128
148
2726
4144
2405
270
3434
3322
2062
1982
2779
294
2996
2485
0
1215
2689
284
538
3818
4431
4734
1986
970
2308
2304
3631
2382
3606
4923
478
3715
3635
1415
1106
1222
1655
1578
4952
2580
950
2670
1320
3395
4652
4249
4423
854
1008
2495
697
3027
1937
1010
1579
610
1502
3466
562
4841
1808
4184
2322
660
1867
3614
4602
2590
4945
3727
1699
1207
1255
120
2083
2474
2483
1592
3209
678
4516
2811
3299
1950
3732
3203
624
3245
2562
85
4020
1183
4326
904
4608
1553
1691
4855
1806
1100
4552
4834
1826
1660
3630
4030
1446
3994
1228
941
543
1363
3025
3070
4168
4209
4194
2362
2867
85
4980
2634
4391
3756
3314
262
82
230
2156
425
3020
1488
2333
2113
1841
598
218
1162
2559
3734
3015
4615
2760
886
3323
200
4392
1316
858
2075
2345
430
490
2549
112
1038
4854
940
2582
1121
997
525
1743
1989
2759
2042
41
2061
1017
2053
1108
1452
2643
2840
3798
231
2535
2442
109
258
3904
2062
950
2139
2741
2623
3950
4559
3605
115
4185
4882
4998
472
672
4178
1798
1553
2263
2380
3974
2428
2940
4745
4512
3935
3608
3390
3070
3820
4484
1294
3214
661
4298
2778
3821
294
1310
1410
274
583
86
3815
2233
4543
2171
2259
3653
4395
146
1767
4996
2603
1308
3883
699
1409
3172
4979
4142
3450
4797
949
3236
4600
2228
4088
3616
3542
771
4458
2132
3816
675
4432
1337
939
3125
3701
1
4114
4425
1149
604
1069
4664
2624
2020
2824
3203
3951
104
687
4444
2051
2531
4123
2201
4407
3535
2370
712
2472
260
4533
57
64
980
1977
4805
4703
1948
1870
2797
3288
1808
1268
4542
3190
254
2570
1523
3977
1597
764
1385
4837
527
4890
2976
1038
2888
3594
3584
2467
528
1613
444
3853
4689
4982
3438
2085
3785
654
360
3905
973
230
4959
4415
2114
5000
3731
1976
36
4691
4823
3432
965
1348
2861
877
2266
1013
4935
2851
1719
2581
3390
4450
366
916
2511
907
3307
3375
1881
4628
1961
183
3778
2241
2295
4322
2427
2725
1322
3561
1744
499
4827
4309
2832
4151
4409
4087
3220
557
1962
4344
3921
4950
4251
1928
1829
2212
1824
1153
1024
2454
1193
1881
963
85
4972
4277
2705
1127
1646
2564
3555
3176
2216
3209
4452
3494
3360
4258
12
4698
968
1309
4996
1674
3068
334
3942
3142
1000
3897
2626
4978
1812
79
1536
463
4579
1556
3507
3435
3788
3359
4557
449
4096
2072
60
3558
3550
1273
2733
4855
2699
909
210
966
3380
4203
460
4837
1861
4031
2449
3497
3893
4277
3452
3763
2957
2363
3949
2799
1762
3507
755
1897
4340
1946
943
3533
453
2799
4474
3232
1672
2688
3153
2687
248
1769
2883
3389
1145
106
2631
4488
3590
4851
4076
1787
4008
4635
3646
39
1557
4742
3726
4084
2297
1462
4915
1665
4374
304
3777
4320
2451
1180
23
3570
496
2443
4708
549
1032
466
616
3680
767
4184
1943
4707
1665
563
152
332
1871
508
3819
1463
2604
4872
2349
4585
2207
928
1567
1251
3467
661
468
4526
1892
2809
3033
4985
2369
311
4964
3656
633
4068
2349
4519
141
3023
3277
189
151
3454
1613
4337
2494
2212
3966
4641
4399
4313
105
3661
924
4112
1845
251
3475
873
693
813
152
3752
899
2712
1737
1965
800
4592
4321
845
3985
2551
2366
4647
4629
36
3362
4416
907
63
550
4954
4895
3145
3623
774
2622
4535
3247
3264
689
4761
934
1195
3973
987
1498
2401
3070
1915
4092
236
2151
1324
515
3792
2675
851
2863
4806
1096
650
4097
3120
2075
2083
4951
3415
4851
4074
4267
3406
3504
4640
4121
126
1980
2547
1541
4855
370
3821
462
2269
2367
4432
4016
1957
3537
1470
3258
2252
3050
4065
2482
4870
3206
4042
4064
2964
741
1027
4385
4744
2196
858
3811
1368
1313
547
3849
1489
1236
3043
100
1459
3946
2674
4440
1798
3445
3434
1511
802
4572
4161
4570
1603
3588
697
1563
3933
3057
4471
1969
247
1992
658
2941
1782
1613
2441
245
609
357
4270
837
2654
1178
2609
2491
1249
4431
3684
2283
4985
2229
3426
2730
930
1787
2176
1260
3658
3133
176
4575
2023
2025
3307
4034
3314
2510
656
1958
2330
1459
4537
1229
894
101
2337
2089
514
345
3245
3954
3865
3086
3857
344
3632
1951
3154
3305
3178
1407
3895
4058
3489
1281
2133
2876
564
1662
2669
4038
3847
988
3824
1118
1815
1027
633
3265
2389
4265
248
4064
3748
4491
2636
3908
2140
1800
1381
4203
847
2050
2263
1578
3246
4136
69
2474
1835
4968
4073
3700
1834
4346
4015
1055
4759
2611
2771
267
3389
2204
1936
3028
1741
662
3919
3136
1274
3421
2305
2740
4681
3150
3731
4222
2963
4782
2075
4973
3514
4047
629
4072
2791
4283
4882
2265
627
3468
2071
2505
1009
3264
1083
1363
3664
1842
1238
381
2580
2223
2057
3096
270
3930
2253
2529
1209
3590
3261
230
2372
2396
3847
4144
1137
3254
1550
1107
111
3063
4750
4816
1261
1147
1677
2707
4953
4968
2579
1066
1001
1798
626
4874
937
1670
2096
3232
345
3326
4263
1360
625
3390
4602
3161
284
4244
2383
281
4587
2968
3796
2668
602
1457
2625
2700
3849
3644
3809
1849
577
386
4457
3934
4598
1419
3174
1145
346
3921
4830
2162
3373
2907
3015
1296
3831
1036
1994
3754
3038
4484
4357
4573
4996
2412
563
4645
3579
3059
4160
4783
3189
796
1918
1095
333
4670
3771
561
1845
173
1957
1417
364
36
1688
323
654
682
3710
3993
563
3252
2772
982
3611
2435
2742
392
1567
3106
4430
857
3248
4699
72
3282
3309
3837
418
534
506
2137
148
2009
4315
1683
167
4813
2924
2598
144
3090
767
2399
1184
1296
1975
3666
2048
1309
1587
3710
3692
967
2375
3997
4908
1927
429
43
421
540
3165
4434
2104
505
4306
632
4457
2508
2019
379
3911
4151
3356
4544
2833
4054
3601
4644
1224
4788
1979
3902
3105
4021
4978
4556
2058
3345
2814
953
24
4056
418
2002
4323
801
1056
1033
695
834
991
1323
3836
1065
3023
1475
3566
1705
2663
2187
1070
1012
2830
4057
3796
3114
4740
2519
1490
268
4736
4885
481
1853
928
1802
4256
3543
2139
3512
538
1786
4516
1382
2820
3877
80
38
529
3972
1000
3835
2817
4390
4083
4964
3762
2882
2386
1414
247
3943
4988
549
2590
1354
2666
61
3047
4337
1147
4433
367
1669
2223
900
3385
2094
1451
3658
3745
820
4888
4489
4781
898
1473
4239
2909
3831
1245
4340
1494
1538
4403
2244
3438
1627
377
4537
4709
3531
1222
3715
2158
3137
1785
263
2426
1294
3495
4469
1718
4207
4851
4430
2025
576
1582
2957
1357
4445
4930
2932
359
1897
2447
261
1380
441
1013
2519
3956
370
3124
2060
3353
3001
1654
4166
2762
486
2715
2257
2944
2773
3817
1407
4484
4746
2822
1436
162
4087
915
3873
199
974
840
1973
2344
3647
752
4342
967
4772
1173
3661
3090
132
1169
3996
2443
4299
1096
608
4199
4109
1028
3869
4936
3759
742
2350
2009
3497
293
52
4737
932
2756
2295
3326
2292
298
3788
2082
3424
4724
1375
3848
4771
50
269
2166
578
16
1572
552
4869
1472
4891
1901
2032
4139
583
2593
3616
1710
182
2210
3750
3534
1114
3641
4066
3008
3762
4352
2723
676
859
3344
540
137
500
3243
3535
3920
4602
2578
1239
4594
782
3261
4668
2725
4128
4030
320
4413
4858
4296
4832
1872
2884
416
2399
3701
2664
1013
1590
4568
3243
2338
1613
533
1464
3674
4231
318
2688
4105
2339
3523
4793
8
3492
1815
3347
2401
1658
779
4622
4026
2550
363
2507
4505
1301
4931
932
751
4493
2218
3366
1172
3687
4244
1792
1022
4845
1493
4402
3155
244
2614
3339
3685
4671
4980
2659
1123
2209
2830
153
1060
481
4672
4254
4545
2007
2448
4329
3204
1261
3615
3779
4064
1375
2972
4196
1476
486
2898
3233
4742
3602
119
4659
4809
2926
3298
122
363
3544
3559
3695
1065
3925
3690
4064
2773
3534
2859
4148
3984
1880
3793
3998
4097
973
2767
2848
1053
2137
453
2554
3727
2070
2250
619
1269
378
4761
866
1123
1241
4579
1122
1415
4399
3127
277
1573
1712
380
532
3658
3182
4822
4214
361
125
3913
4064
3803
1561
3411
589
1596
2504
4944
3652
3263
2588
4743
790
2911
1086
4718
3747
2874
969
1783
4979
4366
4467
2261
4889
3377
4465
3569
4112
2375
4734
1495
3037
3333
4577
2957
1353
2698
3823
1039
2921
3481
2932
769
924
67
4731
2982
4479
789
2703
43
3152
1633
1983
1940
4765
818
2513
4587
357
6
1563
4990
2169
3762
3508
4234
779
2017
429
1243
1333
2186
688
4226
3692
3607
4121
2555
498
2878
333
1483
112
4545
1329
1605
3711
4841
1442
839
561
90
705
219
3710
2427
55
172
1876
1229
4166
3649
3939
3974
860
1918
3812
875
325
1153
1787
1372
4687
4079
2495
1030
2453
2177
4985
3166
3623
4164
2974
1949
1512
2410
3330
1644
292
4782
3086
3692
1118
986
1078
70
2793
2282
2313
3192
4542
4668
3561
446
1067
964
795
29
3450
1181
2064
2383
2011
3909
1799
213
1083
3262
2362
943
2196
3833
555
1844
4081
3061
3886
3097
4976
3077
4139
1605
3389
3974
792
282
1159
4422
4703
4140
1117
1720
2252
2973
2527
343
648
4911
4524
969
2916
1929
2460
1345
1655
3461
2083
4698
2528
3061
2103
470
1660
1222
464
1968
2577
4724
3228
2808
3170
4212
3218
2994
1841
2141
2852
3718
3100
4570
111
4941
3607
2175
40
1039
3915
3043
3811
3517
2993
629
1556
4410
3553
1607
11
1940
61
4552
4725
3342
2851
3648
470
3334
3511
612
4383
1321
173
2524
4198
1439
1792
3274
950
4054
2583
2389
4193
1602
125
2985
4816
3030
183
1178
3051
3101
4374
2942
3214
2842
2185
2161
3820
506
3569
4804
4214
4815
1775
4573
3617
463
4576
3007
3476
1655
1209
1207
1378
1825
117
3778
3215
875
831
12
466
2231
726
2630
1577
3402
162
4652
4448
1675
4402
2820
886
1184
1143
4498
2297
280
1831
2475
1954
1805
3761
3606
536
4993
4680
2913
2847
1728
1090
637
2700
1207
776
487
3219
4492
2309
1366
131
2667
396
769
2897
2638
3355
4938
1443
2313
587
1057
2686
2551
2715
2709
4899
3997
396
3242
1970
4261
32
2602
1544
2458
1067
756
1107
4534
371
1349
2850
1169
4162
2242
1870
2934
4869
69
1686
3644
1832
1862
3971
1082
1298
2690
759
1270
4551
3082
99
3015
2034
3422
2067
3084
4369
4678
8
1559
2106
1556
3246
1496
1518
796
155
1012
2401
3170
4251
3360
625
1344
1886
352
1908
3640
3274
1386
1252
3851
2788
289
4927
978
1361
2252
3426
1206
3362
3113
1522
1364
2969
3890
3491
2350
1526
4015
3915
2177
1808
3744
4484
4851
2196
1598
3343
2820
128
3586
1497
4267
1098
14
2015
1301
3178
2063
3057
1451
4881
2200
1593
3693
4573
1458
50
2511
692
1611
3015
3131
1612
1926
385
3675
1938
3313
1619
359
2480
3892
2441
4163
402
4628
4127
3901
1848
4493
3892
4670
2810
1629
480
976
50
4653
3808
2410
112
3169
2357
2684
941
4538
4402
786
4786
3271
665
4965
4431
3015
672
1495
50
2306
2420
3421
1077
4767
2648
3569
4025
1259
3143
3241
4168
4395
2541
4605
614
3453
4040
1790
4343
1287
2575
1566
4532
1720
1227
3225
1137
4713
1061
3645
1248
2681
214
4266
2426
3523
3926
743
4062
296
4353
4325
2562
1279
2352
2181
2126
3474
3295
3908
1924
2233
2720
1039
2656
2034
1545
1685
3829
2945
4907
152
4657
847
298
2675
3156
2745
3065
4405
3889
3143
766
1854
1267
2638
2204
1106
516
4848
1065
1319
3132
1385
335
4804
1718
1549
1882
2648
3480
1485
3116
3960
1028
386
4531
4159
332
956
3204
2426
4984
2416
252
3352
4682
3833
1817
62
2693
2130
1546
1523
3390
4969
4387
3249
4794
3362
90
1543
2730
3809
151
270
4080
3782
2814
3298
205
3998
1169
4430
1155
734
333
2636
983
974
1040
850
1317
2569
3613
660
602
1569
372
1948
1828
1308
1943
4573
1585
3092
1716
1682
504
1538
4156
2643
4073
184
843
2844
3494
2088
101
4141
702
2440
1239
3994
3322
793
1772
3038
479
377
3150
2356
799
4380
1259
4700
2282
278
3117
4731
1031
4594
2635
2109
3339
4693
2300
611
1741
1409
3981
4620
4721
2895
87
6
4265
3287
790
179
3175
4596
1354
981
2072
832
240
154
2212
4365
2077
4683
84
4462
3854
2934
2080
4199
174
2797
4354
802
490
2396
4737
407
3653
399
2160
2076
2956
515
2940
128
102
3050
524
1590
392
3394
4443
3177
2273
4194
1564
2721
564
2570
107
397
632
3827
582
3739
3412
4711
196
3385
2653
2774
3323
1931
446
182
4499
4379
876
3999
3255
572
4246
1933
1071
993
3634
1424
914
153
528
4140
3086
2342
2368
3328
2207
4283
3313
1118
34
3538
3567
2555
3323
3601
3330
103
2279
2928
4105
2751
616
741
251
2368
1748
3818
1743
4467
4014
2804
4046
2423
4300
4258
2322
4988
391
1489
1014
576
4188
3072
2747
2297
4463
2028
2468
916
2699
678
248
3741
1218
1108
837
2219
2691
4452
4763
556
2971
614
2676
3652
2420
4260
208
4517
4468
3864
1444
775
4446
4764
4528
4283
1057
1252
4672
4561
3
1234
4845
3283
2555
1340
1424
2113
4946
2458
12
3852
127
1688
484
3634
2974
3330
2683
499
2874
1057
4598
1991
3492
457
1674
3506
2507
1669
4421
3357
1597
4539
2033
2888
911
1981
2253
4193
943
2668
3513
2375
1568
213
4632
3807
1009
1585
905
1670
1703
3024
1175
4893
2234
3392
933
2001
81
698
3405
3047
2811
3590
2522
3203
3532
1629
4667
4926
1813
2053
2101
4787
1879
4118
3457
404
610
3380
4486
3280
4455
3391
2150
1446
447
821
2550
2369
3668
2481
2295
4856
4583
177
1573
1447
735
2548
2264
2220
665
4658
2862
4809
204
955
2797
224
3908
1844
1370
2004
58
2017
552
3518
3427
1022
3273
4070
3776
4695
3349
2828
4906
3899
2511
1536
1938
158
4915
2807
734
4367
3331
68
2366
1669
2832
3027
1301
4404
1997
4092
1756
4021
1990
62
3685
1113
871
403
3796
3863
1542
2120
1497
4759
4710
479
230
2024
4820
2487
1434
2693
669
2575
419
2882
4232
729
1514
4847
674
1618
1030
1453
4038
3946
1260
2764
3323
2266
3017
4529
2798
2135
3554
3031
2493
681
3068
3287
3670
610
4769
4811
3864
2796
4922
1456
414
2296
178
3928
1416
1286
1615
3224
4161
4978
1378
1471
3225
4277
92
162
2837
1777
3611
1855
12
657
970
3873
360
4964
4774
1998
1622
710
1186
3068
3519
4268
2655
4257
16
960
2880
1023
4800
4232
2526
290
57
4573
1009
1212
2301
2740
2397
2371
2651
2218
3530
1885
4647
4308
4943
4577
2655
1105
3469
2110
786
1038
1142
4164
379
4451
2540
4706
4220
780
4871
3019
2479
1435
1504
4055
1293
1906
4819
3235
3694
4785
2524
4384
1172
1463
1648
1391
2644
4531
4117
4643
577
3547
3641
3339
4175
2630
1138
412
4068
720
4941
2244
3876
304
2901
4750
886
2421
4017
2106
2250
16
3452
3928
608
2241
4533
1296
1351
2775
294
2552
1573
4084
865
668
2928
248
3685
1007
274
441
181
3981
2153
2206
3522
4262
2070
4809
2610
4184
4262
2563
4687
3706
1038
867
3229
2437
1712
151
4993
4239
797
812
1151
1819
641
4625
715
769
4357
3201
1480
202
152
4626
1014
4699
2807
965
584
3147
1149
903
3067
2271
1571
3141
3880
4719
1261
3432
3390
2173
755
3278
3488
1820
4945
699
3155
2142
4985
6
43
143
1139
3529
3339
4776
263
3977
4132
446
1101
3030
216
320
824
2952
2084
206
383
2995
1357
1566
944
2244
2250
2367
3934
1985
2130
776
716
2950
4659
4007
933
2940
1400
1625
2613
607
191
573
2584
4337
2128
3473
3469
2523
153
2419
3803
62
3079
3617
4850
1419
3141
4540
1577
3207
1026
4581
4363
3830
4225
1283
1926
4620
3818
3979
3751
1870
4343
2004
3128
608
4909
4487
4414
1715
3961
3175
3976
3324
323
2345
714
1327
1796
4558
2256
2192
275
4020
2069
4421
3148
4540
2224
1665
1426
1185
1757
3108
1862
1956
2913
3520
3401
2538
4397
1111
3935
1586
456
1097
3884
4920
1107
4216
3038
2747
2788
2680
2781
1236
438
4516
1684
137
2856
4633
3444
2451
4264
195
51
940
1074
87
1526
3702
2480
2817
3344
4307
1285
1669
582
4720
11
1908
262
1034
1313
2188
1903
4866
514
1540
2355
1018
4940
3028
186
3874
1350
3312
3974
3133
3252
4206
1562
4544
1053
131
1997
524
3667
3818
1273
2935
1647
2732
2745
3882
236
1432
4414
1465
4122
4119
297
2863
458
2617
844
4246
375
3161
127
2156
275
1281
1290
4635
1578
396
2619
1208
4352
4580
4929
1021
375
2854
4081
4247
4350
4556
2940
1370
4707
1448
2750
660
3068
3307
2062
3640
3648
4936
1001
1077
293
3944
1334
3047
4829
2389
2021
200
4827
2158
1705
895
1127
4652
3719
4827
342
1766
594
4194
2307
1939
3010
809
2401
4608
3205
2760
4614
4817
3886
4906
470
184
4494
1979
1478
3594
1601
4376
4646
808
2293
4798
1757
4092
3540
2888
4597
223
3513
4477
32
2802
2966
4963
2337
3524
1953
2842
4817
2270
2471
4955
3813
3903
1798
3562
488
2282
3162
3836
3279
3967
8
4576
4637
1967
145
773
2680
1561
2591
2747
805
2550
3322
3972
4781
1487
1101
4082
4543
2856
1836
73
4709
4145
503
234
4103
4197
1454
126
3877
4670
2168
4171
4472
4397
4408
2323
3526
4303
4619
2873
4433
2135
4726
3171
3986
1200
3734
4163
1348
3927
3619
2595
4690
4944
2866
3763
890
1292
2604
2386
26
703
1639
1063
4331
1874
2068
1580
3764
3935
1420
3733
1974
4584
4106
4484
422
3999
3014
2655
1472
585
4957
4427
1947
1627
726
434
3690
3575
31
3230
1733
686
151
1175
4129
1604
344
62
4940
86
1030
242
3927
4952
2866
2852
179
3853
2081
1676
804
3370
4584
4800
2140
1671
4479
2847
4097
2423
2679
3233
769
455
4819
1344
3807
790
126
886
4479
4228
48
957
1969
2194
3566
2868
4163
3092
2711
1044
2668
3928
3294
3264
4569
18
3771
3886
3146
4699
3901
2130
2220
2651
2878
1216
409
4979
1103
4765
2119
2812
2441
1967
4583
2318
1017
2721
830
2109
208
2975
4437
2616
1853
2445
3180
2493
2987
860
2184
346
4789
1857
254
4503
1505
2333
4929
4843
3944
407
2727
4150
1245
8
44
4991
990
3916
3205
248
2931
1964
3073
1932
321
1113
1896
1081
4878
4663
2625
4730
4772
1486
624
3108
1894
3840
3814
2056
3733
1
2658
4078
1031
3639
3024
3461
3044
2962
3352
2260
3432
4189
85
3755
3570
1371
4434
2572
1684
3987
2592
4488
554
1074
3121
4286
636
4092
2586
3734
4132
3457
638
2211
4110
2380
720
593
810
4050
4854
1489
3906
908
4016
2296
416
847
4958
3308
2283
742
2094
718
1731
4312
4093
2328
71
4626
543
4848
4708
3013
4133
1547
3607
3547
2651
1983
1651
1586
3271
2076
1847
3535
39
369
4239
2510
2282
2890
1933
4999
802
2544
3424
3628
2773
4374
3506
2093
4663
1900
1254
2352
393
2192
222
4293
1001
1511
2841
4484
25
1067
502
3684
1443
2383
3359
1202
2678
3253
1499
81
2493
471
4491
2700
3584
1693
4212
901
4289
2123
187
1341
4506
1496
3943
2530
742
3108
1644
1711
1053
4827
3869
21
3417
151
543
2793
2183
2258
3186
1040
4709
1363
1162
604
3900
3356
2691
2577
361
110
3351
984
3513
4052
3831
4584
514
2502
2725
288
1801
672
1552
204
4860
4208
3376
1680
2653
4372
187
728
2036
2648
1366
662
8
171
1397
1832
3530
4791
567
1394
1547
2676
1528
4782
2852
1295
1520
2981
3788
2702
1865
309
4045
980
1524
546
4343
4048
3534
2802
2508
484
2448
4846
4574
3501
2853
3090
1194
262
2526
3987
4124
2594
3718
4868
2314
617
45
747
1285
3907
1451
2620
3944
2623
2746
3939
1922
3614
1358
1437
4522
3730
1849
3797
2461
1778
2780
3115
528
3685
4985
4797
3438
3291
4956
3622
810
1575
4003
2554
1482
3777
4933
2900
2786
1671
279
479
4408
4150
4035
4658
4879
1099
2870
4881
2053
2655
2012
1160
3246
4797
3311
3433
1319
1049
2534
2338
632
3324
1210
1695
4159
2490
4859
3115
2829
2327
4883
1260
2181
3528
2543
491
3118
4169
796
2756
1172
3440
4778
773
1881
666
1631
1649
1080
742
1634
4209
4173
593
677
3459
570
3121
1328
4774
70
4446
131
3061
3888
89
3184
2826
2281
469
2714
2463
1212
1730
2624
904
4554
5000
3220
317
4824
26
3345
3520
4878
4904
1923
1076
4074
4047
93
4010
3360
4976
1230
4839
4080
2408
3986
4872
2605
7
4777
2816
158
2378
2443
1020
3363
2487
377
3427
4525
2288
1946
4197
2523
428
4455
847
2864
2766
1552
2289
3325
4117
286
3329
4125
3706
218
102
224
2009
369
2067
2444
2295
1087
862
748
2228
2130
1246
2760
2069
1018
2650
4720
1780
866
4798
677
2668
3788
4312
2924
3152
574
158
3048
4423
3087
2266
2661
1310
213
3449
1269
4238
4200
4571
1056
41
4392
34
4942
2986
3719
3140
3782
3859
2272
4078
3180
3069
1714
4197
2234
19
2347
3338
863
2909
795
1053
3061
161
2876
1365
2931
3283
1015
2032
1822
652
2130
846
1576
1312
3467
3286
4788
749
1531
4212
3520
3567
4129
3029
4913
1709
3283
3830
4559
63
4327
3870
458
3373
2467
4163
2804
3703
749
1465
274
3697
3393
1330
918
2122
764
2289
3231
1389
4131
1237
2376
2063
668
2254
3091
3963
4029
4718
3758
4933
3291
120
955
4400
1955
2936
4328
3188
1567
4011
557
3677
1510
3664
134
1653
803
2072
3395
2117
3275
2504
1518
4105
4325
1193
3110
986
2463
2819
1172
818
3469
3840
2834
4906
4000
4305
1655
3704
1370
456
923
3749
3970
1835
2606
3356
3967
4725
1921
4485
928
2059
2735
1113
2965
4119
1054
1646
3193
3462
536
514
3760
4125
2368
4924
4174
4058
1594
908
4672
4480
2907
3373
4883
845
4680
641
3964
2066
3150
3643
1008
1589
612
324
4572
1312
1361
4510
484
1362
417
2224
3355
4651
1
2958
1409
1997
499
1973
2581
199
429
2679
3020
1544
774
2000
4020
2894
2199
1731
3500
2236
4754
3030
2388
305
1632
3793
2479
1260
4086
1449
1049
4868
3268
1681
1486
1446
2807
1058
4692
3372
72
2145
83
3401
1896
1890
2290
4281
3757
4837
1998
3270
4328
3038
2919
4760
4220
4741
2773
4907
370
2114
3847
2802
2111
3080
1110
4973
3720
2636
2000
2403
1797
999
98
2434
1066
3924
4154
1965
1289
3351
2553
1938
1444
4260
1387
3517
2690
2974
4432
417
2466
3777
3371
825
2522
1633
3913
3736
1834
3117
1070
4735
2130
4776
4163
3052
2238
1643
1283
4315
3386
4264
1797
756
4469
3289
1179
753
4914
1983
1131
4446
193
95
1387
979
139
2211
4635
2397
2841
1622
2852
2316
1578
1017
166
1709
3635
917
84
1211
4596
3080
3451
4426
2384
722
4256
1221
1376
2630
1349
1131
2366
4645
3441
2438
1536
3724
98
843
1142
4813
85
4266
3154
2028
4500
4782
2417
2701
523
1671
905
1343
1045
25
714
555
853
2640
4220
1028
2819
4708
1515
511
2030
4473
2955
2639
2487
2864
736
4927
1424
966
3408
906
3046
1216
3357
1404
1450
2435
108
1019
1097
629
4976
4124
1291
1105
806
4217
4110
4355
3548
2312
2666
4627
2964
4775
4432
4406
4237
2466
1319
1568
1137
4369
363
4598
2507
1587
3512
4846
3596
1772
1171
3498
74
1860
1700
3381
1762
3262
2988
3148
2088
1185
4944
3056
3846
2355
2192
1483
1891
2581
165
848
4018
1207
4273
4385
665
420
857
4202
4810
3167
3864
3402
948
4901
1412
3641
4470
283
2763
2982
2823
165
1946
474
552
836
4993
424
2692
3954
4873
1102
2085
329
1913
2580
1567
2670
3786
4905
2853
1558
4562
1368
372
1943
4429
2340
851
4761
1795
852
2658
66
1702
3299
1128
444
3208
4490
3593
2676
272
2367
2980
4218
1462
4665
922
2713
2429
1415
41
4703
626
3500
3113
245
3171
1550
2406
2068
176
2231
2404
1218
3927
3918
4015
4428
4320
1481
4140
691
2363
1118
3328
622
3392
1622
202
198
4526
2140
169
4309
2889
4181
196
4393
3943
1597
550
4407
4693
2208
4170
1395
2802
1589
2968
538
3551
2343
3646
3444
2663
1878
734
332
4941
3400
2195
1360
3430
4401
2675
427
30
1902
1817
4519
1990
1375
4042
830
4705
1682
4436
2212
4022
3466
775
2234
2821
273
444
1635
1911
4958
4854
3651
2872
1548
1587
2331
362
10
2902
3871
354
4938
3375
1623
2269
771
3976
2357
2035
308
3358
1754
4124
1627
4606
1296
885
3355
4845
2532
968
4623
1185
1320
2937
3165
3284
4092
3375
343
1936
12
326
1120
3651
2645
2556
4856
4069
2753
1574
4030
650
3815
4448
1672
2870
4065
2836
4655
4237
2837
1714
1865
2418
2497
3863
2559
1016
4222
3147
4982
3635
967
1449
1561
4639
3636
797
340
3368
976
1862
2122
2552
412
3692
3155
162
3392
3146
2438
858
1094
3341
3956
4848
2201
984
3367
1815
4696
4262
1438
1945
711
1620
3259
315
2261
519
2937
1961
107
2966
2351
3566
2019
2211
946
4403
2674
3618
1594
3536
4077
3046
815
483
2954
3964
4665
1517
9
2819
3897
4095
2921
1181
3926
2318
38
3978
4428
3777
2468
891
3437
4186
437
2957
4978
4318
87
3360
1617
3189
1194
2633
3184
1787
759
491
902
35
1838
2259
3810
3593
3516
3589
1043
3818
4872
532
3281
2783
2697
2470
2000
1909
3979
4943
1681
3389
2049
271
593
6
371
1245
2285
4800
752
1818
3710
244
1835
3973
615
4196
2343
4350
3029
243
2030
3627
346
4489
2789
1663
3470
3216
3742
4620
870
2656
1254
2376
11
3059
995
3649
1277
1026
2938
2046
3220
2896
3103
305
3762
2009
882
2787
2271
4909
2852
4502
3581
216
1098
1808
3794
3450
697
1671
3584
4393
4789
1173
1380
511
4654
958
21
796
900
4567
3867
1243
4992
2807
3548
155
2146
4401
4601
2679
2339
2680
2213
3312
1276
4549
1139
1698
2858
1129
4292
1784
4527
3264
1988
225
4603
1494
2808
3769
4289
20
72
1043
1740
666
4254
1831
2592
3594
3345
4214
3888
1453
3963
3930
1
1210
141
2605
4699
3659
3464
4969
2265
4537
3780
3809
1305
4621
1056
3925
4889
3085
1086
2254
2939
632
2526
2356
82
3630
4330
3087
1132
1365
1362
1802
436
779
3386
1999
347
2265
4624
69
1854
682
3136
165
3439
1592
4211
557
4827
1277
3620
546
160
3481
1154
3751
3118
3410
605
60
4260
1519
3492
4887
710
1925
588
4002
3112
815
2125
3644
1110
1442
4967
344
3390
590
1338
2580
2611
4313
388
1498
1653
3652
2094
1354
2863
3223
1266
3084
3131
2908
4290
4988
188
1867
4457
1626
4303
3695
178
3048
1778
4403
4693
2872
3327
954
3912
4423
2076
3436
1120
2142
503
2013
4530
4287
1299
4009
849
2253
2572
130
2187
3007
2515
4501
4444
3403
1919
2685
4453
4981
1606
669
2988
3368
4520
2039
3880
3370
1292
995
115
1433
3289
65
3476
4968
4918
2715
2718
4300
3919
2364
186
3521
132
4127
3687
606
19
793
3872
3909
3028
2227
4105
3028
649
528
4454
3913
307
2429
4001
4635
144
741
3839
3127
580
1528
929
2667
4296
4111
1987
2131
2947
4848
787
4923
4336
1289
3733
4341
3768
4292
108
1552
3532
1150
4868
2947
466
1038
853
2702
828
66
1656
90
2961
236
776
1402
4498
592
980
149
4093
3405
2767
1645
4897
433
604
3681
735
4798
2695
581
4357
3426
344
4465
4995
1137
3076
3350
3677
2344
4363
1800
3553
4267
3529
4431
3877
2734
1558
519
3330
1219
830
736
719
1273
2033
2521
1302
3037
2287
3802
4403
1335
1173
1951
4037
1533
2547
3087
713
4354
3730
2294
457
1305
1843
2761
1925
658
1269
3633
2714
3937
728
4397
3550
1699
1295
3254
1236
2416
4497
3293
2502
2706
2131
0
2961
103
1132
2402
4713
4786
1939
4796
4273
4111
931
4047
2148
4873
189
3683
2468
1979
1530
445
2794
1065
113
3288
1078
3446
2487
72
3240
16
1398
3425
759
4990
3296
3941
1566
2459
2870
1155
1115
1569
1067
2808
3383
175
4392
2178
4114
4686
1199
3953
3336
2553
4339
1082
2077
4314
305
2591
3701
3594
4767
3119
4970
3011
1136
2558
3285
1945
864
4338
1914
4945
3244
3912
2478
3078
4661
4021
357
2894
632
1151
1611
1733
843
1207
1570
3741
3174
3116
4461
624
2132
2582
2218
568
4980
4768
3283
2494
2411
1977
4676
4168
153
4620
23
3850
3894
1970
1430
1979
22
1196
590
2966
4289
1726
4904
1388
3238
383
1466
2062
2337
298
2430
704
2149
4701
3870
3124
1099
3761
4768
720
2860
3528
2835
875
221
4373
3828
3989
2316
4793
3242
1735
3126
2242
2296
976
2677
1178
547
2266
1437
4598
2308
1234
2939
1792
4761
4371
725
820
3925
109
3386
234
3514
3908
564
1186
2536
3752
4290
2651
3591
4539
2113
3226
4856
2721
406
1048
785
1300
4019
2774
1210
1583
4809
4573
3874
614
4344
3862
379
2938
691
4325
3742
4568
4072
2050
3091
3948
1361
3630
3023
4286
490
1027
3854
1500
2296
2987
72
2979
3699
320
456
2559
3111
1653
4262
1429
1895
1329
3278
4404
4122
3404
522
237
58
4379
3406
4557
1060
281
1966
2893
4231
2527
3985
1271
4551
4405
1198
1969
2722
2595
1
4227
2952
2336
3384
1196
4171
2891
4325
554
3752
4941
2418
4175
4206
4567
3043
3288
495
1430
2613
1992
2225
4865
2854
1138
388
1214
3405
1735
4446
1349
4953
494
749
2987
4849
3055
3096
1059
3794
3843
3532
1199
829
2060
4519
3993
3183
1876
4982
3851
3464
2050
3240
1024
1660
3241
4561
3867
3021
1299
982
2094
258
4590
1985
701
2748
1126
2395
2965
3416
3618
3024
3482
1325
2559
1947
4237
3705
1881
1562
4101
223
96
3683
3741
1089
2638
1575
41
4705
57
4628
4693
447
3975
956
1116
3784
4781
1389
4948
2395
4107
3940
3058
2706
4437
2846
2826
4825
1120
2641
1637
4732
4108
4571
1568
1198
1684
3096
4296
314
2338
1941
2089
2598
4555
2701
2317
3274
4662
788
2367
2716
4592
2155
4159
3165
4143
2898
2642
1019
3643
2722
4854
2637
506
3337
1960
1204
1453
620
461
670
4529
4652
4326
2254
4560
2752
1014
2168
2845
4962
3320
3690
2055
1811
4599
3884
1462
3574
3126
4780
964
4970
677
1496
602
1892
4240
3173
1996
4035
4680
2147
2158
2754
2659
4255
688
3804
3253
4839
3452
2354
2176
2201
4038
987
2535
1045
4363
4648
1703
110
3326
4906
2819
3393
2343
2290
2596
3979
2433
1978
354
375
3206
1368
3640
4608
393
4770
3335
2054
4358
999
2530
2624
4556
1616
2335
3299
4351
2673
79
2872
4223
1752
4352
2713
653
3117
2155
3018
116
687
4846
3878
2455
4998
4755
695
922
1973
2456
13
957
3750
42
707
4768
3941
4112
4109
715
637
1797
2389
1556
4216
2472
3396
1049
3954
1911
2721
1297
1871
2963
4840
870
2403
4862
2543
4183
353
1802
4886
358
1334
1630
1208
3335
1402
3884
4253
1668
594
536
2750
4863
2162
2831
36
3817
4264
2951
4497
3884
3256
3478
3864
4777
317
4636
2205
1143
3413
909
3872
1877
3469
4586
1768
3843
1615
908
986
3054
1350
2848
1121
2058
3732
4308
516
4825
1391
1848
4304
4899
2897
2334
4633
3562
3351
3242
4620
4734
3171
4678
1436
2156
3928
4316
3914
867
1251
1174
4316
355
1015
3373
277
4212
153
1927
609
3967
580
1790
522
3624
1687
3912
4458
4220
2874
4581
2841
820
974
2981
4604
4213
2872
4736
4705
4081
1788
946
922
2801
4945
523
4942
818
4687
1764
2752
2496
4637
1801
3107
4470
4069
4692
3910
359
1086
2730
3078
550
3896
1523
1537
3031
887
3871
1980
3954
3061
4277
4793
4963
2585
2391
3709
3632
3267
4273
901
3007
3392
1737
1618
2168
1571
1262
1667
3610
867
508
958
1581
365
1481
4029
4928
1840
2994
3324
3524
3245
811
4580
1470
2950
1039
1880
4033
4834
3479
2680
3976
588
1722
4966
3996
904
3301
4701
2409
1828
1449
1025
3798
4216
3458
515
2854
3558
228
1116
1737
2059
3107
19
4595
2299
4575
3911
2198
2621
181
3555
144
3547
1726
1575
1979
3081
3847
3367
4024
374
4704
303
2944
4347
1588
4180
635
3146
3835
4421
228
1052
358
3562
97
573
3496
4713
2284
3378
2887
4780
705
3440
1000
139
735
2059
2804
4055
1809
1793
4971
1466
3827
4785
904
2253
422
2735
511
3194
2866
3519
2406
3739
4589
1325
595
1480
697
768
688
2326
305
4263
91
2031
3422
4783
4308
2804
816
80
2962
3797
3630
3329
4061
3016
4459
3734
2983
2262
1238
316
455
2329
1468
3714
2315
3050
2378
4206
3545
565
3294
1814
3827
2595
1359
1334
2484
4832
1294
2762
231
4322
3019
196
4699
534
4998
1635
975
170
2593
1546
814
948
856
134
4701
3631
3298
4058
175
293
4688
637
3890
4311
583
1049
3299
1863
2240
4287
4180
236
3680
4188
3832
1462
525
4563
4392
4239
3265
2029
2572
543
1937
2764
589
3547
3563
4048
310
5
212
4509
3669
1831
3454
3562
2491
407
926
4585
2873
1253
872
1963
643
3194
4919
2856
3333
1611
1353
2917
3205
1299
445
2127
1482
982
821
466
3101
1296
3311
1505
354
1934
1211
3801
3257
2820
568
2158
3584
2751
370
937
575
2263
4267
3752
925
1641
3212
3068
4895
275
2148
438
1402
4344
2139
1852
2404
2201
3317
1619
3868
4550
1090
3080
3409
667
4775
3797
2324
1717
2053
1619
948
2205
4059
2599
928
515
2498
2041
3399
3515
1870
3066
1388
627
2504
277
2171
4936
2258
3735
1863
2204
1426
3783
2940
455
2425
1067
4101
1414
1166
550
452
4669
323
4796
2828
253
2442
1703
273
1298
2407
2747
1309
2931
3676
2071
660
1576
1063
579
287
2495
3528
918
1564
578
4898
3654
2921
1446
3711
4358
4601
4886
2359
130
3441
2015
1380
4165
2211
1859
2714
1694
4567
4843
164
4603
3188
1324
3783
10
3891
574
959
632
2536
2618
949
1429
4907
2711
4566
3457
2866
1922
4505
1125
3780
4357
2318
820
1024
3349
197
2413
1120
753
1180
1397
4632
1013
1974
2219
4030
3155
1417
1356
4492
709
376
1021
4472
2236
1200
4334
2597
3156
4460
3812
2380
2530
4606
771
3082
2353
1163
2463
572
247
2299
547
4192
1924
2681
931
3492
795
4248
2591
526
2933
1918
2110
1217
2811
2051
2261
1184
3859
3648
3920
3011
21
1113
1164
973
2469
2937
1946
2015
3390
2783
4239
1797
660
1518
67
2540
3447
4077
1742
3219
2616
2737
14
4786
4154
3202
738
2064
3324
2845
2700
3757
2821
1759
1429
3213
1040
2465
3219
1411
464
2584
285
714
4590
4360
1464
585
3334
1849
766
115
765
1587
587
2086
720
1970
3422
4115
4335
2154
4667
4604
702
1942
441
2895
3626
2443
1383
2168
2257
1642
4713
1797
2737
1554
3741
3533
802
4616
1991
4579
4920
2312
4712
2085
1452
2080
562
3027
555
3630
4293
1629
3815
4448
3546
3570
3809
3391
1376
1744
2217
1621
574
4859
650
4468
3200
3878
3616
1175
473
293
2413
2013
3826
3570
1263
1718
3073
638
3542
2484
1254
1947
2384
3836
3780
2399
2844
3503
4881
2038
619
3355
3820
1739
126
3908
2012
3934
865
1120
2262
467
3396
3836
1646
2309
553
2336
4245
460
1694
1678
1261
2223
4210
3696
499
1861
1262
4643
2625
2777
3448
4163
4764
2892
4412
3850
2338
3857
2881
1776
3097
1260
3646
863
2764
1296
2370
1925
3288
3189
4612
2538
1561
1199
1712
3253
3388
961
3559
1395
2564
1684
2005
226
3775
2432
606
3726
20
3071
3270
1278
4946
4231
1723
1629
1749
2187
1346
4978
2549
128
1212
4974
3459
3407
2772
340
3180
1559
3294
4252
3212
4383
4217
163
3312
4907
4350
2231
1660
1942
561
3548
1066
2890
2934
3643
2846
4439
4027
3071
4132
1554
4829
1775
2963
3925
456
1607
3163
563
1937
3487
2625
976
790
3665
4623
1317
2196
4201
958
2361
2909
1621
4821
3800
1824
747
4700
1052
3329
3334
3334
949
2035
4345
342
3725
2403
3593
3869
2583
2061
3645
1175
4342
4684
980
1032
4213
4395
4875
2337
4788
3127
2056
4011
3825
4450
4520
4554
3205
1108
4672
104
3004
1684
2723
4127
3951
4877
1999
2725
4735
2853
2030
1187
3698
3767
2159
2835
4228
959
36
3725
3932
4095
1375
1000
4267
2117
964
4827
405
429
917
2550
772
936
1260
954
1591
1013
4061
1619
3077
751
2268
2089
2009
1031
3159
4865
1938
3934
639
1827
83
2112
2278
803
1170
2396
3436
4395
616
3044
1025
1775
2610
519
4676
1584
356
1536
3415
4775
2894
864
2062
517
737
4715
4423
1864
1391
786
835
1403
3863
147
868
4739
1886
3922
3306
4422
4657
4576
3221
1
2972
595
1694
2378
118
4531
4205
1864
430
50
2431
3478
4994
4294
4443
2623
3048
1284
2224
1235
1351
3351
4292
2784
4456
2536
3949
2101
1979
3165
1383
3485
3345
152
3951
125
4671
3150
3791
3075
4280
2909
1204
1835
3205
4747
3159
4309
2893
2601
2839
4382
1901
4674
1462
93
1584
163
4427
4372
214
2057
4725
736
1473
1588
295
112
3994
2906
3092
482
3684
3904
525
280
832
1259
4621
2097
4637
3324
4344
986
4988
2409
3756
2289
2985
2545
4380
1426
619
205
2964
4695
3925
143
4412
3124
3772
3492
1238
3887
1848
2988
1219
3809
2233
59
2911
181
3575
288
2198
2065
1489
125
3815
2378
3282
2011
3146
3330
1803
958
848
2970
3168
3306
3482
1524
4672
2833
4481
3449
3356
3332
2075
2400
4412
2708
4733
4363
4996
132
2726
4381
176
3406
2249
4428
2414
1793
4633
259
1686
138
4867
4486
1765
1276
1333
3222
4434
3160
2728
478
2602
4147
900
415
1482
4450
2094
782
2495
1456
3283
3723
3702
1742
553
3054
191
1349
4220
1137
3006
3015
4975
1631
1345
3132
1403
3426
3226
1286
4436
1755
923
3238
3518
4957
1846
846
3572
1492
727
1975
545
3391
4678
1927
905
4329
802
2495
4451
3508
539
675
211
4943
1495
3020
4303
1674
941
4934
1060
535
3959
2691
1080
2825
4353
549
1226
4662
4294
2256
4076
1097
3743
1741
3124
3511
1685
1302
2787
3002
332
1846
1515
4840
1516
4578
1510
1875
3736
4746
3231
2673
521
2778
3478
4685
3633
3786
2474
1377
3397
138
1641
1413
3504
3572
3266
2196
2217
617
1502
2839
50
472
3101
1817
4662
389
4575
2262
2146
3054
1746
4092
3960
1211
2138
3988
1924
4933
2344
4278
3785
2264
283
4656
2890
4310
4191
4847
3956
4713
4183
720
4260
2794
3031
537
4781
1933
3777
4864
3849
4093
2198
2772
3320
4709
745
1678
2786
132
4442
4346
2270
435
4657
483
399
1868
4721
3019
1037
4185
1899
2280
845
4358
1116
4397
3145
3020
2047
2597
3175
3148
2628
273
226
2717
1333
2213
1777
2655
2909
1852
4230
3665
918
3357
3735
447
1378
3929
2456
2454
4339
1630
3792
4475
1578
4472
3370
2861
2194
1663
4721
466
4333
802
2086
2314
652
4017
2401
3063
3320
4852
4612
2579
2777
492
3417
1256
4786
2416
3898
289
327
1975
3430
1720
1546
2105
4223
1787
2070
1565
903
1202
1229
2201
2611
1784
2826
3111
2090
3564
1598
2840
3347
1677
3175
3041
606
4940
3525
121
1861
2679
3307
3222
2174
1409
913
858
1772
4445
3566
4188
3454
4083
1718
1927
1237
863
2033
1235
3934
2119
2345
3216
1770
1610
2503
2880
4747
3616
198
848
2493
509
4196
1044
394
1397
2770
2574
4373
3806
1280
2247
1426
3641
4089
1137
2676
1818
14
1883
4463
2552
131
4533
363
816
3670
2723
4597
2401
4756
3260
4722
3716
4567
468
1402
786
3876
3349
1445
4629
3948
722
4234
1555
1320
3257
4081
3479
4965
1057
4036
3736
4816
1047
4425
1409
2789
874
3461
2945
518
1428
4332
1753
32
235
2959
3879
4958
2495
1412
2804
2502
849
2796
2627
3163
4991
3028
2510
3710
4044
836
2489
2711
1915
4431
126
1991
3671
4813
2991
1861
3773
2441
728
4475
1599
1350
1196
1367
3450
1293
3254
1456
4375
1526
1425
4778
375
4713
3014
961
3651
983
3075
2612
4038
2681
3719
3040
3114
4610
1276
2134
878
1507
802
4810
4243
2221
3339
4160
3144
4036
1308
3994
2127
1267
1920
4180
3077
2952
2424
98
4697
634
975
310
1538
3013
4680
3355
2289
598
4738
1106
4819
648
3852
372
4716
2652
1222
3839
1346
2412
737
4993
4755
2994
4648
4510
682
327
4424
306
2229
4614
3738
2315
2561
1607
4692
2625
2364
3343
1472
145
1681
2128
2721
1652
2401
1121
1348
322
1976
2431
2078
3261
2139
2885
4220
2226
55
3591
2176
3446
3651
290
3912
1227
3580
378
1046
1479
868
3130
3636
4975
330
4422
1157
2877
773
4966
1746
2997
456
3436
2410
1328
697
209
548
3788
4162
4883
41
1985
3817
4043
341
715
181
1248
4789
3249
1341
4467
137
2962
1647
483
1945
1851
1561
701
3939
1994
2822
4083
2156
710
2425
1210
4472
984
4734
2877
3721
883
1625
2442
1331
4657
1780
2153
3028
805
855
4375
3063
4299
1440
2576
2089
3733
4692
1205
3649
1736
3784
3597
246
977
151
4388
2783
3602
2623
643
4255
1679
2587
4719
321
4148
2805
2469
4681
70
676
108
4468
4095
3309
2090
144
3260
795
1427
4231
3870
4920
40
3602
3135
17
502
2717
4498
2786
4256
369
2652
538
1484
1006
3693
148
743
4729
1916
4867
4680
3212
788
1176
537
2419
4549
3625
4783
4090
1478
1672
51
58
2697
3015
2101
1142
2121
2365
2083
4256
5
1242
1018
698
4474
1910
437
2235
1572
3098
3098
1512
860
1302
4824
4060
1375
3393
217
4686
2760
3629
2945
3585
1367
1357
184
1741
457
713
1838
4971
3424
4294
1338
4087
2304
1647
4203
552
300
568
3225
2130
600
2155
3939
4881
32
4338
986
1649
1354
4673
4602
272
3436
175
4043
1264
3492
2052
2392
117
4247
3964
3830
3886
3832
809
4457
2747
2813
3865
3079
4709
88
2208
46
981
445
4201
1084
1564
1687
2458
1516
2250
3555
3056
948
4458
3750
1410
2393
325
1143
253
1911
1641
3289
2757
883
944
364
3661
2686
4139
2422
1844
4994
1593
3273
508
2578
4813
3687
257
927
3627
3806
1690
319
1258
2193
4640
898
4796
142
774
1898
4336
4684
674
2194
1088
2094
3737
2022
2144
22
4617
905
739
2139
2569
1412
4767
1885
3082
2515
2766
4560
3852
4649
1896
814
1556
1563
3483
537
986
3215
574
2526
2871
304
912
2571
14
3616
1641
821
3165
1690
4383
1331
2483
1993
4160
2420
1433
4598
2116
1149
1982
2118
2940
1190
3068
2897
1447
4378
2907
3975
3798
4645
3010
2711
887
1773
2596
3890
4697
2507
1371
786
4906
4492
3426
2921
4744
2396
3544
1900
413
4685
2770
3705
3345
221
2162
4309
273
1714
3681
120
1557
1339
3829
2238
2181
402
1365
1038
1857
2061
3400
4378
303
1295
1033
1175
4908
1376
2652
22
3688
3696
2445
834
3335
4578
1293
2006
1256
3027
2039
3653
1924
770
316
3327
1127
3018
160
2668
3812
2010
3736
1499
1370
1306
1753
674
1459
2411
1841
2615
2982
2389
4123
2717
3270
1883
1748
3007
2165
2471
2259
4878
4144
1870
1494
563
875
59
1673
1467
2337
1697
4430
709
333
2107
2384
4411
4944
2022
1771
2004
294
2225
1890
4368
2671
3406
2647
4382
4680
2437
3107
2497
1530
4703
3849
3712
4688
630
4208
3536
1307
852
2314
1554
123
1525
2120
365
2568
2360
4028
2762
3073
4019
2978
1942
4232
307
1563
641
824
4448
2874
1227
2804
2531
3274
3705
3795
549
3924
2160
958
3978
4279
2498
1450
307
3957
865
1341
1151
4853
2960
1858
263
4903
322
1245
2693
761
3594
1923
1169
1017
2485
2286
4991
2408
1250
1863
2319
3833
1668
4935
3674
4467
3381
268
1849
3502
4962
3818
2457
1249
485
4874
4210
4975
1081
1394
567
4158
358
2747
1848
4505
3907
569
785
4978
1335
4358
2227
2895
1058
2105
1885
314
2506
3812
1490
798
1846
471
154
630
515
3022
1727
918
4673
3687
660
4780
4864
1523
4105
4069
14
1697
3227
4564
2819
513
3557
998
2465
578
2591
3926
83
4833
900
4178
3145
3704
301
4506
3190
2520
4971
3964
3958
1826
4169
3179
3291
4490
2020
4101
2961
3955
4492
569
1097
3889
2831
4054
3306
2475
1550
4832
1983
2278
958
569
2195
610
2192
2490
1492
1146
2082
1829
2655
840
4985
1737
3330
2428
87
1458
320
213
3452
1500
1016
4550
1734
831
3150
2725
416
1037
9
3709
171
2320
998
1032
4781
4975
3514
2233
60
56
1410
1959
320
352
3694
4207
4043
4724
104
2604
250
2980
56
4909
3414
1664
4456
3950
3597
3496
4240
1345
640
1351
1095
1277
800
59
3766
4538
462
727
1088
3155
473
1288
2960
4515
3722
3973
303
4745
3199
490
3227
4016
1928
1887
3526
502
1406
941
3764
3121
2101
589
814
3010
1097
1191
1589
3276
3616
4068
2257
3830
1775
4539
798
3834
1556
2739
3356
4637
1379
772
4562
1615
4953
2709
170
2025
1180
920
2541
4685
1904
755
634
3176
4976
2520
3750
2158
46
127
885
58
4349
30
1386
4407
3373
4188
4044
4331
2437
2501
3137
3977
601
3188
3483
2484
2729
3442
4352
714
1628
968
1528
4280
4213
1338
508
920
3602
4402
4341
3270
4997
3840
2159
1928
808
868
2410
1033
3879
3863
1027
1484
2117
2378
4580
3299
1794
2646
2032
538
3305
2232
4785
1714
4169
3624
104
2924
1695
1475
178
1776
1082
494
368
1433
3028
4976
2512
2161
4986
3724
4556
1251
1381
4278
435
131
1642
601
494
1719
551
4808
927
520
1072
53
2082
4643
2288
2935
1282
4239
1617
1693
744
1339
3352
3804
550
201
1278
3824
1145
3691
3097
2549
1973
2367
4559
4798
2150
1994
3812
1648
2514
4999
650
4138
4130
3638
4560
4864
4206
282
1931
3308
1629
358
2888
3246
1680
1253
4177
2156
4233
904
2924
3204
2296
522
3720
2007
4395
3941
3125
2423
2364
3467
458
2321
3862
3583
223
4320
1587
1853
450
3852
63
423
2697
2028
1897
3326
812
445
675
1549
1022
3270
3079
4131
3887
2476
663
3332
1291
4863
3634
3173
4844
2694
2161
1144
797
3096
2858
482
3030
3309
398
1990
4836
3576
1778
3220
367
1768
386
494
2648
3682
1283
2617
3359
16
4348
1597
2583
2914
1123
2116
706
1335
4800
3669
3233
2350
4312
3717
4067
2564
2791
1897
4906
4657
1507
1725
3909
2457
1422
590
1208
1554
3671
4630
2370
1292
4205
2300
3002
1122
2385
1649
3
29
3707
360
1719
3014
127
1817
4300
3987
1573
1361
4180
654
4079
3245
1756
1844
4650
1088
1348
857
1392
881
864
2848
1023
4239
2184
2587
1069
1931
3388
428
3306
2184
4821
2875
4775
4279
727
3985
15
827
3074
992
4835
4600
4330
3924
2938
4429
267
3154
1424
3649
3493
4551
1799
3501
3530
3369
1614
3492
4314
1649
956
394
1222
3152
684
3868
3798
4330
1416
4025
4647
4614
3972
125
966
2201
4553
4030
1628
4381
4699
3071
4101
1000
1895
670
1048
4176
333
2701
4173
3492
3273
898
261
1021
627
1757
2422
3579
3570
684
4807
693
2085
325
1590
2332
4892
4664
1905
4622
4340
3777
4288
3993
2881
1531
2754
2481
2452
4042
1214
1081
1882
675
449
3038
272
601
3357
1517
3078
4341
4550
392
3676
3641
71
4298
3768
1108
552
3142
2004
2454
435
1794
479
587
2260
16
2344
1856
4024
183
1715
851
3872
3325
1406
4395
818
230
4173
4977
4576
1327
2237
343
2859
3675
4418
1510
4884
673
2378
3871
3957
3532
1865
835
3385
2733
1977
3778
2134
2269
2871
2138
1674
4438
4504
4063
2223
4982
1862
4638
1001
1068
622
2019
2326
2670
4357
1693
96
4083
1935
4808
3972
4157
2221
1926
4609
2495
3790
2282
1636
188
282
4088
75
3908
2764
4675
2642
1726
3637
4012
4205
2751
2423
2127
1702
4799
2627
3664
366
748
659
2914
3158
4881
3026
840
1736
1569
1888
3493
2112
2669
1379
3673
2212
852
3252
3604
4993
499
847
465
1695
3407
3859
2526
811
2473
3750
943
3586
13
3770
537
3711
559
4033
739
2312
2584
888
3217
1101
119
1305
4362
2209
4519
884
2836
2277
1211
4021
2215
913
2580
4767
855
543
4866
2578
1838
902
4716
2287
1577
1187
2574
2810
453
544
1874
3943
2991
3013
4498
1155
3528
739
4316
4891
797
3379
4253
4014
4908
393
3084
3934
1768
651
4028
3733
3647
4470
4465
1275
1612
1373
3361
2814
481
2771
947
753
4061
590
508
3608
3335
3573
872
1166
4543
1779
868
4477
433
1708
4650
2241
1777
1569
4286
745
2028
2284
971
1162
4859
4556
3427
1150
1349
1025
942
515
2971
4428
653
2572
2671
4138
62
4623
1591
702
3355
4817
3835
3651
680
2055
7
4117
4658
2546
1620
2862
1200
4501
3334
2844
672
2394
4972
67
2394
3327
4672
1628
2751
3893
1078
59
3921
508
3778
1446
757
2741
2110
1054
4770
2987
4676
1366
1174
2267
3289
2565
998
326
1559
4627
3009
1953
937
2802
2672
3024
4399
817
4352
914
729
3937
4607
3730
280
3119
4451
3202
662
2912
2932
3555
752
3739
4251
413
2038
2430
4791
389
3174
4964
1490
748
3321
1774
2932
96
2084
2464
1277
322
4158
1215
852
2279
3895
3853
243
521
2637
2200
1475
695
1828
1487
572
4076
3719
2113
2630
1092
1910
941
113
65
479
3893
1190
3846
3144
4382
3300
2945
4065
2202
2659
2539
1154
58
424
4548
3098
588
1673
443
509
4923
3199
3518
3076
700
2098
2015
9
2390
4760
2471
1411
4381
267
1507
2209
97
2043
1066
4841
3296
663
304
2358
4613
3551
3053
2639
1088
1296
3674
259
3400
366
4901
4877
139
627
3360
844
1190
3861
1446
571
1543
4551
2973
4901
1330
2801
1429
443
4026
3646
3503
4508
2040
1587
4675
2293
3776
1450
4058
2157
353
3525
4236
727
469
3981
3702
1900
1509
4223
2659
4844
1934
2033
824
2901
2606
522
3453
4667
4289
2632
1709
4965
628
80
4865
785
2637
3812
4956
1503
2478
4911
2454
4892
2617
1909
4269
1153
153
4034
135
2358
265
1185
2750
3869
3088
267
650
2959
926
3350
2415
215
3468
4443
1543
2637
765
4988
3563
129
1538
4311
2087
1337
4525
1777
2366
3382
3550
2854
486
3435
724
4703
3955
1376
4248
2869
826
3518
4317
4462
186
3727
60
2295
4711
1956
3935
3645
1327
3340
1372
2720
4350
1352
1619
4256
3011
1558
2265
4272
602
2078
2129
1853
2926
3988
2256
4794
1147
4123
1641
3290
1478
4315
711
3263
3821
1468
3599
1086
1793
4539
2303
3246
1095
4912
2173
2063
2761
3118
4652
3776
4232
2551
4511
1941
2947
1658
4461
1721
4077
2567
2256
2622
4614
2515
2434
4564
2467
3374
3312
2523
2843
2612
2303
2722
1869
2386
3221
824
1741
2115
1352
4141
2883
1075
2654
4291
425
1172
3527
406
4408
4000
2663
1611
2513
3623
1111
4063
3144
4289
453
1747
3477
860
2384
3433
3715
4327
805
2003
241
551
1437
3773
803
856
4215
3814
2360
1083
360
3200
1056
1482
3923
548
3447
2135
1400
4225
3141
3775
4482
52
3956
1718
1079
3810
3000
871
4210
2661
2134
1109
2709
654
863
285
3855
2356
139
1216
566
4630
2868
4607
4496
1606
2612
1801
1920
3963
3063
156
77
562
4154
3714
2545
4390
3316
2719
2206
252
1621
608
832
4693
741
3783
198
974
3062
1729
1265
413
3950
3232
3473
2096
1942
1602
1839
2257
2526
4558
754
4835
3715
2516
3144
2232
2395
2620
4820
1729
3616
4886
794
3955
1342
2412
1086
434
2697
558
1175
3232
2570
2132
2131
665
101
4622
3401
3550
4863
1231
686
2731
93
2117
3518
899
464
2028
4886
890
2135
91
3977
1294
3582
1471
4616
1774
1054
1090
4988
1721
2630
4767
489
1994
3584
883
2497
32
1962
206
1583
3499
2062
4003
593
1013
995
2950
1745
1985
2529
4093
127
983
4713
4023
3512
2545
2715
59
225
160
1308
4221
2666
4204
4676
3645
1952
4801
66
2708
1501
983
2806
3704
1514
2497
204
2692
2942
1194
4919
1682
2120
3926
4811
1752
405
3940
4477
2066
3911
2530
4849
2465
4079
2902
4649
3669
458
2310
3922
3019
2633
2835
4936
3308
2257
2302
181
2639
3127
3458
3044
2212
3494
3191
2559
827
2617
1700
952
870
1266
3135
1446
2917
887
4161
212
3961
3045
221
508
3582
548
4049
2759
2336
237
1707
4595
509
3853
34
1261
4910
4053
2408
3071
654
3810
3851
4404
677
2874
3434
841
2380
2702
4376
2860
4980
2556
3815
294
2562
1268
351
956
4008
4381
2310
2138
4205
4905
3875
4174
654
3343
63
934
2635
1196
800
2259
193
1034
3715
3059
1900
2814
2885
3393
794
4421
4182
81
50
2769
756
2729
3266
2282
3001
2731
1410
4595
1025
1325
3779
4741
1080
1631
3
3079
1331
3376
2151
4798
2569
1726
1113
680
4219
2335
1514
4824
3435
4444
3147
1894
3704
1941
3678
4012
3161
4892
1751
1334
1192
3115
3350
2665
2845
4864
2370
628
4012
3835
2466
3782
3110
1465
2301
2401
2139
2260
2488
1475
1263
3160
1595
3462
3058
416
1472
1181
572
1314
2297
1194
2217
1287
3807
4329
1029
738
1007
4908
4331
575
840
3485
4660
3513
1446
931
260
3483
475
4266
4040
1439
2068
3936
3370
180
2345
3758
4463
4784
4678
1390
3325
3796
2298
563
3195
2933
3260
3947
4769
39
2047
2165
1824
4990
3781
2601
1411
4909
4619
4461
379
363
2020
130
2101
431
339
3552
831
480
3728
3609
3539
3830
2001
4333
2872
4391
4714
1306
15
3052
1770
507
1893
3526
472
3182
3525
3514
551
3952
4544
1602
431
3114
4465
4409
1734
2961
1006
113
4177
1598
347
3639
2872
2037
360
4976
624
4481
24
2192
718
685
3496
2554
1640
1935
2528
3870
4077
2388
3035
2705
1544
3115
842
4551
1414
4769
3785
2632
1048
1952
3488
1419
3420
450
1966
2453
4877
3831
4939
2748
1410
4587
4415
209
3643
78
3990
4226
4252
1779
1259
1677
2904
1302
3871
3236
1937
2584
4341
606
1049
4116
3117
2676
2049
4330
3147
1289
833
280
2517
1084
1344
732
2651
2227
4943
1701
3122
2973
1491
2991
4415
3922
1381
4065
3622
1163
3019
1170
3826
4911
1937
571
2196
209
2615
3740
4209
4722
1802
1090
3346
1392
1989
1884
1564
2301
187
1751
4504
4377
4769
18
3209
3548
2858
3800
4189
2930
3263
3390
1553
1308
1021
397
230
3146
3540
3594
4670
1962
3457
3471
3563
4230
2809
4115
4950
2303
3912
1389
2836
948
3322
3755
283
2417
1625
4018
2053
4939
338
2131
1841
754
2234
1644
1111
4278
4064
755
3867
2835
1148
2087
998
3226
3443
2414
4675
4773
2612
2503
4433
3755
4405
815
3643
2358
1047
2008
2849
451
3224
242
206
4540
2714
3595
4246
380
4775
2540
475
2500
4399
3480
3886
1281
2284
4793
1690
891
2823
1170
2171
1936
1929
1022
1044
2043
3730
935
1850
4921
631
2334
3144
1914
1666
1177
157
2313
4251
1152
4751
4442
449
2889
1888
2941
4352
3610
643
4169
887
58
3189
1321
1694
451
2680
1610
1839
2615
3220
3421
3954
2514
943
2442
2787
2498
966
2134
2680
4444
760
2642
429
4249
1638
1346
3079
391
3312
241
147
171
3023
2024
3063
3496
576
457
1868
1470
339
1521
2433
2690
2420
3081
1980
2645
1457
519
4256
1580
2308
4057
3182
892
1088
4824
4872
3874
2767
3150
2655
572
3145
953
2007
2121
4538
2345
1916
2796
4017
2998
2329
2316
1405
1301
2995
3330
4523
3414
2830
3804
1896
981
53
4494
3906
4651
3927
2564
2393
3690
2344
2501
4961
1872
538
3981
580
994
3900
1707
2602
3636
4150
1161
4697
2175
3374
2293
4344
2361
3790
4097
3424
1249
4032
487
3356
243
3297
2193
4510
4191
1253
1195
3024
4207
3097
2291
1180
1977
3262
985
1407
1826
4431
4448
4569
2515
312
1982
856
1995
4012
823
4110
2323
257
2942
2270
3720
247
4202
3151
2909
1186
3697
2270
858
3279
971
2085
1465
1163
1360
4707
2630
2939
4321
1856
3966
4722
4537
257
65
4868
3416
1013
95
4530
583
2542
612
177
2221
4925
1158
3929
4438
4028
4231
3139
166
1417
4420
828
1494
3125
3364
1570
4164
208
1420
59
1104
4476
4665
1902
3524
762
1327
4066
4746
476
2325
240
4551
2588
3936
206
1139
3096
2755
3124
4244
4898
4312
3249
1941
4470
4421
1703
3129
3688
3477
1726
4677
1229
4382
4978
3862
2901
2621
92
1519
1177
3322
370
1215
1450
1701
2278
3866
375
1670
2092
4264
1519
2975
4074
1692
4311
2910
15
454
1609
3525
4738
2391
3786
1996
3612
2479
4593
1563
3815
3512
1523
3637
3715
464
509
903
4795
4635
3875
111
3451
2229
4966
165
4902
1413
721
4613
3275
2857
4047
3358
3730
1713
3237
730
4178
1169
3261
3599
927
1166
1382
3553
3213
1638
4845
3294
4021
373
2191
3710
4569
3422
2103
4350
2416
788
173
1309
2524
3883
4284
3750
4682
561
3383
4933
3874
2122
4334
290
2800
875
4348
3760
3012
3878
3896
2862
1513
1593
1859
4679
210
1379
1423
4646
3581
1829
870
2256
2092
751
748
218
4303
763
1307
2267
2011
2553
1167
4429
4783
1473
1473
4253
622
3581
2561
3513
2409
942
36
3712
415
3521
283
1567
943
1191
4431
2734
4308
1168
223
2551
3505
159
1224
173
2705
2707
2723
3223
2094
36
3877
4246
1875
603
1471
4846
4665
2216
2737
3554
1691
3662
998
4211
1272
2808
251
2727
3960
1688
1638
3018
2775
2788
618
1350
3169
4650
2764
4570
2169
3626
188
1173
600
1194
1871
2707
4189
2537
2013
2322
1880
2442
3924
188
2364
3794
2566
3086
4643
2890
3381
1211
252
3084
503
1801
2487
501
618
3664
3380
835
3394
2261
4970
4836
4398
437
2021
1409
4088
4385
2078
1128
955
3428
2081
3786
3532
849
210
74
4735
1561
4278
1761
3311
655
4802
1602
3014
1489
1138
3829
947
3692
831
474
2195
4925
2599
1157
3814
1464
1100
4790
1589
336
3273
2537
2854
2338
4816
912
1351
2835
1725
4351
4392
1955
1263
3899
1218
1804
1338
1609
1529
1321
4403
567
786
1994
1383
2085
4574
4256
2031
2119
2573
4517
1229
2867
16
4317
612
1285
436
2426
101
2077
3063
2328
578
4319
857
3458
404
3278
2088
1724
2901
3598
1096
3106
93
2544
536
3976
3931
3512
4094
4700
2822
4218
3815
4541
2482
1753
1352
4611
2993
2004
3207
1990
2191
2174
1277
4870
3418
1228
1541
314
531
4321
4294
3368
3239
2961
4604
4312
3598
846
835
1574
3373
1714
151
4755
531
2475
940
3514
2183
550
4949
2168
2041
2594
275
480
1236
1658
4789
2480
2396
1836
719
1282
1342
73
1711
3627
3058
4550
4776
1072
396
211
4226
1476
982
2325
1080
2495
2213
1887
2771
1309
3009
3040
655
3955
3615
4478
2965
4200
4887
2752
1608
2190
3739
4065
2300
3352
652
3251
2728
4055
3407
2623
2749
4920
2971
1204
4460
4634
3538
407
1287
879
3353
1505
4726
2310
2008
1412
1575
3183
2355
1413
2784
2740
1310
150
196
3295
3541
128
2605
819
1636
3897
2981
3142
1331
4295
1764
4549
2706
871
4892
3655
3177
2470
3710
4254
1475
2407
4040
3935
2255
2631
4676
439
2387
1123
4545
4123
4874
3466
4988
4007
4510
514
1313
4748
1593
2320
3977
4435
2145
2306
249
2398
141
3643
4982
3687
503
2083
2031
4507
3298
3261
1397
3166
413
2222
3609
4235
1357
2782
3356
3503
4670
524
2978
1063
1527
1503
418
4075
1987
1665
317
3441
1114
2557
4241
1529
4501
4622
1969
2395
4208
2142
3466
221
3306
4345
850
2241
3981
672
733
4341
948
2522
656
4687
4116
3611
2989
502
325
941
3028
3196
3460
1877
4726
3192
4945
4694
2321
4059
4575
4541
4038
1923
1202
3843
4783
4205
2966
494
1924
118
4569
4700
951
2320
3668
1208
2959
4893
2421
139
2452
432
205
3363
220
1449
350
3634
597
2510
1116
2683
4167
770
42
4572
3255
2625
3561
866
3675
2490
2076
1436
1166
3743
289
2645
1980
3629
1084
4502
2417
1036
3920
3890
3958
4621
4657
1345
3182
3615
3209
3560
990
451
4968
2277
130
1000
3419
506
4911
722
879
3121
750
2862
2117
2535
4200
1495
363
3935
4487
1421
438
4676
1196
376
4463
3480
208
1050
4245
4428
3965
536
430
571
2292
1126
3608
2957
4833
2624
3439
2556
3708
556
1293
1913
3132
1571
4767
4484
699
2523
4618
4467
95
1560
425
3894
238
631
4342
3085
1532
3289
3412
4757
141
2322
1498
4613
3112
3166
2878
4753
732
1225
3021
782
1086
3960
2478
2892
125
3466
2052
4544
881
1115
3698
2977
2018
3902
4236
1725
4445
687
3410
2253
824
2521
2099
1446
4547
2240
4558
2491
9
3900
793
2002
2375
1494
3833
1597
4379
699
3760
4441
3384
4589
4410
1255
2705
4957
4975
4548
3342
1575
3729
2098
2407
3798
1967
1059
195
4152
2691
880
3889
1921
4170
2897
4142
4621
3581
952
1037
4087
2327
1935
235
173
2900
1742
3856
3623
1548
3207
4247
3863
4354
2512
1020
244
1333
1096
4917
1657
2558
4531
346
2004
862
3451
1261
4020
1169
192
3020
4259
2219
4294
2930
577
785
919
400
788
3303
2604
4003
1522
1050
3529
2051
4150
3506
2927
2403
4289
2680
348
4204
4450
1282
4439
3208
3556
1406
4587
304
2396
330
1820
3741
3773
2314
2373
1703
2709
4594
2452
3152
2476
3328
2936
3957
474
4942
3923
4518
1665
2286
1895
916
2742
1029
1919
1171
497
1968
2968
254
2106
1452
1035
933
2150
3578
2744
4943
1489
4997
3979
1673
2572
4880
1210
4214
4376
4499
839
3820
1884
1407
3332
844
2765
369
3164
2629
2499
4248
1325
2967
4579
675
1848
1605
3724
1625
3593
412
3561
1723
1653
308
4522
1076
4837
4634
3725
90
2422
1485
609
1915
4788
1070
2258
253
3420
3963
2643
486
2085
1619
2490
2409
769
4797
492
3321
4390
2995
462
2147
4228
2922
2024
3133
4851
1618
1349
4669
575
3977
908
4875
4777
2
1995
1611
4713
228
1235
2264
3429
4754
1751
4372
3079
560
3423
4930
526
3704
533
1514
1086
433
4226
3281
2510
103
626
1808
2560
1409
2316
2620
4625
1659
4500
2848
2725
1860
646
1924
3836
904
197
856
2967
3126
1531
4820
2047
1270
3748
3672
4028
3683
3969
2975
3316
1609
4647
1183
4269
2592
321
3226
2891
1166
236
3367
1044
4370
106
297
2503
830
3065
3254
1334
1692
2097
396
2534
3279
234
2178
120
4928
4935
3431
2324
371
3471
347
3459
4597
4339
2574
1821
950
3504
1096
160
1069
135
2666
2273
2530
2712
4278
1728
4178
1087
2677
3137
3635
1754
1850
2178
1196
1393
197
4926
3474
3647
2528
3945
297
4888
404
3630
1346
3439
2414
2880
3970
2928
4063
1294
4989
404
2956
1408
3365
2948
2330
2381
1452
2554
3293
2054
1502
264
2522
3551
3615
2539
2061
3201
2617
882
1693
1061
1861
109
48
2455
2142
1880
1725
350
717
297
888
3992
4693
3927
2905
2718
690
235
823
1780
3813
2304
2444
3914
2586
404
1875
3575
4874
1244
622
1902
3374
887
2724
3467
3317
623
3060
2906
420
2532
3938
2397
2935
4810
1260
2167
3452
4929
4474
2858
507
1040
2846
2
2570
4571
2712
4071
761
3595
1907
3933
3664
2706
2986
25
2091
3790
548
4650
2755
4727
414
3115
4342
4799
3475
1140
1167
701
2792
2316
1504
2250
2498
114
4175
2353
3249
619
4481
3465
3474
713
4690
328
1696
4777
4906
1024
1568
2078
587
4212
898
334
973
4592
4388
3562
4646
4723
2469
2265
3346
334
107
294
4350
911
460
2603
2233
2445
1530
588
4110
3253
4849
2652
2019
3727
2819
4953
3748
4890
3965
1815
1874
1793
2578
3858
2161
3131
861
3034
2922
1406
2049
3244
1972
342
1416
4562
4249
1479
4536
1552
4229
3662
2378
1576
3870
99
4653
2310
4744
1062
1875
2248
521
678
1742
4290
3464
2106
3859
3047
1083
3986
4728
545
4692
2562
4065
283
4768
3446
1546
2159
4548
2352
1311
3849
647
2993
2407
3396
4979
2543
4680
4798
3141
1948
3567
2763
723
4278
1810
1566
1341
62
2161
3360
577
2425
989
4297
3612
1125
1270
394
152
4029
1137
643
338
279
1408
4586
4216
2122
1589
2333
4969
4334
3213
271
1228
631
908
1055
3701
2289
4795
1864
942
2248
3784
2501
515
3569
1692
4671
4062
4339
4996
4670
3521
2193
4220
1349
3312
74
3536
2725
4573
2063
2896
376
4616
1979
330
634
4055
2009
2482
615
3813
2418
2584
1464
3957
2038
2263
16
753
2470
2912
4574
1955
917
1557
4023
3068
4559
3245
1462
1700
4846
2629
1571
1292
2550
1696
2933
3154
2823
1743
3425
3819
810
3363
3315
3736
1596
3931
4790
408
2261
1422
3268
2141
419
2946
890
907
1780
4314
4833
2915
4904
3451
1180
1221
4124
2260
2696
869
2707
1408
3588
2430
4140
4040
3816
3792
1453
4340
3143
3496
4741
1542
1483
1570
1038
520
1427
1575
3581
3049
2120
3894
848
335
1397
4958
4967
444
4539
3993
1119
851
1825
2433
2137
1466
2260
3337
829
1959
812
4511
4503
3196
2336
4555
2010
296
4429
4847
4513
1042
2777
2322
1877
755
4057
3122
4304
232
869
1375
1690
1288
3192
3869
2237
1135
2900
2855
4890
4940
1479
2974
2057
2358
957
631
1551
3992
1463
2065
1242
4456
3102
2499
2213
4025
153
1854
1650
2065
704
390
2949
1085
4087
4434
3552
4283
364
301
3214
204
3079
2857
1986
4058
1582
453
1864
3770
3015
20
4501
2123
4387
467
1400
2993
1948
3570
4176
2603
959
1980
1019
4442
1646
1902
2052
3678
1979
4450
765
1643
3825
2196
3611
4208
2622
186
936
3015
2960
4140
825
290
4571
3306
2661
1328
2895
2730
2916
2983
2624
3558
4316
4699
3205
1459
2399
2058
314
232
539
2560
3945
4401
1374
3606
4961
4160
234
2119
2309
3607
983
3208
855
2809
93
1084
1230
4765
4321
2696
4740
4261
29
3255
4203
4767
3848
922
3131
2642
2723
4407
2839
116
3301
3486
2861
2300
4395
1628
2914
61
1288
2346
1382
3235
896
2746
3238
913
755
1066
2193
1438
241
4596
1512
4372
363
3532
3129
728
804
340
1161
4459
2200
3545
3162
1975
2900
3705
3962
3557
847
2511
199
2912
849
3974
2463
1748
3447
2708
3762
892
3465
1244
1476
3208
269
1274
3998
723
809
892
4091
4821
789
296
4649
1398
3855
896
2299
3532
1090
4611
3829
4270
2119
1987
4394
3171
1527
4757
189
2737
3845
4525
813
2441
4153
2225
620
4281
3662
1943
2014
1938
4756
1266
3160
2622
1998
1195
3154
62
2060
951
4634
1243
4521
4558
1827
3279
1274
493
2290
1823
3214
1943
434
2730
4222
3638
4773
3957
4714
2142
3676
4912
3692
3234
4033
4601
4437
881
3352
3948
2002
4699
2318
4027
4023
558
4819
258
381
3379
1370
751
4843
982
4249
4766
2792
2839
2726
2550
1514
4082
3461
592
439
1028
4755
2138
2830
2956
3884
3595
2956
3371
1570
3389
4282
1737
2312
2822
1053
4267
119
4513
3704
567
3057
16
528
4884
2825
3266
768
531
4742
4771
4534
751
3969
3981
2399
2306
1892
4499
3653
4557
2364
1373
3541
3020
1816
3948
699
1981
2857
3790
4342
3529
3665
4376
335
1528
1974
933
3497
3390
91
2851
3002
871
1240
639
3797
786
2494
3795
1553
1414
941
69
227
3664
4766
1907
1312
1829
154
4836
2238
4563
1237
1680
2956
3225
4343
1778
4949
4634
4109
3604
4170
1216
811
3660
3269
2092
1613
1095
1132
4508
1644
4358
316
1024
3301
4503
4877
3977
3956
3698
4559
457
713
511
159
299
3127
4245
3414
448
2382
2413
1658
1589
1033
4283
260
4502
251
476
1570
4583
1261
1345
772
22
1872
2275
275
37
3045
2582
1652
4292
258
4042
871
4714
3871
3988
2021
2349
4919
1965
4639
1650
2693
1579
1665
3776
1165
1422
3202
941
1439
4748
3227
3727
787
327
4055
459
895
2408
3955
1762
4889
2156
1962
3883
2289
2128
2329
3553
997
3784
4953
3235
4145
1791
199
3944
4569
2064
1323
1679
1234
3957
3728
649
985
3612
8
3640
2596
3915
3499
3375
115
2513
4207
4586
705
5
94
2247
1012
830
4893
3751
1311
3152
3485
1921
2821
1262
2572
2527
3743
3898
362
35
4897
210
4455
12
4277
2295
3374
4484
4735
1732
211
2442
1372
2891
174
307
2450
2896
3613
3633
2936
3498
2052
3115
4281
1843
186
461
2609
338
2220
4836
1401
1302
1156
3984
756
2936
447
1016
2142
2635
4025
1707
3027
559
962
2759
3521
387
875
913
1751
4126
4380
4099
1592
1473
2107
3939
3953
1346
1273
3997
1305
4847
1699
1734
2184
1246
334
190
1991
4767
2922
1774
496
1686
3460
2218
727
1271
4109
1779
1445
3408
645
4956
3409
2807
3645
2857
3336
2924
1063
739
2790
3651
1616
4
4242
4058
2600
4282
1902
4085
1599
345
1910
4517
3336
3119
847
3029
619
674
333
2963
4888
3294
4980
3684
2884
1585
3240
4732
3501
4462
34
3901
1365
4363
137
2975
1788
2946
3580
188
1754
1849
1883
4797
1461
713
4966
3300
2547
2175
132
3199
4880
3209
2384
2777
3157
3017
589
3486
3328
54
3095
2718
2248
2641
4085
787
605
4611
4539
278
2420
848
734
1283
3466
2174
4907
3812
2772
3851
4262
1968
874
1334
4368
1981
292
3059
3114
3586
2824
4839
3754
222
3325
4348
1953
2346
1344
2582
1986
4268
3277
4657
2425
2581
1437
2560
4452
4028
4667
4781
2659
1933
3578
1192
1175
848
1739
4186
3816
2512
4512
2681
3685
513
3630
1759
3499
4528
1209
164
59
987
2568
645
2679
278
1473
524
4180
3388
264
3049
4055
1011
1713
452
807
1488
269
3999
1317
318
1976
4782
1221
4196
3130
2284
4386
3963
4364
2135
4656
3971
4732
1312
2814
233
3175
3522
2369
1783
4681
3600
3617
2340
1767
4203
1907
4838
230
256
1361
4256
1601
4262
1410
2360
25
2325
3617
2300
4722
2442
729
211
1817
4484
3206
2017
4736
4154
3588
1916
680
2704
1982
902
1761
4719
4949
4794
302
516
4904
1645
1044
1687
2719
3538
4233
1859
268
4126
4849
245
2834
2493
1224
2867
3347
325
353
1303
2379
1152
369
4700
3070
175
1631
4002
130
1445
2599
3924
2452
4903
1516
507
1384
2513
4617
1678
4347
4316
664
540
3993
3940
1843
3720
1336
1304
3992
3833
1189
3746
3139
3641
3578
4295
4402
3280
3978
3549
1908
2925
2780
1183
2876
1979
810
4551
2355
653
345
179
513
3085
3355
4137
1139
4971
2641
3811
4203
4823
4443
799
1592
4540
4931
548
682
1460
2417
3531
3261
2086
1647
1322
4990
2674
4796
3979
1732
3065
4786
512
1768
4844
3752
3589
4372
4592
1087
1199
1154
132
833
4270
1489
4694
2155
4770
4383
35
4330
800
492
3489
4481
967
3820
3444
4936
2472
4081
1602
3451
1924
3082
499
961
1117
4630
1176
856
4811
3199
1569
3848
2726
3926
3971
4094
4332
4804
1025
3449
3230
2026
2020
3277
283
3766
488
2914
3105
4903
3336
1944
470
2423
1289
1453
3689
1776
2672
2831
3415
3107
2966
1121
3826
1802
4718
81
4961
26
61
3268
1810
1072
2165
4809
434
1040
4183
452
1318
3614
4174
3281
4075
1428
3678
2374
1147
2287
239
5
356
3186
1326
1854
4389
1054
277
3580
1877
4718
4293
4726
3192
4680
1564
3945
1013
2016
4790
4559
4884
1004
1432
4085
1396
3071
3880
3191
4119
295
3924
3750
2290
4096
139
3330
2161
532
2702
1572
2506
484
1344
600
4022
562
750
3616
4657
4846
1112
3178
1843
1796
4471
1351
2040
1437
3811
3007
2313
812
1653
572
2441
2836
3376
3833
4178
3099
1544
1652
2162
3785
1472
4292
260
3531
217
908
902
4204
2478
1089
1256
1198
4001
3562
1060
2223
4829
974
912
2797
2724
979
1624
4242
1162
1799
1506
3958
3742
4946
4056
2974
2241
3823
2897
2120
260
1167
2355
4699
3192
1568
919
4606
1828
2343
864
2995
311
4778
4646
3512
2633
4014
2830
71
2566
898
592
3127
1330
1852
2762
1079
2749
2069
3747
4493
2992
3898
1986
4800
3969
1302
3921
1062
1184
2579
2378
4283
4752
4440
2625
4188
1614
2862
3182
2362
2987
999
4442
2402
4767
1338
1583
2401
4054
4858
1228
3390
2231
1590
3638
3080
150
1716
4245
1280
4284
969
2170
3918
3300
1428
4172
3836
1109
4880
3075
1048
456
1696
1322
1076
3097
243
2305
1470
273
4117
3512
607
834
4637
2874
344
745
673
1876
325
2133
1482
3024
4155
946
1000
3192
3793
2571
4522
4247
156
3787
2559
1809
4637
890
2356
191
2939
4797
4498
3542
1828
2803
1271
947
1726
4416
2531
1638
4454
3747
415
926
3563
2911
1760
1728
1696
3990
4007
2215
653
3032
1409
711
726
4833
4912
1165
424
4626
2519
1822
4680
3821
4110
3936
488
4451
3072
3284
3496
337
4579
1349
2052
4701
1173
1950
3989
1501
644
89
4724
3452
2475
3518
4998
3856
4510
1319
2824
83
2991
3507
705
1284
2972
2924
1225
3711
1697
2106
3883
621
1314
2082
4638
705
1429
817
2927
2866
3550
2880
644
813
3232
1066
242
4636
2841
32
4390
4236
2201
266
2628
2659
1498
4227
4519
4681
2842
3311
4823
2879
1300
149
4489
2320
37
52
1616
2468
452
368
1107
1036
3491
852
452
762
4607
1378
107
176
2760
43
1410
3897
286
643
4117
1794
484
1916
529
3057
959
2282
2147
2374
4370
585
3641
3067
2554
395
4145
1495
2434
1813
871
4967
1365
798
1955
1027
269
1181
1999
3130
3680
2959
4275
430
2877
4245
4553
1894
4772
4255
727
4625
1328
208
1491
4156
1762
783
1671
1303
626
4426
524
2125
3097
4735
790
4381
3503
2836
4707
3281
1745
4952
3999
157
4673
4176
1477
2458
1540
4094
912
985
2752
4490
3344
2709
74
1372
2119
1192
1273
3001
593
3666
4192
3694
3750
2122
4588
1039
166
2698
3209
2536
2197
1157
3659
179
3705
3788
691
363
424
4464
4743
1554
3948
4442
2325
1108
1549
63
3096
3238
3670
4216
2083
4496
473
2352
768
62
3027
1377
1350
4571
4369
1339
1614
1464
4180
3443
1706
198
1616
4580
4875
4732
3103
1008
3452
4395
211
3015
692
4952
4962
139
1450
479
31
1642
4474
1266
4323
280
3271
3844
758
1132
2352
3896
820
3718
126
80
3987
3365
4779
1438
883
1832
2938
815
4997
3923
1041
2124
3351
577
4686
3679
4121
4096
3453
2107
149
1713
3922
3430
1336
1693
2376
2131
1664
4753
4605
989
3694
4505
4272
278
2114
629
429
3560
2370
1364
3434
840
4593
3418
496
2702
1059
4730
4927
2996
1136
1622
3545
4896
2798
392
1815
3877
1357
4413
4466
2185
4083
2174
4981
601
1821
1829
3373
3477
4752
2648
4035
711
256
2892
1012
4326
793
1466
1450
3904
2046
3228
118
4571
3484
404
102
4556
3625
4256
2121
426
4930
3265
3132
1117
4961
2958
1972
2559
2279
3197
4293
2493
1503
1706
3177
1745
3206
2389
3517
3097
152
3324
107
1113
3537
2523
1506
2106
1789
2498
4864
1253
2724
407
4256
1196
1614
223
2252
2539
4464
2916
3136
4351
943
3107
1197
1871
4834
1429
1697
626
1538
172
4078
4225
4561
3853
461
2194
2446
1187
1331
135
2561
2575
4997
3427
4182
3346
4541
1027
4406
4249
619
1213
1298
615
2249
1042
4812
2618
1803
1412
3591
3980
2484
2492
4057
1227
290
3750
3169
3928
1317
1297
1472
2278
3862
4689
415
2267
357
1045
1221
2575
1039
2713
29
2638
701
4638
2443
1545
3309
4011
2985
2298
2194
2467
1321
767
4544
3161
2770
2864
1921
284
961
2674
957
3194
984
910
246
2959
1966
2493
3588
4008
407
2933
4536
3960
3980
4257
4486
1803
979
2807
3498
272
2746
1412
3738
1126
305
2778
4644
1703
2407
1821
1575
4813
1590
2775
1432
2958
3545
2940
1254
1800
698
3976
2718
1440
3082
308
4756
1806
1111
3663
1765
2884
4744
4136
521
1936
3597
3949
1688
1995
4363
4989
4570
2471
4307
1523
2943
2519
1928
2515
4911
349
2640
3545
4495
1373
3130
2910
2113
1426
908
264
1814
1961
668
3439
293
1465
50
3523
905
2133
4704
294
4256
1524
1727
4933
4230
679
442
4378
1728
85
2296
4020
2604
4529
3801
4273
3033
2911
4992
2101
3515
378
3987
1373
1391
4864
2038
3524
2603
3812
1017
3275
3126
387
2325
225
1357
3923
1597
1009
4314
1338
483
3309
208
2970
1624
1712
2776
4687
1757
4825
1875
4668
1846
687
71
3266
4625
4878
4139
2652
3627
2792
3011
4020
3920
3367
4300
1156
3408
26
4448
145
1144
4351
2007
3388
2530
220
4657
2791
358
14
1546
1367
917
4034
2984
4800
136
221
3253
1809
2909
3843
4748
1472
3746
121
1858
454
25
3824
1328
4113
3719
4995
196
3382
2535
2292
4901
2330
3885
4142
1083
3258
4374
2926
2880
3998
686
3177
65
3884
435
21
534
4579
1453
4885
1605
4403
3978
4992
4206
3947
1013
3892
1956
4479
4535
4663
3489
1734
2309
2513
561
429
2414
4024
4754
3640
2443
1436
63
4363
2753
2350
338
689
1251
2006
3013
2150
3845
3686
142
2878
2360
3998
3088
4306
2546
4188
4455
4001
1540
2780
3916
1563
4556
4893
1117
749
619
3507
2454
746
4237
4720
2865
2281
944
868
3935
3760
3264
177
1448
3568
2732
4661
4335
2467
4577
1589
1945
893
928
1327
4496
2544
3417
311
3505
3834
1751
3116
2961
4004
789
2800
1550
3822
3369
605
281
642
2317
4195
1662
1544
3677
2729
1359
72
4945
723
3661
1140
1302
1330
896
4257
1109
1032
4492
3437
2497
4886
4329
2914
4795
3015
3212
4936
4346
1375
2876
2682
3627
3033
758
572
2892
1561
2451
1101
2502
3455
4184
1335
2321
487
434
869
2662
664
420
83
2257
3136
3474
2413
86
4938
4120
4494
3472
1797
3313
781
3983
2590
109
3902
2445
135
4155
4923
1820
2784
4878
3822
421
1675
2469
864
4182
198
4147
1305
2679
2130
168
2602
2297
1822
2421
4780
177
1945
2718
3970
1667
1487
354
4192
888
4538
3610
2778
2626
3708
2745
571
467
3031
3209
3217
1564
3667
1400
1873
2008
4280
1310
2145
842
2273
4691
3649
4435
3339
4259
1642
2317
2746
2377
3517
864
3622
630
2860
3636
3339
2190
1956
4499
30
2947
4072
968
843
3301
1544
4471
3501
1103
1651
3388
3303
3357
2355
1293
3176
2136
90
3322
1726
3258
4550
1936
3049
3392
236
605
192
1291
493
862
3280
2794
311
1725
1972
2617
1045
4399
4498
2167
1201
3867
2840
766
4231
4247
3266
4161
1710
1269
1510
1251
1835
3934
857
4911
2340
4689
4639
4959
1804
2085
3313
2160
4080
3777
3191
1771
4272
2090
2181
2326
1557
338
4093
1917
1525
22
2437
3592
1574
4527
1005
1393
2444
1232
3341
4376
2586
4171
1692
4758
469
1624
23
4790
3868
4292
277
1537
3478
1060
194
3930
2370
1812
1307
2264
4396
2289
345
2599
3914
1542
4448
4059
536
2153
3334
2058
3483
4520
242
4331
1911
9
2164
3006
184
1570
109
1416
851
820
3896
2766
2644
949
4304
1716
492
2571
2527
4534
3290
1181
121
405
2568
46
3446
3341
3982
3996
3093
2718
4702
3966
1151
1928
3538
4268
1570
2637
2392
4514
19
72
3049
3892
3970
1594
245
221
3763
3166
4800
3061
735
4449
3856
2544
4398
525
1592
4073
1299
3482
1063
4483
3623
3458
481
2738
4589
4511
3082
1484
525
2624
4496
3316
4428
4688
516
251
4847
3711
2543
307
480
88
467
1744
2486
1517
516
1524
1219
1406
4260
3991
4680
1477
3574
1987
3095
89
755
1766
2933
3277
2840
2427
3862
1568
2888
537
3809
4951
177
1351
647
3584
1163
2529
2814
1
1827
882
3367
3405
3449
3812
4979
1185
4145
4439
1057
3186
763
2245
2866
1780
2689
3802
2575
1769
3946
741
2222
2387
386
3930
1093
731
3746
4111
4773
1269
3205
4743
4393
2657
4193
1019
2708
2588
4970
4523
1335
2153
3663
2224
738
2888
2360
2229
1109
4155
1005
3834
2347
3238
3344
4952
4191
761
2522
1270
3285
4538
1616
3983
4752
1657
3487
2326
719
3255
2984
586
4722
1736
1342
190
4242
952
2855
2452
2054
1689
4450
950
2169
2072
2456
25
2076
836
3278
4520
657
360
3397
518
2657
675
1382
4091
2889
1103
3205
3939
72
277
1224
3513
109
3231
2602
2237
3039
913
906
897
3586
2742
4862
231
2551
460
701
1332
1167
1687
4461
2657
1181
3909
3868
973
3504
1700
925
3329
1494
4748
3645
938
965
527
4753
648
3540
832
370
1297
591
3268
259
4161
3783
803
2328
1196
277
1520
1772
1537
4287
618
3300
2403
3260
772
1835
4567
3357
2155
3450
3394
3365
396
318
3609
1051
1685
2432
4067
4877
3451
3424
3323
3212
3499
2541
467
2030
1449
121
1514
3731
4026
670
4130
3276
2385
1937
495
4452
2688
4847
4309
2132
538
1792
4590
3146
1645
982
9
3807
2069
724
117
3723
3309
216
2976
4037
2514
4927
3827
3139
39
4004
3750
1203
4266
4632
3241
3359
1402
4844
1422
418
1164
3009
3023
2488
1767
237
4431
2021
3866
3556
4773
1661
1414
3534
3232
1062
1827
1239
1638
3002
3021
3483
2202
1538
3347
2289
3861
4121
3200
2239
3831
1225
4198
1767
3484
4484
2746
693
2091
1734
2241
4095
540
1035
3144
390
643
3894
2637
3845
3932
3416
4609
4155
1885
1506
1829
2804
3100
4874
3896
1176
2057
1428
645
4928
3679
976
1629
877
2564
1116
4011
3974
4891
2386
1654
1159
1208
1253
4939
262
1977
4664
1721
2382
3339
4869
3865
2261
2831
1935
3640
796
4728
3769
2004
2470
3158
920
4963
4825
4507
4898
3915
1784
121
2154
3099
2659
349
4563
4444
3032
1778
2738
1939
642
2790
549
4980
2720
4780
3756
4579
1854
3740
4074
535
3197
4305
3191
1238
3323
4470
2061
1706
344
2461
3181
3750
149
1079
3958
2963
1939
1420
4788
2557
230
1611
1918
2277
2971
3694
1392
4615
3112
251
222
1643
1846
2463
2240
3321
958
4173
1540
3785
415
3766
953
908
4886
1869
3267
2592
1713
1979
2102
4888
1186
4204
2275
4720
4966
2417
112
899
1128
4381
3345
2673
2106
556
4256
3530
3630
1204
1639
3754
1019
1165
2699
986
3475
1703
4510
2382
3825
995
1892
476
4922
1106
1022
1525
726
4530
3392
4586
2449
4756
3697
4777
162
716
4590
4784
2087
798
2258
908
1812
2707
4863
1258
1912
1059
2486
1007
1749
1329
4473
4435
101
3716
1181
2049
1107
4657
3958
3080
3478
1275
727
2789
929
3596
3991
4722
1671
2624
1778
2638
1684
3806
3062
359
1843
1869
3528
472
4170
3114
3634
2285
928
463
2784
1013
3241
2424
489
1677
4596
2806
3192
1905
1343
2102
2616
4227
492
1479
1392
2143
2057
3525
4212
3507
2128
1677
2169
1927
2607
542
28
1296
3313
265
3590
1451
4788
3141
2517
4283
774
2972
35
1600
1638
587
210
3893
3769
2099
3910
3724
2495
2146
3191
1963
1751
4053
3366
2057
2189
1531
381
2675
1091
751
2878
4280
3465
3326
2124
1118
4307
3032
4515
4087
4285
954
3254
2848
4086
437
3817
3223
2553
3661
831
3933
1365
3515
4574
877
782
2189
3706
854
4801
3308
3943
1526
911
3697
3313
2860
2546
2902
367
180
1118
4218
885
2863
4958
2838
309
3001
4893
3162
3741
1447
2231
4809
4991
3965
4278
551
2536
2007
4443
2422
3776
4204
3351
4656
1629
2585
2497
121
1312
957
1381
3241
2164
946
1197
4363
3428
1881
4352
1424
4491
2013
513
3045
4844
4301
903
4620
2592
4554
4890
2376
913
359
3902
4449
3833
1991
2493
2386
3833
2471
965
2928
3414
1130
3949
2826
1741
1549
583
1478
3025
1095
2713
1821
610
1284
1620
1471
4136
3820
1735
3804
1318
1611
3923
118
2892
3626
4177
245
2138
1860
4550
382
2339
2252
3263
4587
1570
284
208
4403
2588
1259
3217
112
4862
3816
2072
519
4350
1818
4259
3169
1402
1925
3543
3859
1231
4442
1229
801
342
2983
3717
4571
1679
3757
2824
4402
248
3366
1548
3987
1396
3489
1257
2715
2398
1974
2729
3060
3107
3949
3017
3699
389
3291
3543
3542
3060
2406
1561
1508
1801
3971
729
3483
2490
1742
673
877
493
443
668
563
3742
68
4009
932
4100
1109
2231
4166
2598
4207
1206
2435
2351
4773
1669
2361
4180
3270
3022
1553
1284
4724
539
2970
3286
697
4189
3827
482
4612
2763
1441
4733
1090
2557
4829
3563
318
3848
296
2345
2196
4992
3435
295
1448
1147
2880
3743
1556
30
3759
4353
3124
272
4945
2608
2229
1278
4648
625
1093
3093
789
3439
734
4262
1124
3296
1264
2953
1290
1387
2854
1337
3932
4795
1885
4836
4871
3500
684
3524
4609
4189
2685
4765
4668
3571
2516
3080
165
151
251
4420
1322
3467
397
3925
4596
987
3910
4368
1078
2193
233
3080
1956
1034
2871
1153
20
1723
4488
3839
1406
2915
692
938
2023
150
1631
2789
2118
4598
4488
3769
3563
311
3927
989
4371
442
389
674
4365
2074
3799
1722
4463
4680
3826
3855
3371
4709
1262
3060
1800
1337
3438
2354
4720
2840
844
3996
1864
747
3027
1316
4540
2253
4568
4551
2830
3910
1079
4137
1045
3063
958
2395
4864
2975
14
2315
592
207
1100
276
4482
1702
3201
1639
943
118
2675
136
2869
2353
3265
4272
4570
1246
4539
333
3722
1420
2954
3017
227
2859
3665
1955
252
3626
4661
3182
4301
297
604
3875
4698
4623
4627
3416
3942
2336
1994
3885
1231
3702
4948
1763
1761
541
1533
1453
1554
2761
2464
2228
1646
121
1599
3868
3403
3810
4038
1067
4009
1406
442
3926
4566
4031
424
1536
4545
4193
229
1887
2166
2355
1806
523
1294
4340
3771
4357
1386
3962
2780
1235
1674
4932
587
1804
1341
70
1255
1664
1021
1456
2803
4880
4457
1465
1521
77
4374
1465
409
706
904
1896
3515
1655
2803
1053
4834
926
2220
3979
4646
4950
2566
4399
4807
2673
4985
3276
2665
3416
3565
2278
206
353
3646
3412
1867
1430
4813
3697
2342
1372
356
2437
3967
2332
3459
2502
4713
251
954
1012
1120
2973
1692
1954
1826
2431
2879
3194
1879
954
2807
2994
211
2174
209
150
3180
3651
2385
3918
2262
529
4713
3665
322
781
1370
284
3683
311
1583
2936
295
4679
1982
2941
930
2546
3008
1700
4365
547
941
496
1294
3011
1495
297
2139
606
522
2743
2908
4858
2904
1741
2284
99
4499
3560
3924
4
2688
1679
1341
1035
1489
637
4461
2370
3251
2800
2072
2584
3459
1879
3581
2557
25
4117
4617
2379
3023
3250
3057
3559
6
1923
2028
3111
2047
210
3453
2437
1079
1402
1574
4146
1482
249
3498
558
3374
3491
1399
555
3023
2317
3708
579
636
896
912
4857
2740
973
3512
3234
86
2965
604
2676
656
2365
4965
2410
2326
525
351
675
3205
4930
4476
124
4769
3040
2769
3734
4335
4841
1905
2251
711
3282
3231
479
442
4798
1830
3856
2474
3327
724
391
3519
2688
3917
4638
3932
2539
1235
2307
4741
449
1360
4383
4020
3088
3570
2878
3601
4858
2078
327
1364
3672
1963
1540
3963
2833
1406
3855
450
4654
174
1171
2730
1473
122
1817
4830
373
1748
899
491
3038
911
3129
262
2979
2117
4601
4946
3106
4735
13
348
2329
3463
3222
4068
444
4901
4275
1094
2043
2545
692
3499
3398
2759
1
3726
2822
4663
2760
378
3903
832
2832
2106
776
1676
4038
3291
264
2377
1027
1394
4749
3320
741
3634
1761
130
3458
1169
1814
80
3552
1169
2862
2468
3507
4169
3442
1498
1012
4884
76
4176
382
207
1655
4000
3851
3169
763
4208
3166
3185
2954
1906
1988
4857
3774
123
3811
4898
3779
2915
4835
2627
1674
1383
1875
1624
1494
3416
1483
1617
4155
2295
1678
4736
4184
1674
375
637
2099
4941
4845
269
3994
2619
4253
427
3413
368
1514
2184
2245
3632
606
3109
585
3750
4189
2123
4206
4711
3943
3424
4764
1854
109
4101
2595
4540
2794
3071
3805
3536
2172
4813
2940
4226
2326
1058
4108
1356
2034
2205
4584
2055
5
3064
3081
2636
1569
1916
3100
4531
4652
2941
2521
1314
3232
1662
517
1777
639
3090
402
2630
4494
128
2083
182
2616
1459
1732
2534
1520
1025
635
449
1030
621
592
590
4567
2962
728
1628
1229
4340
957
2177
1676
1000
3395
2829
4045
2464
2880
2633
475
2672
2605
884
2504
2340
4566
1802
4628
1065
4628
2340
2147
541
2497
3491
3766
1947
169
2113
3354
1968
1414
4397
2317
2568
466
300
3369
2949
2152
636
778
746
2603
4361
3107
1741
3157
2314
766
4622
246
1577
3393
2220
3939
4070
4845
2638
3066
1867
2913
4980
104
2557
1740
1335
4948
1306
3779
306
4785
1325
1673
3221
1776
2304
3541
3554
1050
2684
722
186
4490
3860
2928
3859
4269
4983
1430
2375
1866
3124
3411
1911
4332
2224
4267
794
2079
1399
1282
3668
679
1858
3293
3900
3120
583
108
2481
1287
2029
1701
2402
4909
2325
4217
1175
2318
226
930
3727
288
1568
2154
2162
2484
1152
544
3816
3080
186
3042
4615
3184
1663
1323
2814
1218
2205
2342
2785
1923
2702
4385
92
774
382
2108
3246
2053
2018
3985
367
1574
2380
2203
569
357
4929
1534
2276
4323
2043
2880
2983
2083
4982
285
321
4478
3749
4849
853
1011
4028
11
2906
2589
4311
688
4544
3131
3066
377
1722
4628
4891
942
1671
1230
4343
1837
4996
1019
1390
41
3628
2111
4611
1944
2291
4563
1506
2087
4988
2915
1899
1869
4198
2344
3105
3419
2389
3946
3974
1367
4619
4914
3696
1896
2544
2669
1839
3351
4364
2182
2249
2485
1815
2895
4331
946
3783
3925
4266
4236
4577
1456
2378
2301
2945
3955
2473
473
1279
3808
1029
1011
1986
2899
4633
3812
2679
3479
3440
2776
1959
4121
3918
4758
4005
2556
4480
2861
4245
1007
1121
1773
4536
1726
264
200
1950
4461
2755
2477
3982
2713
496
4126
4893
1379
1810
2608
847
2775
1764
1236
1176
618
1036
774
301
1873
2414
1561
2646
1624
566
3757
1980
1406
28
669
53
3820
4490
3773
530
4774
1328
4284
3399
3310
221
3790
2645
2420
96
4364
4376
2109
4287
451
4544
3156
1552
3118
3574
836
4935
2951
632
2074
3361
25
3177
1023
4833
782
3727
2468
2899
2923
4340
4283
347
2505
3833
1488
1037
211
2395
4703
3476
1210
1837
151
1451
2943
2218
91
3086
559
2230
4516
2053
2840
763
4974
2163
3897
2546
3509
3963
1072
496
4042
106
3730
1085
3551
3037
2833
4123
904
3102
1961
1081
3463
2016
632
3880
4328
4605
3116
4824
2120
4171
4247
462
3149
353
1106
348
2998
856
3642
3524
1790
2032
1917
1030
2959
1191
3154
2236
1073
2655
1932
3225
4791
3393
1082
2930
223
4781
1779
510
1247
3085
3399
2584
277
3654
2487
1064
934
2032
201
2644
3778
492
2003
1977
2837
3214
4372
578
4713
727
792
3910
1218
2141
3913
193
4315
1683
3052
3963
1819
303
4729
4882
1069
190
2932
3318
2952
4873
3322
4097
212
3824
3221
1016
4017
1272
644
247
4007
2637
1752
2124
3801
3014
4438
876
4772
1806
1112
4290
1706
450
3024
3580
4507
1641
4846
4120
734
2731
646
3130
1110
3103
1797
2496
3837
861
2549
3567
2307
3879
3222
564
3446
2392
2378
1338
2244
4402
3460
995
2334
591
3297
3009
1889
36
3498
4383
3246
3221
1456
925
3074
3910
4605
4718
2984
333
4624
2169
4763
2627
4678
1096
1361
4752
489
2702
2474
3507
1539
1540
1598
1113
4909
541
3647
3079
4251
998
3103
4304
1693
1084
1549
1407
1543
4051
1605
4776
2355
3824
83
4929
3112
3061
597
3912
1806
1732
1553
466
4572
1371
2116
2154
1543
680
1811
60
3367
2405
4548
2480
1817
1954
122
1725
3366
4989
1552
788
4057
3030
3373
2241
1829
1258
1115
586
3508
4098
1407
4146
4920
2638
2716
4008
2735
1366
18
1807
3859
1433
1979
1724
2390
3640
1170
2889
3794
14
2843
3
2165
4900
2872
2698
2825
3210
1869
45
863
2755
4214
996
2339
1450
3475
4445
4706
2518
2574
3899
3825
24
421
3651
2295
4527
2576
1048
3041
3975
1216
378
3421
2224
944
2636
2586
3375
320
3715
184
2103
4421
4778
4544
2543
4839
17
1224
3776
4205
1414
115
4541
4137
4486
2187
4466
616
2962
1094
4901
2548
4301
3928
4775
303
2922
2058
281
1261
3535
4359
2563
641
1351
2940
1220
3279
2787
4405
3645
3675
4075
350
3169
2772
689
2371
1020
3687
2489
2238
1341
1242
1751
946
604
28
4283
95
4706
3514
601
3894
1418
2624
4256
4144
4848
734
1651
4603
23
3498
3481
4877
3234
970
2617
4237
339
872
1591
3248
3418
3194
2644
2682
977
3591
1026
4795
3205
4692
55
3949
3250
2975
1700
1827
3283
3431
2603
2223
1591
278
773
4494
2795
2218
312
1377
1934
4519
3803
610
238
1792
3230
1074
1144
3558
4745
555
4649
2051
4621
324
1463
3848
1271
2457
3690
2718
2535
1398
4605
1096
2705
2914
1614
3263
2303
1113
706
3361
21
4428
701
1816
730
3001
1903
23
1400
164
215
1481
215
3161
2351
1080
233
4211
541
806
3836
2171
1374
85
4045
931
3382
3261
4938
3807
1678
2842
2550
3293
3701
2444
4553
1156
4016
1977
4471
3455
3236
4575
2509
1574
4424
3435
3747
3753
4057
873
1017
3061
580
2395
3468
3028
2224
443
2002
2771
2032
1534
3524
2315
4912
3684
1062
1698
2108
4598
1524
1649
4270
2293
2114
1835
1269
965
392
893
4187
4889
1734
1417
164
3933
2111
1213
1626
1659
3402
1550
3458
4004
2565
2252
75
3179
4037
1785
3304
598
705
2264
1945
469
3964
2853
4990
4615
2048
2019
3896
728
4819
842
2405
4759
1903
4805
3837
1610
2194
2242
2682
2522
805
504
911
3823
3535
3183
357
3523
4754
4633
2888
4907
4129
3743
4134
3645
4717
2863
2457
2894
2465
4530
3505
1705
846
4663
4064
2029
2978
678
3791
3996
2091
2177
3582
4187
444
3334
3604
2259
3041
1408
3267
608
1740
802
1071
3961
3713
2517
1213
4363
139
4896
3866
2883
3378
1942
1517
4240
1914
2872
1788
3135
2545
486
4946
1423
779
615
3853
811
3664
2699
4926
1207
3632
1221
751
2300
3659
3887
4344
137
358
2503
1535
1996
4392
4738
4306
3932
2523
713
658
4278
4669
3349
4300
3984
3801
3306
1603
3969
3213
4488
4171
635
2551
1249
261
4976
4739
1119
2188
946
3845
2010
1325
3405
1897
4145
918
168
4604
3703
851
484
3778
3200
2992
825
1357
4037
4922
1847
2338
4898
2648
2479
1522
2561
4040
3658
63
1062
104
1957
2020
944
747
2519
2751
4454
4033
191
2744
2531
779
3713
2152
4630
1115
1896
2794
1506
4658
2298
3376
0
4579
1636
1841
4842
4992
3595
3507
1246
2384
1357
2330
3782
4996
1202
3191
3595
3568
4963
4167
2193
1737
3601
1532
4203
2112
1685
3980
278
1096
4797
475
1428
256
2648
1013
417
4581
1624
1561
3444
1849
2369
3264
3473
3323
1813
2645
895
3987
4638
842
21
2950
3820
978
671
1505
1414
835
1463
293
3746
524
3967
362
2183
3605
4550
1462
2984
1376
3671
4967
520
133
2511
3705
1872
50
2413
920
2814
3688
1957
1466
3258
1727
1075
2284
4767
2367
2566
1569
2991
1358
752
486
1800
4439
4667
1936
1315
3147
2206
4128
4943
4996
203
3371
294
3090
324
522
3231
1474
2225
3648
1302
519
3028
3072
3768
1657
2191
1248
2734
4143
1990
1741
761
1985
3511
2902
3060
1767
4895
2406
3162
39
4780
1001
1290
4654
52
3065
2455
3819
4293
4450
3887
345
1586
4627
3146
1363
4523
1662
4393
2057
3505
673
3481
2884
193
4977
1136
2452
3714
1312
2841
2354
912
1314
3153
1891
3140
1250
339
269
2091
2574
2401
3223
2609
1266
726
4290
2449
343
1590
3441
2692
1580
3277
2144
3755
2223
3818
267
2032
1182
3241
2662
3018
3204
2170
4906
4580
883
4304
92
2374
2934
132
2312
2621
552
3466
2168
1074
3320
4525
4576
4379
2827
3360
780
4398
4528
2161
4872
2633
4491
1634
2397
343
3122
676
637
4198
4064
1852
99
4846
4253
2235
1597
3231
3320
1094
1353
3960
938
4182
3255
3805
2191
91
2934
4034
122
4158
1719
4929
4796
361
1631
490
2732
4581
3022
4259
1050
4144
1608
1731
4098
3812
1593
3540
2744
3203
1051
788
1938
4269
1686
4887
1410
1652
598
3940
4159
2622
3615
2049
866
3119
4370
435
1683
1525
7
3530
142
2797
2322
4539
339
768
2091
546
261
2868
2325
1088
2894
3605
1021
1077
1841
2007
521
1264
1317
1414
3872
2156
4323
137
2570
3979
4309
1243
2979
3850
876
525
3207
228
248
1879
893
3869
4521
1626
3034
2684
3668
3041
2147
3061
17
559
1875
4660
3164
1984
1964
2683
450
1166
2691
1203
2231
3881
185
4931
2080
2386
3411
1719
538
3009
1247
4639
2021
1151
2521
911
305
958
438
2571
3211
4658
4512
1545
3734
672
2037
3096
3892
1919
1689
3968
1906
4581
49
3239
3447
2032
4418
2174
2716
1519
2228
2539
725
24
1160
862
2819
4350
3575
811
3091
266
3553
2099
2147
2330
437
631
1275
2569
1110
3887
2278
1932
94
5
4396
569
1678
4585
1692
703
4068
3214
1452
4242
872
2176
167
1313
2287
4606
2737
3098
133
1303
837
233
4946
414
2251
3321
998
1840
4435
335
2894
1005
4949
104
4251
270
2964
227
3933
3298
2382
2966
2098
593
2161
4308
603
3866
1112
2975
2087
6
860
2008
2134
1074
3383
770
4363
2619
5000
3869
4485
4178
683
4225
658
3730
4792
2430
839
3173
2829
2961
1619
1293
3774
2524
3151
4808
2082
4105
1445
2609
4829
4148
3447
379
2887
3477
3655
990
2445
629
2903
823
3743
819
285
3130
2589
3310
419
4526
4044
4863
1698
3115
2275
4492
2857
4118
4885
4489
2432
700
2880
4049
1999
4052
90
256
1595
4148
3465
1
1627
2922
3078
590
327
3330
4718
3911
3269
3248
1195
3345
1623
237
4409
3728
4760
4584
1767
1607
1650
2325
3158
3251
4177
2349
1237
1199
937
2812
3972
2067
822
3062
855
1146
3458
1814
3498
421
4112
973
940
2300
131
2647
2101
2989
2470
1990
3716
4232
2273
1574
2508
3553
2459
639
4290
1943
2622
817
2629
824
1493
4631
3397
3308
3144
4239
2389
129
3498
4580
1602
320
2028
4838
2916
4539
3840
973
1116
791
212
746
2401
4657
1834
208
2566
4338
4460
2334
2474
4742
4909
193
136
3593
1659
3633
3743
2018
1352
3794
3213
1565
1343
2481
471
2612
1828
4820
4075
2877
3010
1502
2770
4623
2685
3924
3564
1936
4225
490
1431
2596
888
59
3004
651
3528
1021
2174
4243
2878
1580
1048
1492
2518
643
879
2467
2185
4394
3521
1092
3111
1758
4267
4020
1128
604
3909
2550
348
2230
2015
133
1866
35
575
2778
3579
4860
1854
4339
2059
4444
3713
4784
67
1441
4146
3392
4020
4728
744
2791
2954
3399
124
2847
4897
4286
1604
735
2315
4679
3397
4845
4277
3292
1297
3692
2618
351
3654
3641
2399
3627
1276
39
1389
4197
5000
4277
2594
3314
743
3567
679
581
2703
4315
4313
2996
796
3817
674
3803
3336
2425
2089
391
3235
6
3505
3591
718
4627
3801
3122
2868
860
1858
1903
1380
4635
4349
3789
3754
3057
4747
2026
2141
1637
2855
1333
228
4654
3391
761
3365
1895
3669
2530
3347
2006
4342
3298
673
3232
11
3816
1081
1103
794
3109
178
4018
4413
3231
3951
2440
2924
4508
843
3768
518
1556
2600
2223
4533
4037
2204
4958
1011
4041
1044
1767
4180
817
3752
3972
887
4304
3504
149
3676
2041
932
1093
92
509
3617
1480
3944
962
1469
3833
670
1289
1864
130
1804
3198
2633
3238
975
1245
2812
4901
1817
4657
219
417
1627
2845
1340
3175
1298
4623
4113
1006
4419
1968
957
2686
338
901
2832
170
850
92
4225
2587
4654
1568
2066
4735
536
4843
2752
4592
4454
3737
4215
2261
2453
252
4673
2779
2082
4272
4211
422
3695
3368
4262
1866
2676
2284
2639
3555
3792
2992
747
1114
240
2686
237
3625
337
3054
1887
1365
2548
1418
1121
4788
4108
2617
3192
1670
1710
1945
1479
1576
1718
3743
3645
4723
1837
3356
4164
4781
1700
961
2115
296
1383
1014
4591
4509
3177
1411
3865
2712
2415
3262
2289
1272
4834
3354
3913
278
792
3516
1685
3633
2446
3854
3072
4694
2501
3759
4770
2839
2327
1533
3221
4669
1526
4219
2670
1282
2025
1012
2624
3397
4356
1132
889
335
2699
1271
3043
1016
685
874
2146
4673
1976
380
4477
3287
434
2990
2340
3194
430
3486
801
3890
1537
19
2573
4486
1239
840
3544
2165
2258
2749
4017
69
2786
150
2921
1369
4668
3860
3614
4384
141
3453
4220
982
4000
1769
239
326
1016
1895
569
112
1780
3308
1715
3740
1767
3040
4028
3220
1896
3317
4103
3780
3267
4359
2121
1589
4967
219
2847
2416
3692
2240
2531
2140
2655
3203
3732
1071
2273
793
1903
4997
929
375
1880
2274
3036
4879
4526
4007
242
2308
1689
2370
1020
649
903
2942
4560
386
3445
78
652
2063
407
977
2797
1151
610
4279
1305
2965
3669
184
1764
990
2937
2650
1254
3769
297
4115
1246
3966
3277
4880
3067
3604
24
4873
1595
3345
3904
3824
3629
3880
1204
4597
1932
3952
2689
1795
1454
364
4446
4997
3317
1530
4902
4276
342
2996
2
1410
216
2648
3916
1811
3140
2430
2273
626
1249
124
2661
3064
3716
964
1795
774
4797
1568
3287
448
2644
231
4865
4801
4795
3482
3712
264
368
3250
4000
1740
1318
2536
701
4299
1151
3443
3005
3045
289
1421
3213
2803
3528
3527
3233
2272
3560
4302
2023
2414
2427
273
1736
2184
4262
217
3623
3364
2364
3790
2121
2485
4546
4379
4405
3717
2376
1491
4017
368
1358
4055
1539
3817
617
1950
3484
3653
2090
1587
366
1501
2288
1373
2992
45
3438
3092
4986
3496
1308
2115
3306
4188
4921
758
408
581
3174
2727
3841
831
1114
4422
1310
2137
3571
4489
4832
3351
71
3417
1240
2110
1068
3800
687
1722
4745
815
3459
1725
2903
4789
3675
4891
4692
2634
3101
2076
382
3432
2944
425
3535
444
4414
2673
3821
4514
1323
2690
1625
333
2432
3058
103
2538
2240
2918
629
2536
257
3004
4403
1035
356
3819
348
1605
2502
1397
366
475
3964
1543
2913
3771
3511
1078
4615
4134
4434
224
4837
3878
4726
3474
4574
218
4607
3134
762
2101
1308
849
1515
4792
4891
4263
69
3979
3792
4356
3208
2981
2413
564
2491
973
2295
3696
4478
4831
1536
298
1882
2741
1228
492
655
2772
4892
1041
2549
3973
2199
1937
1652
2825
1822
1846
3143
701
3598
83
3568
3291
4985
249
3307
626
4556
2881
1471
1691
4773
852
3281
3216
3751
182
3277
2754
3329
2173
1017
2715
2932
927
4647
3462
824
1427
164
2293
4209
1587
3616
4524
759
3974
2423
2682
459
4870
2196
289
1235
2689
2191
2477
1862
2276
3140
4156
2327
2340
3391
20
770
1836
601
3648
3173
4717
3883
3974
1425
3594
2627
467
307
4399
2804
4334
4706
2346
2926
118
1079
4624
2711
1681
3741
2088
1217
651
3613
2030
2750
877
1918
4012
3887
2201
3876
162
1799
1094
4197
4696
4479
1683
196
3191
2809
4205
1365
334
4538
4121
1944
3517
3876
462
1074
4544
2603
3352
1824
1521
3291
4914
4255
1811
783
88
1876
2708
3588
1382
777
2158
3959
2222
4081
4369
514
2256
4858
3027
3691
4026
3207
4024
4484
2738
1441
501
1629
4731
2184
801
4921
4800
897
2176
103
4612
3082
2802
3291
3969
2135
4152
266
441
2694
331
2713
629
3066
1770
3842
1284
4809
3375
178
893
4558
1778
785
3079
4952
590
2080
2282
3968
938
2481
3044
2478
2440
217
2154
1397
3006
3628
4237
4526
328
60
80
2612
2295
1859
4019
4575
4623
4269
894
1557
163
1492
4714
3005
1702
3495
4971
2228
730
3519
46
4114
2572
3921
2263
4998
4093
4550
971
1472
942
4405
3649
1973
2008
846
4284
2565
2278
2031
2390
4948
1254
1911
1444
2424
556
337
4757
2693
2964
3538
2139
1255
166
3859
3666
4488
706
4522
2741
2847
1769
1550
2167
3089
450
1157
4926
3715
3671
2565
4985
2314
3986
3103
422
1315
468
1887
1262
1947
2049
1951
962
2898
1048
1241
3544
2969
2977
2776
1802
3112
1478
24
2954
1382
4049
3699
3663
4792
1137
2822
3807
1312
4785
838
4853
2658
2092
4242
273
3686
1105
95
3584
4721
3626
164
1388
3876
2075
157
22
2148
3489
2934
3430
205
4529
3840
4270
1764
3117
1097
1169
750
4115
1916
426
4815
2658
3240
2969
1001
3694
3428
2173
926
3132
691
3850
428
4726
4315
1177
951
334
3314
234
1667
3234
2955
2320
4264
1632
3136
4927
827
1807
4389
4928
4464
3875
3605
2612
4651
112
1309
1342
3087
4449
2398
4642
2769
590
1456
4440
4077
3031
3715
1180
2744
4449
1217
4718
2002
2997
1043
262
1767
4331
3596
3453
127
4883
2861
2347
2771
1038
4885
4555
492
3595
2445
1903
480
2320
2143
4813
3211
1503
1603
2912
4137
2956
439
3754
4385
839
2257
3396
1459
3811
117
869
3029
2409
2848
479
86
957
607
1714
493
3506
1122
1080
1461
1993
4097
4909
4252
878
3837
770
3848
2182
2751
2277
4886
1769
2433
910
4835
1467
1152
2103
3792
2735
1845
4993
576
4150
779
3987
3163
899
3583
4616
3061
2555
1820
530
1614
4720
1817
3382
4941
3583
3977
4649
3602
3218
2897
3335
4166
4235
902
3108
1936
3043
4749
213
4938
1385
3250
2
4838
4724
2026
1788
2507
2364
1270
1422
2387
4793
1871
1164
339
348
1234
4678
2119
1635
4715
1119
1850
53
453
1080
1404
4702
3370
186
797
1075
130
2847
4766
3267
2983
1071
1889
2793
284
2442
1651
2472
969
4364
1010
4536
969
4362
698
3897
1755
161
1903
4230
1922
828
1960
2009
0
897
2910
1895
4516
4592
2339
3665
3751
61
3222
4387
2443
1878
2663
3587
1931
4239
3970
1441
1184
4948
160
3963
2116
677
2747
1261
4692
3473
276
4515
3758
1952
3743
950
3160
3022
2633
1
2146
3770
1911
4478
1461
3443
3253
1140
1150
3449
1157
2500
1589
196
2499
2958
3691
1214
4898
3472
2326
1857
76
4144
4065
3153
4242
3666
784
110
1501
4420
3270
4059
2075
2815
4787
1786
3004
632
1021
1377
2231
4738
2514
1278
2067
3685
4125
815
4673
541
2114
4824
1895
2754
586
3801
2337
4817
2189
1142
1046
2428
3530
628
440
1905
3507
291
2415
4460
97
4511
4843
1067
4105
2313
327
3943
247
3782
2116
4925
1911
3508
4018
2658
462
4830
4568
3261
4519
2429
1021
3019
2073
842
317
1517
2592
3169
3386
4113
4771
2577
1484
3065
2772
3514
4124
4180
1015
4648
4748
2018
1552
3504
3659
1124
4298
1318
3011
1215
2294
4951
4345
1062
1275
1349
2505
3767
4800
3375
3468
2123
2326
1907
2604
1508
885
4254
1841
3953
1784
446
4442
1344
3758
1963
4985
1291
2970
1206
287
3704
4289
1143
920
4382
1201
3198
365
4590
1106
4338
3025
33
1942
1108
4612
1355
3638
3823
2560
777
1185
3886
4852
3838
4200
697
317
2045
151
1598
234
1235
181
2341
1552
1699
2303
3045
1224
465
4523
2372
2473
4386
4444
3828
3700
802
2818
2283
3447
117
3550
2950
3580
627
2013
2272
4247
3374
4927
4028
2020
1065
1234
4653
1691
3070
441
3005
1718
4144
3555
4255
1927
2788
3414
140
921
2075
4172
4334
4663
171
4851
4826
982
3349
3089
3896
348
4876
3044
1003
2944
4268
2062
2010
2657
4425
1102
445
403
3809
3356
788
1013
2453
1128
4200
3727
4833
4160
4473
493
2851
2824
5000
2241
4301
256
2182
1514
2161
1142
3571
2621
2662
2843
1851
3330
906
4498
582
2744
1553
2181
1655
985
3117
4006
485
4671
4257
2162
481
4283
1559
618
3298
1328
4912
3827
3034
2549
4745
842
2624
1032
4927
1749
20
4994
4226
2426
208
3500
3264
1615
3487
1231
2963
834
640
1314
2244
3994
848
2478
3875
3886
4865
3956
4429
3043
1806
4158
759
732
4922
230
3652
621
443
2869
462
4834
293
4278
2000
658
3612
3353
41
214
3284
1441
1405
2943
3487
655
4110
3079
3660
2191
2321
4030
1495
3853
1087
3518
1195
4780
2764
1258
1236
2862
4729
2042
211
3765
2156
665
62
549
275
3023
1720
3003
2379
4244
2466
1774
4261
4908
3708
2787
2825
3341
1136
4704
3991
862
1106
4995
1069
3673
562
4816
2521
2635
4364
4050
3781
4712
1912
1451
4368
4853
1293
1201
4207
1122
2772
778
2584
3828
2899
3845
496
3561
945
3741
1844
3262
2499
4032
3589
237
4762
2233
1152
3247
493
495
1000
309
928
4121
1496
1336
3121
3019
717
845
793
1273
3450
1021
1135
1688
2908
1626
2847
3640
382
101
1191
2802
4854
3843
4406
192
2179
2584
2066
3066
4990
4626
3457
1314
2895
4020
3761
3903
3484
1579
2671
2006
2126
3424
4730
4050
1135
3219
4339
3754
4833
3070
2713
1957
3888
3067
3044
3182
3751
3102
1701
2477
1793
4600
2582
2596
3547
1988
69
1877
2582
2222
4062
4320
4654
3097
445
2531
3184
1157
2052
277
4666
3316
567
1126
3723
1163
3604
758
1937
1816
4083
788
4187
4267
882
3363
971
4447
3347
4426
2281
1730
565
2585
3287
4928
4673
2619
1144
3784
3157
3492
3540
3457
799
1789
4339
2948
1659
6
4067
2572
1554
407
3839
2012
3133
1887
4307
2874
29
1478
3234
3385
4095
1146
800
1120
2754
3072
2959
3971
2602
2090
4958
3441
3511
3323
4320
3094
4159
2303
4021
952
1104
821
791
3434
3597
1054
81
2273
4134
3025
2793
2958
926
1637
907
2349
3823
2672
4564
3207
1488
2181
3310
1619
1187
3015
3330
1887
487
2541
4708
895
3835
2279
16
939
2505
76
1917
4225
2802
2163
4599
141
2610
1371
2773
4135
2477
3287
2662
4939
4332
3574
625
4498
1867
3520
4050
2489
4399
2724
133
2220
436
2669
1379
4028
3147
4151
4994
4150
2331
327
3529
4186
4732
4915
123
830
1874
170
659
2125
2118
2093
1855
2321
3708
2878
2847
323
1525
3984
529
4106
890
2297
3743
818
4379
1806
4679
1815
4328
4202
3135
3345
2258
3326
2406
3449
4667
272
927
4343
1302
4111
4157
1711
211
4725
4776
3422
261
1294
4974
1184
3615
3571
939
2315
4978
4144
2852
2601
3307
3014
70
863
4788
2600
929
4128
996
1232
2518
2555
396
932
4901
1859
982
266
3453
2538
475
1531
58
837
3988
3870
3123
911
1188
4173
2453
4137
725
3696
1891
3165
4452
942
3703
3196
1299
2628
3513
3364
4962
502
2136
1483
3220
2316
2565
1442
4889
3499
2877
1631
1880
3319
3530
2765
1223
380
4449
4347
997
3992
2119
731
3893
846
2789
2511
1487
1268
4793
4426
3406
1582
1098
1378
728
2552
2986
4769
902
458
4120
1014
458
1721
2080
1822
1601
2367
3512
302
41
883
2322
4009
1633
2951
3752
712
1964
4724
1694
110
3690
4060
2826
700
4506
2418
1091
4898
1928
1980
1003
1063
1868
2722
4112
2872
4446
4736
3623
1938
1387
3277
501
4960
4254
1944
4875
1849
2854
3877
2915
122
2250
4598
4755
4996
140
2030
4583
4168
25
4944
2307
750
31
4471
4602
1774
3896
1859
253
293
3417
2852
4701
3693
4334
339
1496
2115
849
3246
992
4495
2684
4222
4438
3527
4113
4635
1879
3296
629
222
144
2332
4333
2127
2393
2232
3964
1306
1741
3080
4943
2786
2092
1555
1031
952
4403
3775
4614
4281
4676
2827
1558
95
2485
1463
3523
47
3088
53
270
3302
1716
3432
1482
759
1988
4834
3197
1998
2874
1183
3494
359
1231
1290
1863
4211
4755
4334
2660
2987
3807
2698
4637
2583
3060
2101
534
4813
567
3530
4444
2957
975
2585
138
1268
744
1849
2881
1696
1402
615
1622
2976
4966
1774
4976
4366
1074
1186
3322
3228
1080
4403
4664
787
2373
572
2719
1561
606
3720
2547
4040
1399
4128
743
526
779
4126
1189
2409
185
4196
2752
75
1977
3124
2472
3288
607
506
1443
2
4864
1021
3729
3733
861
3391
1055
4885
4597
3549
4886
4325
75
2495
502
4968
4637
3958
4975
3260
2131
4799
159
4550
518
4550
1518
4611
4327
4355
927
2475
462
4527
601
670
1424
1047
4491
2768
4253
2449
4453
4991
219
1968
1784
1021
1536
4847
3212
1690
3248
4799
3598
3334
4582
2358
383
1103
1697
4264
422
3604
4772
1207
3598
1846
3990
3528
2423
2088
3365
388
481
1620
2251
2354
2337
743
129
1592
3815
1559
3519
413
657
4226
2776
3175
4523
1820
4587
2714
4791
4236
924
554
3194
2467
1328
3977
86
957
831
2579
4271
135
2707
387
2423
762
4973
3680
443
2395
3762
3735
3469
908
1016
414
2432
1220
2439
3986
3138
1106
3265
4017
3748
3609
764
86
557
1963
2933
4100
2358
4669
2789
1381
2098
3600
2079
2967
2426
4035
565
1558
228
2732
4663
104
1397
3012
1970
2274
491
3537
1627
1595
1756
2471
1988
1033
787
4439
1785
4207
1379
4465
861
3522
3176
2581
213
4293
127
3202
1596
3175
2604
2692
555
888
1506
2706
3259
4926
1650
4026
4608
4229
1259
1631
2423
1295
228
3970
1364
2503
1490
3975
2416
1095
4725
847
1619
3668
2212
133
4657
1954
2240
4184
29
1314
4144
4040
3562
3565
1767
2817
1697
3138
4221
4379
4617
4309
4838
1316
158
467
3739
4986
4779
3565
4084
374
1613
3801
4787
1779
3838
2743
229
3810
889
3267
4584
534
4218
3690
1315
551
1864
1329
741
4997
1083
3275
2614
4091
3558
4249
4437
4713
2921
2716
4346
1532
4972
3051
58
591
3745
3632
2727
2685
4731
4731
4196
3605
2389
1886
3576
1730
2094
1865
4953
706
2399
1002
1004
4724
4830
2492
4987
582
4708
2399
4739
4392
4264
3245
2714
806
4845
3187
447
2923
4848
4473
1738
2124
2842
1418
4174
352
2663
1800
553
555
4497
1243
4681
299
295
2003
4292
380
2998
1047
4213
2684
3519
548
400
3641
1948
1174
2902
1509
734
1220
1698
1971
1980
1461
681
3612
4261
4738
2350
2666
4857
741
1151
726
807
1260
3498
2288
4700
2102
2408
2600
3965
3262
2207
3281
3816
942
1823
2556
1611
932
1962
484
1687
372
41
1809
444
191
2384
4530
1905
3597
649
1708
3529
4458
1534
3891
1631
1586
2466
2099
650
2565
3873
2484
554
2645
1793
4137
3574
3061
2029
1335
2603
4913
373
2076
4245
70
1446
1022
3076
1234
3117
2331
647
4925
177
4173
902
2970
2395
4976
1380
2117
848
655
205
3700
1217
4254
2912
399
4133
1312
76
442
1392
1654
3389
2653
4608
3721
3179
2215
1076
3142
1119
197
2752
4432
4083
2075
3678
148
1723
726
4973
95
3970
2681
4117
1102
1960
3580
1017
3716
4236
199
3214
2978
3042
4491
3391
1056
32
1384
2294
514
3421
313
1825
718
3999
313
810
1114
2471
4533
391
2485
3226
2939
688
3386
4436
2025
4973
4405
2927
826
2021
3176
3386
142
3939
4139
626
3434
3447
3801
381
1345
3668
1537
60
1422
4256
1311
2157
1545
3476
890
4797
1346
2923
1103
3569
4172
1335
3245
4647
2460
582
3517
4084
1209
58
305
3225
4738
2506
2097
1813
2680
2312
1600
4750
1257
4782
4434
558
3107
4129
3616
1233
4285
1607
1699
410
2203
4305
4924
3684
857
3477
2219
2050
4442
1382
363
4172
254
118
2856
3705
1545
1471
1067
2122
4701
1234
3082
524
188
208
3152
1366
4390
2403
2295
4588
3005
3270
2673
3788
4079
1272
2073
2762
1524
4401
3470
2511
3349
3001
1343
2873
4055
3474
4393
1937
4291
3062
1811
3738
1972
3758
3910
2987
1686
3001
3247
684
543
2742
286
1539
4350
3098
3777
831
4226
1538
3217
4004
2006
1447
965
40
3897
2158
536
2649
73
4915
2059
129
3111
4196
1407
2167
3748
3329
4561
1962
1681
1491
1975
3598
1844
3652
4181
3460
4406
19
3846
4397
1170
3518
2143
4182
1728
943
4709
4880
98
1548
2905
1067
599
2707
756
4936
2591
760
2371
3874
1796
2507
136
4458
102
2589
412
2757
2816
3513
980
4734
455
4956
3246
2449
3827
3414
4306
45
4333
1755
3740
1082
4386
1260
1548
3377
882
1146
2384
3929
188
756
2698
3766
2176
4800
3257
3941
4344
517
1237
4513
259
4967
966
4562
1856
4925
4329
1321
1654
885
4634
909
2299
695
3688
3572
2838
370
3545
1569
3067
1692
3754
249
4675
14
3004
1149
1451
4285
252
3242
2532
132
4603
722
217
2927
3505
189
4712
487
180
1458
723
4427
4216
621
719
870
3739
3927
652
2063
521
3931
168
1062
723
4177
67
2943
3461
3424
481
4620
3768
3303
1137
4722
4534
3318
4744
191
4595
2741
4562
368
249
1502
185
2818
1470
3480
2991
4121
1989
2317
364
1575
433
3661
962
3985
4559
2766
330
4733
2050
101
2160
169
3861
283
4783
495
876
195
2799
1417
218
1565
3038
2298
4428
24
3044
2279
4303
2651
2103
4206
3290
3298
983
4081
2715
3703
2829
3297
1910
2180
2742
1993
3399
3277
1490
4144
2146
2452
4837
4307
3804
2063
205
4875
3628
4741
3156
1635
4292
866
316
541
1688
3627
3164
1067
1438
2524
1121
3343
4597
4301
2391
1588
4105
1693
2494
2435
3596
4536
3310
3380
4738
2175
3388
2789
2986
1551
2032
1558
3410
3486
310
4745
337
1718
2376
2694
4261
3973
3440
4679
2719
2778
4487
1979
2878
4364
4920
2212
1945
2834
2809
1675
2620
4788
3755
1207
3692
2597
3911
3336
2944
767
2974
549
3689
209
458
15
3922
2618
4145
4611
4992
2964
4677
995
4321
1354
3361
1673
629
3345
3929
1919
662
390
2982
4256
2576
493
2338
1420
1466
2489
4538
140
3585
2789
2734
3787
4205
3428
4541
1273
3053
3587
2517
1361
1930
2448
2249
4727
1522
4732
1147
2627
570
344
2982
2437
3292
2450
2009
285
2663
1880
4239
97
3468
3025
2991
3154
4034
248
898
654
3919
461
3779
882
3153
2678
648
2610
3520
3745
1094
2330
2830
4817
2315
2331
1638
3456
3912
2081
189
1284
4765
1209
876
2032
3981
363
3977
2006
2548
824
1250
3699
4364
3792
2541
3308
1687
1892
71
4990
1243
332
1305
623
316
2105
3628
2532
1717
234
2283
375
122
3368
1291
4166
1477
1053
1368
4469
3582
3829
1577
2578
3248
114
4757
3053
1988
3626
3983
3226
4365
1607
3537
921
2504
1833
93
702
3043
3468
1059
3679
4862
531
2615
4107
3571
1544
2208
1695
1859
2088
328
1503
4692
494
2567
906
2294
2015
4443
3862
1555
1755
4863
3010
328
735
3720
3428
2719
4678
3834
799
1153
4888
4531
327
2006
2681
1172
3021
1089
845
1171
1530
1023
4569
2370
158
3932
635
4125
66
1676
2427
1327
2568
4486
1975
4954
2411
3225
4940
1533
1920
4014
3774
889
309
4855
935
1138
1956
3736
4715
2695
3761
1070
1748
3749
2519
1817
1234
1609
557
1568
3477
1139
3852
1215
2712
343
2419
733
3564
1871
2559
4993
1759
2765
1103
1513
2803
3354
2350
1054
2539
3524
3501
481
1793
4808
4639
4547
936
2223
2266
3824
4342
4938
1183
3052
442
2793
2185
1634
21
2536
3589
2274
2751
2832
375
3297
2697
1810
3330
1241
616
905
1864
1919
376
690
1208
2977
2388
3615
142
1524
1914
2212
4657
170
3984
1931
241
2533
1765
4036
4438
4066
2748
595
456
812
4070
3733
2488
4340
4325
2904
3095
2748
1919
271
164
121
3468
1443
2949
4297
4245
2628
571
4008
1626
916
1150
4496
545
2972
3216
1067
3488
385
2993
4968
2750
4297
3541
1034
174
3907
156
3499
1171
2434
3749
2861
3703
3435
2748
2563
2119
3604
4124
1732
4545
3164
2569
1594
3062
654
467
2438
1486
1909
4043
2585
4162
2011
3039
3949
3106
4694
4658
4453
3700
1185
1232
946
366
3868
3359
2517
4666
471
1360
477
3847
4895
3981
4441
3623
544
2340
1166
3235
3480
1981
1163
17
3326
4147
4871
3607
1275
2190
3578
2873
1000
349
1244
1116
4894
2967
468
2248
3880
440
4780
427
2606
3725
1924
1268
4593
3771
3295
1238
4235
4785
660
2125
2825
938
176
3034
4638
1508
2310
4424
4052
672
2571
707
2928
4032
1241
1379
2457
3022
1581
2220
1454
2556
1924
4675
630
4184
264
4458
4070
876
1159
316
2217
4837
4811
1165
4699
3044
2603
2168
2937
4631
89
2455
4831
3743
1313
4857
2626
2433
2205
45
2495
4909
2463
1708
4759
1396
1784
1262
1923
3470
147
697
682
1247
1150
2633
1981
1602
3475
3449
2542
4880
4692
1628
522
1428
4066
1402
3399
4876
1827
2777
2758
1044
4297
3121
3821
3624
2836
557
1958
4053
2662
3757
3286
542
3933
2836
1508
1311
751
2774
169
624
1472
3082
4177
4283
4165
3630
1889
1807
1900
2964
1833
2232
3855
22
2675
2963
871
2710
4565
4877
209
1142
2030
1085
3555
33
3503
1633
40
689
1691
850
4395
4559
4021
82
2640
1965
4753
402
921
1414
1347
1981
277
3998
2268
492
3763
4504
4669
4436
341
1704
507
1843
1146
3962
3567
4158
4685
1208
4488
864
2068
1859
3380
587
2268
1051
3538
3817
3586
1092
1495
2401
1037
2770
3244
4083
2348
1795
1155
3009
489
1968
4718
35
3130
119
1524
1773
4506
3977
2140
960
4193
1500
1510
1105
426
4536
3817
2500
2543
853
4518
4322
2493
3506
1067
2953
783
1740
2263
83
3165
2742
1704
1681
741
4227
2745
4114
1724
1227
429
2900
4930
1689
4953
2082
3208
3958
1231
3066
2141
2647
3155
4473
3131
4946
700
1073
1847
4360
3299
884
2931
1285
498
4583
4399
4491
2731
406
1255
1573
2977
1475
4234
3195
3511
1635
4368
3958
2035
3343
2361
4019
154
4942
3312
4478
950
1101
268
4179
3686
3334
4599
1585
3701
4302
2883
108
4424
4853
3380
4868
182
1141
1089
3502
442
394
4135
2258
4049
2068
4191
300
4594
3716
3937
162
1705
2243
1087
1414
2839
4699
3591
3019
3788
85
4309
1437
2887
4922
4811
717
3321
1747
2517
249
1519
851
2584
396
3026
4781
3962
3816
4318
3053
2194
2221
3471
3912
923
2193
3184
574
4824
2963
16
3410
1744
4328
4685
2
1132
3420
1311
3839
599
1850
2556
3363
2364
452
3949
1898
132
1216
276
21
4870
2876
481
589
4553
3394
4559
4475
2098
2204
3286
3618
733
3155
3597
977
3132
2988
916
4024
4691
3851
2538
4964
1568
581
4273
783
420
566
2488
4363
4978
3301
2324
3730
1185
4002
1993
768
2446
3553
529
1130
1608
1201
880
2446
4568
4373
2923
228
2359
4414
3983
1618
4122
3470
2210
4110
735
741
421
2493
4732
2470
658
3819
968
1709
4538
4000
4040
2275
4491
1664
2815
2446
1730
3550
2231
586
2993
1808
4987
4264
690
2774
1144
1532
87
949
2612
1063
249
2321
2848
2489
777
4859
3571
1635
2290
2453
709
3218
4565
1925
463
4932
3592
1215
88
4198
3686
3124
1204
4109
4737
1286
1354
2710
2025
2459
4706
232
3057
4952
1041
995
876
4670
4358
3465
3687
3055
323
4708
4542
366
4501
2467
2863
3349
2663
1228
2793
211
3860
2907
4415
584
293
2467
186
4902
2770
1864
478
1862
3383
632
3959
1066
1890
959
4710
1702
3506
1639
4431
4606
1619
1259
471
2748
4797
4075
73
4628
3818
3885
3572
4434
18
1962
3752
3783
2416
1581
3154
3985
973
4857
4042
3184
4864
1774
1428
1365
4576
63
3234
2104
4756
4253
1914
2788
636
2757
1829
721
4289
3064
179
58
1762
2191
4706
489
2777
1717
2821
3709
468
2925
3918
3510
1059
3055
728
4511
415
3602
98
3843
1476
114
4007
1512
3605
3362
2527
1517
1784
68
1940
3193
2193
303
4521
434
2907
4901
2823
2509
812
1653
1293
3889
3819
817
4332
1388
292
4869
657
2622
1177
3592
2959
268
2199
2911
3171
385
1011
4695
920
3201
2323
4911
430
4769
2835
2721
2255
1365
1487
2839
1553
1845
940
4741
165
981
2951
3271
3113
2209
306
1859
4850
189
2042
4747
829
3314
710
2774
2457
4294
2285
4240
645
745
1385
4080
4097
313
3474
4474
378
177
1713
320
3602
4851
4920
683
2675
305
3446
1629
1261
4177
495
4884
3627
4683
4895
2720
2221
3009
1871
822
3289
423
445
1302
1980
2779
4090
2870
4741
800
1958
4510
4546
1630
4687
3340
4468
2000
279
4388
4014
4934
2445
3907
1187
2759
852
3106
1534
2301
3241
3576
4957
3174
1026
946
3763
3717
4021
1926
2179
4661
3119
1375
4522
4466
866
3469
1519
1363
1836
3803
2439
3064
3640
2689
4678
2711
2295
671
2635
1160
107
124
1624
461
1759
2013
2288
926
3591
3831
2062
261
2427
2602
1128
683
4835
4569
4421
4684
3581
1851
1659
2075
1546
2542
1024
519
1913
4437
3913
4593
326
4242
4019
3531
4895
26
202
1554
4862
4921
2219
2418
1505
1041
4427
1898
589
2572
914
625
3809
2114
1222
3176
3731
3554
2606
2822
489
4589
3780
3213
2956
2348
3516
4549
4764
3071
1544
966
2388
1674
3666
900
3240
4566
209
1745
3247
2482
624
2013
322
4684
3085
3235
1342
581
2603
4571
2833
1827
3561
4781
3790
1228
2687
2828
1545
1632
4546
3729
1560
4427
2683
22
1075
2688
1532
3470
3311
2442
620
1453
1129
1257
1766
843
55
464
815
800
2593
2260
141
1574
1413
4548
1126
1122
1501
2166
20
1198
396
3368
3033
2230
3878
511
172
156
1490
2568
1717
3496
1081
3969
1194
4487
13
4179
627
454
2918
4749
4491
1819
2137
3203
956
1565
3905
90
4903
580
967
2341
4487
2554
3942
1753
18
4237
3927
1076
4262
1969
1494
3323
1288
4047
2037
2305
3006
2224
3814
2705
393
405
4188
477
4957
4683
3041
4503
623
2525
1081
3015
4010
2272
1908
2748
3420
2170
426
4857
1626
3766
1000
2047
2511
4966
3411
2547
3523
1169
2169
1992
3925
2470
2837
10
1963
3836
4652
2462
2925
4939
3106
426
1857
2255
1227
2679
2264
1692
4001
843
2864
4288
4314
556
154
3111
928
2988
3631
3956
3475
1856
4220
3063
1048
2573
813
1597
2189
3799
3557
3789
3860
20
3297
92
680
4241
3493
1233
3309
4816
1929
4389
2919
3809
1064
665
2692
4808
806
1070
4909
954
4416
94
2310
3525
1516
3152
3555
3169
3613
3058
2699
4102
98
2200
4346
13
2718
1764
348
2102
667
3756
3448
903
1638
2553
2307
3953
2127
4345
2903
3808
882
338
1535
536
720
2415
2943
1021
56
3844
3472
4206
2042
754
2664
1867
1375
3311
4909
2745
1343
4714
4205
3919
1836
1831
209
4845
146
148
1807
4558
2690
2904
2210
4019
2837
3314
2744
2600
1413
631
751
3910
4003
86
3960
3863
2278
2622
2675
1625
2151
4083
4102
3221
4093
86
778
3475
3807
2146
1018
2083
85
4750
1321
4018
2495
3589
4995
4687
1981
2813
3751
112
1052
2933
784
791
4452
4324
2036
2228
2807
294
1974
4268
1787
116
3335
506
3167
1862
2199
4785
4891
1230
4363
4259
573
946
1264
1155
3875
1167
1976
3808
2118
3790
1449
992
1967
919
1260
3300
4017
2963
3103
135
3318
4354
2530
4267
3804
2455
4312
410
669
10
1376
1843
490
4762
4592
4565
297
1386
2410
899
1283
1288
4100
1786
3790
199
602
4181
2307
4651
1838
2319
4537
3369
1698
3270
4598
32
4026
1232
2188
1535
1761
3448
4566
2495
444
3112
454
3234
478
800
1085
204
4830
1366
3531
4128
4120
3893
3929
3157
4155
485
1737
2180
4000
2032
4118
3700
1415
3820
4286
4665
2371
1161
1542
2474
3451
2289
3356
2416
1436
1654
2710
602
364
354
3957
1631
560
2831
4913
4941
2147
4141
2182
4673
160
530
3886
2728
4769
461
3672
2962
3409
4481
4395
1310
87
1960
2103
3069
4811
3850
1240
3126
1659
3121
4832
2896
852
381
3337
1649
656
4053
3141
4315
2157
2413
105
2508
4501
744
323
4424
1194
2067
1258
1281
4706
3504
4119
66
1013
839
2698
4346
3139
4815
1612
915
1799
4663
3740
2549
1071
3982
4792
2658
1156
2874
4211
4232
1491
4089
1029
2465
599
2524
1015
1850
584
4223
2822
4480
3102
3913
2743
3835
1193
2670
1638
1554
443
2380
4189
933
3814
4906
4861
1352
971
4551
4474
1266
2301
3735
4347
705
3103
1502
2759
3848
1572
4383
1165
676
4942
1699
2775
831
2375
1237
283
3468
4108
2653
3283
3780
2765
842
1669
2674
2767
2504
819
4897
2684
3174
4275
2514
4151
685
2309
3517
2084
4968
2706
2529
339
4112
4321
2617
3525
2891
4565
1955
4395
3749
3440
3375
2840
4328
2560
245
3957
1088
2398
184
3547
4148
4031
948
2246
295
1298
4103
4769
3836
4371
2192
2820
4150
2348
4476
3450
4742
4797
2049
4583
822
226
1650
3459
4492
2992
1932
3662
1504
751
3205
375
626
2083
4045
1023
4542
815
2601
2676
3803
479
2038
114
285
584
2804
3159
2084
4231
1379
4596
3789
4195
2192
526
3520
2254
4158
2800
1266
82
575
102
2599
234
1258
3914
110
4778
2406
4139
3046
3475
4290
4097
2377
2110
2099
3661
4699
4072
1861
3757
778
1135
623
1021
1217
892
2860
476
4382
1968
4539
2653
1419
2131
3602
4178
2847
3792
3437
1835
2886
4923
3509
2957
2004
4881
3007
2440
4500
2554
4138
1673
2140
4444
4336
4755
2862
530
2332
3341
3417
4152
4820
3716
3121
206
640
1230
355
224
4875
4016
1265
4717
3895
3822
4410
3581
3335
2470
399
4162
166
872
213
1831
2921
1354
3534
3733
1670
4901
1392
1695
1132
150
2131
2823
648
334
2197
3419
793
207
1641
2385
2419
2014
2055
3356
4662
1904
765
61
505
3247
4816
1804
3651
4280
3464
1620
805
1498
2154
1582
2304
3087
4264
3155
4637
3484
482
3112
830
1880
3954
3100
137
1586
2170
4529
4788
3634
581
1113
3343
4501
2145
4553
3382
4078
913
1594
4988
2490
2592
3990
956
3836
4451
1299
1587
2112
4608
2188
3045
4919
3781
2629
528
2227
2402
4537
2396
2653
3173
3266
4008
152
2558
2385
4090
2173
2153
4127
4956
1208
4650
4403
2020
415
2678
3712
3678
963
3819
2755
1018
914
4219
3291
3622
2942
3667
1204
2832
1091
4522
4569
4166
1494
674
1221
2386
373
761
3281
3713
1114
1552
1886
2584
997
2446
1656
1927
2100
1725
427
242
4323
3334
4954
4647
3069
3101
4425
2505
1090
2420
1083
3223
3118
3404
2021
1168
3362
3187
4622
2947
2412
2847
1130
4425
4605
2763
4445
2571
2098
4718
281
373
3472
2573
1626
1200
2228
622
159
3505
3982
4338
1346
437
4400
4389
743
2326
1462
4306
1773
3750
4512
4422
2420
4315
494
2366
3450
2280
83
3734
4136
3119
4461
1539
1395
271
4564
396
380
4155
815
4105
135
1391
934
4389
2240
4770
2808
3475
1287
1385
3825
1817
602
3220
4797
110
417
4040
3970
3079
836
1715
382
2502
4322
3050
3314
3781
1437
1860
948
3957
4702
1536
1839
1190
4332
261
3660
4813
4371
3050
3471
2046
2693
2106
444
1418
4591
4334
4143
3774
2354
4425
1645
11
2780
3014
1030
3832
2825
198
4196
774
4704
2577
883
2444
48
393
4514
2449
469
1251
80
1258
4625
3957
4290
1993
20
518
4594
2366
1708
1905
2817
1222
1079
3570
1551
1487
2685
599
2763
3849
272
2517
3936
3039
2970
2938
4867
3806
1986
252
229
2148
3386
882
647
1250
1042
2006
1680
2521
1933
1746
1774
73
3159
19
3119
3146
4080
4468
2785
602
3962
3014
1788
3841
798
665
4560
590
2737
1553
535
939
4529
3513
4192
1343
446
2345
902
3292
1975
4373
1816
1785
4344
2425
1024
3499
527
1557
2317
141
1767
392
141
1449
1678
4477
1568
1225
1137
3641
2274
1757
1477
4031
2442
1940
3983
2817
672
509
2233
2724
2144
1529
3522
3880
3711
2947
4382
4173
1437
4799
1672
100
2605
1970
4270
4074
473
236
2658
480
2892
4432
4666
3510
2798
2331
962
1672
907
3932
3995
116
1919
4324
2689
2285
1549
2285
927
1257
96
2230
1982
3112
3704
1898
356
1319
4208
3362
1651
2508
2206
4865
3796
4801
3055
4650
2268
1080
3567
441
1776
1055
3088
4277
547
1312
2438
301
4231
4858
2060
943
4420
862
4238
327
3104
2142
2148
1726
373
2772
18
812
1513
697
3652
1901
1937
891
1065
1349
3144
2748
4407
3916
2732
647
2353
493
734
249
199
4601
4703
3323
3050
294
2923
2856
4979
2874
3613
4422
1804
3765
4728
1050
1551
2559
1573
4412
3788
4367
1512
4198
2101
2881
1468
1026
4165
1506
3943
159
1123
3953
3441
578
2369
2537
1890
2019
1341
2495
411
2803
2338
2249
2735
1120
1994
3323
178
2422
2171
3073
1614
4067
3953
280
4144
1955
2532
282
513
2772
696
4566
774
4664
4268
1082
1109
3135
384
3091
3330
3855
641
3362
2834
2309
2632
4358
3342
4568
2184
4804
4971
3151
2492
4041
522
3793
4890
1267
2564
1658
4547
699
1604
3971
3753
3384
2555
3086
4569
4997
2966
2927
1843
3605
3048
2703
2211
2631
1435
2525
3660
46
136
3881
249
4783
4752
2034
4775
4447
4906
3760
2619
201
1777
3297
3409
1551
1868
982
4973
4944
552
1557
794
1114
3366
1733
1445
1542
4576
4156
2385
126
2104
2368
3312
3282
696
2159
2580
3309
2308
949
2245
1600
1043
2774
3003
1321
2246
689
3241
1447
4572
4759
2581
4604
358
1971
2715
2123
3381
4014
1705
2431
1840
1524
3634
583
4699
1071
3632
4131
2295
4541
195
1218
3081
1932
1746
4433
3887
1947
4018
3644
147
3710
323
3771
1512
4329
4045
4288
4445
650
3354
1283
1745
3121
658
3606
4236
1206
3629
4052
4263
1289
3446
3083
150
1615
2748
927
1864
1314
3737
3678
4593
2412
3074
285
1177
4006
2646
544
700
3194
4298
4392
4202
1275
4477
2246
1587
3722
3914
454
2454
2448
1481
366
421
821
145
2733
1183
2245
3571
3546
3147
1603
4312
2023
357
1513
4509
2191
1103
943
3379
999
1611
4847
2234
4338
1990
2548
1602
1224
16
4928
560
1401
3180
3899
1373
4279
603
2409
54
865
1012
3109
120
225
4377
2484
1911
1668
234
606
4242
587
309
2035
2371
4438
2214
3760
3365
2195
4162
2458
1098
4233
2693
2939
1126
4666
1861
2171
2783
2756
3721
464
1526
2955
2315
2502
288
2599
2492
3243
4519
3010
3981
4100
3937
1248
3644
4171
268
4442
2588
1222
1359
3598
2731
2830
2392
1216
546
3017
821
3898
1963
2203
133
3295
238
1328
2934
3277
2669
1398
2124
2971
3939
3154
1045
1842
1374
2554
1477
4356
121
1006
1878
2088
4619
3113
3860
2991
4309
1306
2670
4279
657
2735
1261
523
710
3833
2492
4535
4568
3721
2767
1414
3531
2787
4040
4696
441
2344
2004
1671
4166
320
4053
314
4997
1627
527
769
1022
1127
3365
4675
3003
4301
4797
3564
4224
2090
4187
1598
2734
4746
1145
128
1059
4508
2916
3683
1854
3919
4338
1038
2427
4348
4747
3534
3120
622
2800
201
2059
572
1463
1389
2372
535
1752
3551
4860
3229
1011
2193
4185
92
3560
4500
4215
1689
2508
185
4096
1899
2891
3431
1790
4290
636
1887
3420
1809
4528
436
3882
2349
267
4830
917
1367
57
3202
3996
4905
3029
936
1377
3376
834
94
2076
3128
741
2342
2986
4706
3773
2592
930
2364
791
1991
4951
2132
2275
417
3625
4892
1351
1371
2172
4328
2335
2509
2181
828
1457
1723
996
2627
3707
1071
1022
1709
1103
1824
4130
1121
3207
1594
1795
2132
3603
4207
3362
1668
3774
635
454
3433
1540
3433
4517
4667
825
2354
596
4473
4378
4788
4088
4167
3760
4163
2280
4801
309
244
2716
3553
4324
1519
3704
2553
781
4669
2003
3891
398
3199
2941
2088
217
2669
1736
1512
2901
1050
2554
3911
1182
225
44
70
2130
4951
704
800
4039
2398
3873
2568
2616
3145
3585
2170
1078
1356
741
211
4956
3252
4826
670
2714
1887
3801
2441
4911
1264
1066
436
859
226
4540
540
3093
4943
3011
2518
3064
3440
3679
322
999
2856
2264
1522
1449
4252
2907
4520
2663
1714
2243
1065
2707
3529
1178
4987
4234
3917
2619
4426
1712
890
1461
140
311
3244
1980
3463
3945
1134
2315
2062
889
4718
2382
1019
2320
656
3849
1370
2157
303
2226
3850
4584
4092
4449
2488
4068
2051
3244
106
51
3651
2624
1535
3973
215
3149
2992
3395
2604
643
3177
2317
1028
4914
4802
4091
348
850
3793
2152
1735
3292
3967
2961
2179
2542
3250
178
364
2635
807
2660
2414
2995
218
3422
1711
2735
3231
197
179
824
4387
3335
1936
4858
1001
2305
3650
4603
508
4999
768
2881
432
521
236
212
133
2791
3499
3248
3146
3210
776
282
2973
3129
3656
3188
4667
4003
1937
1619
4160
3709
344
1034
3697
1701
2035
575
4239
416
2605
4134
646
1259
1577
4587
1812
1192
2043
1418
3727
3534
4383
1517
2111
4980
289
4367
2246
3008
2158
1596
3203
2841
4874
3780
3615
2865
571
1532
2309
2545
2312
990
3513
470
3771
1277
775
1385
4317
3403
3534
4732
4265
1621
1859
608
4652
1779
2229
1579
4920
4737
4252
4395
4895
4512
1952
2871
2345
4677
4424
1260
703
2839
4863
3565
3448
3023
1901
2750
3969
1295
781
3095
3369
4273
4103
2477
773
4222
3055
2203
1267
1903
3228
2937
2511
2183
230
190
4535
2997
3660
578
377
4298
4527
2714
2013
4995
204
4241
2876
1781
1246
3970
877
2881
2137
1299
4475
4082
730
758
3002
3886
566
1708
859
1445
2417
3676
1297
4691
3454
774
4315
3280
4116
5
3980
222
4155
3425
3563
3623
4567
4621
2435
908
3541
3223
2959
4550
3848
4235
432
2462
4827
4461
711
4540
3802
1743
2272
1914
3470
398
3828
4138
126
3812
2542
1011
4870
4971
219
4076
2737
3101
2662
3829
4963
568
386
2861
248
3788
1291
616
1192
4647
2663
1549
679
1766
3212
460
4699
245
3909
2380
4634
2175
2672
4264
2820
2251
3334
2328
94
4272
4177
2569
2256
3738
1603
4135
1166
4170
2423
3716
1319
4910
4588
4233
1820
3989
1446
1609
4573
450
2151
3406
1115
2495
2978
517
2176
2095
4583
354
4547
1650
466
583
1211
3191
4014
3375
2474
2303
3574
1099
937
142
1400
492
3069
733
379
3348
4848
268
3200
4929
2192
536
3188
4720
3955
4691
2437
4974
3120
3205
778
2253
4704
4416
1005
1318
3027
761
297
172
4621
4496
187
3464
3712
3721
1546
2063
2166
4506
4493
3590
2818
3159
3259
2756
3738
2447
1152
1094
660
3489
725
3486
2752
3197
3469
530
330
4016
240
2345
470
298
689
2
3478
2926
4449
3550
2929
21
8
1736
1091
446
2835
4156
4593
1695
414
3430
4504
3008
2867
2585
2294
2042
2442
937
12
1131
2840
2772
1971
1100
3976
1126
488
2748
3633
4932
4461
969
1328
1437
4682
2522
3341
3515
446
3496
186
158
2259
2967
236
4853
615
3359
3692
3379
3481
4641
3516
4248
4288
1688
3084
376
1058
2957
725
307
3583
2394
4143
4904
2958
3881
2579
3917
4931
4393
4698
2984
951
2997
1910
2524
1947
558
4715
1212
2372
2825
3751
1336
1552
4498
1602
3696
3906
1451
1138
33
3284
843
2307
4693
1769
3010
4527
4749
3799
3205
166
415
2930
2303
2434
2022
145
349
4229
653
4651
504
2525
627
2213
4524
3232
1228
3244
4007
4689
3344
1033
3745
1022
3829
1659
851
2558
2051
14
1754
372
1839
3087
2553
1132
3098
4344
4129
2366
2168
2090
653
993
1219
4626
1123
1487
2133
401
3078
4045
2627
4453
2072
768
3597
2953
4535
3010
3937
4384
2817
1499
2466
2096
237
2849
4966
4344
3645
2632
3082
4117
327
3799
2726
3363
4762
4281
3357
4237
476
4755
3462
3475
1561
4201
475
1339
4159
4042
3631
1039
4809
1601
582
4027
4516
851
2830
3148
4774
2571
2757
3088
951
664
1575
3113
1468
262
1494
2834
170
4707
4640
980
4010
2940
4567
4516
1417
1366
4260
3289
1298
3256
3557
1196
542
3297
4145
3874
4119
2097
348
3803
4666
3505
2322
3748
3225
505
541
2324
3611
3387
3321
3607
2755
2004
156
3987
769
3164
1043
4639
1379
3251
3045
4954
3239
3321
1236
689
4294
4463
1264
2140
3167
2204
2374
4633
2945
2756
1340
1265
2356
2521
3631
83
922
509
2616
3000
1044
3555
3910
3462
4760
1122
2047
3856
2956
1037
428
3983
672
3905
703
3740
4177
2280
2835
4379
4381
1608
49
2191
886
1071
3987
3335
2359
1841
4248
2628
58
3961
127
3612
3868
2772
4799
2857
2421
135
185
2096
3469
89
1378
4962
114
145
3777
1962
2486
2080
385
3976
1144
1521
3164
1680
182
3313
4001
4691
1948
1519
4168
2922
2733
757
2833
868
1313
1702
10
630
2412
813
1644
3358
456
2628
560
2249
2049
3904
3909
1429
3542
4774
406
3574
1956
872
1644
811
1345
3077
1890
1310
3816
3053
871
2034
3028
4874
3585
4974
3726
4193
3472
893
2413
4370
3842
3591
2746
1953
4428
3390
3783
360
3570
561
4777
1560
2631
1850
3948
3670
2431
13
4360
2891
3215
4337
2042
1273
4954
4254
919
2067
2192
1138
4598
4707
950
4006
2384
4034
4996
1677
4521
3128
2401
3173
1370
2731
3846
1965
3092
3908
1002
2156
2190
1926
4029
2609
258
3682
3194
2250
3107
3399
456
1179
4459
3347
1243
1399
3713
2910
3457
2859
4084
1385
450
4059
3456
784
2611
686
4687
2840
2755
3401
743
2222
4167
4886
4040
2870
2337
4666
2603
952
3493
2261
3876
1052
660
4265
4784
3315
2497
660
1843
1519
3227
3480
3204
1380
2685
2953
4204
573
4629
1843
296
3452
1996
4149
4677
4310
4020
1217
2809
4294
125
3025
409
2777
1715
2852
398
12
2742
484
3792
4085
3514
2384
376
2127
588
4315
1585
4645
2284
607
3067
4880
2112
1762
3906
3980
548
242
1822
179
2205
4925
3046
4251
222
4165
951
2040
3041
59
4088
327
2727
4677
88
1006
3930
3144
1140
4915
3215
2001
938
2748
1003
89
1701
130
2105
1888
1873
3509
1918
4330
1484
3836
569
3882
100
3941
4355
2782
1584
1463
1844
3370
3075
2975
4840
3182
4166
4438
4062
4071
2271
1854
927
2868
3918
4921
114
382
1048
1501
726
3110
979
4338
4171
3932
4342
2758
1480
3010
3126
1856
435
2397
3175
514
1388
4856
2616
3413
1626
982
49
3172
3925
2404
3702
595
2898
4936
3307
4024
1370
4384
323
4738
902
468
470
686
1018
4845
2008
3432
2645
4562
545
3288
4823
2968
4149
1593
4898
912
3179
4868
673
4262
4689
1656
223
3763
2293
1846
691
4656
4598
3433
745
3203
550
3974
1337
4700
1465
1866
2813
3776
136
3522
3481
1166
3922
157
502
3544
3102
3103
731
2010
4868
4838
1062
3284
553
1735
4704
3853
4606
2034
173
3292
3701
1621
2941
4631
2179
1110
748
357
3742
4707
4526
2014
4433
495
132
1571
1986
4423
335
1917
4184
4820
4865
3187
1451
1866
4106
2209
1727
1696
2677
862
1031
1785
1847
1052
988
3717
1483
1048
4347
879
1184
2208
853
4635
595
3382
3549
1178
1615
926
4899
1967
2035
1418
1811
614
3575
596
2543
3977
2818
2605
1506
3360
1864
3388
3952
464
1743
2001
4750
3838
1383
4287
4252
581
1668
2256
1278
4436
501
3376
195
2241
4027
1928
3505
4257
1223
1199
4662
2112
4177
4723
3205
2392
2042
1628
360
1392
3064
695
4622
4845
4198
134
4974
4634
410
3805
3566
2853
2637
2714
3694
1909
1691
4568
1831
3795
1245
341
3779
1804
3446
3658
3021
1001
1783
3817
2596
2587
2905
4557
3761
3563
832
4530
2847
2214
3344
4675
2759
2316
2965
915
3616
516
4721
788
905
3758
4964
1892
726
4176
2914
1819
1140
4381
4354
962
2774
2490
3283
4641
3065
2481
3431
1939
150
3886
2276
2760
2754
70
2535
1504
4941
3866
3037
4298
764
1800
4154
2111
1642
2672
1893
109
2922
2150
895
3099
4751
999
573
1352
2948
2595
4721
4708
3088
4895
3374
2129
452
1686
2366
108
3429
1873
2638
4680
2103
2419
1818
3847
3105
1537
1040
1032
4811
8
4476
824
3056
2665
3374
4044
1841
951
4376
2359
4595
4016
1457
2680
50
2728
482
3485
4878
1341
4227
4641
4989
3762
2723
2745
4808
1002
1217
3594
1160
2903
4239
1894
3887
1926
1384
4272
1904
101
148
3680
3437
3978
2174
3058
1484
282
3926
236
1321
4660
3090
4537
943
3786
1072
367
4043
212
2371
2147
2218
1307
512
1967
1212
3543
1976
1667
4393
4709
533
300
1833
3086
140
4856
4888
2070
3094
348
3787
621
394
3461
1638
512
4956
4918
2209
4583
4860
4940
2319
1995
3741
3425
59
803
146
174
3067
1273
1529
292
4640
2132
1874
4782
1344
3333
4930
610
1716
4216
2782
7
935
334
2139
1550
684
1400
2063
224
415
3195
1693
500
4266
2889
4753
216
562
2766
3732
734
1131
1841
1761
1924
4627
1113
893
4076
1946
4317
3439
1758
3947
1023
2452
4343
517
3802
4087
1966
3142
4799
2335
893
4304
1370
1215
1851
3215
2200
1867
3283
1508
2654
3956
782
3651
1114
4607
571
3584
298
4561
1578
4061
1196
402
4239
2078
841
1192
3851
4125
4549
4385
1467
1789
300
4364
1438
1267
4169
335
750
669
2630
3924
3220
3465
3985
1250
1920
1914
1746
2453
2592
4814
2456
4034
1778
1222
1154
2232
558
4761
1747
2712
3609
2145
1438
4142
2743
1333
3784
4781
4526
1817
3769
4731
3880
4420
4994
4370
332
2350
4465
2782
4859
2114
2156
3991
224
3483
2633
3606
2885
1484
2809
3542
2969
1029
1072
938
949
1952
3053
2906
2107
1236
3777
2763
100
3444
2412
1888
2923
326
3456
1668
4484
2233
1683
820
2646
1462
3177
1527
4318
320
1336
2507
1546
3205
1325
1362
2233
4411
2590
1590
3810
2998
3575
4558
4152
1713
2995
4666
4416
4408
1354
3534
2441
2555
950
3854
1960
768
1695
371
2878
2584
2142
4133
3262
1549
3195
3969
3378
3100
3484
3806
1718
4931
130
3786
3202
4425
2900
1669
4444
4744
2928
2062
2599
4850
1521
4012
2281
4773
2694
2374
547
1723
3277
4942
2444
3179
650
1939
3966
688
1876
3350
3528
596
4626
689
3936
1922
2311
1183
849
2869
1869
4433
2042
210
1950
3102
40
174
95
3302
3634
3381
2914
1439
3256
4688
1304
3456
301
4262
1460
109
2885
3159
3819
4520
1522
4015
3017
2218
2261
4167
3907
2866
1055
995
482
809
2010
1347
4112
1747
3162
1111
4273
3437
1712
4653
4770
4496
3251
2678
1062
3782
934
4399
4552
3985
220
869
4742
4028
4754
4583
3320
2075
2726
260
3131
310
1344
4547
4998
3218
672
3534
3870
1100
1962
3882
3131
1056
2505
1475
3181
2333
4926
3364
1700
3595
4607
3865
4432
4630
2832
3700
4370
769
2917
1454
3308
3967
657
4807
2695
2520
1871
149
2441
4248
3858
2648
3408
4521
62
1955
664
4192
14
3224
3379
2948
3673
57
2472
2466
1159
876
2505
460
4147
822
860
4190
1653
4938
458
1705
2765
3209
3525
3146
1314
95
1932
402
2383
1751
24
3188
1452
656
2694
1636
948
1512
3295
2699
3273
56
3410
3243
4697
2964
3956
1857
3587
3719
1388
2352
1528
2522
1250
4224
1676
320
3332
2369
200
2011
1306
527
4580
3766
73
4123
3489
3229
1766
560
2867
1264
3801
1058
2690
321
3237
3672
4193
4411
3214
2595
1334
1164
4475
3069
114
3107
3863
1952
1530
684
2910
1573
4111
4734
2385
3494
2399
1674
2917
1883
447
3023
302
1407
203
4467
1519
340
3317
844
4540
734
3686
1078
4784
3429
990
3934
2555
2068
4166
4858
2079
2202
4510
1949
209
1349
3041
89
4944
1726
1541
2037
2239
1413
2794
1799
1361
1805
3602
408
3896
4237
254
518
3871
1634
234
4486
2365
3720
2160
2872
4700
133
244
3956
77
4916
2815
1845
4063
3349
3936
4379
1115
2805
2512
2264
1701
1869
3595
4651
503
1652
2025
748
114
513
3705
2867
4135
568
2421
4092
555
2737
822
2545
3620
487
2924
2260
2668
1369
1624
134
3517
180
1174
1414
2920
3250
2079
4209
669
4054
288
4712
4315
995
4875
1022
1923
171
2559
1135
3901
721
848
1355
2522
2573
884
2383
2770
2375
983
2236
775
4797
3750
1790
504
3070
4014
466
608
625
2721
3792
3021
4653
3450
2699
4914
1747
3277
2575
4728
126
2211
1049
1666
2770
2003
105
2456
2678
3805
4889
1671
1777
1003
3725
1408
4298
745
3051
2374
1569
323
4004
1965
1044
1562
2790
4655
429
1420
2750
2681
415
2994
912
1753
3269
14
3736
1643
2916
2858
402
3135
4341
3975
4456
2129
338
2693
2181
1675
4713
3517
66
4509
906
1498
3030
2967
3858
2926
3594
2494
201
2152
1795
3434
704
4842
773
465
34
2369
351
1173
1607
3244
3645
4161
689
2587
4084
81
4529
1635
4978
135
1816
3698
3372
814
4966
3415
3149
2669
3032
737
1112
4458
263
4354
2195
3511
1807
192
2598
738
1096
4196
2420
1195
3956
4945
4458
3190
2665
2954
3421
4875
963
3943
2942
3704
2268
1235
4258
3539
4950
2011
4844
313
2541
4911
3033
2962
3643
2459
317
2430
3925
995
535
3014
2877
573
1395
1488
3788
4890
4162
2855
901
3164
2778
3154
857
3038
4859
2844
2693
1589
2856
883
3863
2839
2995
1574
2633
3847
4138
1434
481
1692
2608
4009
3211
1617
4075
4775
3199
895
356
4028
3272
4080
206
112
2784
3531
449
2131
276
4506
168
4959
2498
3911
2629
1544
4800
2396
1211
800
3513
2526
4189
2604
2480
1889
836
2579
1353
566
3517
633
3020
3408
3989
1495
4057
566
3586
4261
2417
2555
4345
3361
2399
1022
4804
1385
3457
256
4869
1053
645
2160
2683
4764
3605
2677
4465
374
4923
3867
1442
2725
2958
1973
1744
2830
2483
898
2521
2634
34
2797
4785
4587
1216
2749
1853
1424
2415
166
4381
1750
2176
87
1599
167
27
975
2909
3786
1779
2716
248
4401
2435
738
2724
2637
2417
4016
1985
3617
4874
4682
641
716
1677
4437
478
488
1199
4520
3180
3563
2250
1560
2697
3230
548
1408
3730
111
950
3595
169
1269
2312
1733
1782
2868
4150
3285
1627
3093
1230
2830
3683
3765
1269
3390
1253
1536
1541
4924
1956
2029
4746
3839
4395
4960
2890
2269
3224
29
658
1088
2354
917
2898
3954
4281
888
4917
412
1710
4742
1500
696
836
3060
449
2202
3130
3642
2504
2045
1633
2029
1802
1697
798
1873
2492
2294
3669
109
3261
647
4847
1093
4258
4987
2321
810
2566
4464
637
540
2688
4021
2237
891
2517
4502
501
4563
1197
619
2074
4464
2710
550
1187
4737
83
3871
37
1959
1822
2189
4085
288
3776
3735
282
1215
3710
180
2134
3172
780
1750
4614
1044
4540
4870
4623
4570
3821
2765
3928
1181
1658
3273
166
4107
4677
602
3195
4499
989
969
653
2588
185
2392
1709
1759
3107
1602
1711
4885
1873
1974
2691
4578
1019
4144
4681
3166
4815
1740
4909
2828
4231
378
2154
1738
4615
4867
2468
1963
29
3142
626
3497
2689
965
4494
3679
2255
3985
3878
2002
332
4870
1965
233
4293
178
2518
3667
4754
1438
3385
3032
4339
288
3076
2385
2102
4801
3289
486
1261
2292
937
3000
3968
2911
401
4732
4693
925
484
768
3303
417
2085
1474
3258
3022
4865
1781
4375
3464
1127
4008
1013
4099
2012
475
3148
4322
1851
2190
274
141
3925
3369
618
3646
1839
4922
2956
589
3757
4778
4291
3023
4431
1704
1116
3259
2852
476
4914
1624
3846
4170
2494
3658
3686
1924
3063
3387
730
1086
4100
2984
754
3189
330
4960
3421
715
1237
3077
4700
1013
2482
4549
99
4141
104
1610
3798
649
646
4680
3894
3136
21
2205
1605
3286
1274
2061
4078
2503
1646
1518
3901
858
4653
4994
610
3473
1879
3482
4845
1682
2464
4493
1887
3084
2656
1532
2824
4519
2004
4262
699
4342
2829
3717
4101
2796
3288
2158
508
1050
790
3299
4171
206
3873
4317
3741
3207
383
3819
2498
871
4524
647
3166
3741
1674
3317
204
3522
3013
1612
3034
318
1699
4251
2312
4925
467
798
802
1721
3049
2116
1257
1244
1819
4883
3720
1071
3990
3523
2839
796
3846
1831
4267
2302
3248
3534
4015
785
2817
2396
4404
2970
10
2504
1523
3600
756
4116
4674
1779
2841
2815
3926
1987
1238
3381
1369
586
1917
296
2662
1670
4270
1383
174
2564
3366
3425
1730
2762
3795
1537
959
1205
2848
1045
4372
576
727
1357
132
1245
235
1659
837
2149
2879
709
4803
2442
4057
2311
2065
2024
3026
1288
2945
4173
72
4068
159
2346
1464
4864
3321
220
751
4546
2740
3243
3425
2665
2147
3411
2399
3574
2663
1855
1212
2345
1147
3518
2559
3728
3142
4003
4599
48
198
2276
4332
3583
2132
524
3478
3633
4244
54
2163
2519
532
3953
3323
4967
981
4459
516
4462
4903
3531
2146
3469
251
2614
3384
3945
3583
3187
876
4455
1140
3306
3092
2857
1943
3767
1539
690
2904
1859
3949
4537
402
1308
1921
1454
4485
420
2267
4915
3143
3848
2615
1626
2127
161
2147
2428
3836
2410
790
3213
3613
2088
2256
3455
3849
1209
1177
2198
4253
449
671
3579
3548
1017
3115
4226
4600
4798
2030
3956
2917
4081
4422
483
2225
4436
1581
475
3135
385
2545
1896
4181
408
1271
1211
4941
4628
4181
4363
4011
3600
2120
4446
3169
4801
4902
4462
1461
768
2515
4272
4870
3264
2994
1161
3711
1153
1036
2484
3660
3881
2645
1668
3789
2884
4761
1607
2660
4998
4538
1388
4959
2362
3088
3601
4419
983
829
3532
3058
1296
4355
765
1602
2599
4598
4668
4196
2711
1089
697
2957
4949
3015
1112
1067
215
123
4965
2702
2666
261
4290
330
1558
2341
4212
505
4005
4415
1298
3518
1225
3315
2243
2891
2243
1183
1656
3877
3629
667
2277
2377
721
3413
1610
2745
776
3374
2291
4430
2027
2077
2564
3150
1931
475
3027
4476
546
1140
4781
3898
889
1408
627
4510
1930
4511
3776
4597
3583
368
2270
3137
2954
929
4592
2629
3621
1007
383
4995
1549
1540
4464
2331
4418
2406
4643
3957
942
4836
2693
4104
644
4623
3341
3247
4061
1501
180
3771
2426
428
3625
4165
2471
4885
110
1249
3803
2119
308
4117
3914
1436
1130
3504
9
931
4462
288
4003
3265
1621
1840
2734
1429
871
3968
4384
873
2349
3390
4282
3937
2890
20
645
466
4439
2824
4049
1616
3901
1214
3809
2820
191
3093
3283
1113
817
2384
1646
2863
2490
4876
4460
165
4640
1100
4587
711
4863
4465
2476
1325
4634
1200
4354
749
2344
191
488
3711
2377
2615
3826
193
1945
2731
4497
2907
773
3327
2233
3294
1395
1380
175
2140
480
220
4435
4264
1870
427
1437
447
2604
1150
99
2818
4288
2023
2280
2245
2508
3472
401
1025
2340
4876
3427
4308
413
3907
3906
4165
3447
154
3211
2159
4926
4084
4550
4026
2907
3777
317
265
4822
3118
22
781
2442
1119
1822
700
893
2856
2780
2201
3343
2138
2099
1421
1539
3286
2543
754
3640
3493
1283
3694
1637
377
2882
3218
1721
2756
4385
1644
2381
4541
4149
2232
750
4912
2517
1746
782
2017
1973
842
422
3882
3813
453
3152
4266
871
3748
330
2290
2624
5000
2945
1952
2516
3416
2022
3440
2806
1780
1779
1867
4220
4800
3020
572
4440
2837
1284
2032
1985
4658
1281
3131
2778
235
3657
3057
3279
4936
4736
1397
2914
3577
4847
2118
3573
63
3648
2700
3920
4462
1807
2425
4226
173
3506
4609
3811
2142
3376
2603
2614
3984
4893
824
3600
3822
3488
2221
3041
3921
2332
2632
2609
434
2884
4185
960
660
311
3921
1803
792
3468
2368
2501
931
1044
4835
2800
1911
4972
1902
4513
2569
1602
851
4608
86
3618
3582
898
3634
4592
4254
3007
4251
4929
3580
1527
2160
1683
649
4160
776
1047
1357
3398
3410
2329
4678
3397
2274
3499
1499
4348
2160
501
1753
3709
4746
1414
1290
2078
2942
1664
3955
923
1049
2952
475
3483
4316
4378
3439
1328
2289
4170
4163
2628
1932
1453
3634
4807
354
3239
4050
4803
1083
4630
1539
302
811
2799
3623
4593
3873
406
3136
1165
4088
3837
944
4008
2280
1030
4692
1637
2500
2244
2179
2521
194
4712
1653
4500
656
3233
3001
2284
193
3905
4125
1989
98
884
500
4968
3480
1226
250
4475
3003
4569
2595
3356
3319
947
1088
1037
2
4724
3722
4539
590
1042
3989
1726
1526
553
3778
4045
283
3164
1742
920
4754
2412
2803
2150
1477
393
2779
1172
573
3286
3637
4107
4651
4700
1265
3294
1122
4235
4540
4612
1240
1328
1680
4573
4722
4712
2408
623
4353
4254
3128
3157
4080
1344
2292
1938
1968
1722
242
325
3328
1981
4017
1574
365
4701
1258
683
2458
3617
2720
1811
786
3421
4179
1700
4661
3912
3285
338
2324
2051
2855
4100
4260
3490
2852
150
1329
1768
3735
167
2708
677
1287
2169
1803
1527
2483
4189
2846
3655
3487
65
3248
235
1655
3065
570
4088
3321
3763
457
3533
4734
2526
280
927
921
3907
1250
4020
2667
1815
194
4989
466
901
1015
45
3278
2227
1374
2616
452
4620
1624
1589
1213
4874
2454
2577
3273
1668
1494
4921
4682
4016
711
2321
3941
3954
2704
3928
4910
3827
2812
2666
2372
4201
3277
3180
3590
3033
2806
1234
802
2818
3628
2859
1733
2682
639
3032
2773
1122
3613
3283
1749
4541
129
4085
604
4550
4662
398
2210
2722
642
2930
2007
3707
587
876
3274
4565
2068
1410
2714
4592
867
4045
1687
3956
3255
3595
3626
3596
4394
4897
1829
4681
4367
3898
3288
2632
2058
4688
140
2382
4014
4131
4697
3249
2259
1508
2635
4175
3143
101
4300
4535
2285
1547
3897
3903
955
518
3704
3743
4723
4396
4116
3045
4157
4782
4486
4058
820
2114
3419
1366
653
3073
4030
94
1009
3160
2710
275
381
4791
4689
2467
2147
3881
4365
4323
4869
2790
522
3911
2550
4463
3379
2874
4421
4723
3399
4468
118
4532
229
3091
465
3467
3129
930
454
4855
2838
1120
2369
2460
465
2390
1939
2267
2818
1061
3753
770
1973
3676
2963
820
2756
4878
4371
1441
1662
2487
3183
814
3979
2573
4864
3672
4292
2956
4587
4535
2378
4900
1033
4576
1921
219
3592
4809
4496
1280
2818
942
3508
1112
2769
4393
1935
588
2315
1071
3247
533
441
787
1740
4436
2377
3708
3055
2377
2534
2510
4877
4441
1178
2253
4172
3875
3931
4506
2016
2709
2397
3926
1947
2922
819
1303
4755
4987
933
1373
176
4060
3764
3980
2282
441
4128
3763
890
2985
3041
2826
2615
248
1555
4318
209
2097
129
2984
1503
4035
766
1158
3058
2789
4893
913
1665
4003
2791
300
1284
849
2776
2021
143
85
4052
1382
733
4092
4489
1331
1873
4167
2008
3659
2555
2488
818
155
197
4316
519
3620
3089
2526
2649
4440
2693
4914
4354
1871
2391
3251
4106
3627
4440
3111
3081
409
784
421
187
2965
1649
2340
3868
270
3494
735
4961
1368
2423
72
2661
4235
2990
1750
3365
1381
3184
68
1336
24
2814
3698
2695
4187
3149
2331
525
4859
4875
3993
4762
2177
4478
3325
4652
1332
358
631
4334
1879
1523
1843
4249
1043
2280
4015
2849
4751
3660
1318
3234
2429
634
950
159
4939
2067
4898
2168
2759
3750
4765
836
1928
1738
292
4214
4725
4465
3746
4820
1408
2061
112
622
314
1985
3662
2324
1603
4605
2044
1401
3092
4885
4487
3581
2978
4413
1657
2877
2604
482
4107
4762
1445
2911
1526
2189
2240
4388
3743
3181
918
1159
228
3068
559
2673
1861
3807
54
1029
1756
2343
3398
646
4879
2946
2099
1962
637
2557
2252
3063
3454
304
1368
1242
943
1517
4825
4387
1081
1153
1711
941
3944
952
381
1472
4586
5
252
3818
2215
1485
734
761
1402
2248
2449
2998
364
4082
2919
4218
3569
4841
1832
4753
3703
1691
2886
41
2906
4639
460
1706
3079
3015
2005
3271
1465
4299
119
2368
1864
3272
258
274
3827
3084
3198
128
3104
202
4583
987
659
4814
3805
3089
3031
1878
1874
901
4790
2390
4543
2767
170
487
2770
1794
3181
4604
1157
2818
273
4495
3206
2692
2581
1563
4501
496
387
855
1324
3586
1826
1546
720
4699
2049
1335
2810
3786
4017
139
4470
3638
2754
4728
4883
4112
3782
4362
3453
4450
2346
2225
3836
3441
3531
2360
2764
252
1362
2346
1165
2118
3824
3244
393
2107
3930
1845
3249
1906
3025
3660
3374
1163
618
2093
4111
65
1932
4641
1103
1355
2877
1335
3951
1788
772
1410
3302
1550
4137
3855
4883
2943
2488
3572
4752
2617
1073
2642
4499
163
1739
4848
2617
2840
1352
471
639
3949
4479
113
4386
4255
3665
3462
1671
1583
4694
4665
1942
1719
154
494
730
2741
697
968
3652
4043
78
2254
1562
1372
4652
3294
390
3669
3844
3377
246
3717
332
361
2529
3896
3309
3579
589
1437
624
4459
2419
2781
406
3237
1626
2268
1081
270
4267
3445
2361
1006
3594
1794
3679
4257
725
3232
4978
4718
1222
1001
191
4956
3686
2027
860
2708
4334
305
54
4350
4001
2814
4015
1375
2882
3749
2011
113
2330
1676
1218
259
311
695
1577
2251
2385
3584
1782
1970
2515
3395
605
3837
3047
4308
1195
4896
624
4414
870
1389
3261
4420
4931
157
686
1432
48
1414
4133
3061
183
2079
681
3949
1735
1622
2453
2915
1170
511
959
3399
4594
1507
1077
2484
3631
2125
2897
3436
840
791
4289
2821
612
2832
1062
3182
1821
1758
1013
1036
3382
1807
3317
895
2917
4815
3545
1715
235
4485
260
1006
4177
396
2948
1084
4152
829
2482
2292
1681
2152
2710
270
3278
1708
4399
1384
766
2839
815
3616
4475
3304
4192
766
1674
2998
550
4048
4776
1372
3654
3237
3395
2712
1040
606
2787
4519
4668
3532
3404
4179
3183
3301
3677
1752
3159
910
1250
522
417
2214
4698
3323
2721
4939
4960
893
3995
2571
4069
3217
2386
1991
3875
4504
2747
3953
801
1245
4894
3832
1845
534
272
4818
3706
3179
1919
4400
2203
2395
1972
3177
4856
4277
2627
1933
4840
3377
2849
1461
2570
1706
1692
4993
4314
2582
2589
1394
811
1310
2256
3779
68
3937
3247
2768
2413
2364
518
3761
196
3953
3949
606
2989
2720
244
1598
4076
4436
4226
38
4712
1636
2261
4539
4718
4252
4889
3819
3489
2683
4433
3060
867
1042
5000
3356
1066
4663
1582
1917
2724
4946
442
348
1955
2546
2166
2010
1573
1582
2959
1760
3641
3364
3048
530
2279
2150
1950
2584
1536
1202
4224
3742
3072
2658
4712
4662
1114
459
1205
732
4964
2493
63
2024
1791
1247
4721
3093
1392
4381
1474
4692
601
2112
914
1920
1948
4737
576
2344
4002
1412
2883
839
263
2483
2458
171
2232
1400
4455
1059
145
3562
2430
1435
2347
3911
3112
3921
4504
1034
2469
3357
3631
1587
1737
3156
53
4343
4525
1730
4377
2961
3150
1675
2626
4709
2348
682
3066
4147
3328
3075
2783
229
1942
1243
967
3587
1490
4844
264
2213
3522
1923
4365
993
4519
1709
4457
2524
2923
680
2218
3648
48
1975
2749
4033
4588
4787
3471
4335
476
2404
3482
735
4461
3932
3858
241
4980
1930
2157
4122
4546
149
1304
1125
3415
3525
1937
3827
2061
3684
3198
2940
885
2420
4614
3572
896
4077
916
4588
376
582
3819
4927
735
2211
3956
1903
4979
30
314
3771
3469
882
424
570
3824
1390
4396
4592
2403
2740
465
161
3744
810
1581
1725
3007
613
3824
51
2339
3400
1665
4250
521
145
838
159
1547
3117
3352
1863
1483
2240
107
4287
932
1915
2735
1429
3530
2461
1788
2923
3570
39
3344
364
1686
3682
3470
1782
289
973
1691
3752
3816
409
3692
4979
3603
1175
3145
1623
822
4037
239
251
1493
3114
4980
105
4222
1429
1224
3615
1967
551
1123
1693
1648
2363
4877
4047
1962
1424
2121
3712
2998
3346
4710
3478
3409
2581
1435
2313
4305
3416
1881
2194
2441
914
1710
444
4443
4875
4742
3015
2642
3330
2709
3167
3082
545
4757
431
733
3400
478
3669
2305
84
4474
2848
4340
1053
2344
613
3796
181
1323
3610
2714
4740
695
4586
4323
244
1202
572
2902
1026
3179
856
335
4036
1647
3626
2808
4245
1071
2885
2456
2864
1106
3806
1240
2173
4398
3076
600
539
4128
4019
598
4976
4407
1313
3775
991
1560
4086
4590
2111
1329
2695
2826
1741
3915
3192
2373
46
4352
1604
2005
2476
2707
4827
4391
3963
440
1686
1801
3119
1686
3318
185
3123
4772
2335
1451
1365
4559
3750
3051
3356
1058
4740
1979
3784
3799
4132
2398
3950
3916
855
4278
3892
2
3960
3287
4645
3220
2106
199
574
1611
3649
946
4236
2871
4402
1765
2812
972
18
2285
1127
2390
4848
4145
3094
2481
3593
1920
1430
907
4183
3270
3136
3866
2081
778
1982
4271
2812
921
3768
4209
1583
310
475
2144
2512
205
3339
966
1403
288
4543
4144
4042
2181
3431
1176
4771
1136
1776
4994
3694
3614
3859
4261
3301
4805
710
831
2273
87
4193
1068
1969
3688
1045
1397
1196
4029
3357
1886
706
131
1496
1442
4874
4753
2462
1773
265
2565
2923
1922
2226
1327
973
2695
1708
1938
4973
979
3434
3719
1020
1202
1551
4337
1382
1548
3738
2240
4681
2141
3272
2620
1241
44
1093
649
4982
1754
4873
2131
4979
4130
3742
2314
314
498
4149
4552
2188
581
2669
183
3401
761
3441
1899
1541
4876
3508
414
3353
4406
2101
4472
4086
1111
848
4930
186
3016
1819
2897
1480
522
3103
1494
4759
1116
3227
4917
1854
3111
2121
3408
773
11
120
4604
941
1088
1813
2228
1978
291
4131
1530
4983
3312
181
3981
2374
3627
1615
1845
3903
4151
956
1167
1114
1649
2539
2198
1287
4769
2662
4304
1469
2789
4447
4390
4072
2856
1668
2906
938
779
1748
3549
4805
3976
97
510
536
3937
83
4853
1530
1163
629
353
1951
690
1798
4720
1541
3112
1099
4876
504
1562
1129
281
422
1377
2643
2586
3536
536
3185
688
4403
2099
4774
1426
4995
2801
3153
1069
1012
3022
1756
2083
4520
3722
3071
1309
3023
2147
548
119
962
982
482
2718
2528
1996
3833
3488
2698
2987
3557
753
1374
4632
417
3943
362
1350
761
577
491
2513
1050
4552
191
71
218
3793
4475
1841
488
2850
1153
985
4971
2091
816
2307
3872
4677
734
1057
4173
4987
2124
4922
3927
3560
1528
3954
1243
1570
2369
726
95
3414
4896
2964
184
843
510
754
546
2014
2312
4306
3080
404
4451
4916
5
2736
656
4633
1874
2904
3802
1732
128
327
4743
1404
3179
718
4181
1091
463
1067
1180
467
2227
4966
4114
1958
2010
1957
205
4410
753
4219
1616
1262
1089
4438
4176
642
1048
497
57
2849
728
207
3896
4348
853
4116
2068
836
4312
3672
4051
592
317
1272
447
1983
4311
1698
876
1689
1735
1810
2838
2210
2448
2372
4667
4559
1589
946
2113
1243
1411
841
3869
1449
3505
397
1035
3606
3625
4080
1144
744
4040
2009
4167
1191
3533
2094
2711
3205
2414
2612
4201
3255
1916
521
99
1840
1834
2776
3012
4902
3012
4344
4939
3931
1624
78
1831
2587
4039
4779
698
2693
4465
1370
1985
624
97
403
608
203
1953
3120
794
3064
4487
2130
3869
312
810
2775
4699
438
1128
3007
1127
1995
3474
1627
2099
3469
3197
41
1449
2418
100
1972
280
1131
3455
3076
2548
85
3592
1267
992
723
1323
3432
2544
3065
1056
1914
2540
1721
3344
1928
1730
257
3118
4629
3691
532
4512
3782
4022
2955
4695
1013
4394
759
1458
2001
4451
796
2124
4703
665
3940
4016
3719
132
393
3110
7
1447
4106
2745
103
3378
211
4760
4739
2729
4335
1534
381
4173
145
2017
4122
165
3603
4229
4213
741
3265
912
3484
2689
3926
2744
3963
1518
473
1207
4885
4171
1114
3285
3566
376
1996
717
2803
194
2450
1734
4672
3569
2683
2888
2623
1293
1092
2612
3433
1772
2171
224
4825
4804
4191
4881
1365
3044
3630
4716
2475
4286
1387
2873
1574
1214
1114
3892
4981
3553
2191
759
3342
1602
353
3498
4523
3392
3044
4590
2237
497
838
3142
3481
1377
1359
2991
1525
3787
845
4291
3171
4609
4364
4861
293
689
1568
2915
1334
1061
568
692
1666
692
162
2718
4673
4747
3260
4230
2379
3075
3671
2504
910
159
1493
4941
4418
1721
4982
3256
4398
4326
2435
3827
2100
737
3770
709
2562
2535
3474
4503
4388
1311
3407
1353
707
4623
4218
2454
4279
385
1497
2499
3847
3569
902
1918
4438
3631
1521
1255
2523
216
3012
3817
3366
4813
4691
3946
528
1006
3243
1369
2293
1931
1883
1307
2239
540
2635
4505
3527
4969
268
512
4660
4861
2653
767
4065
3266
4816
4702
1877
1139
4268
1646
2693
43
2269
222
2544
1452
4255
4027
1516
420
4649
2390
3849
4520
2357
640
2042
2806
3567
3109
1476
3800
3976
4002
4581
2969
483
1641
3460
2061
1452
3103
4875
3280
2449
4227
4281
4735
3958
3978
3984
3886
3416
4376
4619
241
1855
4049
3538
2295
9
1900
4416
4359
4882
1858
105
2405
1296
4877
4135
735
2856
1075
2934
1194
2163
753
3408
4248
1722
4154
672
1429
1864
2970
3197
3531
3152
3192
1240
3582
34
3027
288
1595
4909
658
1542
822
1735
4113
3285
4705
1815
3531
658
4388
4190
1153
2025
2822
1408
4492
541
2583
4052
68
2355
2986
996
1773
3838
3477
2466
3699
2560
1404
4146
648
2517
3303
3775
2160
3660
581
2304
1722
2246
3197
2819
1785
4194
1991
3336
3500
3112
2239
2271
4924
2342
1806
1739
4146
3298
1613
4102
1278
4406
4552
2502
551
138
28
925
1018
2119
4916
2439
3708
3774
4065
4883
3179
2118
2551
1538
474
3326
297
1538
847
2801
480
2529
4217
780
2062
1812
190
4862
457
1900
4292
1718
525
3645
3291
3796
1501
452
3169
2112
4752
3804
1582
4543
2599
3343
3332
3666
4451
197
1176
3257
2861
4208
4601
530
3381
2587
4524
4342
3273
3267
3646
2154
1258
163
470
1267
2517
168
4139
1691
904
3234
1653
4121
4098
27
1846
3197
154
2374
3559
471
4753
3844
1382
1745
59
1237
884
4652
477
4714
920
4149
4503
4387
3530
1486
4820
192
828
137
3490
3583
3281
4347
3180
1160
3393
2824
4813
1223
4710
832
184
923
4018
3127
835
3378
3491
90
2286
3277
309
2679
2138
903
3799
3908
405
63
4437
110
3534
3270
2456
3946
2552
4205
687
3037
752
290
3444
955
2081
668
2941
4014
3419
3923
916
3174
4099
4657
1662
1640
589
2602
2591
4131
3480
4626
556
262
3978
3789
119
1263
1288
3582
2956
2523
1604
2487
4676
4017
1730
2456
2539
3914
3350
4486
3401
4396
717
2519
3653
4625
2731
3580
1293
1326
3607
4507
4996
2365
4366
3314
1066
1240
4398
79
260
1608
4858
4088
1969
4617
923
744
611
2680
4633
4272
3659
2319
4592
582
2793
1486
3832
1416
753
2942
4855
1604
3422
3006
2373
819
4075
720
1895
2684
4294
1698
3109
3586
3260
4241
4870
3576
102
4836
4982
2210
1929
1161
393
4783
1122
2880
1445
2698
4515
4224
4422
314
3399
1738
1370
1321
906
994
3631
2302
1203
1558
3801
2938
1047
2856
1201
1673
3766
1105
3482
725
695
2846
1175
1216
4179
2907
3061
3690
923
2919
197
723
936
4599
995
3888
3681
1112
2038
3698
1414
1125
3395
1871
3028
494
3693
4575
2698
4606
4600
2259
7
863
2397
145
4321
4446
4134
1758
1670
2147
2098
1913
4072
3590
2185
339
876
3371
2202
3174
2730
1197
1089
4445
3390
637
4246
1237
4488
2668
2117
3391
1080
4114
2592
2810
1179
3361
459
3041
1641
2308
1344
639
2428
4384
2252
4696
350
1381
1133
3956
4286
3479
2256
2509
2597
3681
4067
1209
3026
632
1299
162
2252
4893
3215
1162
2130
4424
3819
853
3057
1021
1978
1337
4980
2809
1447
1782
4628
4349
2937
1393
1342
4792
1908
568
1185
3795
1897
2777
3145
1475
722
1149
2475
4986
4689
26
1134
467
926
2934
4064
4655
4336
1606
2597
4274
4089
255
3662
1166
2501
2500
4355
2786
4870
2578
3041
246
2506
1754
2707
3127
407
1010
4426
358
2386
4794
2923
4332
2722
1184
1062
4031
157
1387
762
3154
3521
3285
1894
1922
20
4573
1737
835
1436
2882
3024
1053
1666
3911
4302
372
2216
2856
1086
4550
3096
1050
3887
4224
3198
3439
3481
921
3653
3098
1832
3504
2364
3959
3201
2372
473
4631
4338
4448
3112
465
2158
2646
3883
4672
3467
2863
4404
2273
1736
3473
3590
1424
148
3081
1245
3238
2108
1350
4663
1018
2116
4066
2139
866
32
533
1304
4743
3851
3290
653
1830
3725
4546
1261
615
2920
2574
4061
3770
4304
2591
1693
4514
1035
3536
496
4443
3824
151
1889
538
1825
3664
4077
204
27
4921
4512
3321
4051
4172
4787
4718
2339
3687
1188
3425
4820
3334
3548
4286
2026
3736
394
3242
4956
3883
2036
4821
1410
3540
717
1157
137
4551
1799
1432
4252
109
1116
3015
3592
1616
2089
2556
1413
478
2842
100
4429
891
2069
521
1676
2989
2067
4070
4897
2748
1296
423
2911
2187
3240
3941
2005
3591
2720
3703
3126
1430
415
1130
2451
2625
891
4456
3166
492
2362
2135
4228
240
3974
2548
1490
3917
4773
4579
3727
3489
4797
1871
4837
3647
4485
4727
283
307
3275
4910
666
4592
4584
1460
4061
1182
4261
2672
3530
1487
4144
615
2745
1800
4804
430
3608
332
4620
4945
1124
4470
4558
209
3656
2654
4586
4211
2906
474
1399
123
4070
4904
2347
2557
2049
1479
3468
4772
1818
1720
2487
2445
1289
1303
2913
4918
4577
3336
650
1617
3529
1829
3194
3085
425
946
3268
2163
4184
4482
1696
3173
1781
4330
2979
1679
816
226
3396
1482
2567
3914
3835
785
1679
2878
3093
1866
3675
2232
4766
4516
846
2311
922
232
269
2218
2268
1677
4081
2735
858
2224
4033
3892
3173
3304
4856
1419
666
1749
834
1649
904
4304
3873
2592
1424
3501
3769
3876
1680
1466
523
319
750
2403
765
957
500
4181
2505
1871
875
1029
3007
4672
2428
1143
2165
1378
1574
2474
2232
3724
1205
1343
4722
116
4382
2174
4150
4903
188
1175
3360
1516
1781
4764
3339
2301
91
3239
700
3447
2997
2187
2843
4601
595
4819
4769
3043
4897
481
3169
4007
2622
702
2677
3232
4521
4378
4079
295
3675
4167
2435
2609
1719
2346
699
2031
2687
1734
1423
1247
1909
1985
1546
4248
1483
4600
199
4116
4544
2966
1318
3734
2198
3449
4566
4115
645
553
1095
4864
2397
3664
221
1307
1376
987
314
596
3896
493
3183
1982
2154
3447
3186
3784
3592
2900
4601
1683
3160
308
486
3104
1319
824
3983
4579
3570
2621
335
4729
1506
253
486
4091
1608
468
4230
1377
3446
1610
3379
2968
558
4958
845
1602
3911
1969
546
2884
2497
83
4669
575
4582
1829
44
2860
2721
939
2046
4865
593
2764
2460
441
4271
2873
249
4269
2214
2580
3034
529
4367
805
2028
2777
142
2859
4870
4422
4898
2838
4195
644
1874
1016
1110
1559
4238
541
4394
4726
4389
879
1458
975
2997
3320
4964
584
702
105
2936
3999
3442
1517
1824
1940
639
1861
4088
827
2141
1262
4583
4499
2551
1395
1468
2832
26
4253
1547
1984
3924
3925
4384
3808
2751
2895
1347
1916
4512
4961
1700
3705
2642
4233
750
3615
4321
2702
2623
733
2463
2440
2420
795
3688
4622
345
4229
1125
963
186
217
3782
3623
563
3400
3175
4578
280
4791
1992
2643
1445
4673
993
2165
852
580
2016
339
1144
283
3000
4678
4503
3728
845
3646
3179
338
2100
4474
4716
778
682
402
3858
808
1128
4824
1552
4696
3832
4899
3167
272
1065
1413
2117
4830
816
2097
3214
1744
1593
582
805
402
690
3564
539
4136
2762
736
4924
3809
1809
1022
2834
3443
4285
1064
1926
3655
2984
466
2762
4520
2050
890
3688
3345
4571
2633
1304
3164
3762
4230
3073
2710
2996
2736
2609
177
4009
3694
1924
143
942
4255
4989
4925
3575
1548
4917
2321
1370
267
232
1753
2541
1897
2837
1330
1469
2698
3085
3563
471
3605
4798
993
4111
1670
1852
3948
1555
4753
3504
1691
2106
4576
1765
4816
2777
11
1908
1087
4197
1261
3864
370
2065
1714
1144
2293
4996
2483
2173
1519
4162
1778
1499
443
3745
3220
1039
4012
737
4412
4138
3200
2348
3731
1812
656
1446
1876
1269
1914
2719
2884
4943
1444
3098
1742
411
4550
2914
1083
66
309
3918
1725
4881
3831
4750
2186
1497
4475
4034
4099
1458
3758
1354
2669
3293
2186
1902
495
1623
1444
3414
294
3014
1339
3109
4554
4562
2019
909
1854
3750
4890
1362
1037
204
4357
2167
2514
2377
4960
4716
4047
4316
2133
3046
2194
3016
2433
4663
3890
2847
4748
3694
2537
4710
2755
3975
4224
1130
1647
2822
1932
2778
3269
2425
729
4794
261
3197
4695
2652
4844
772
2672
4368
4512
3033
3719
3293
1778
921
4046
3533
4266
2981
1974
986
4521
2758
2416
2705
3662
2923
439
2413
1125
4231
1935
3857
3215
685
2037
1576
2394
4644
613
1332
1391
958
3392
1452
4704
4958
2644
44
2079
4992
4681
1980
3055
3491
3445
4111
4096
576
3943
3028
3385
3502
4494
3784
687
2558
4076
2404
1183
3022
2823
500
3560
584
3622
4221
914
1193
1691
446
3079
1903
3417
1084
4038
873
327
3429
3484
1907
14
835
3958
3425
4722
3792
64
587
4911
4753
1497
635
1604
3811
1030
3131
281
3448
1709
2788
4863
1319
1400
1036
4268
1031
3570
4663
3922
3750
3678
206
834
164
3148
467
374
4804
779
1667
4238
3022
1447
4682
4260
1562
358
4045
3390
1208
783
1421
2001
3911
4365
1185
1016
1365
4489
1130
798
2974
1352
695
3013
4334
3593
4810
1197
3571
3258
3563
2955
565
4133
3108
1606
1765
2570
2734
2781
2216
2155
745
1894
3953
3894
1966
1791
3723
4808
4255
762
1179
687
1486
95
1049
1762
1731
152
2531
4310
2820
4113
4569
4634
2988
569
3725
4188
981
1851
3305
638
2959
974
3466
606
3455
2691
3605
867
3511
2386
3731
380
1057
4934
1780
4957
1642
3172
1457
3732
4299
4003
1600
1655
1625
63
3367
2726
3474
3042
4170
302
2596
641
1697
1251
431
4788
859
3978
4307
4519
2868
497
2724
3587
3157
578
4954
1341
4966
1772
2268
4008
945
4528
3532
1024
4420
2683
127
1990
3324
1404
2805
2156
3540
3873
1769
4681
468
864
2837
4303
88
1761
510
3743
4433
4427
1291
4339
3584
1787
51
846
2647
1648
3072
1948
213
490
708
3118
646
3534
1959
2012
4725
2462
3746
4216
3783
401
3792
3551
1711
1596
4347
3480
612
1334
2420
1740
1278
1301
1407
2991
1391
3956
4717
2312
2122
3494
4154
3105
1569
303
3131
1922
423
1258
2749
4119
1902
91
1751
3852
4885
4704
4152
3155
3400
4971
3691
3694
3323
4227
114
1459
4350
2226
205
4143
3522
2337
1673
977
2858
1539
2638
2606
3714
1041
1570
38
3092
4605
2120
623
27
2291
451
4922
4121
3186
1354
2410
2080
1743
2848
1658
4049
3641
2904
1635
1519
212
4417
2501
228
4018
4737
2989
4371
205
4968
4519
4350
2978
2184
734
697
4517
4555
3336
853
1317
4254
2209
2653
448
4611
3262
4168
3465
4072
126
2350
427
2357
2366
2138
4314
1103
658
505
2206
4372
1256
399
780
1861
4956
3916
4279
3089
2776
2502
587
651
3076
557
2642
2866
3548
3187
670
2934
2324
3004
160
4043
2169
4041
3983
3117
2120
3218
2079
92
1353
721
1960
1541
2453
3868
1868
1338
4218
4529
1105
3846
2312
3492
2614
1102
2790
4356
1859
4030
2195
1537
2326
860
4747
4505
2685
1499
3257
922
2959
3765
4196
559
2420
1682
4905
934
3501
2424
2290
3107
2486
2617
2135
2504
4723
2679
2390
2948
4295
656
1795
1245
4224
751
2396
3046
3193
1294
2888
4417
80
3458
4206
745
2105
244
778
4230
723
3391
2540
4913
218
260
613
1431
140
753
676
771
3129
2319
1337
420
1944
4178
2626
38
3395
2383
133
3777
3691
54
4017
2998
427
1897
4103
704
582
4681
3691
2801
2478
317
14
1373
2410
2755
2178
79
3081
1187
1517
1358
1840
4562
1883
2573
4452
4494
3654
126
4705
203
4810
1441
1251
3500
2663
3274
3926
816
4143
1130
3135
1487
4700
2135
4370
1516
1214
1784
4795
3528
1260
1834
3307
3012
1351
4731
2257
2806
1004
3997
2619
3511
280
3345
1966
3859
979
2789
2414
1215
1518
1295
4522
4128
938
3885
559
611
4171
2052
2223
4109
3844
2842
2561
2511
1002
4965
2997
1718
2462
754
407
4073
113
872
3911
3088
4565
4966
1664
2297
4639
4582
2053
1150
2208
832
2927
4494
3915
1482
283
3651
995
3736
567
4789
3112
1268
1123
702
106
2508
4128
4453
1412
4735
866
2903
3944
1683
3642
2729
2073
4398
2903
3510
4849
4693
2521
1292
1245
2729
66
3571
1773
4867
3468
1138
106
10
3119
2763
3236
2096
1468
1768
3458
3126
4118
225
940
3876
642
3393
1368
3715
2151
1259
4366
2392
576
1124
3657
1461
824
1957
3254
2438
1941
2043
2437
2891
553
4689
3924
4921
4751
781
2871
4402
3151
2273
2923
3822
4987
2082
4886
1699
3321
1875
4282
1535
4454
4906
2233
2487
3792
3888
3167
3003
4433
179
383
1458
3628
2190
2257
1629
707
246
4339
2382
2563
2337
2207
749
2671
4440
425
4530
2928
1243
4810
4615
1125
887
3104
4111
3509
3229
261
1530
1207
1375
3680
654
1555
3163
2562
4892
3044
796
3930
1892
2218
3173
4578
1149
13
4389
2821
4035
4227
4529
576
2104
2253
340
3487
1518
2494
4763
2136
1964
4690
2164
4478
737
415
419
3252
1018
891
759
1163
3994
1420
2400
816
106
4564
1868
573
3800
2912
3830
339
4319
169
631
2459
3048
506
3360
3730
2601
776
4041
1837
4616
148
1067
931
81
2336
4635
3409
376
242
3717
3434
2516
3778
2996
2214
3635
4136
3683
3156
1902
735
4923
4888
3503
2302
3147
2255
731
822
1596
3839
1064
1164
2000
4217
4750
1197
1531
2440
4990
2503
3139
174
238
1112
4991
4210
5
1089
3277
1427
1142
4256
308
4181
4161
4917
2377
1370
2313
1994
554
3375
2002
2799
2437
2987
2782
1885
3728
3288
4237
1216
1185
193
936
147
3026
1387
4749
347
331
2096
4750
490
3143
3316
3502
3453
2527
4123
4295
1910
1825
3106
2041
438
2395
865
2231
2397
3728
1888
4536
2146
3277
1208
4953
1591
3899
4816
4255
1842
3303
3309
407
4019
246
2738
1734
3778
2669
3829
1715
4666
4273
3049
4970
2382
241
111
2267
4506
1284
1402
3563
4770
1314
3441
1926
2553
1256
1702
4805
2742
4556
299
235
4085
4582
3961
3743
1641
475
2880
1724
1628
2061
3655
604
2619
4067
4044
4638
1877
3622
196
2641
1557
3334
232
4481
3819
3230
3002
4402
706
257
2274
2404
686
4661
2312
4693
4560
3657
861
2307
1599
4045
4538
2312
2246
1876
3834
2806
1333
537
4594
1764
3827
743
501
4730
1048
1776
501
341
1331
1135
416
3659
217
623
1350
988
3456
765
1623
1533
4043
1360
3318
1303
4600
4112
3957
1449
3831
787
4514
3518
2798
1454
4111
20
4874
673
4465
3981
3629
140
3565
2940
654
1829
2910
2366
1600
500
2240
4233
2327
2127
4018
2231
3016
2318
4999
4110
2054
783
358
4588
2682
1772
922
2638
895
4335
4238
2185
3538
2572
1941
593
3654
301
3439
483
747
2654
2625
680
1785
1820
549
2884
149
1332
4233
2522
3352
4361
2388
2133
515
1667
1102
3988
1780
1826
1231
1834
1959
4602
177
288
3023
1311
1639
422
2394
4653
74
2491
3522
3017
2469
408
1465
2212
919
986
2990
925
4789
3248
739
1087
4345
1716
3147
3188
4540
4614
3048
1522
4708
2764
4771
2106
1905
1536
2879
2079
4925
4382
916
2278
1336
1797
1325
3180
3102
4918
3697
4878
3815
3177
3658
2992
4438
1095
2355
3747
4127
212
4648
3169
4719
32
1347
4124
4778
2862
4672
3326
3479
3669
3881
2593
1782
2124
535
409
3160
1215
593
4108
971
2412
2658
698
4332
2643
4425
2682
1282
3547
839
4245
2939
1031
1968
2525
3756
1728
1873
1484
436
3533
3365
583
2285
1993
3415
2378
3270
4575
2029
646
3994
2962
49
2974
4174
4736
261
909
3461
2262
2812
3832
4416
1776
435
1380
671
4347
3928
4348
1197
1978
4725
2530
1137
3756
4442
4052
159
2653
1612
2572
3983
403
4568
4426
1544
4530
4850
2686
2514
4863
1707
3577
1195
4293
4400
2796
2207
178
3328
4405
3588
2478
4299
4980
4308
265
4228
2077
812
1048
4352
1939
4519
3057
3832
4572
4415
4406
243
1452
2493
1836
2314
753
1662
2755
3228
2800
289
2034
1477
4890
4556
4649
1947
4361
2028
2614
156
2270
3062
1486
684
1417
1496
774
1949
1437
2545
1027
2817
2472
1131
2090
3218
794
574
860
1912
82
3667
1962
1742
4961
1026
1540
1716
1584
884
3803
1461
1329
1818
2683
808
3570
1872
62
3764
1513
2752
652
2802
4996
973
32
4856
796
3634
2350
1132
1289
571
4422
1955
4983
1564
3125
2590
4433
2837
3464
3942
3004
3384
4127
1668
1994
729
1088
3071
4720
3426
3612
1391
660
2166
1959
1955
855
2513
2612
2389
3620
826
270
2933
2814
3876
2270
1147
3416
440
1826
3706
3062
923
3344
5
771
2883
1977
3679
1063
3726
4159
1650
2820
3473
4761
3406
2522
718
1468
4454
4973
4712
1289
2080
401
4050
2459
4155
3137
4907
3835
3196
2337
1188
3738
2014
3414
780
1028
1682
96
4124
215
2739
606
3598
2891
2018
2878
3996
4231
1358
608
304
3641
89
299
4654
4778
681
3900
4633
1188
2281
3146
4746
2894
2448
3582
3460
3258
4611
2687
4604
251
3632
3579
1866
896
4344
4236
2378
2878
3333
3209
2639
594
2354
4610
3817
980
4023
2948
1096
877
4828
4541
1949
2822
3167
2837
2626
3595
3879
4153
1508
1510
3403
2822
4877
3267
2166
1116
1205
4116
4987
4587
4074
3059
644
632
2119
90
1794
2818
2953
2683
1560
2727
1943
1144
3535
1587
2272
3135
100
3016
3783
1480
4264
4565
3642
2974
2423
2306
3082
802
385
542
2194
2048
1585
62
4352
2563
4627
3074
2079
4937
559
4214
861
2988
2247
4338
1852
2581
159
59
802
2388
259
2376
4973
337
4598
4758
2782
772
2614
3477
4820
2256
3374
2281
3864
4876
4526
757
2121
4135
1951
3586
2784
1702
934
555
4139
2011
2149
2447
528
3054
3665
4268
627
2493
3388
37
858
1959
3080
2492
1672
3489
1808
2107
3682
996
4717
1949
3638
4950
2304
3046
4811
4351
185
2459
1606
4539
1
4813
886
1307
308
2622
1914
1903
1154
1742
4798
2373
2761
4908
2230
1006
537
3073
1722
4504
1192
1593
1997
3537
1400
868
351
3153
4752
74
215
3904
877
2105
1543
3296
3985
4609
2282
4911
1934
1158
2934
2926
1890
572
1692
1285
3432
3389
1387
798
3922
4859
1225
1330
3400
933
8
2381
1833
741
72
3413
2065
1527
2119
4225
3726
453
4614
1608
4296
1762
737
1268
1142
2917
1824
2977
1082
3406
3137
2024
1087
4124
892
1594
1344
4853
2713
849
2037
3895
3131
1332
3462
2381
4027
2684
4848
1539
3171
4949
4052
3299
2075
1444
2145
2653
2498
1963
3712
1868
464
1456
3942
4318
1839
4058
3690
4197
199
4141
1258
4297
4904
108
2300
4076
1144
4396
725
3820
3881
4899
2858
4937
2448
2421
2137
4463
4049
4733
2064
1939
3695
3559
3900
1503
954
694
3014
83
501
2315
1768
266
1167
4070
2666
2399
937
4111
3019
1243
3814
988
4321
1321
90
3939
4861
4317
1160
1752
2839
1644
774
1339
917
3985
3346
315
4546
4707
1884
115
1851
1255
3801
646
2298
380
2510
1452
4097
3977
4622
621
1045
3705
3988
2679
4456
3061
2469
2719
666
4373
3589
2137
4120
1629
3043
3250
3978
1918
1584
4388
3610
1855
4785
2659
2417
1729
4852
1386
415
415
2392
2671
2790
924
4789
940
1103
2270
3728
3742
3259
4082
2728
2292
874
799
2195
3579
3530
1123
4901
4209
3394
2858
978
2680
4295
2685
3587
1494
2082
4722
668
2837
4929
2919
957
4220
2209
4929
3072
2545
1804
2716
2256
1538
2825
3538
2051
3975
3925
3504
3552
4547
2894
3503
3256
2000
4435
1673
2201
296
992
3366
4002
1974
3905
4910
525
4909
2500
1791
3975
101
1105
845
115
2872
3581
3718
3039
1573
4025
2302
928
2876
1578
3093
1775
3823
4864
2768
4226
1307
4380
4489
3099
3694
2847
3104
156
2037
1547
3638
1869
3157
3090
1003
1094
3904
1521
2950
2672
1175
3348
2492
4880
2765
4642
3011
3127
4798
1839
680
4669
1839
3092
509
1115
1028
4383
1205
3286
1805
1234
4108
2452
3712
3673
608
1481
2840
886
3276
2280
4822
1006
2303
357
1392
2663
1049
3808
2025
3724
299
1269
2374
2851
2979
4802
1108
427
4955
2134
563
3451
4988
3537
1622
625
2114
1730
3164
1559
2912
2303
3276
2148
356
2535
117
1446
503
4270
1744
4912
1617
63
3020
4954
344
2369
4462
1840
3343
3704
4416
1107
448
2950
3546
1095
2943
1355
117
3263
1516
3445
1995
3455
3164
3729
3693
2463
3955
1566
1922
2331
3083
3404
2751
2604
4838
4058
4962
723
2638
1832
4337
476
4430
3055
3518
967
1603
1000
2682
3222
2614
786
3638
184
3927
957
4533
2833
1162
51
545
4776
4891
297
4683
4741
4662
3024
1444
3776
3960
358
4542
3443
1328
4751
2360
414
2714
3168
3440
2758
4397
2697
2981
2364
883
4520
2591
4024
1451
4018
2763
3331
4774
4663
1674
934
3009
3770
3847
1848
367
2411
2803
4464
2051
3384
1527
4363
1161
249
4504
2599
2862
4019
993
2782
1289
3417
1678
1481
2615
1469
1491
429
2234
173
1723
2621
4362
1234
903
2656
1519
3952
4262
2865
1124
2096
2120
1377
1435
4367
1607
3539
222
911
4140
4495
2562
197
4968
668
3687
2803
2911
1712
2704
4035
2753
1601
4380
3224
956
838
516
4955
3575
733
2074
3570
4877
517
3142
3252
1605
871
31
117
860
1896
3789
1327
1779
4978
895
1632
508
3491
3978
3541
591
4945
3135
705
2624
1400
4021
1757
1101
3059
3795
1051
4534
1624
3440
350
3700
30
2115
4538
3199
2020
1868
2387
4252
369
1759
3994
380
1142
4213
454
4199
2082
3424
4889
4121
298
3618
1507
1092
3347
2818
2058
2309
2419
2722
3005
1655
1771
3749
1564
4630
591
3113
3987
3316
540
4538
3552
4216
2124
4016
1539
4933
1943
136
1748
4612
2155
181
2088
3770
761
1113
893
4933
2071
1329
1446
3284
3702
1122
4789
2599
4266
3365
763
1084
4431
895
3185
2390
4655
2981
99
4055
4806
1086
2308
3954
1820
1191
4730
4690
3109
138
2943
3004
2346
4557
621
3708
3819
3415
114
1079
4264
3926
1254
3165
17
4713
4675
3754
1744
3161
3983
2622
2077
3495
4082
1438
1103
2626
4291
341
4915
3777
3066
2471
3003
3309
3774
4785
2837
4584
3435
3123
3696
1996
550
4792
2053
1746
3720
2968
1920
2036
3481
4224
4350
4
427
2502
831
4620
523
3372
4907
342
2538
3381
1690
2587
12
1464
3556
220
3807
1216
30
3887
1824
1549
1787
1672
3995
213
3461
4786
2577
533
569
1011
1262
3111
941
2244
1937
1020
4025
4993
4842
184
3053
2767
3395
351
4595
676
4562
3160
2302
1032
3906
1154
3807
1649
4688
3369
1913
4581
4023
4907
3866
1007
4158
941
1590
3996
2001
4613
3932
1430
4185
1785
3381
1921
3899
3847
2000
4858
228
3221
982
3458
1444
980
2950
3845
1084
383
2187
2978
3211
4155
323
823
2937
2260
2577
1822
1577
2981
3168
1895
411
1915
4438
509
4678
267
187
4805
3238
1692
1974
1160
2391
2413
2828
20
2657
1016
1931
879
3085
4228
3899
4948
4820
4484
2205
934
2946
2095
3992
905
3647
1538
2889
3509
607
4515
1498
4817
3962
2318
2728
390
630
3038
4964
3494
1265
4839
4381
1408
4740
1899
4981
4585
2017
415
119
4913
2237
1592
952
2542
1828
4986
2043
183
980
1969
4192
3065
3198
2224
2920
2764
1009
3329
2756
3104
4339
1014
748
1795
2635
2652
1303
2616
807
4303
111
3398
3290
1067
1871
2635
1095
3672
2803
3
964
1045
2673
2246
3014
3325
494
1556
544
2674
3175
2489
347
1831
772
2184
1264
3483
3114
1809
2202
2879
3919
979
1400
1417
4504
3704
4504
3134
2810
2764
1307
3497
4853
3609
4454
278
4237
1616
1641
329
921
10
1477
401
1482
1931
1138
4201
2546
348
2674
40
3397
2233
105
849
4342
4177
3659
850
2282
3801
3385
4696
3941
794
296
1383
3167
2089
791
3642
469
1399
843
4192
3225
2763
3843
1309
2301
2725
2290
4521
4853
4864
1451
2865
4199
2877
420
915
1582
1422
697
2788
2645
4868
341
1922
942
319
3169
2597
3200
1146
339
2176
4550
2197
4404
3886
2700
3280
3449
853
4446
4253
2299
1303
665
866
1755
3727
1739
4453
2418
1874
2986
4095
4655
3113
1781
1
4917
2149
4456
1230
2110
28
3379
3576
4533
2550
3112
4055
3864
1010
2320
441
302
1470
2921
743
4003
4360
335
2566
133
3846
2183
1812
4114
850
4278
3005
2133
3417
2755
3401
570
193
78
1507
3255
1703
1577
844
3295
2778
3285
1722
814
589
4802
4090
3113
720
1382
4972
2152
387
4718
1895
1341
2898
3466
1917
3847
2931
2447
4347
1742
465
2650
4174
2433
3883
25
1536
3284
1387
2660
533
182
2832
3536
673
2736
988
3242
735
2948
1742
2312
1200
2169
2809
4072
3244
1432
602
3255
959
2171
3425
4574
55
3350
1288
4424
1816
867
2482
3759
2478
554
2124
253
1819
789
4268
568
556
3803
1190
1751
545
1334
1211
3087
2297
4090
384
3974
3892
4294
93
861
3921
2504
3606
2225
4881
4266
2396
560
3189
166
2968
3111
3115
3688
3994
3226
4300
2321
4912
144
799
3644
3279
3897
3499
4744
4402
1381
81
4915
3305
3084
4254
2926
3686
2018
4761
1924
2916
1813
2789
720
2051
4832
4424
874
4450
4529
2198
274
660
3041
3151
3407
1944
3644
218
1914
3334
1195
775
559
4018
169
4849
2073
3887
93
3548
3258
2099
3859
3389
2920
321
1262
4236
2472
1030
2248
1531
2326
4430
3846
3115
1960
4674
753
1374
1543
4399
1041
649
3524
519
4947
2585
257
3540
1466
1376
1559
4287
2168
1132
692
858
2936
302
829
2663
123
2732
4321
1765
187
4050
1790
1161
2096
2758
2200
3402
2509
4916
4973
2706
4931
282
4736
2254
2864
4703
3005
1793
1347
3928
2580
3282
2288
1931
89
3935
3729
2567
2060
4478
2954
2880
1983
4152
2328
4200
1816
1047
270
2193
3671
157
2732
4427
4033
3556
4793
4324
3691
183
2002
2041
1197
3713
4012
4588
4008
4208
973
4818
2130
943
4307
516
51
1359
1892
1567
521
2158
1499
4258
1729
4732
4106
3018
4058
743
1471
2301
1581
1806
1627
781
2967
4162
1995
1496
2680
3393
1215
57
3391
1146
2301
772
2046
2195
3647
2592
4607
3264
3520
999
4905
31
2941
1783
4642
3164
3117
1942
882
11
3679
2121
4492
2588
2666
3208
4210
389
980
1616
2655
2131
3971
1250
1263
575
4709
70
1535
2336
471
3658
800
243
4600
4294
1520
4263
4083
654
615
2586
4351
4041
4751
788
4931
3311
800
865
429
1635
4724
649
4633
4880
2209
2664
2286
1516
4175
4647
1091
1881
690
2354
3955
1388
4511
2212
1083
204
1064
3712
380
2974
2025
4018
1822
2777
404
558
2201
4478
248
4273
75
1773
3025
1237
1274
3047
4327
3915
478
2499
2473
1611
2776
2197
2761
1269
513
5
4553
3418
3733
3583
4563
4588
636
2685
1695
3123
1252
4884
3768
2643
446
2405
3348
2344
1937
2410
4236
2844
4108
4165
3277
3594
1958
3151
2439
109
4693
3293
281
24
243
4739
1957
1799
1186
358
4360
3363
3519
76
2658
4361
1448
3958
4865
844
968
1825
129
2725
743
1070
3692
42
3833
1202
1541
646
3340
4214
3114
839
1989
1028
1973
3637
4067
2869
4023
2421
282
217
3768
188
4161
1892
1445
1190
4860
1327
4
3618
3783
1948
4791
3175
1048
1213
3746
2486
2433
4232
2094
2714
1141
339
1640
3366
3910
3258
2466
1624
4074
39
2512
4726
4516
1576
1980
4603
1351
2695
2113
2213
41
2232
4552
1360
406
2334
2473
3069
1621
484
2134
625
1676
2642
3497
3547
1099
2172
226
947
2055
2924
4340
2685
4365
1347
2147
2004
2200
314
2541
3989
4
887
97
2890
4489
2730
785
26
2380
187
4721
2361
2461
2373
1632
2858
3001
1608
2205
1028
2918
674
859
3163
1738
213
3502
3131
1579
1480
1962
733
468
667
2491
3529
3163
0
233
3312
441
2942
769
4029
1590
3624
4669
3389
2202
299
2956
1236
3304
499
484
3207
1068
3328
2417
1056
4344
4971
2082
3272
814
2446
418
3027
3559
29
1143
4078
283
4918
1596
1846
2197
3624
1774
839
3370
3040
4649
3
2098
701
2053
1009
2459
4886
1084
4224
386
823
1473
3562
4834
287
1685
3381
3694
2430
1104
4500
91
2063
1410
3071
4609
2112
2706
2951
946
770
4982
3426
1750
4177
1256
4716
1699
1807
28
4691
2785
2949
3288
4915
851
4845
4802
890
1100
2328
3013
3743
1255
3957
1555
2174
2418
4361
77
4785
1911
1095
505
3964
4944
951
1849
112
1777
2789
3198
1575
676
4854
2376
4868
1125
128
4835
3745
592
1611
1617
529
3430
4463
1716
1142
913
964
3939
2408
2400
3886
3404
4268
686
2352
1100
3899
1590
4915
4208
1892
3547
3191
2176
4662
4889
573
3907
3867
777
1948
1575
149
1232
3407
4651
145
1270
3807
2664
3398
771
1587
3229
3509
3564
4061
3489
1649
4035
1246
1437
1927
195
1889
4233
3908
3256
192
2659
807
2421
3710
2913
4462
1217
4561
56
3391
3926
1115
750
865
4802
3718
2234
3779
222
804
2155
4068
2147
2623
1885
1994
618
4946
2137
2604
2960
3488
1949
3759
4671
1637
1468
1282
3540
3282
1863
3081
805
4856
1632
1709
966
4048
232
545
3916
3995
3988
414
2536
4571
3230
4155
3076
1731
1797
4352
2649
1970
1543
704
3251
4063
1554
4321
4355
3968
2909
214
3290
4407
3434
2123
4013
2897
3061
2419
4583
3247
2560
3790
4502
4310
3004
3724
674
4514
1435
2203
1458
4780
863
2798
4813
4523
2180
3591
4348
3399
2982
3524
2365
3357
2107
2267
1624
3180
3214
284
1828
3041
2575
2556
2614
878
2084
4652
3755
1047
4559
63
1658
4177
310
4023
2665
1585
560
2364
3999
863
1659
3215
4695
4144
4768
2827
3661
2772
1663
1806
3435
3716
1709
2754
2342
495
3904
1946
1031
2106
4076
595
998
2847
707
958
2037
2637
4160
753
4149
2038
2227
2918
2646
2834
1318
926
1530
4732
2442
3529
2201
4226
545
1818
769
4471
2299
2546
2163
2221
299
2229
1722
1117
4492
86
682
3769
1156
1475
1664
3658
1614
4453
2195
4457
558
2340
3369
3027
2357
2817
3605
3088
2049
173
4808
1834
7
1359
1146
2882
1093
2419
2242
1740
2390
2541
652
1595
1898
741
597
2597
3074
4381
4994
3793
1086
1361
4997
2079
4831
3692
43
4796
101
2570
1391
4015
612
3219
2807
687
1437
697
2404
2025
750
729
4452
1896
4979
1880
3981
2101
3887
2642
776
1883
3308
4823
1693
4975
4941
4248
2805
4001
1306
1820
1572
2648
3799
3669
230
2582
2230
3017
3798
1522
605
2095
4782
2023
2335
998
2386
1862
3389
1488
2078
2186
543
4612
2756
1123
129
294
2549
978
22
878
3642
3398
4424
2581
3248
950
2251
1907
3066
1782
2515
1152
110
2912
954
4902
1098
3805
966
2741
2539
2350
140
3846
990
4433
1083
666
123
4131
483
3588
1197
409
3169
110
4171
2278
223
2356
4297
1154
2488
1951
3755
142
1401
4748
1597
3517
979
3689
4598
3450
1610
1837
4988
3014
1190
1419
4226
4254
2711
2108
3019
3351
4414
1798
4226
4277
1923
297
1887
4327
3292
595
3472
4696
982
4570
3380
4559
297
1877
3850
3630
4
3133
4888
3116
1619
1178
2091
222
943
646
415
1603
368
1509
1817
247
3218
4494
1826
2793
4411
3804
757
4728
3612
760
1243
3112
3325
1968
3970
2530
822
4155
1300
756
3637
1837
4766
4977
874
3485
1577
4727
4773
3609
4803
232
4618
3240
750
3587
3224
2832
2972
412
2715
1981
3484
778
2641
3455
935
2244
843
4665
4159
3485
4544
4561
2001
4492
1391
3113
334
1964
4261
627
180
2141
2236
922
3150
2688
2974
1850
3563
3439
1840
1059
397
1530
1752
2827
2107
614
752
691
1403
4920
3258
211
2642
2470
1728
3823
2901
4205
1957
1516
4124
1209
1200
2616
2890
4280
4906
4822
2930
2684
378
79
4183
2564
413
798
2853
4870
3440
1539
170
4678
2916
3611
4457
203
433
4830
1052
2892
2162
2522
200
4265
2008
3428
4087
2267
3909
3640
1627
2368
3997
1280
4461
2210
2322
3317
1198
2662
440
89
2689
3995
3825
3499
1307
4744
1346
4807
4584
2101
1798
1434
3640
222
3564
445
2630
4688
184
4356
2837
4040
2863
774
2869
5
2785
4383
2777
2970
99
123
2603
2188
2449
2061
1407
118
4296
2344
1893
681
4660
1555
441
2864
4976
4363
1461
4861
4053
99
4838
1350
188
230
607
2926
4080
3316
4324
1165
1389
4294
3658
1306
1924
1257
177
841
229
2208
4009
3436
4139
4028
1153
1400
2011
1136
3148
2088
4697
1739
2135
905
1847
4817
3333
3161
1516
1772
452
3846
3581
528
1771
4426
2263
3851
898
1954
2733
583
4612
4720
1591
1267
4508
3022
4452
1897
1904
784
984
2465
1336
4949
1789
2093
2174
4554
2523
4669
1653
2479
393
671
305
3206
4011
1453
2610
183
1158
1288
652
4185
1034
2926
3296
4549
363
2065
3176
4420
3007
217
235
1309
2161
1587
3294
2196
2237
3482
2702
3271
3526
2292
1980
4606
1857
1091
165
2110
4097
1486
4308
2282
1138
2070
4833
3687
865
613
4196
4950
4735
4770
3368
1665
4591
3943
1468
4596
1101
4260
1874
4312
3032
3523
578
4679
2264
3799
1357
40
4844
3848
1002
3349
2961
3616
2282
2674
1935
3013
4014
2072
1590
595
166
2173
816
3201
3218
2591
918
2399
452
2213
1525
4728
2681
1855
1643
4452
3363
3104
4921
1460
2089
3129
3665
3913
3411
1643
52
371
2807
1457
3927
858
4252
4163
4773
4556
1231
4927
3543
2909
2259
3403
3018
1011
2113
2590
4303
1394
2364
2350
1923
2537
1271
375
3633
3597
750
3015
2285
1344
2030
1885
4383
885
2339
1916
4510
884
4631
1307
3293
4517
2171
2010
3285
1844
412
3884
4049
2211
1507
2057
4377
2311
2315
4519
1401
4024
3642
2146
4370
4026
1037
116
1150
319
4809
2479
3620
2355
3799
1121
2415
1280
285
52
4312
1444
4139
4966
533
2622
69
353
3649
2681
4763
1426
3676
1497
2362
979
3607
1268
1070
2764
4056
4731
1929
739
456
3159
3142
866
2026
1624
2503
4016
100
2576
3573
4272
4488
4626
3211
4752
1156
2234
4210
3430
1565
956
3534
1207
3311
1997
4009
3357
3362
1448
872
4280
4765
2939
4891
2071
3988
3334
1395
3750
2681
4370
1285
4178
4547
4944
3305
3923
2866
3372
1854
4367
3301
1944
2170
1249
2825
840
2480
1711
1946
2227
3513
4250
667
1070
3851
3830
4079
3789
2963
4603
3436
634
3631
1984
4341
3116
175
3155
1229
447
3154
743
1654
2992
1162
1383
948
3811
3178
2809
1363
4542
2489
4826
530
1366
2615
2478
4950
2557
1179
636
3783
1549
711
3361
4394
4753
2165
1054
220
678
2422
409
4146
2978
1863
3594
4090
1063
1927
3776
3151
3334
924
1767
3821
3489
690
1678
1198
882
2878
1236
2948
4023
3304
2477
870
4734
2356
4031
989
962
4562
595
4882
2885
1982
3445
237
4689
4661
394
3864
222
2289
770
1456
3536
1937
850
1455
3484
3279
4190
423
4011
151
3773
4886
1655
3308
23
2778
4868
116
3842
3993
1501
174
2375
4373
1578
2339
2377
1100
561
379
3952
3703
2513
3884
264
4674
2972
2905
3619
4959
4308
2458
2535
766
1999
2830
4078
3499
3462
2076
2920
4701
4957
502
3936
1533
571
2292
3355
1220
402
3130
4884
3764
3396
222
4786
3629
804
478
235
4297
3369
4320
275
4393
95
2479
3513
976
661
4146
4178
4483
766
1164
923
3026
2288
2253
4234
870
2381
336
791
2197
3083
750
2522
2594
941
4148
4669
4931
1198
3676
832
4743
943
1599
3661
1521
96
53
2507
823
4696
2241
4332
2892
3132
1685
4406
4074
146
2439
251
61
2775
4486
2910
1959
2302
1383
908
2877
1091
2689
444
4934
1723
860
3403
3227
1389
3363
3883
4405
4107
4924
432
1793
195
4319
3886
2916
3158
2875
833
6
2410
1570
1072
1731
33
585
1965
214
4794
3275
4771
2986
1085
4151
2037
2028
2716
4927
4072
1136
3515
2088
1467
1648
2799
884
328
893
3946
368
2071
2132
1229
3454
2339
3082
2975
3186
2007
320
4290
1325
1166
2780
273
3095
4701
3203
124
347
1457
969
221
4183
3784
1736
648
3652
3627
4122
819
1288
3710
2201
702
2213
4687
4448
3853
3120
823
3065
2290
3495
1052
1300
3374
3360
1935
276
940
380
462
4177
4856
407
2039
497
2402
1300
4144
2006
3622
4166
1690
232
4216
825
1037
3113
2541
3914
3634
4627
2606
2966
3874
3190
447
1742
870
436
2266
609
1389
3362
4301
3819
463
3392
3226
2080
1119
955
3944
1956
2460
3305
3712
371
2258
1586
2530
3903
1900
57
4270
3533
2901
1120
4459
1047
3544
793
2882
680
2730
2295
2730
2946
2736
2596
2339
3749
473
2628
300
291
489
1570
208
713
3079
4368
2505
139
2919
3455
2801
1456
1273
2916
2408
203
2266
3731
4759
2834
2306
836
1674
4940
1264
677
2048
1920
4500
4000
433
3625
4527
3793
2539
3695
175
4845
2291
4301
1677
1319
93
4064
4294
4058
663
2153
1822
647
1771
3124
1489
3259
3198
2324
2226
70
1174
3026
439
1089
2020
4920
1033
2737
387
2218
2915
4308
1033
4674
152
661
1171
3610
3300
927
2294
3447
3974
4099
1653
1101
806
3314
503
1025
1417
2927
668
2523
1166
4849
2982
2605
3704
2823
465
4293
2528
753
4270
2880
2150
1181
432
4820
4429
486
237
4476
4442
2664
329
3375
1573
4212
3780
3000
131
3135
4699
4796
3977
3771
4630
149
91
4765
3165
2655
4860
4747
4543
1367
2466
717
311
4750
271
2850
4401
4557
1478
1464
1326
4820
1907
4265
2614
1593
972
599
989
1725
3045
1444
3499
4316
3599
1739
3110
1030
168
1106
502
3780
157
1075
4411
60
4468
1896
344
1344
504
671
4082
4668
2888
3552
3808
3889
2173
4571
2845
1357
1413
723
2285
1853
2105
1327
3707
1592
2460
3520
539
4964
472
4975
3414
1731
1376
2857
2639
684
310
3555
4299
2277
3506
3225
4903
4805
4656
4134
1258
1826
4331
2186
3476
1502
3941
921
2799
4013
2520
561
2940
4317
1265
3348
1241
4211
4840
3850
382
1616
116
2303
2941
2269
873
2888
2541
1428
911
4555
3818
3618
512
1757
2373
4066
1493
4706
934
213
4674
4704
795
4791
3409
2671
492
149
1
4243
453
3247
374
557
3243
4095
834
2279
3279
2666
2701
3014
993
4012
841
4574
4839
3683
3746
2520
4694
725
3072
756
4638
2663
1773
3675
3148
197
2910
1994
1385
2238
4404
4892
3015
2118
321
4255
4143
1537
671
1657
509
4257
2111
4387
1106
3717
1717
849
3546
2651
2394
2761
2392
3745
1067
3904
4827
4728
4351
1688
638
936
4793
479
2246
2007
3163
640
3295
3496
3836
4903
905
2991
2404
4898
583
560
874
3200
573
3684
945
1971
377
2728
1373
1474
854
2379
4384
192
539
569
3062
275
1721
2198
422
2659
676
3565
4533
589
956
206
3494
4909
4412
4988
922
3596
2935
4829
3819
3391
4827
3091
649
510
696
1855
3888
3791
2733
1066
179
4125
3268
2726
3686
3456
2753
4821
3409
3073
2742
3784
1062
1522
846
3456
3859
4854
3773
1208
2808
99
2985
1513
2766
4512
3365
4659
2134
3578
4254
143
4664
2304
4303
614
4771
1751
2661
3401
2641
3532
1242
302
3958
3338
3708
221
4047
3740
3361
3117
1842
3680
540
4180
2122
656
2817
3809
4875
2278
511
4541
2414
3485
388
1424
4509
2669
1547
3883
1568
1403
4853
1795
2541
2887
1753
3053
3061
2643
4709
845
1732
3255
2629
3204
3465
2129
3437
2239
3112
4796
487
1820
3459
2748
2282
3214
4579
372
3914
2765
913
862
4737
4358
328
937
774
2612
648
2637
4798
4243
128
4733
538
3608
1713
1992
1836
3535
1612
2603
1441
2502
2337
4516
4797
3153
1243
2530
2302
3438
4951
1411
3352
3487
2402
1818
2304
1351
962
1434
2858
2401
403
3187
3481
428
4215
4674
3729
1170
2443
971
2886
3385
4050
4764
3718
2450
1896
4746
3624
2811
1058
3804
2405
4951
196
1349
1013
2004
60
4069
1153
1546
3430
2787
3376
2977
3825
3591
4042
2099
60
3590
943
3149
1363
3612
4688
2461
38
1900
4133
978
795
3390
4690
981
1430
1437
3755
2450
3388
1848
4149
620
3021
2350
1045
4452
1047
72
1227
3083
4859
2869
2493
4299
2933
2118
53
1754
4777
4089
3900
3461
466
2249
1338
4120
45
3077
1565
3570
3632
641
1592
3557
3512
4369
2215
826
571
4548
4364
4470
4404
4548
1544
332
2166
1865
2116
608
1293
382
748
4801
1352
421
1312
4364
3338
1871
4916
3515
2704
780
2217
3653
764
1006
2867
2113
1385
4772
2038
2402
3980
3019
1566
1665
1485
3321
3381
2109
3427
4189
4914
3757
3380
1718
3909
3486
1779
2105
1466
1290
2382
2243
3251
1790
4443
1997
2204
4998
3263
4067
1781
1187
1104
4545
3890
2506
1500
3644
4817
1471
4952
71
2110
2788
4292
2165
1742
37
2816
843
4636
1632
689
2541
1640
1011
2216
3122
1475
1285
658
1739
4255
751
533
2685
4203
56
3648
2411
1005
3816
1680
968
4169
814
3475
3624
3384
1602
24
750
1913
2740
2046
2662
4690
1442
2509
3871
1418
3086
4766
1256
4636
1015
4528
4417
4256
4682
1143
2549
1295
4059
3839
2811
626
3945
1353
3504
1039
2175
2486
1387
4808
2269
1110
2825
2452
1289
4924
525
1745
3115
1128
211
819
4468
1966
2631
4905
696
967
497
4033
3951
4060
478
271
4508
698
4569
4843
4754
4351
3668
415
4848
3078
1982
4305
1680
843
3704
3084
468
2639
2107
1879
4767
891
3131
679
3007
3342
3250
1187
1582
1761
1634
3337
1254
1710
3991
1244
2769
371
4938
3794
2802
1611
3518
1985
1677
4816
3435
1949
2759
2138
2252
1068
2593
2057
4991
2072
1374
2242
2212
2417
3623
3724
2039
3937
3724
1658
998
1075
403
2621
3515
2619
3240
1000
3926
872
2043
1369
1612
1318
711
1905
2841
259
1900
4464
1693
3852
1541
2229
2322
665
4625
3123
2174
4072
1532
3483
4687
832
4581
4132
1303
4487
3210
3077
4393
4673
3585
1316
1494
727
4033
2788
2344
4094
1435
1121
555
3098
4225
4089
4169
1695
2126
917
3608
2588
2965
2162
57
72
4864
1637
1929
2014
1742
3218
2005
308
2979
4858
1856
2372
3535
4701
3094
4004
3480
1228
2978
1153
3835
2539
4253
640
4825
3177
3009
368
3818
4664
4999
1323
1541
2260
1984
4077
2317
2376
1646
540
3121
2446
2784
3123
3032
1473
806
4345
2762
1398
1461
2159
3955
2203
4443
4030
3576
4392
2281
3739
1247
1627
4356
385
4539
711
2829
2784
4457
4695
1781
2864
2594
4149
3344
3620
669
1728
2250
4208
2653
466
606
1058
1216
3353
1077
3637
203
3581
2242
4689
1033
845
981
2365
895
4099
3529
1040
1208
3559
1737
4637
1763
1207
4236
4925
2879
1664
3365
4671
956
1369
0
2060
3228
834
2383
2174
3818
676
1909
2172
4607
2506
3162
198
384
167
1171
597
4311
4987
3053
4082
82
3265
3865
1429
1448
2334
432
1923
3562
4077
2802
2098
94
547
3627
4366
763
1734
1706
4022
3944
4791
3972
717
691
845
1291
1426
3320
489
356
546
3539
1911
4582
410
4228
1906
4309
3962
2249
2330
4837
1692
3166
2235
4582
4043
2329
4674
638
126
1572
4753
4532
4126
3941
711
232
249
3982
2690
4004
291
2101
3722
1499
1489
4072
3672
1545
1382
4974
3066
2919
3866
1007
3293
3726
2588
2365
3542
2284
3860
4879
3111
287
2368
4526
1469
3796
3374
3776
4905
2341
608
3917
1866
4286
2824
3403
239
3639
3762
1581
1010
754
1665
2178
1245
3213
1078
1386
2792
3100
687
2329
777
2762
463
2631
558
4444
3624
4333
1533
927
850
2330
618
4305
332
4753
1051
557
2734
4886
4368
3389
8
4212
29
4548
2131
2099
1224
4430
198
3213
183
1009
2465
2731
1289
1837
1418
960
1018
3255
3835
1861
1604
41
3100
3915
956
2842
2717
4347
3026
3839
1885
3084
3721
1838
3505
3301
3071
1233
4597
4359
3059
2345
3777
4058
2883
4773
3260
3656
4200
4763
2410
2492
176
621
1544
1490
956
3106
3963
3357
3812
2665
1451
4549
564
549
2900
4704
2989
3572
1960
4421
2177
2619
1118
3274
3123
3969
965
3757
3669
1266
4390
179
4554
2558
3683
1767
653
4181
2476
1660
4087
378
67
4028
4857
1121
130
863
2357
3844
822
2527
4611
4694
2220
3230
3770
3356
3340
1664
1154
151
207
4769
3368
3975
4103
9
2832
2605
4929
2295
1941
666
4401
4052
2044
4322
1641
4801
296
2316
810
908
4850
329
1965
4514
4551
88
2523
3456
2793
4637
1058
177
2727
1238
1568
4216
4098
3772
3108
820
4603
481
471
2122
2563
1040
3250
2228
937
1765
2334
1641
2954
4445
3453
2766
1443
1260
1124
1741
3887
1233
2166
3268
510
4422
3036
1544
7
4514
319
4476
1331
3899
376
2547
230
1780
3026
2698
4615
1834
2464
2851
2404
4104
3904
4358
3712
284
645
2112
2085
1086
3674
253
3567
2268
1381
599
4651
4196
977
1235
4932
4879
883
102
851
1614
2081
3524
4031
1739
1819
1526
3999
4046
4707
2139
929
3437
247
3704
4867
2704
7
2489
3821
1556
1182
1823
594
3040
491
1878
832
1963
592
4239
67
4986
1469
1858
1874
2907
1006
2825
4484
3482
1945
2658
787
927
4256
4685
89
4311
1147
2398
4807
276
1810
105
3585
4056
370
1818
4368
4852
3816
176
3219
734
2765
1268
2425
3391
2737
2975
156
3990
3100
1617
3092
916
266
4293
1857
960
3801
2477
2752
3647
2243
2080
739
1325
1665
3731
719
461
1372
1138
31
3257
2633
2079
3818
2827
595
2741
3574
2752
520
3439
1969
3378
1188
3500
654
3541
1127
1132
4248
4695
2668
1924
1502
750
2491
3735
3953
4573
2116
749
3593
2499
1549
1732
4516
1683
1505
3515
3208
2202
1545
2836
4926
1051
3061
2392
4549
4703
474
107
1670
701
548
442
1658
4225
958
4259
3518
1145
2117
4135
3211
4183
4080
2838
3258
3790
520
4700
2358
3768
667
583
719
2361
2480
4493
3013
977
2853
4622
4411
3151
2066
2086
4052
4519
3770
1531
4197
161
2491
327
3985
4628
3041
1830
647
4665
2167
2163
1162
2016
3855
556
40
1957
1580
2327
2023
1786
762
1932
4540
2234
4754
1386
2526
3657
3935
1493
1555
3159
63
80
2972
1483
3856
3166
3542
3016
2357
3720
2056
2608
3901
2693
4350
221
4632
2479
782
1328
3425
4714
718
2217
477
908
4042
3974
84
4165
843
4878
819
2288
21
867
2765
1783
2635
872
545
2868
1662
1356
1277
1800
3605
3030
2403
4272
2432
4839
4451
1217
2191
12
1495
3829
2472
2512
1119
2085
2367
278
893
4434
2134
3864
1892
883
3654
535
3155
516
3841
1765
4506
4599
3334
1889
456
589
3986
4040
144
3520
861
3373
2087
3642
2425
2695
1909
2656
681
248
2709
1059
2544
4716
618
1559
402
1844
2029
2172
1093
2593
4640
2938
949
3517
3803
4021
704
2888
2499
1562
4754
1652
4376
3358
2015
1133
3173
3477
1395
2632
3903
4285
3263
121
417
2953
4986
1073
2642
298
665
3295
3503
1037
501
1835
4242
2976
969
1608
2393
4703
4994
2546
3998
1368
102
4173
1769
3812
288
3509
201
1659
3240
2077
2624
448
4085
2870
1520
3370
1866
3504
2174
3310
635
2941
2210
322
3575
4881
3591
7
227
312
2842
2836
4545
3488
2060
4663
1633
548
4565
728
753
2426
3418
1893
2908
3749
1160
2077
2636
901
3554
2873
3276
4838
1118
4255
2317
333
137
328
4475
839
4450
1399
3480
1720
3410
2879
1897
3269
751
4104
2669
2034
449
3872
766
1652
3751
1978
4196
3218
286
351
3699
3521
2468
223
2399
3850
4832
754
3626
4455
4987
2479
4709
4577
3259
2646
1233
3780
3170
3648
4430
571
4606
2753
1652
3
3172
4124
4336
3918
2128
3533
4846
4334
3088
3395
3735
3499
3989
2460
1723
4697
4163
582
1538
1784
2138
4447
459
1304
478
4331
3187
2761
4815
1290
2426
2105
3982
2441
2950
3537
4891
4313
847
562
1997
273
4279
1536
677
712
2284
1785
321
7
2477
1796
4950
1939
465
568
4698
4663
3912
2316
4712
2386
1703
4435
369
3670
4190
1340
4566
3502
205
1912
4580
3385
4672
460
2709
230
2463
2817
4519
312
236
4970
1140
1593
1955
1601
2831
75
3555
967
140
1691
1899
2968
2782
4827
3133
4871
920
3620
101
4670
4730
849
303
4528
3655
4457
1534
701
1799
1428
4120
4401
555
1314
4872
3614
1302
378
564
1364
3230
3309
3823
245
4763
4891
1258
1215
3827
2776
4389
4627
2487
1558
3962
3958
3909
349
3735
4734
3762
4529
2031
1325
1920
4565
295
3069
2697
2495
2154
3129
3910
1352
3071
4981
229
4677
2081
3335
954
1226
2968
4441
2299
1983
3712
1117
4470
3659
223
2940
3393
1451
3388
2522
3307
4848
156
719
2994
3176
2566
1463
3292
864
3937
3694
1713
4584
2265
1947
3590
4115
3125
1250
523
4912
4733
415
2559
1824
2972
58
669
3404
2315
3372
1372
3578
4897
4551
3280
2781
2015
3555
4762
2117
3410
4006
1881
3174
2080
4754
2288
2892
3942
2567
4888
3220
148
452
194
3755
4811
3916
601
3043
4529
1270
2875
80
4667
602
1487
479
250
2033
3449
2856
1954
3227
2649
1406
2216
3561
4115
2746
1008
1677
3845
1237
1958
1490
1763
2341
2668
2608
2127
4274
2713
1188
33
4214
3811
1670
124
4725
301
1634
588
4357
926
458
1765
4923
1073
31
4934
2091
4575
2230
3521
4475
14
1850
3277
4166
1546
1606
3019
2959
379
1665
2527
1533
3230
388
1456
1562
3313
235
2757
1058
4954
3757
1327
1155
133
2917
3170
2439
3718
568
507
2412
771
4349
3436
4800
2065
1359
4091
1425
2442
2229
183
4635
1026
1035
1695
1500
1558
3938
255
4138
964
210
3260
897
825
1916
2669
599
4615
3445
2503
2475
2381
2865
2035
2127
664
674
981
2389
2106
4313
717
797
2510
4267
1083
2759
4765
2773
972
1506
618
4572
4812
416
3752
4898
398
4115
3071
3873
4097
3897
4387
3324
2610
354
3814
4360
548
4610
2321
2923
1510
2471
1309
4706
2219
233
1794
4232
3361
4209
3810
278
1951
3028
852
4256
2075
2398
2133
1555
3730
3475
3799
761
4482
3767
3005
4260
4717
3590
3223
4430
2810
2505
2245
4309
4985
65
2035
2865
662
79
3236
2560
2987
4515
1291
246
2193
1058
4408
4865
4009
2825
2269
508
629
956
2840
1536
3562
1753
71
3165
2050
1749
3693
4931
4357
326
349
1581
4283
717
709
2013
2091
1129
1977
4284
975
3877
2977
3829
3218
4459
4478
4684
4810
4174
2591
1961
2448
3660
2451
1564
2187
1450
3866
3762
694
4167
1178
2230
716
4466
3998
1106
4262
2794
3022
1763
2501
4143
1967
1706
4575
4836
2525
3417
3909
1103
2628
4481
4976
4543
2960
871
305
4653
4125
1850
3442
396
4779
409
3237
2635
4530
532
3421
2849
1015
3848
689
4111
2538
668
4858
311
527
2082
247
1435
3938
2115
1074
1123
2051
2716
154
2062
1485
3107
3838
2972
2950
1259
4666
1614
4761
503
378
1454
2531
751
291
4705
2390
656
4891
2628
143
35
2363
4442
4919
1204
2524
2651
4013
1479
842
2287
4285
90
2880
1655
2891
3638
980
1100
3288
3101
3209
1290
3076
3274
560
1784
1620
2110
3679
3074
796
3854
3210
1914
2080
2128
4411
105
367
1695
3087
664
2581
4180
4433
249
53
2652
878
1130
835
4096
1764
3994
2441
3363
4215
2358
4645
2766
4200
4787
370
3666
3922
868
4669
2239
4097
250
542
646
2833
4967
4544
1475
222
4818
4227
729
3868
187
1923
1562
4019
4799
1724
2276
343
177
3612
99
4741
3275
4955
2875
2361
1632
4902
1427
1531
1408
4798
2399
1386
3029
4793
4702
25
4860
4912
4392
3935
4708
3426
293
2242
3501
3955
4522
2753
3675
2955
2898
3535
4740
529
4076
781
3962
4328
4849
1566
4627
3609
4973
1801
3497
4448
3550
2231
682
210
2094
1503
251
1450
2035
503
3010
3513
553
2745
2498
4628
745
290
1422
2716
1614
1286
3186
1511
997
4728
1103
2410
3245
1089
2255
1781
807
2144
1742
1254
2872
74
2374
2056
3572
4210
2314
3315
4782
327
3596
3832
3361
3558
1393
1026
4095
2904
1683
2277
4844
2403
4869
613
430
4509
3189
964
3679
2216
3011
416
7
2984
1772
2112
1714
3853
1698
1810
1606
3834
4063
1612
1016
2605
3326
252
4614
2930
3916
134
187
4883
2007
3658
4987
2197
527
4607
4794
4699
956
1972
3643
2292
2476
1378
237
4960
2749
194
1062
1285
1838
4529
2417
4252
943
1944
2432
3106
4061
3579
915
1023
2176
1082
3350
3347
4198
24
3020
1627
1197
239
2996
4362
4883
2947
2273
1916
2604
4262
4503
2616
3347
3690
1742
4708
4586
687
3600
826
3790
3187
406
3729
4649
4312
1702
4078
3848
696
4555
1048
1111
883
3518
2761
1592
1742
470
1712
1887
3531
4155
4190
168
1118
4942
497
4574
4368
1252
3758
2875
355
1757
777
3383
4176
897
303
3842
4689
4541
2864
4515
2612
4024
3402
2976
836
231
4542
1488
2229
2584
3219
1698
4758
3634
1114
3757
1352
3633
666
3395
551
1084
1591
132
4569
2486
1776
4435
3609
3066
4895
2717
494
275
630
1423
3244
1125
416
3001
1356
4597
4800
4563
4694
4934
561
1071
1706
302
3125
3175
2667
1863
4816
1650
181
4520
2446
3242
1527
2286
4102
1536
1912
4504
934
2073
3651
783
4574
235
1871
4062
3122
973
3437
854
1531
2743
2337
880
3143
4207
2331
3517
740
1685
1741
4457
622
2263
4064
4127
2739
444
3548
2449
4601
830
958
1715
2637
3683
581
504
3237
3312
2213
4442
4151
1864
2838
4163
1761
88
1606
4072
3506
4766
4902
1572
4172
818
1291
369
2519
4352
3629
4246
4685
4892
136
653
1270
2105
4822
3582
3958
1803
4585
668
3893
2792
854
2204
1369
4321
1507
2515
2259
2108
2007
4197
343
1929
2165
4902
3207
3449
3151
1590
2557
1422
993
3598
4880
71
3258
161
1560
2153
2417
2852
2592
3624
1143
275
1004
4783
2019
972
4218
2788
1479
4618
637
650
2876
3482
3546
4380
4816
184
1272
4193
778
1077
4221
1128
3036
4535
1378
2329
4509
2571
4220
1915
4980
2841
1234
3820
4079
2257
1516
4235
502
1066
3098
488
4080
2256
808
3595
2355
2363
1111
4273
3602
4518
130
1459
4379
752
948
2234
4740
4809
72
3647
1999
1505
1186
4369
4285
4550
2156
3794
480
4283
4702
2197
1858
1871
3061
1885
921
2504
4519
3686
1003
45
2796
2616
501
587
2927
3912
4308
4181
2568
2749
3943
3706
2944
2488
4674
4981
1742
4144
2836
3741
1940
737
2410
2234
1391
3785
4801
1000
1939
3344
3850
2874
189
4254
4470
1093
4858
4930
119
1751
3071
3567
2155
651
1607
4162
3889
1670
4104
4477
4239
1501
4402
2437
1675
4151
3265
1092
1082
3422
1185
4528
4898
2166
3611
506
4277
1998
1944
15
444
4968
4452
2060
3524
3858
1946
2858
3880
976
3613
1974
2129
4214
2559
3555
4148
2692
3787
4211
4752
1901
4612
258
3035
3162
2921
3081
73
1199
1292
530
4016
2650
3104
1205
693
1994
1361
3385
1092
2141
1618
1574
2497
4095
1320
643
4947
2596
4078
1927
2096
2607
910
4354
1962
1953
4213
399
1970
632
2451
1064
1115
4481
2855
270
3988
3484
3923
1838
1756
2645
3559
1837
2316
798
830
1010
362
2772
4351
4504
4289
2044
1233
3692
2877
2623
183
1778
3663
1116
2744
4094
2514
2188
3231
4619
2018
1093
965
306
2763
2137
3312
4995
1107
4342
1345
1720
628
4811
4466
540
897
1661
3306
14
1223
2328
4153
4378
2146
3382
3173
3142
4864
345
1399
1839
4201
65
888
3391
1153
4927
3275
2613
4412
3792
2468
799
1206
4659
105
3462
3708
4299
4984
2708
2085
225
2028
1332
4504
4928
2324
1551
4006
1855
1319
1401
268
3764
1764
3046
2680
1391
4265
4708
3251
360
4690
1922
635
1808
193
2075
4509
2673
2089
2934
2274
1380
2621
3146
4763
926
1770
4019
2920
175
4471
3923
3179
3644
4805
1112
1851
4769
1679
2070
4309
653
1462
3239
4711
4924
4808
2866
3480
3842
2501
4507
2523
4726
3075
191
92
4829
409
3651
2519
4994
2319
2370
3739
4800
2534
4137
403
1154
1763
1809
3525
1171
2208
140
3219
3976
1934
3489
102
3668
4371
604
3533
2246
2739
4216
1572
511
3149
736
1025
4393
4711
2061
1905
394
1973
1059
254
917
934
2305
4168
528
1526
2439
3248
4870
3718
1400
2047
4035
4950
1123
4944
184
1476
194
884
774
1127
2063
4582
4473
4324
4064
3781
3359
808
831
4742
915
670
2773
4909
632
4916
3504
628
595
2737
4753
4056
2515
1381
3265
2940
3499
3172
3762
3193
2633
3696
743
1263
2211
2853
4644
2332
1475
3056
2235
2108
4536
3444
1939
100
495
4506
3699
867
2379
1592
3108
2458
4887
4728
484
3846
926
1971
3932
3690
4618
1900
2711
2109
4030
1404
1313
1429
2998
894
3468
3088
2287
452
1596
4069
1837
2444
1545
4538
831
281
2671
720
1249
3743
4684
3554
4082
882
4038
4827
4595
3765
153
862
4564
2954
4146
1820
1305
12
2482
262
2948
4871
232
2113
1464
2192
4467
4044
3187
1373
1586
1307
1930
3098
4144
4976
4386
3234
3796
2321
4197
3996
1490
817
4568
1967
1479
331
4214
1775
4098
54
4021
2919
614
152
1389
4461
4036
391
77
957
151
3094
94
2878
1328
3735
1276
4125
3698
358
1787
1182
349
1494
2856
2413
3196
266
729
1471
4036
143
4794
292
3288
4595
3484
1793
4279
1355
1828
3040
2992
4858
1261
734
1261
3308
35
1861
1856
1874
3095
1691
2128
2468
4309
4847
2914
1243
4223
2549
3801
4778
2873
2782
1458
639
3956
2604
3505
3744
2794
3752
838
2542
4910
1482
2248
317
3135
4699
1916
3476
3113
4528
4801
4868
3618
909
52
625
2335
1673
4377
4158
1337
1661
2393
4481
787
3127
2705
2373
271
2433
1757
2637
2974
258
1411
551
720
3440
4438
2665
346
396
1923
4001
1441
1923
4384
2952
1121
2098
1279
358
2681
211
350
3262
1913
4134
2592
1942
3044
2263
4458
4875
2502
1106
1731
1375
4704
4360
528
4217
82
2048
766
2516
1246
1996
1819
3836
1938
1247
1089
4643
3561
3096
4793
2236
2408
694
2995
3004
115
1633
1298
1419
2608
1666
2638
3746
798
3918
1276
1584
1039
2342
686
900
2490
3490
3331
677
4759
4406
219
3247
1381
3119
1101
3728
1222
822
547
4091
2501
1453
3538
2126
2644
4075
4727
959
1863
1692
562
1702
827
3442
1266
3154
2512
4480
3557
4049
1806
932
1106
945
362
662
938
3066
3309
1205
4968
4458
3654
1622
3126
3938
425
524
4926
3145
211
251
1557
4491
883
2353
121
2067
2869
1492
4259
162
3818
1515
3918
1101
1871
3856
4006
4192
357
339
2533
2437
633
4486
3818
4173
1697
1916
3802
4164
206
1035
3642
4852
1334
2331
4481
465
868
2000
4713
3267
465
1633
3090
4020
3637
2754
4087
3136
3979
4854
1256
4633
4637
1045
4148
4269
413
587
198
706
2469
1826
1410
1219
705
1783
3946
4011
4776
1426
3296
475
2271
4319
2150
4735
2368
4001
4172
3077
3929
2386
272
4622
1941
1429
1292
4210
3035
1627
4741
4709
1888
1961
2187
2296
3584
3488
215
4192
4627
1077
4074
565
4076
2139
1993
468
4632
2348
3672
4513
1904
3186
2908
32
2251
4577
4683
3955
2756
2707
1724
4145
1276
1870
1011
4744
1304
2081
331
4103
2358
3555
2308
3315
4113
1845
2815
4129
4050
3873
1649
3473
3519
606
1152
641
4260
100
2400
4828
57
568
868
3352
87
2537
402
3931
3927
1328
1004
3404
2069
3911
4322
4164
1743
4483
1105
405
2626
3233
3051
1531
3293
3055
2415
1910
4243
1553
4602
3554
3844
4684
2103
4054
2524
4041
2225
2297
361
169
1164
2480
3041
4631
4811
2972
1913
4121
3438
1723
469
999
1109
4167
1080
2836
1054
2160
2868
581
560
1683
2229
7
3271
2472
4916
567
3579
1725
4142
2274
4368
571
2791
2350
709
4089
1791
3934
4446
4442
2936
2023
3125
3301
516
2862
240
2240
988
3641
414
2886
4673
2786
2760
1217
4753
3164
4933
1793
2001
3468
3350
4931
3561
2474
3756
648
4564
4328
853
85
1602
2106
4805
4430
3723
3716
2948
420
2428
3424
227
883
4491
2930
4476
4981
4728
2239
1540
1669
2492
281
19
925
617
539
4145
2909
567
4455
1164
2835
4634
4081
4585
85
3258
1068
2332
2916
383
1899
1498
1707
4854
3869
1609
404
3015
1663
2319
2165
3699
4961
295
1671
2199
1591
4880
3218
2891
3087
2884
1642
2913
1486
309
1859
4193
1136
933
1086
973
139
1824
3457
2805
2936
3407
4693
1102
243
1722
4939
2041
438
2423
3987
2647
1789
1272
210
950
3008
4221
2477
4237
2296
415
4763
789
4057
864
3595
3108
1952
306
2986
2214
4239
439
1947
3004
2537
220
4742
830
2337
850
532
1894
3241
1779
3124
3644
3451
1431
3457
2807
1022
1760
1593
3239
2528
1804
40
3585
1432
1209
559
3469
4673
1192
4759
2159
3476
2219
4177
1978
76
703
2041
4987
227
78
417
2326
963
4205
2268
4005
4724
1538
2748
563
4937
4027
2786
3956
3484
255
1058
2896
706
4096
1545
3459
3065
3427
3562
3454
3547
2550
4658
6
215
3270
3597
225
3075
3884
3003
4382
3039
2938
1055
3962
3247
931
3920
379
2366
3419
3553
4039
1217
2748
4043
228
494
4220
359
4202
2604
4496
1513
2226
1797
2102
4718
3456
4202
55
3353
4403
3570
4426
2662
4178
3728
2000
4229
4953
2411
442
3762
339
905
719
509
2878
3309
1954
4493
1911
103
2319
2368
630
1475
869
1022
3539
2316
3207
3440
4619
664
4529
2009
3904
702
2781
4852
4308
4536
1983
4999
440
384
139
4072
3430
1364
1672
2850
1515
1054
582
285
4679
4921
1622
1909
4465
2953
3096
2158
809
3510
4973
942
291
2996
694
4374
4814
916
1860
3923
4483
4251
4108
576
4565
4191
2574
2068
3786
1990
3305
3387
3496
3457
3265
1390
4702
354
3731
895
2972
405
2899
817
2940
1753
770
2325
1245
786
4841
151
1941
1743
1103
4474
3178
580
162
2960
1235
2213
3626
1292
2355
685
2574
2881
295
4788
839
3543
2317
3821
2977
4124
3542
3391
3765
3642
4407
1595
2908
2852
1865
2319
4054
4858
4144
2027
2634
4218
95
2690
1457
2339
1551
3493
2702
3171
718
675
2208
4903
4408
432
4173
4018
855
4432
1185
1996
3696
2787
1544
3644
2795
2845
4746
1613
2080
2024
99
2384
3382
1127
1109
3539
4309
3088
3217
3701
856
4321
2448
1462
4307
1813
4868
782
2388
3045
701
2840
3613
4775
1537
2107
803
2644
1788
1053
1808
2323
4027
1879
3195
1859
4627
4844
162
3902
511
4204
140
4167
1309
4800
2909
2999
2676
3161
4771
412
2176
4668
1007
2651
1516
2451
3894
4293
4465
2785
529
3646
1955
2923
4127
3581
2638
3871
2862
258
1631
3970
4131
2694
4730
1136
1548
375
422
1856
2544
3702
4252
3763
3131
3366
3332
813
4193
396
2403
746
2338
3884
2154
2233
1496
4768
4616
896
3621
4504
3367
3947
1635
685
2005
3029
3094
143
733
1930
2173
3316
554
2667
3122
2313
437
3931
3522
1421
4963
3568
4658
3966
3697
4909
2907
829
2217
3805
284
2602
87
3510
1544
1113
1549
2320
2459
2404
3716
2360
1959
3281
2612
4748
1222
570
3131
4262
3751
1843
1957
795
4227
4474
3854
870
3325
4013
1128
2029
790
82
4323
961
1895
3587
3345
1355
2036
3708
1794
4161
3758
275
3971
1515
1318
1418
2080
2861
4930
4732
2087
133
2531
4650
4001
719
3444
3826
1169
1311
4785
1994
1664
4125
4959
3761
4000
719
4277
1584
4718
796
3587
1931
2767
1640
3211
2710
3019
1358
4582
3771
4068
3490
72
1187
85
1569
3085
265
1245
1061
546
4933
515
4523
1528
3368
721
1102
2037
1380
1989
776
4519
2908
127
3923
2092
3894
1955
3480
2563
4463
90
3579
2437
2665
1077
4810
2103
4487
409
528
3048
875
3134
3245
439
2826
3760
2450
444
76
4631
3657
870
3231
84
1809
3747
1052
1014
2509
4246
2609
1414
3871
2991
4561
1746
2645
2836
605
361
3092
3637
1855
3050
824
4888
2719
2833
427
1558
3728
3135
1063
2155
4251
1697
2126
3041
2811
3699
319
3813
3487
2748
2964
19
3331
2376
1725
444
4412
2572
1262
2240
3761
1965
263
4917
1587
3188
3580
3081
1087
4037
2591
348
4614
1576
3736
2518
4742
4850
4194
4011
2426
1508
2478
2778
2123
1770
1781
233
627
4929
2406
1194
3484
1838
2527
1222
2258
2334
4795
300
1778
54
3668
821
1961
1081
944
2449
1381
2940
2164
4427
4510
2251
1684
1027
2838
1789
2890
2945
2866
3528
4465
2731
3787
2460
3793
4711
535
878
1957
3208
1868
1656
3834
3309
2868
1097
380
4467
2387
4678
959
3057
3369
1301
564
4677
2391
2474
4166
378
807
4291
2462
956
1295
1403
2877
1140
2382
2189
2677
4874
2240
2078
2644
616
1544
686
3554
921
1166
1296
3453
4994
4463
2570
4489
4887
1082
609
3128
1113
498
654
243
2342
1466
3046
4153
1137
161
688
1488
2831
4549
1473
1415
1702
4669
3480
4569
2417
4814
251
740
4670
1787
1091
2932
1675
3746
4834
3093
3767
4659
4036
1588
3600
2157
3105
590
2329
779
932
861
2710
2385
191
2018
898
2137
3848
4519
3573
3045
655
1594
250
494
714
2974
2588
2107
4372
834
3864
2289
1772
2365
1186
2211
1863
4462
691
594
910
612
663
286
2807
1636
1784
4989
1164
2106
4517
4464
3316
1485
2759
3663
2075
195
4548
294
2037
4633
4594
4093
1648
1282
2252
4089
52
4343
290
4245
4727
553
4840
4678
694
2145
4982
420
3114
4022
1969
2649
4573
4659
4430
3950
1892
755
342
2360
455
4480
1430
2549
4255
3835
4032
4378
4022
3590
744
2991
1865
591
1453
4633
1752
960
2095
4812
2461
1477
1748
3056
4753
3389
4297
4227
507
3361
959
3234
2491
2325
515
4076
1910
1989
2153
2651
3570
1799
1933
1564
1327
2626
1029
3012
1777
4773
1089
110
1622
3767
2537
624
4376
1740
1346
1504
1325
147
1237
2146
3389
799
2155
295
839
1192
2297
348
4325
1317
4676
4656
4223
3244
4059
1290
4313
4658
1219
1622
2801
1417
2587
35
2418
3298
170
4280
4026
253
4724
4256
2689
2320
1932
3984
539
4553
2790
3134
2564
2110
1709
3775
1079
3
1413
1641
3435
4243
1870
1382
4764
4250
283
709
4275
1128
1294
846
1394
3254
2045
2218
4312
1404
2252
808
2823
2916
178
3769
365
427
3835
1315
4489
1498
1610
1082
1876
3640
2274
3026
1545
1244
3835
1693
2974
1638
425
1295
1468
2022
1896
1080
3079
356
430
3716
1551
3511
3064
2118
1739
2776
3219
621
4563
3269
3656
1668
1273
2244
620
1429
1081
1353
3460
4959
4452
1854
1572
2880
2641
4406
4795
1848
316
1439
1294
2123
1004
146
767
2933
2664
1787
3882
2604
2342
2243
3491
4458
4773
3029
2960
4416
2840
4088
479
1110
612
580
4785
139
2759
1159
4619
2196
3128
467
2479
2613
2216
1821
1691
2574
3421
62
2920
4646
1997
3458
3413
3590
3024
21
1232
3974
3100
1349
580
1363
2775
1237
3299
175
2229
360
2629
3642
2140
4810
3110
3915
2351
2008
2473
921
2740
3804
1432
1846
1776
1425
50
1834
4861
475
3710
3547
4710
989
4676
3203
2394
3190
640
94
4323
4539
1047
1125
2123
4629
3773
3238
1614
2354
3857
4757
3273
935
3621
3283
2633
2052
2424
3677
2356
4855
1150
2826
92
3934
218
4007
3651
3531
2015
1161
1108
2635
3000
3968
1703
1849
436
538
1324
3507
4043
3129
112
1015
2050
1562
1001
3352
3388
1615
3123
919
1071
2781
3248
4802
3953
1589
1798
1841
1043
1258
1509
477
4707
2016
3587
1193
2945
3399
328
658
825
3118
49
4947
4475
348
4094
1322
750
3877
1357
1200
2651
155
551
4610
677
4367
298
1208
2693
2300
2949
281
473
1393
3788
4565
2506
763
3096
856
3303
4161
3271
2660
2668
2014
2318
523
2464
2775
3086
3312
3509
1383
1511
2889
1308
2594
2588
684
892
3070
1866
2256
1843
3811
1464
4334
3273
1894
1984
4064
4996
4942
2225
4453
2071
1141
3064
3642
1203
4634
932
3510
443
4821
3855
1119
2305
2384
1177
4596
1275
4770
4200
324
3184
117
2980
596
1380
390
2916
10
990
883
3876
433
3800
3918
4071
4618
3072
4202
3149
2379
2447
1834
2514
1297
3028
3644
3365
2957
354
2838
1989
2057
2746
3664
3568
2516
69
1486
1157
766
1570
4609
1023
3479
337
2438
3772
1488
2459
819
3372
1370
1905
3225
1905
4974
98
3571
4381
2181
835
4248
1953
1920
4266
891
2065
2477
620
702
4029
4256
781
4611
3739
2778
498
3291
4236
2013
2022
10
4086
4477
1893
3531
1233
3295
4255
4889
4015
4079
4957
3774
1703
176
1217
1172
1515
2877
1000
540
996
3955
2972
4583
1162
4846
2775
4892
899
2294
4219
275
2490
342
1776
2128
2083
768
1936
2125
2791
236
1107
3511
1839
4417
4307
2294
3650
717
112
4352
2534
3974
1573
2169
651
3939
975
1574
3860
1240
2856
642
183
3796
1685
3139
304
2737
4017
3066
814
4979
3872
2018
170
1534
3488
4302
793
1270
628
1035
377
1237
3174
4695
42
2337
4398
438
1098
3373
356
4016
180
1892
3390
2973
2191
3010
1732
2589
3767
4966
3106
2770
555
4744
3753
3485
22
2048
731
4713
2359
2117
2183
2046
4764
1857
4540
2562
3906
908
232
4238
4082
681
889
1065
3320
1758
4397
1399
110
2309
1569
4466
3570
2735
2472
1283
482
621
1410
4239
1897
4659
2656
3088
4034
2525
100
3667
4831
1665
563
568
423
3601
1275
2070
2631
1444
371
307
2003
4196
1512
3126
2760
2846
3657
421
477
2649
2004
1102
307
3268
1238
2057
41
1717
4963
4755
4176
3199
2151
83
185
276
1834
4155
4823
3345
2158
202
998
4253
2874
3778
1436
1425
1279
1618
1590
2868
4620
2430
4132
4139
416
4929
4592
1411
838
3644
2850
2550
1641
446
1936
415
509
1285
28
3576
3755
595
3585
2068
3563
1491
1140
1977
168
3638
2291
1130
4439
1633
2809
510
3459
1329
2129
2606
1044
511
23
3284
3406
4038
3559
1351
400
868
3957
3650
4464
3650
2179
385
3757
657
3815
1904
1942
1106
4148
4979
4654
263
1741
2686
2351
1788
4793
2943
4326
2540
1852
3026
2241
2783
4248
2448
1490
2556
2970
3220
609
4633
2543
749
4077
4604
1475
3016
808
3038
936
2753
3415
4100
2656
3993
945
472
684
4778
4241
1240
3072
3882
2096
4127
4038
4128
960
3307
2534
2593
3036
4593
3140
3986
3124
4200
3772
365
974
569
1555
2057
1378
3622
254
2700
3620
738
3703
995
3028
3879
3503
4282
4133
3437
3410
1658
1511
3933
3583
3119
3738
2770
1212
1821
3967
2505
4005
4563
4019
3198
3856
3474
3535
937
4614
2536
2393
3839
4427
1156
4286
4635
3922
2962
1148
4653
3089
3602
2372
2255
2399
741
4168
2242
2080
3633
1012
2122
3657
269
4946
1945
2510
1671
1982
301
2271
1945
4844
1135
2377
929
1442
4454
2809
4464
88
2248
633
4671
3319
4890
1420
2178
4473
3696
4360
2428
4969
3850
2676
4444
1469
4207
2777
1367
1900
4700
2360
3399
747
1172
535
3040
1453
2826
1460
3863
4932
4133
115
184
1327
3855
3584
49
2687
634
3737
4528
3360
4186
1590
861
3296
559
4397
4861
2651
4724
4922
2499
3428
1356
985
4882
2367
3709
1187
3568
4923
1842
2824
599
38
959
2550
2816
2908
2407
835
4780
1381
1118
3412
4170
958
1351
194
659
330
1733
2054
4413
1479
3588
3052
4475
1673
719
1184
4639
1039
1941
1940
905
3575
4246
2813
3347
345
4894
2507
4059
3716
2582
2843
595
3900
747
998
3113
3852
483
813
738
3199
2574
4969
3977
1827
448
2079
3284
896
2610
484
1107
1381
1735
2017
708
4373
2376
2561
3188
2057
2286
632
328
4513
4611
4436
584
1342
2284
1994
3126
100
3204
2736
4075
3284
3301
2637
4011
249
1097
1701
4955
3293
4342
1437
3464
2493
3115
1748
1379
1740
4393
1664
280
4186
490
3004
4171
2034
2405
4094
1820
2416
1106
4377
11
816
3134
326
1827
2183
1563
1479
3994
752
3358
1211
329
1503
3001
4012
4173
2993
4725
1468
2161
1095
29
701
33
1816
2726
1782
2712
2560
1815
3738
2573
37
3237
2943
4261
1287
476
4829
1704
4845
3070
3605
2537
68
3909
2846
3442
1630
4285
901
2389
3883
137
934
4766
103
2078
3768
4483
1842
2140
3364
3910
3397
4987
4397
4149
4677
2414
3681
3757
1377
1517
3333
2353
2308
924
2513
1937
305
569
759
2303
1694
3676
3726
1776
2645
4230
2789
339
3808
3708
1866
3471
4221
1157
3034
1523
3686
4563
4623
236
119
358
2215
4998
3209
3117
3617
2107
1616
3400
2813
658
3068
1291
3591
991
2194
596
4364
2288
1792
4951
2342
1935
118
345
3457
1464
3465
554
1851
1601
2792
2044
1677
3787
3418
2864
2277
113
2489
2609
283
1291
695
2399
362
827
1592
4760
2835
1740
688
1263
939
3686
499
1295
2831
2713
1540
732
2594
1755
3704
3223
2617
3059
3886
3079
3747
3110
489
2616
4570
2210
2637
3911
4439
4966
1947
2261
2305
4227
2162
2520
1940
4825
594
832
4110
784
1019
4161
1056
4722
588
856
2546
948
2612
30
410
2667
2781
267
3102
3016
621
1945
1908
4523
1757
4935
3257
1442
3191
950
4759
1358
2144
542
3947
3785
3111
4766
2341
3741
614
3832
193
479
4199
3209
270
2687
1277
2616
811
4969
2179
165
3880
2193
377
978
2564
2252
4871
2254
2343
1518
4039
1681
3939
4519
2376
4417
2092
2286
371
4214
2677
2026
2713
2517
4972
681
3444
3783
3157
3830
3895
4626
4759
4398
500
1298
149
4530
449
3246
3257
801
739
56
1476
3700
2345
3895
1268
4849
4643
645
1719
2050
2359
3768
4446
2853
1890
1199
1000
4456
2704
2779
3891
4323
308
1162
3816
4196
3975
4948
3818
2369
1817
4859
1288
29
1044
2062
842
4757
1666
1680
4901
1325
1335
4818
3112
653
2408
2790
4359
1980
167
1203
4563
4971
490
3867
2476
582
1511
1984
17
4863
3029
2716
4807
2894
831
3003
2159
4542
2727
2489
3707
4231
444
2858
3261
1834
4805
4508
4121
2609
2647
848
843
2166
279
1923
3743
3812
4661
1873
2228
647
4969
1334
4391
2712
4754
2439
4873
4916
2235
4651
4074
4732
2798
3938
3246
1080
4986
467
3003
2397
306
2770
398
4741
4383
19
2278
2287
3014
114
3128
785
1054
2225
556
4099
3936
2830
4795
562
1365
4833
1340
1296
103
980
2164
878
1866
2135
2684
231
1501
3146
2973
4198
2335
4453
551
4653
3223
1679
718
4754
1152
1467
1121
4472
4639
4533
2126
3215
4007
4781
2836
868
3088
4368
3821
623
2693
2657
983
645
3856
423
2626
1977
1808
3793
3166
3155
1394
4415
641
781
1401
141
1013
2755
4544
3931
4258
958
2977
2193
3789
4160
4768
37
223
3625
347
2355
4947
4699
2218
1975
269
3933
4683
4959
3163
2835
3237
2376
3350
940
1827
1258
761
4395
2241
3412
49
4370
2977
1149
3277
4328
3984
105
784
2801
1982
493
1965
4190
159
3550
3762
4464
4659
349
1439
1488
2145
1505
2454
153
3493
4548
2430
324
1636
3196
425
1758
2510
2365
1112
295
417
2049
860
726
2651
1031
4325
3737
3595
2816
1238
2415
732
1815
2748
4991
2527
1707
3432
1703
845
3283
4638
2921
4502
928
3148
1664
3142
3688
1117
3976
3812
4232
2870
1002
1760
4306
3872
4973
4273
3994
3072
3565
2360
7
4129
4872
3822
2236
555
3818
3567
3044
3534
1374
1660
1557
2818
89
4186
2293
607
2768
2880
4099
2561
4123
376
1574
1810
1296
1851
1433
3591
1576
4486
333
4875
3025
2626
1120
2348
2402
1917
3949
761
1433
2037
3141
2092
226
687
1144
829
1485
4034
1644
2129
3744
1630
2143
3083
163
2652
4856
2315
4752
48
3452
1188
4444
1176
4705
4493
1021
4856
4492
4489
4745
2904
3723
1261
146
885
4189
478
4758
4067
2459
1305
3649
3102
514
714
1433
4281
3055
297
2976
764
2006
3919
2748
1483
536
121
1436
3982
290
964
1514
1093
1716
3840
2187
1158
589
3281
2204
1695
2605
148
4995
297
2272
640
2084
135
2908
1919
1957
4549
1543
3734
4939
614
3319
150
2163
3038
286
2381
4937
3707
2433
4240
2869
3219
1447
4101
4798
2989
2250
4173
1736
4692
852
1933
1589
2983
2313
1216
1205
612
3137
3067
2813
1942
3370
1883
4833
217
2930
4128
3812
3355
1968
1415
3692
3374
2217
4861
549
2478
1443
4964
2308
588
156
2158
32
1201
1913
4002
1944
295
1685
2029
3469
388
708
4194
1055
1365
459
2883
1960
2211
1215
2015
3773
51
2269
2097
3675
3017
3919
573
717
911
1425
3668
931
2580
1497
1217
366
3966
4243
370
3621
3594
3416
2429
3957
4099
1317
4398
613
2817
54
1662
3105
557
3898
2096
154
3523
1478
2679
1483
1734
3535
2247
139
1992
3839
4731
3872
2300
666
1923
4722
3137
445
422
2349
1383
2942
1885
1792
663
602
2715
3576
4529
1471
314
4767
4278
2732
2398
2046
213
2826
2362
4755
4527
4930
4637
3845
3604
4701
4719
1928
933
2681
1768
4051
2707
467
3753
1734
547
448
85
747
3089
1051
4085
3611
2255
3474
3722
494
2653
2031
4244
1066
1521
3458
2618
1189
2878
3041
1266
2561
3938
882
1779
4496
4832
672
35
868
617
2874
4138
1690
2718
2260
4843
2067
145
2958
232
3256
1591
1884
1783
1218
1927
4738
2769
3689
3613
2020
924
3732
2729
4562
154
4934
896
548
4011
1388
469
2181
2684
675
3491
2849
4685
4669
3992
4727
1158
1513
834
841
3559
3642
596
4562
4596
3548
3658
4176
28
4030
2372
336
2115
483
1416
4199
2177
275
4153
294
84
1761
267
2442
3449
2975
672
2221
630
4074
751
3851
2864
2707
3862
4576
2423
4679
134
2438
3051
680
745
3347
3529
4878
3986
4568
3747
1041
4621
2313
3083
1647
266
729
2153
2525
4143
3596
4396
1509
2168
1939
343
4592
2956
3559
3724
916
4716
3798
682
1460
1128
3249
3932
576
2266
1206
824
1510
2171
1415
4562
966
1223
2884
444
1504
3383
2168
3956
3853
4671
3123
3731
210
2551
2031
668
4376
4321
4526
4425
4356
2968
3547
4388
201
1078
1896
571
472
1250
2946
800
1273
1698
4395
1906
3681
3913
1741
1339
3551
2046
3716
1558
1126
453
3781
2717
1254
2865
23
3884
2800
131
1923
2935
4738
4116
3316
421
1892
1876
1908
4530
725
1573
2150
3034
2885
3775
3246
2717
1648
1825
1068
2281
465
528
556
513
1941
3395
820
3094
1423
3923
3779
530
3192
3672
561
1247
3404
1112
1275
2517
334
4652
1522
1510
3689
2711
4127
245
1052
1431
4807
650
732
2432
1026
32
1728
2100
2033
4731
1747
3378
3025
488
4375
4117
2592
3247
392
438
3207
2049
4018
4442
2397
4266
3013
844
2398
3671
4714
1854
2334
4737
3778
303
1442
2951
1607
1629
1659
1565
1989
1186
4062
4855
794
331
1714
98
3664
1128
1574
4587
4345
847
2159
3753
3145
4248
1609
3924
2459
3839
1234
1574
3958
3267
2172
208
3977
4315
1912
2624
3519
3738
2640
3998
3142
522
1664
4465
3630
700
2065
2398
62
1704
51
2777
3736
4025
142
1005
2292
804
4523
4416
2506
3841
4153
4135
3723
451
1221
4378
1092
372
1586
4124
31
307
4390
2192
2328
3431
1870
3605
835
707
2524
1003
1614
1929
3569
3289
1482
3778
3985
1180
1054
514
2770
55
1627
2471
3624
1185
518
4617
26
3574
1274
3202
1938
2212
2663
3541
4749
2327
4047
2088
2488
4403
2806
3712
1324
335
936
2906
3744
4563
4075
2620
2295
4493
512
4883
2512
3325
2692
2724
54
1691
646
210
2357
526
4751
3428
1696
3553
3337
257
4021
1515
3294
2321
1736
4991
1606
2633
3856
77
1608
3886
4446
1283
687
4805
544
2858
3819
4768
2012
1317
3708
4406
4502
992
4426
354
1087
2011
3777
806
2734
3550
2805
3766
231
4926
2730
2780
1322
87
3112
2779
4173
3103
1550
4181
1717
4661
959
689
3460
817
4404
3576
1343
962
2312
4607
137
1365
4804
1725
2565
3385
2172
1163
4377
3533
4813
3134
3511
1773
1100
3323
3617
3295
1967
3445
1604
4410
619
2205
4229
4207
2664
2491
3683
2471
2309
3763
4305
489
4798
1215
1034
2235
4794
734
2390
3996
184
1981
1978
4340
3322
2592
3823
4359
1881
2055
4102
1142
2586
3256
3205
2137
3711
2513
757
4589
4950
4064
2362
1262
3513
2202
2253
1545
388
1868
1088
4732
2565
4892
4248
969
1343
2380
1982
3961
1960
468
2001
3652
364
3834
4605
1740
1766
1701
2172
3385
3688
693
3496
352
0
1552
1715
966
528
3211
3277
3954
1530
2785
2546
1438
214
1862
4022
580
2868
2983
3310
2244
3107
329
4261
4079
4493
902
281
3878
1443
4855
818
1700
3160
4565
1305
3249
1241
1330
2451
4861
274
1862
2491
1417
4838
2477
3455
2952
2011
102
21
2861
3635
3813
964
1339
1220
4128
3768
1842
1030
3452
566
3330
2739
1978
4855
4117
4363
4361
3663
1916
4125
4875
108
1433
2771
2912
601
3348
882
2775
670
251
4894
4409
180
4478
3086
917
612
3909
1770
2000
3941
1031
804
328
109
1646
3152
44
3829
4631
3038
2001
65
4972
3026
2001
3407
2834
3918
4776
836
3405
3652
1500
2487
1282
1886
422
3987
4259
2780
2310
1320
1769
4450
3767
1117
4146
4663
132
1789
4874
2594
914
4840
1284
4600
3375
1301
148
2206
1500
3621
3218
2348
955
3527
84
2979
3100
1386
2037
3863
1186
1327
1802
3205
1230
2310
2400
4140
889
2987
4264
4079
1563
3066
4580
1708
969
2107
1027
520
4482
4643
3354
2599
253
314
4314
4835
4250
1522
2841
3660
4019
1070
2422
3987
4438
4143
2274
4811
462
264
721
3178
3205
2400
937
4848
2963
372
1208
3211
23
3846
4838
1395
3807
4809
2989
1556
2372
1837
4738
153
14
467
4959
2246
4649
2859
2975
2948
2094
730
692
4689
3224
4419
2126
3416
1158
3268
1489
767
1810
2085
3486
559
3359
2919
1899
4546
234
2067
2221
3088
1960
3930
3738
3143
2221
4490
2840
4446
4286
1587
1538
3325
2556
3675
1379
180
1657
3654
4084
2326
3541
1192
4576
1798
463
4665
4204
575
3917
409
4869
4310
1037
3997
754
3124
4012
2369
3548
17
2951
636
925
1645
3913
287
214
972
2475
1041
4266
489
3642
1919
1768
3488
2161
2733
3002
3356
568
1724
810
4213
4983
1823
700
1330
4353
1044
4779
2544
494
2285
1868
1311
3262
4613
61
1275
1006
2828
4743
3775
828
1554
341
1024
3144
1190
612
2665
4109
3660
2394
2558
2793
308
3777
2211
290
2098
4828
2449
2246
634
1082
4058
1531
656
3811
3707
545
4671
37
4675
1262
45
4444
2600
3514
4221
879
638
4910
1511
4522
4846
1919
2309
4643
1505
3021
3655
4243
4475
4934
2873
2078
4624
2675
1353
2295
628
584
4573
2031
620
4005
3476
3996
4752
551
1946
4177
4465
300
1468
4304
4599
3552
1827
2558
3972
4786
3824
741
4887
486
2143
1501
3594
1333
1088
790
4889
477
4397
4524
2749
4383
9
3179
2424
4776
198
257
2522
3338
3666
1884
2326
283
617
2959
1247
1469
1887
2333
2441
2313
3079
1816
263
1309
1661
81
420
4934
2316
2703
4438
1664
3712
4769
3910
4415
2803
602
4638
626
111
1349
4930
671
1681
3249
2432
1599
4321
1002
3233
4427
4922
3372
1317
4329
4872
3942
3402
4274
1444
4196
4631
530
3990
2285
4312
3401
2719
404
4529
4548
2421
311
2440
4197
4736
1245
2243
3375
256
2473
4557
3563
3785
3373
4239
1802
3498
4453
2722
4366
1201
1735
2537
2735
1718
2499
411
1286
4583
1027
1904
3510
3420
1122
2372
2044
1855
908
1708
1791
3536
4132
3946
2792
2237
1031
1456
3228
862
1653
2974
409
1711
1027
3123
1842
2443
1260
4778
4381
3974
2748
3634
4620
1304
993
2431
2943
1306
2889
4344
793
4835
4746
1848
3132
1113
3670
1810
4113
2921
2674
2967
3972
977
4843
277
3019
3725
4646
3666
3338
2151
2676
1252
727
1697
4126
4981
2648
1890
3791
1889
1938
3757
2658
60
2487
1590
4298
4040
365
4547
2111
2368
3738
59
636
3015
720
4806
1845
1271
4364
3602
4193
982
3630
2226
834
2280
3633
1344
3546
592
2037
2175
547
4894
1813
4289
3862
1392
2694
3242
3980
1006
1050
4835
887
4996
1783
58
2477
491
787
3002
2393
491
3557
2634
2938
552
448
4642
413
3562
3235
4934
805
3654
3516
3226
1066
1432
3167
3387
2486
1584
1230
2140
4111
4006
3793
1894
2384
495
1883
3242
680
2766
4416
3061
4941
1052
3095
4725
272
2428
4471
2905
3503
2313
4867
809
186
2255
2418
4215
1027
1028
2460
3927
3900
821
3864
2648
2655
4839
4480
973
2948
733
1324
1907
3623
979
4872
3194
79
1460
2464
2130
71
3601
4076
4897
1147
2793
4800
274
1416
3063
400
4786
1946
4531
2695
3271
714
1000
1840
3786
4583
1819
1215
4219
1405
2094
4168
1659
4548
4698
146
2333
876
3876
3332
737
4270
3763
777
3193
1147
1409
85
2388
2549
4458
4748
1373
4650
2819
3439
149
2728
218
267
1366
2838
1092
807
2886
1117
544
1041
3409
1957
4604
4520
2035
3311
3893
1264
4484
881
1900
4948
3596
4892
886
3603
2122
3032
1438
4409
1488
1718
1623
804
4055
3886
1323
2510
812
218
123
69
629
4995
2100
1026
4756
4559
3974
1321
3868
3905
2960
459
388
1067
607
4693
1003
2052
2270
2405
2981
1681
1877
2611
746
156
1276
2118
4422
758
4498
2036
1188
872
4485
3944
1401
41
2866
4059
4616
3244
787
1103
2535
120
2821
32
4438
4324
2551
596
1155
2469
4961
995
4554
2382
1284
1374
2316
4930
4558
1044
1140
3490
2417
1745
656
1622
4101
299
3678
1124
645
2035
1983
4168
4842
4374
4360
2059
3899
1773
433
2769
2011
4894
1255
187
4118
102
1973
245
3260
526
4949
4386
4385
1265
3110
4378
2085
631
3108
3732
1019
1088
1927
4393
373
1429
4314
3385
577
4235
2459
859
3252
290
2880
3992
388
63
163
2008
4184
2027
4818
3665
4114
3238
3219
15
301
4217
3151
3094
2282
4793
1407
557
4324
2529
2735
219
3574
2143
3906
36
1652
2143
3809
4093
4537
1929
2602
3190
416
1621
1266
3600
4058
4736
679
1116
102
608
1359
2973
2131
795
1993
4310
4006
1543
3986
2057
953
2837
3401
4232
72
2609
4236
1378
4851
4036
2631
2409
839
3453
2739
4576
901
3936
1656
2942
242
2700
3501
4246
730
4504
761
1436
891
3558
1380
2334
3405
3634
3137
2101
4524
1567
3748
3744
1345
2814
3498
2861
3053
4422
2907
962
4796
1461
792
3772
3236
4610
933
3776
4035
1856
4890
1948
4893
4763
1747
837
3160
324
1382
2796
2438
938
2666
4522
4184
3686
372
4393
3217
4650
2448
3358
1332
4212
2957
2356
2224
2257
2851
2794
2049
1976
133
2365
3309
3271
4693
2407
448
2627
3897
474
1401
3568
3163
3989
184
4908
2706
4941
2610
324
2292
4765
1960
60
698
527
1072
3749
269
3284
2065
86
1617
211
510
4765
723
3812
1567
1666
1305
917
1256
4556
4199
4757
2468
4741
2181
506
1606
3607
953
385
3769
4831
697
1235
2439
2486
3065
1782
2381
3774
2084
3810
645
3497
1793
61
2321
716
4466
2869
485
3217
3950
284
189
902
2886
1655
1015
192
4315
2441
2766
1054
4944
3014
612
2008
3079
888
2099
2663
3839
2364
202
4750
4181
1703
2157
4916
1110
309
4978
3505
2566
2074
1193
4866
151
2991
4770
517
1280
1687
4191
3573
2470
4616
719
3796
2115
1009
3840
566
2151
2628
1563
3425
2493
2266
1966
4133
306
4940
891
4858
146
1346
460
4081
2108
3017
2476
1037
4533
4426
2360
384
68
425
2804
3011
4151
2224
2931
2696
834
4322
74
448
4733
477
1578
251
2269
4036
2607
4033
4674
2109
2754
1487
2904
1293
1149
1974
3896
2838
574
2628
4938
4410
807
994
1499
3621
4381
2139
4009
4114
559
226
4543
4028
1549
4803
2152
4290
4165
2366
1706
895
4865
4027
1284
2134
1191
21
4966
4410
4598
4848
2106
4588
2392
771
3284
4960
3747
3670
4982
4493
1081
441
3129
3604
3642
3479
3108
4222
3987
1626
4048
4018
3444
4186
3341
3423
4858
2427
1493
2829
4483
1194
871
3913
3362
2169
4966
1202
3519
2877
704
2760
725
256
451
3487
1709
279
918
3666
512
392
4472
3873
3208
4704
3868
2507
1390
793
327
4896
140
1296
1471
1872
1104
4208
540
4994
1552
2322
2758
198
281
1412
2142
2513
2394
2120
2474
37
3090
1687
4066
229
3571
4202
4658
1915
2151
1989
633
626
2093
2925
4182
4728
2618
1619
3362
968
3731
1031
3261
963
2816
4650
3971
4103
2316
4935
3820
1412
353
3020
605
4985
3802
4170
268
4201
943
445
4085
1914
3237
2928
4380
1528
2229
440
3555
2422
1944
2180
1135
3916
436
3507
140
3005
2937
4107
4660
2809
2008
4764
4674
433
1837
3790
1501
178
4540
3722
2335
2628
1895
2571
4470
2511
1603
2340
3418
2182
2292
719
2876
4656
2413
4225
4636
2052
4068
4614
1883
478
268
2353
2754
2232
1070
1158
1755
807
1308
202
3084
1341
601
2598
4211
415
582
4343
325
2486
1546
2471
2260
4563
2033
2582
1145
4692
758
2859
4930
4266
4319
2137
318
866
1018
3137
4960
3700
3135
2519
3540
2550
261
2432
1096
1757
340
3552
2215
3298
4483
3127
2835
2788
1878
1077
2960
612
1349
1935
101
891
3007
1467
3848
289
238
993
1780
4068
2081
4662
891
2223
4363
2301
3912
1222
2719
4945
4514
2423
800
1237
2613
275
4971
4879
3457
4376
2028
1842
534
3555
2898
2917
3565
4914
650
4671
4654
3841
4926
1010
1673
4784
1075
810
1100
1318
136
2764
1593
3584
3947
897
1342
1143
1461
773
3914
5000
2227
2339
4034
3222
2237
3912
3715
1303
1956
3025
1595
1974
1569
2203
1973
4727
3381
1161
3239
3885
575
3806
3197
2056
3330
305
3201
4731
2146
2222
3879
1771
3794
448
2263
4745
4363
3357
3684
1898
1110
3000
3964
4579
1651
1950
601
2853
2858
751
660
260
1461
4336
1453
4554
1911
4736
821
4036
636
861
366
2774
913
541
1
2651
3194
911
1955
4325
1606
4010
4284
1840
2961
417
4617
1507
2562
451
3602
3867
2312
4407
3991
178
3869
3778
4393
918
4453
3299
3746
475
909
2299
2162
3933
149
2966
840
4931
4558
1528
1538
253
1325
1153
1505
4779
1086
4158
2990
3183
1215
577
2153
2668
2326
1174
2035
2911
2205
4059
2937
4285
2437
428
550
3459
1017
904
2862
2791
1070
2966
1738
4391
4708
1441
780
3018
4716
1270
1690
1248
708
1175
4901
4977
4218
2252
607
3920
189
1554
1975
4643
1676
2462
3541
1195
2198
4372
2031
2831
4728
2530
3210
1030
3812
945
1887
1592
4444
822
2713
1556
2750
3932
3353
1080
2958
4824
2513
2253
3841
1825
3847
3550
435
919
1163
3234
3151
2881
636
4800
3375
2371
1888
4272
435
4155
1269
996
3048
2358
2019
4374
4876
1478
425
279
3741
2649
399
4065
4937
2220
3540
217
3862
252
2462
4193
1906
3030
509
1394
352
4785
2747
225
4474
621
1812
2017
3787
4587
1010
1773
3372
1562
4629
3395
2895
1150
2583
2846
2795
4443
3879
3391
4119
3174
3828
3963
364
1241
4922
4560
3296
536
3196
3677
3833
649
3506
686
2972
3838
4652
848
4526
4186
61
70
2678
2689
3944
135
166
1745
4593
4298
423
578
1034
2581
2346
817
3920
4371
279
4006
4108
4963
311
401
1466
3594
1195
2946
345
3666
2893
1676
118
2926
132
4153
864
4567
3062
2798
2777
4487
1427
3655
3142
956
3573
3828
3691
4651
918
1424
1186
3090
2719
3329
4541
1396
1512
4958
2160
3436
143
2848
4170
2003
1582
3492
3557
139
3397
4389
699
311
1712
2101
3677
2391
891
4461
1616
1085
3267
1937
4529
2353
3793
2126
453
4320
3312
4512
2263
3097
3474
445
1331
768
4185
3587
3542
57
2054
3540
1794
2598
1661
3357
549
1601
2781
4441
3090
4520
740
4737
2614
3982
344
1268
1206
2752
3558
3102
3429
393
4451
710
3665
3541
1343
2365
4416
912
1647
345
3177
4542
3994
1166
1540
2026
3865
3354
4398
2784
4682
2646
2251
3330
692
4239
3069
37
324
1988
1235
717
2815
2306
3944
2561
3702
1493
4330
3672
296
2560
4912
4617
2505
3651
1899
1673
2028
4365
2000
3695
2335
3065
2274
3896
2363
3905
4697
2853
4172
2884
3543
17
982
830
2813
1885
4405
3801
3774
4897
3542
4621
489
1158
2523
2705
1650
3433
1629
1363
4356
3017
1661
2915
724
4268
2246
1221
1989
3909
4225
3449
206
346
1609
2327
3638
3694
1718
2855
2752
3692
4723
3881
2546
694
3391
4461
1722
1868
4908
2650
4239
4737
1897
1481
1446
42
4545
2630
4854
288
1926
1809
3995
1138
3605
4578
3827
2764
2952
4615
4717
4793
238
4899
921
3230
3628
215
1185
163
2202
3368
1353
4305
4672
3158
968
2412
3484
941
2755
3937
2084
4204
5000
3113
2424
3706
2286
2566
3380
4708
3756
4752
2180
3898
1350
3270
480
2827
2016
3097
2246
4425
4247
3088
4831
54
2054
3161
2711
872
2201
1179
1856
2628
1292
3127
4784
4280
2892
543
4345
1516
2687
2546
4925
74
83
1769
1944
1814
1571
3604
2419
2391
485
351
664
3268
292
160
864
2336
76
3249
1253
4620
1423
1565
739
1624
3594
2885
821
1047
3011
1359
462
408
30
2171
4219
4615
4037
1497
4824
1121
2110
2312
1310
2595
3999
1858
3466
2293
3438
16
4917
204
2487
4174
229
2047
4648
4237
1077
740
4996
3588
2416
2208
2688
449
2610
3382
215
4643
4001
2015
3774
1312
369
2490
3038
2891
2947
1918
4433
2890
955
3429
3728
4099
466
3106
4619
1956
297
1832
1860
1662
4207
4536
502
978
3160
3551
188
2818
1073
835
924
3325
4341
157
1185
3834
213
4017
4395
2091
1281
1224
999
2163
1656
3386
4248
2903
1859
4344
437
2120
4857
4066
672
1677
4126
2069
4436
2937
2422
2228
1014
3620
4537
3397
4899
4326
735
49
1552
1297
2796
1610
2437
4579
3243
1624
3536
4012
686
3418
4935
1059
4164
4402
1720
990
1042
3588
300
1909
2134
674
4196
1244
4786
4955
2121
3456
3680
2932
156
3413
2985
2325
3726
1057
1578
1326
3730
3794
150
1419
4333
147
4265
4002
1455
2408
4585
62
4888
1086
3371
1009
4068
4397
2142
2088
3914
839
942
1715
4590
3598
1235
4723
390
4075
4349
1613
2334
1090
4623
261
2386
594
435
195
2366
2022
3834
426
2239
4274
4241
3194
3348
2640
1459
636
4591
920
4556
1803
91
1340
4304
3449
4242
2169
2822
1166
4527
558
775
1158
3863
325
1162
4930
1206
3969
591
3178
1872
2643
2286
2804
3451
309
1693
3382
3965
1189
4359
2477
3475
1383
2567
3773
1754
3576
1358
1006
2843
4596
4347
845
1073
1160
2455
3123
213
399
312
994
3636
4278
4032
4507
1882
4230
980
3935
1346
4196
841
2932
927
3965
351
255
1157
4957
2261
2851
2600
4244
3129
4528
4663
1025
3104
280
406
3208
1092
4555
2996
3906
4417
4812
4219
4614
952
622
3065
733
4304
3641
276
4050
1274
543
3381
2310
3735
798
975
1932
2914
4250
3761
504
3291
3739
1535
1263
4113
4079
2571
910
2965
4389
2956
4073
759
725
2094
761
867
2974
2668
3271
1112
3199
2206
2910
3362
251
633
4318
4302
390
3643
3015
4985
2610
63
3889
3837
2503
2133
1946
3165
4306
1556
4650
4045
4203
3830
2149
834
755
1778
1978
3827
3789
3702
3600
4494
2653
4139
4510
2615
0
2875
3668
280
1172
2099
4519
1235
3157
1307
2018
1782
2201
4841
2241
2600
1416
3796
3600
2609
1054
3124
3483
2686
3812
3318
92
991
4577
3435
4359
2502
4071
312
4453
3210
731
918
3596
1803
4690
2688
296
3921
3081
2930
3547
2868
3738
1332
3736
4115
2606
827
4097
64
1874
4876
4972
610
1582
3699
2392
2713
4682
288
705
1596
3379
2399
2882
541
4911
2043
3314
3627
1749
1376
291
1321
1368
927
2259
1690
1485
83
3012
1546
2711
4270
1630
3144
1459
2980
94
1350
3204
4160
2330
1167
912
2601
806
456
3372
3415
2105
1021
1030
3068
1530
2721
4499
1837
3073
193
1
609
1888
380
2154
3
21
4715
1100
527
740
3831
2564
4051
2630
2031
4251
2870
2837
2442
3353
866
2903
4246
396
3927
3413
4578
1051
1069
43
651
3657
4266
2075
4197
1220
2057
2177
4151
4756
3443
1308
2891
4327
4203
3211
3359
2345
134
4529
4416
4120
1534
3085
4069
3649
887
3484
2708
3068
1936
2147
9
1548
965
2172
3250
3767
204
3151
1431
4366
4590
1721
3591
3106
4284
2920
4969
4979
4824
4023
761
3994
205
2022
4552
1757
311
4781
1570
3895
4435
3488
1606
741
1567
4799
1589
1452
3793
1258
3571
2385
3033
2765
933
3692
817
3445
4939
190
3231
2902
2928
338
4545
4355
689
247
586
1678
2699
808
1285
4994
479
841
2807
4822
2869
3463
750
3274
232
2275
979
1530
100
599
4001
2983
2905
3542
298
4237
2981
2446
1885
4965
2230
1359
3212
3106
1764
1000
3247
4421
2231
2729
1029
2104
1283
4508
1445
4299
4378
3420
4816
802
2940
4681
4839
712
1700
2928
3675
4457
2742
279
1808
2114
1777
4766
458
3084
3890
4916
3974
193
537
1131
2406
1865
521
3302
1631
4972
473
4247
3760
2943
3288
1883
4581
2628
2786
3980
4629
2667
3682
4780
4042
3331
3780
1005
2415
1934
1146
2163
1923
3616
1655
142
2981
1020
4941
1891
1258
2176
4518
1400
814
35
2599
1424
945
1219
502
1075
2225
3235
2680
1444
2569
2393
635
1193
2695
4905
152
285
2500
728
2487
4653
1656
225
2782
3990
3326
863
27
3366
1098
2622
2409
563
1009
4148
1565
4931
111
3896
1542
328
3475
3386
4943
2595
3118
4975
4802
2029
2464
3369
2473
1285
3002
2624
292
1753
606
1659
1796
350
1265
2526
3600
2135
2166
3152
4703
2796
3185
856
3913
3373
2013
2062
4010
2556
188
690
188
575
4461
3085
3842
2597
4107
429
2940
3020
3855
809
716
335
3635
3405
794
2253
3303
2642
1994
80
173
4105
2311
3909
1447
2529
4086
2811
3135
4930
2572
2454
2187
4014
3886
2394
700
1467
3846
1894
3361
770
4057
629
286
1233
1124
1780
1373
4026
3214
4856
4649
4293
2763
1654
2509
3715
3163
4715
3574
3874
1018
1817
216
4941
92
3635
2989
695
4815
4646
1569
2326
2347
4
2026
1870
777
3445
3665
1045
1058
3737
813
587
2520
527
4854
938
866
4559
499
1066
4474
105
2313
992
4865
2688
920
3764
1018
3542
4498
3052
1153
1274
3494
3278
1509
3214
2643
3868
310
1980
1085
556
3657
1330
1565
1730
705
3714
2852
1135
2911
1317
53
4267
3187
2128
2491
1665
2969
1531
948
651
140
3444
3227
3293
87
4009
4388
1623
4649
1418
2649
3414
3297
4501
570
4183
4005
1135
2036
994
1497
560
4029
1246
4618
1112
1155
1833
3675
376
4767
832
705
2830
2128
1390
2244
2461
787
3652
2290
1014
3782
1907
4929
2371
1023
3795
538
1360
2063
1140
2917
2719
1240
3938
4306
3072
4607
2779
3525
1573
1939
4428
3544
453
1587
1944
1460
1183
2792
3825
1936
1837
3954
1013
2844
2460
2791
4785
3158
2882
2414
2315
296
4359
347
3773
1539
1447
4350
1093
1288
255
1271
3126
2661
311
1026
1011
3286
1261
826
1504
90
3445
1386
519
552
3067
3166
3619
1199
2115
4103
4867
3148
236
896
1660
408
3718
571
4511
1264
550
7
1342
1399
4158
4849
4221
2230
2413
4897
1929
2712
2977
2268
4291
3039
532
3446
123
3910
434
2346
2244
3414
3081
2880
4903
3850
2942
4473
4685
4203
4374
1131
2907
932
2
1875
1627
4413
786
3092
1309
4086
431
276
4212
3941
2124
4655
3373
1788
2936
2212
2070
652
4055
3190
2059
4919
3220
3741
2775
2035
2167
662
3936
3501
966
4889
499
2006
4292
160
3058
732
1398
1431
4988
3858
2417
3422
798
3947
3727
1040
737
1713
4322
833
3194
1519
1885
369
3200
369
4980
2324
2379
1687
4139
123
2851
4431
2
2926
3139
4193
4833
158
4108
2794
3690
3447
4113
4544
4490
3906
1900
1194
3585
2545
4037
37
2662
4668
2613
2706
245
1773
304
4796
3424
4625
2720
3813
3807
3663
3014
1019
601
3256
4714
2715
1242
3447
1877
2265
2909
2477
300
4909
1325
578
1355
505
3388
1593
2854
3412
364
1705
1344
4276
4627
685
4578
2808
1218
3084
2905
4822
3349
763
4417
529
4493
1565
287
227
2233
936
2068
3839
4665
612
1080
4895
3183
1968
3112
4242
903
3899
1159
1453
4633
3786
4754
4675
3983
1530
451
1743
47
2538
221
582
3397
3731
333
2533
3716
3047
2615
3778
4552
437
3940
372
2902
2125
3797
2039
1296
1300
3618
707
3971
4372
1467
1003
1057
2989
2886
4271
4193
1998
1655
979
1586
4593
4407
1479
2278
1737
4327
1954
979
2
750
2301
755
3283
964
2435
1160
4230
581
1417
3953
2032
2483
1317
1743
103
103
2438
2193
1095
3855
2608
2545
4079
18
1757
3673
1268
3005
874
2800
522
1734
3856
1864
2174
190
3665
4291
3032
3936
4067
4504
1897
2307
232
4110
3091
2376
3929
3572
301
1226
3677
636
3078
3400
1816
2254
4456
976
399
3539
83
3468
2740
2905
3436
2503
1534
4133
3349
1196
2661
3827
1884
2452
3219
4261
2402
1959
4906
774
3618
1521
3324
1508
4183
3446
3750
4401
4256
2108
2664
201
876
4940
901
668
600
4591
3730
3731
969
265
231
3995
3649
1153
1407
3325
4292
1537
3079
3679
4886
3090
3750
3613
4004
2542
1667
386
1831
4335
1369
4903
1149
2854
4937
3874
675
2299
3996
4475
4139
3894
4789
2252
142
1691
3180
798
2046
3672
117
2279
3331
2750
3217
4815
740
3346
1008
285
2920
3716
1545
2177
3693
3164
2824
1742
3861
28
607
1918
1181
1330
4563
4818
1414
2429
2610
133
4432
589
3573
4299
2238
396
2833
101
3204
2137
4718
91
1670
4027
1047
145
514
3840
1832
2200
677
1183
625
2060
1540
4602
1218
4932
4731
3585
1603
1189
2925
3777
3571
3717
4412
1100
1234
4134
1019
1614
2528
3048
3724
2627
4020
1435
494
2809
637
2675
4802
3876
2557
2333
1722
854
1411
749
2143
2604
1826
1803
2756
876
2768
122
791
3031
1899
4067
235
551
2292
4346
2786
2478
1527
2282
1215
4499
3032
628
2046
1465
216
2116
794
606
4609
3471
1173
1408
1771
4942
1394
764
360
4154
3328
1459
448
1776
1190
1630
4470
383
2092
2865
734
4049
4674
103
3621
4709
756
3296
1292
2824
1072
4345
2671
2417
2288
3499
2057
1375
4280
4106
2727
2518
2485
2854
2625
1607
4016
1458
1840
1249
952
2859
1450
1805
4253
2010
388
1322
1824
4880
4315
2654
2036
3571
1467
1622
4142
787
1638
1017
2606
151
2053
1776
2427
1739
4492
4524
1717
768
2614
328
3198
2710
3564
3934
3818
4002
4326
4323
3819
1471
3835
3936
3470
3130
1920
467
2257
1613
4529
1663
3886
3229
4671
3020
428
628
2203
4865
3215
711
775
1669
4705
2955
675
1219
2676
3994
4824
4399
4084
3538
4158
273
4967
3754
3913
3610
4795
135
2085
793
2129
3455
879
4715
290
4449
4056
1554
3638
330
2575
3182
3592
506
1512
4379
2610
4493
1136
2445
925
2714
3098
2436
4441
3052
1049
4605
2011
4723
4084
1552
4631
4148
4691
3078
3986
1313
809
4057
4145
1065
1757
3781
4868
1289
4050
2511
1744
1759
1875
960
4753
4276
4462
558
449
3089
2156
1350
271
407
906
1132
2625
977
1449
857
1772
3228
4191
1797
3976
2959
1841
126
4997
2106
3359
4401
190
2650
4868
191
3122
1107
2336
1092
943
4374
2588
4057
4761
2990
452
4080
4716
1420
2628
624
2586
3926
3170
1767
2761
4047
4357
4904
973
2363
1119
3214
2902
4347
3715
766
4182
1293
1089
1392
2434
2070
2976
1117
2599
4206
2644
613
50
3175
337
4542
3978
85
3121
4357
3048
1480
3046
2646
1238
3712
4728
3325
1976
4113
4539
1443
1128
2516
4903
2700
1216
3163
485
1386
2923
2319
102
3312
3117
1244
4459
4567
2544
1868
299
2505
2938
1023
4650
676
3635
1877
1305
3
1134
4568
3176
2883
4660
290
1823
3332
4909
4171
2211
4582
1717
4786
2759
171
284
1231
3610
642
4543
1914
1777
791
1879
1798
3092
2839
1342
3206
2598
1322
521
949
3930
256
2684
3638
817
3228
4788
1249
3388
3227
2297
4286
2243
2575
4543
1614
250
1417
4841
3102
2433
89
2169
3377
2156
4657
4755
666
4254
44
2688
2160
1336
3952
984
3015
3974
4934
1865
3727
4254
2845
1766
4378
2179
1462
2460
369
2258
3933
916
3802
621
2996
4161
4505
840
291
2160
4808
4581
2058
112
4452
82
3653
4656
3682
3958
2311
4969
171
2615
1646
1084
2956
555
1363
4480
4270
460
921
4778
1455
3944
4167
4820
15
2240
1147
80
730
1300
4039
3272
3778
627
2365
2205
1133
3831
3431
2889
3532
4288
1485
3653
3442
4462
230
2585
1041
2689
4247
4881
1193
1967
206
3901
1869
3355
2399
4477
1167
4714
3456
2179
4731
349
1146
2208
2356
1593
2746
1745
4886
355
3552
806
871
1407
3661
3278
78
4995
4330
4879
122
2026
4007
2124
3364
4089
3761
2525
2434
578
3065
1622
2309
2670
1856
1999
4253
4540
2118
3084
96
4987
2044
88
1080
2583
4435
1347
4608
3289
4439
736
4312
1020
3821
1327
2536
4797
2085
4277
4291
2418
4796
2243
1040
4575
2638
3260
4321
3729
4696
2139
2087
2779
537
4846
1161
4518
2601
3692
4129
1435
3944
901
2840
2213
3280
2363
4269
4710
1951
276
2250
3982
4084
4953
909
2022
4238
3813
209
296
766
2358
1140
1036
3886
2832
398
4596
247
3568
1104
1912
801
39
4797
4632
2601
3441
2795
3603
4022
2880
3598
4971
1843
2785
3564
4484
1895
729
331
574
2224
3981
2633
2427
505
2288
1346
710
4078
2816
4941
4765
227
2845
4266
3342
3597
609
635
1497
978
1008
4011
2493
4504
4847
1387
729
1228
1480
2466
4413
4565
4628
3112
1056
2996
413
2039
109
1449
4769
3569
322
2591
2308
20
4831
1567
3064
3442
74
3057
1939
2386
2467
3736
3161
4982
4216
2492
4586
3585
2021
605
2528
1058
354
3909
1203
326
4689
2073
4505
3959
4292
3358
418
1214
1023
1868
4921
3441
4756
4869
3418
4612
2043
24
442
4794
3611
2128
4839
312
32
4589
2484
3178
3455
907
220
275
1226
1731
3985
1751
330
3179
4957
2984
44
2507
3943
2734
3193
4013
674
113
1289
3055
1242
2638
3342
1769
4246
229
1547
3047
680
1121
461
4393
4282
3050
2102
3084
4603
3299
1484
1719
2839
2999
1409
1855
4375
3739
2293
597
419
3828
4400
1488
224
4685
4812
4658
782
4618
2583
4887
2075
705
2904
2794
4565
4977
2012
4917
4828
3307
3832
275
1414
2983
3878
2798
478
1021
1471
1479
340
4736
3521
3905
1709
382
1072
1260
4347
1947
4888
3595
4466
2244
275
2226
4293
4585
1373
4944
3801
4522
891
188
3084
2847
3909
412
1712
4607
1260
4932
3093
3433
3877
4170
914
1951
2716
3233
2016
3341
692
622
4285
798
2908
2960
1104
2150
16
4341
2430
1836
2130
3386
3538
686
2899
2268
645
3160
1307
3050
3285
1266
2822
774
3762
4061
598
4580
3532
486
1763
1333
4405
1685
1765
1395
3526
341
4519
1140
296
3316
861
2414
1862
3806
2367
632
3532
3299
1528
956
4992
486
1133
4832
3511
419
372
3562
201
1945
4029
236
943
4736
4650
3165
3480
4218
4679
3069
2579
3767
1712
825
253
3772
1666
4772
3397
2296
2155
1795
2461
1097
3715
3289
3097
2244
2153
23
195
1920
1295
2253
1355
4772
1155
3056
2252
4255
2965
2367
2175
3954
2994
4974
1271
1269
3947
852
2029
1526
4579
4902
4896
2862
4911
1282
3488
3204
2270
921
1840
4811
1220
4769
2565
3986
1097
2312
4023
646
4826
1129
3156
1268
1628
1153
4381
3528
1479
3863
2590
67
4916
2216
536
600
14
4816
649
870
4111
1828
2878
2486
2513
2559
4796
936
1866
3102
4805
3030
2452
4270
602
2404
1418
2414
2445
3559
2354
4596
337
2055
2572
4749
3515
850
3930
4615
4531
2141
4296
976
4950
4234
830
1144
3969
1226
1988
3811
1821
2258
3585
2763
1105
4798
2909
1933
965
1087
299
1604
701
1557
4359
827
3302
2151
2731
4143
1616
2248
3533
4319
4910
962
28
2503
4704
519
4500
3495
4383
3289
4103
3505
2545
1156
3614
2990
2939
309
2143
1313
3950
1318
4113
3346
4570
2081
217
1451
2516
1168
539
875
935
3821
3603
1511
1821
3135
1545
1890
2584
3658
68
4753
766
1363
197
1088
883
38
53
268
1445
3526
388
1411
41
1739
1036
1675
2955
2284
2335
3856
787
701
3675
1138
2009
1972
2856
1230
2198
6
1227
2133
2714
1707
108
1010
2611
4486
176
1931
3092
3503
748
1174
4616
2828
3599
1984
4652
183
4968
3592
4226
3814
634
22
4188
4430
836
4598
553
2010
3603
575
3799
2353
1793
362
3193
2632
1085
740
4424
1258
3840
525
1214
1233
1856
858
4591
3116
2984
2308
3536
2091
2649
1761
723
738
488
1162
4376
2951
176
1962
4355
2769
4246
1924
1150
278
762
4259
4596
36
3191
4292
4444
3177
3179
4216
1819
1491
2763
773
4631
2040
1520
155
340
503
563
2129
1889
4555
37
4137
2140
4104
357
4901
1202
4801
1508
2382
724
1872
594
1640
4747
468
3851
1301
3637
3815
2044
983
3580
3826
1787
309
1594
2418
4720
2123
259
3654
1455
3758
3357
1066
4048
1992
838
2169
4418
562
4265
1640
381
750
1127
3739
328
3194
2590
1532
4010
1723
3227
1195
719
3100
4189
1264
4552
1449
2232
2362
2382
4749
4217
2288
2598
502
298
3858
2274
1312
2889
3073
1069
4180
3326
2231
4939
4044
3925
973
1035
1811
2436
19
2545
3241
1519
4565
2944
2279
2415
133
2465
4789
1596
3182
545
4445
4932
2676
3739
3636
3330
1217
4770
4777
1345
2803
3451
2001
4619
2476
1244
102
3677
4848
1821
3185
1093
975
212
623
2179
4596
3466
4803
4840
832
3199
75
448
2259
2214
3249
806
2997
3987
2390
1367
811
799
3902
3242
2121
1362
323
4531
4220
3961
1875
3560
1804
3621
1411
1723
933
2636
2880
2958
181
4253
3941
2795
106
1020
3121
2600
4947
4230
3140
1656
2614
4240
4863
2024
2570
1312
4668
2593
455
4641
3048
2756
3246
4413
4134
3750
1830
497
3656
4450
1026
4641
1371
390
1460
1209
2938
1436
2619
4731
1176
827
1161
4473
4116
1022
1399
1172
2048
2707
2327
3759
2916
1478
252
2046
1970
4070
4241
2242
138
1642
4759
976
2946
4229
517
1309
4476
3884
2229
3150
4506
4493
3425
1738
256
1702
301
527
263
4563
4093
2099
3933
306
998
4665
715
1048
2811
4940
244
2965
3459
1372
413
1403
1765
4008
2737
1615
4341
4347
2445
508
1159
3587
2973
3470
549
270
2003
4436
3080
1373
1100
4147
4422
2274
2741
3271
261
3081
1591
3181
4372
1702
3920
696
2885
4757
1050
1739
240
4544
4694
4852
1999
2171
3272
1610
1982
3136
3210
2896
1957
4077
3075
2118
1877
2840
1967
161
1996
2373
1881
1531
2871
4247
3023
2192
2670
3988
4301
4289
3725
4542
3147
3509
2789
2380
4387
1177
1751
2724
223
169
3805
4630
1266
2928
3111
3660
1839
1760
7
2923
2733
2310
579
2065
2758
3450
2643
2858
2496
1314
3200
4002
2171
1836
2841
796
1146
32
1003
467
653
3328
2120
4388
1302
3195
1696
2612
1888
4644
4381
1873
4312
2115
4276
4241
4218
4984
3956
4687
2532
424
2183
172
4441
4743
1282
2018
2516
847
3397
4319
3163
3404
2196
2122
1750
2416
2291
2111
3373
4896
2413
2748
935
1291
322
141
4063
188
2352
2024
2293
820
2276
1848
909
2447
989
3638
854
1263
47
3996
3806
4927
1636
4641
4580
4920
1406
3328
972
2228
3384
1880
1640
3490
808
1787
209
1450
3802
1560
3474
181
1120
296
4180
4840
2700
1382
4016
844
4804
631
3562
103
4689
3486
4653
331
3678
4153
609
4825
1050
665
2219
3367
1627
207
3132
647
3711
4927
806
4247
4143
4849
1347
1334
4273
293
3177
3243
203
2646
2411
997
3155
3886
1170
3658
1101
4370
3035
2100
1467
3766
4740
4727
258
4077
169
2132
475
3934
1669
924
3605
363
2774
3889
4962
2826
2350
3130
1692
1735
76
4544
3807
2955
1239
1821
1197
2628
906
127
2672
3626
928
994
479
809
2792
966
1242
335
1348
592
3916
2970
1008
2433
110
646
402
2067
1950
1499
4807
2492
4930
3330
664
3253
259
2564
801
3354
4968
1537
3179
809
3503
445
1710
4200
4965
63
1656
375
378
3793
516
3705
4269
2450
2196
1801
806
2633
1536
3207
2284
4074
1589
1803
3760
2555
4497
2485
46
2181
3651
2545
4947
4556
1890
1512
2747
2575
2852
441
215
212
1484
4997
4918
2538
3248
3893
2701
768
2447
1857
1838
3822
323
2914
2060
1844
1139
780
3114
1025
4302
4813
950
4825
4533
2098
4223
15
2956
2973
3125
2639
1253
1122
338
2150
1372
3112
108
2461
1165
3306
3878
7
4661
1302
2067
3735
3033
365
4617
3919
9
2178
867
3407
3709
479
887
1933
220
4098
4305
88
545
3297
1383
1229
778
483
4089
2302
3135
4848
870
4990
4569
2987
4653
2829
886
4923
1030
1090
1886
1387
3856
2603
1250
897
2430
63
4551
4015
4672
4903
789
1170
2647
3128
3619
2790
834
634
2944
3085
4862
526
1223
232
3753
966
33
4208
4376
2067
4239
1721
3971
764
3725
1711
1528
4565
3025
3210
1903
4450
3261
4709
929
3738
1452
2893
4276
1546
844
1108
1200
1382
4741
1975
3134
3747
4007
4863
3593
2604
3528
3403
4477
1467
756
2305
3336
481
2727
3874
3808
4521
2167
1440
1968
327
697
3814
3382
2623
1836
3066
1665
1280
3413
3225
2679
602
3108
979
1183
3799
3841
4780
3784
200
3186
3212
4528
3415
170
976
4594
1905
1001
3861
676
4127
4027
506
288
2314
2495
2253
2132
3025
3476
915
2790
1069
4361
4515
3264
3702
3211
3342
2576
2389
553
3467
1838
318
1479
653
4928
4529
615
3125
1889
2052
4673
3019
2128
2861
493
1527
203
1706
2576
4164
1436
2085
788
166
1735
1828
922
2319
2623
607
196
1083
3236
1724
4462
736
359
2815
1271
98
3087
900
1152
1545
3328
1545
2709
1131
1415
1970
1369
364
2236
4177
4104
3993
3559
108
4743
120
3188
493
4627
1856
2193
3870
2533
4725
1121
964
2160
4375
3920
2635
558
336
2886
3967
2041
2963
2751
3183
4975
3966
1017
439
3233
3783
4488
2493
3520
1622
3692
2876
4883
3353
210
4382
4211
261
251
3942
4539
3545
878
2224
2724
3128
1267
3803
4254
1165
2343
3122
1830
2191
4811
1161
2627
1289
2572
3502
173
3582
3787
3523
2575
1152
1594
3412
4184
3744
2246
1055
1125
2549
2255
1301
4576
144
568
1795
1562
1861
1974
2235
1240
3462
2938
2844
2063
3073
2693
4165
322
1055
1661
239
617
2246
4494
1360
363
1243
2453
222
332
1820
3380
1799
3944
1777
4400
461
4475
3729
2031
56
3647
3665
938
4935
1013
3025
1496
3093
1327
4075
1329
2393
211
2465
4591
2414
1333
1059
855
2049
1545
526
958
2814
3153
3129
4388
1144
1495
1116
4429
4100
1941
1241
797
932
1415
3585
3333
4475
1674
3452
4091
3290
159
1706
3084
1566
158
316
1676
2110
2677
388
2646
3389
3792
3908
4895
3010
4245
2236
2126
3969
1457
2181
4840
4279
3715
3458
1350
4707
2181
3928
126
3810
1547
3050
908
3030
1949
4946
2614
2475
119
3056
2932
3627
2168
113
4174
2123
4288
2267
2519
1324
3817
2658
1919
3512
1737
2497
3237
4758
719
415
2678
585
211
1185
3858
3794
4866
2229
3052
2139
2985
4496
2687
971
2919
3090
2285
2775
4595
2483
117
3499
4164
4613
494
1284
2140
4952
3300
2669
2081
4766
3365
4557
136
4782
3868
3590
1827
2897
1608
1825
267
2305
4891
3420
1077
584
3957
4999
2911
2651
564
2027
4109
4417
1732
859
4253
2535
2860
2001
3292
3082
621
4426
1552
163
4147
4117
463
4205
3334
2726
4435
2470
2390
350
610
3457
3793
2969
2100
1420
2008
3405
4180
996
4632
487
1501
1819
1173
4632
294
1028
400
3385
523
3076
868
4589
749
3556
1584
478
450
2169
4212
4257
409
4269
1686
3836
4902
4725
281
4525
3960
1384
1450
467
3583
2719
2807
1657
2481
1604
1969
3521
123
545
4363
3359
750
796
3009
3127
4252
3086
4011
2738
1506
141
3857
3394
2489
4030
324
161
228
251
4921
275
3531
4423
2797
2541
4965
2794
2625
610
3587
2716
2024
1949
379
86
1813
3101
464
1499
1541
392
33
1296
2753
2730
4917
784
1295
4936
2522
3728
2943
3261
3279
1774
4790
1609
3815
1797
1110
1751
4045
1401
2955
450
2692
503
2995
3755
3460
211
787
655
3752
3082
3146
1307
3308
2791
4174
1697
1995
192
3914
2746
1417
2865
428
2567
1914
4072
3752
2765
4807
385
3397
2563
177
3460
1673
4908
2133
2496
1952
520
3851
2273
3652
2543
4054
1996
4927
2782
3658
1344
4368
4746
2538
3482
4438
1219
1595
2072
3959
2734
2755
1119
3204
3141
2280
1249
3259
1211
1852
329
178
3529
4309
1807
2363
2203
1838
4581
2112
4233
1470
4939
4532
358
2150
4580
3558
788
1702
4929
4614
3554
4038
4333
3373
2501
4678
4021
4705
3435
1242
4973
4659
4960
2508
721
3680
2533
1233
2855
2842
1476
952
1685
44
835
798
2472
1354
600
1413
2765
4526
124
4983
1416
1349
4965
1309
2652
183
4018
2379
685
2617
3463
4459
595
3106
947
3388
3966
38
1159
3317
3511
1641
3488
1696
2579
798
730
2780
1537
1830
3733
4210
2724
3309
1876
4859
4159
1743
3351
3403
1384
4614
788
2030
3594
3103
3573
3550
4037
4324
2134
269
4940
71
228
42
1921
2008
4605
598
3822
2058
961
753
3466
953
1706
980
908
3374
210
2785
3916
2285
227
901
4927
2791
3231
1584
3198
4852
862
4704
699
2269
4766
3263
4720
345
3670
1384
46
3662
215
1663
4179
410
3410
1203
1166
781
3057
1191
245
2407
287
4370
776
1513
280
4656
219
3899
39
4267
1652
2595
521
231
3082
2979
529
3105
2852
2086
1802
896
3063
1813
4902
126
1206
60
57
77
4958
3377
3945
3336
4174
4285
4575
930
4129
546
2023
1746
2533
2461
673
4863
4906
2618
3964
3572
770
821
3495
4031
2056
4686
1974
2177
3636
4716
1058
897
3968
1993
3814
4151
2452
1498
3879
3988
2817
2202
1464
4568
4943
4970
2181
941
4006
4854
2147
3728
107
2038
3758
3143
4183
3929
4622
4419
3141
660
1704
3575
2061
1567
731
2659
4348
4259
210
600
4972
2388
3115
4881
4698
560
3249
622
3014
2217
1488
4388
2992
4772
4163
436
3512
3840
109
3254
3927
2638
1291
1492
3577
3251
4324
2621
3601
3523
4364
1749
4146
2431
4013
3385
1528
2306
34
4513
2398
995
2082
1464
1846
1000
3420
1222
300
4171
3570
280
1281
4180
3514
2920
3306
4979
2634
4917
4878
4997
2077
525
3990
1718
3632
3716
373
2527
2710
1513
1163
4208
4712
2514
1811
3769
4403
3860
1847
864
1769
2665
1850
2884
703
5
3962
474
1433
3621
2401
2863
165
4992
436
403
721
48
1102
1096
4255
1912
1720
1488
4269
178
4121
412
4061
4428
1265
2724
980
2975
2171
3500
4660
1874
1609
1587
4476
2474
1173
2008
673
4313
1519
4961
4182
241
956
3032
3376
3082
2105
1
1143
1357
648
2940
4854
473
1195
71
1870
1456
3381
4672
311
1122
3059
4486
4296
870
3259
45
3503
3998
3260
2656
2854
3829
1487
3054
2660
167
182
3908
188
1107
860
1424
996
2466
4366
4215
407
3543
1658
3867
3021
3403
1732
2668
919
102
543
4156
681
1476
3087
1619
2568
2535
757
1803
2542
2133
1069
797
4207
2438
4740
3101
2151
1784
4393
1848
3448
3100
3748
3782
3511
1738
4243
766
4404
1444
2821
2235
3125
760
1782
4062
955
1031
4543
1503
489
2856
2471
1928
3053
2347
3272
45
3487
4177
2125
1392
4183
3867
604
2647
3665
2776
1259
4255
1712
3409
697
1031
2325
3085
742
3632
1292
2566
3103
1240
3530
2537
678
4287
4122
319
2557
498
4813
4004
166
2128
703
4066
81
2340
210
3915
1863
3158
2559
4975
1775
4414
3784
360
3616
4840
1908
4901
2517
2953
684
4992
3438
1374
1416
4494
2500
3376
297
3198
2839
1554
3372
2206
2980
3313
2394
2622
4050
3146
520
3202
4582
2156
2778
3262
3695
2523
2178
1002
2521
3469
4953
2855
3625
2412
17
2702
3370
1091
614
1459
4599
4548
1567
4544
1853
2142
2228
990
1207
4583
3704
4552
4060
4896
4080
982
4454
4329
4931
547
1638
2881
479
2143
4331
2267
3490
50
416
1909
3657
3172
3310
3356
340
555
4917
3897
3135
389
2526
851
1035
1110
1257
902
711
2250
1798
1373
1860
1785
2918
3103
1945
1307
532
850
3250
4231
588
1539
834
3262
18
2864
4169
1294
4135
4108
1417
3181
4768
2678
4534
4076
4573
3754
241
810
4975
2236
3679
3036
986
381
3240
1778
324
2811
2816
2808
916
3913
4681
505
617
1006
2109
1832
1767
4183
83
4917
207
372
2388
1949
1353
4858
3192
2924
2422
911
2528
2238
3448
2217
4446
1851
4162
3502
2524
1547
4603
4182
4276
1641
3033
4335
1822
1668
2200
2316
459
2498
364
3618
4574
1381
2878
1832
1471
4363
4122
2065
4360
4295
2657
536
3727
1504
4333
4202
520
3462
3108
3813
3597
2128
4849
760
2729
4978
1097
2333
2623
2637
2552
4389
1373
1724
3711
4213
2751
3462
3474
4987
3211
1042
4334
2697
1328
369
1636
512
4661
1138
4787
1986
3643
4361
1602
4070
381
1042
4732
3906
1080
4346
3364
1210
3190
1348
1587
764
3665
1087
2081
820
1881
2870
2100
315
3806
1910
3760
2883
4978
4942
293
4930
4640
4308
2828
3375
452
481
583
1019
343
3016
1722
4229
2925
979
4416
3579
3837
1730
2282
1521
4276
811
4741
2363
3961
632
4140
2625
4451
4329
4749
38
1223
2174
487
860
285
4327
3433
3336
3479
1696
3229
773
974
2856
785
4783
1114
4679
1734
1535
3834
4246
620
3361
834
2757
2437
4833
4104
1840
3438
3962
4151
1337
3024
4718
53
2899
4850
2868
1111
1298
3053
3377
249
611
4013
3773
4157
621
681
3680
2466
3981
2530
4348
2792
3956
498
3754
4540
2624
4894
1467
4189
750
548
2205
2556
3581
4702
4527
151
856
2241
1079
1351
3823
4645
2208
3574
544
87
1250
4267
4937
4328
4326
1880
1956
4739
1522
4243
337
378
341
1455
3396
4595
1925
4
1063
1347
2171
1902
2383
4598
1602
2131
834
357
4104
4258
4523
4363
2023
4252
66
1252
3931
930
1922
549
336
1006
2400
653
1890
1451
4975
3147
3749
4989
3105
3099
1736
1358
4900
3092
4619
3327
3392
4516
2358
1110
2527
4666
1849
3858
3255
4930
49
3204
3767
169
183
3574
3166
1436
998
4029
4365
2087
1725
3700
1357
760
2984
2492
3443
236
7
1086
417
1528
3399
3441
3111
1525
4576
479
710
2994
2421
2972
124
327
425
4290
1078
4963
2419
4838
3646
3303
1828
1483
2821
1607
2449
271
3624
1487
3786
4615
4809
4831
4629
858
617
2118
1931
2893
1070
149
1457
536
1619
2650
2704
4611
1712
770
1356
1717
4006
360
3632
2008
3348
3673
2230
685
1934
4372
2277
3863
3090
3306
3443
1736
3257
2292
4478
1607
4044
1397
3616
4541
1875
1500
785
2024
330
446
3426
2129
1841
941
4731
838
2931
4448
2560
2391
2807
611
773
738
142
4093
1676
923
141
1042
505
2828
2307
4198
2082
2511
3961
2175
903
3412
3002
3871
2140
2294
2235
610
4138
3876
34
2317
4491
2116
1760
4794
2231
3143
1515
2033
3210
28
3842
1413
3182
4020
1358
3805
1120
1942
2155
1525
4504
3875
3099
2134
1594
36
1523
4389
243
4750
4204
4409
2504
2900
4587
2736
136
3275
4444
3952
4137
718
3396
274
4033
2459
1317
4075
4284
4563
3389
979
4270
3665
4045
3009
1252
1864
1891
2163
1831
2035
421
4152
234
4857
489
3248
4946
4043
1438
1722
3425
1497
3854
4865
3683
2162
870
4669
1126
3494
3588
4777
1559
2848
947
702
2434
1157
1823
1225
2424
2983
4954
1955
4750
390
1495
3987
4719
4520
4166
4708
2496
3200
3835
731
3014
3072
2501
3641
4295
3458
2372
3482
929
3457
4742
364
221
4067
3057
1220
121
1674
3035
970
1951
4806
2688
2614
552
2684
880
4205
3258
4257
485
3555
1283
998
3109
172
1039
3537
3961
4874
656
1147
2875
2312
3294
2445
3448
4581
250
2640
1388
3526
63
3960
195
4468
1067
4664
1613
765
3397
2166
520
4274
3364
116
541
2198
4984
2043
976
4903
3236
4207
2542
3481
1511
1109
1251
4720
3741
364
3034
2303
3531
22
4241
1827
193
1045
4220
4062
3967
3640
3663
1668
4060
164
73
3653
4244
123
4385
2422
2519
2167
3690
1508
687
3665
789
2548
556
948
2140
1918
3494
4080
2912
394
3312
3224
3485
4232
4502
895
1543
1467
4188
1297
2422
1568
3557
3633
4556
171
2483
3128
939
3502
2380
4998
1061
2168
1465
1725
3351
232
3247
682
2100
3666
989
1171
3697
1919
1635
2841
4024
3989
4238
4181
1996
1256
182
4415
4514
1859
3475
688
1314
2459
4424
87
4896
909
2067
1912
640
1327
4506
4910
2316
1897
1899
1177
737
2730
4721
269
3541
1603
2103
4281
4965
2851
2527
1135
2296
3553
3317
177
1123
1175
852
2263
3235
3415
274
1013
2405
3632
4925
3937
2457
1421
2177
4957
2464
3290
4941
3499
2844
987
3879
4851
4704
1676
3115
696
86
1931
99
3240
2034
439
1065
873
2244
4498
3117
2841
4836
2848
1903
2413
2489
3453
170
2601
4893
4244
4891
1962
1755
2274
3588
573
3940
2598
3748
1768
214
3394
2789
3236
695
4904
1688
519
4731
3751
4109
2940
836
652
2755
2977
2730
2911
1180
2154
3944
1846
447
3391
2877
2091
2895
122
2306
1160
1286
3695
1303
2319
618
3596
1758
2573
2819
3425
2591
1766
3223
2252
1195
3979
2762
368
3691
1086
632
522
942
3848
1438
3577
3276
362
4161
4001
353
1954
418
2497
1014
976
4575
2155
1576
2868
2260
635
728
2271
280
3427
977
2936
3413
2086
3503
1008
3530
4372
1611
3065
4847
1667
2189
2996
918
3338
440
4220
912
4872
37
4061
3649
4520
4210
4681
3993
2874
2498
2020
2128
616
3705
2784
2244
3379
4548
657
1253
2527
3839
2643
2763
2867
2373
4050
4171
2476
4152
4834
3949
568
2650
3558
2801
4740
2795
3358
362
1391
931
3951
3145
254
4137
4016
2020
2113
896
2650
2647
899
4931
4813
1487
3932
1504
2363
3955
1352
1224
4194
3816
3006
1130
2737
537
1747
4268
2922
1366
2693
2337
1300
3307
886
4813
4967
3503
3216
497
845
4520
2071
212
2041
2919
4051
2454
1542
417
4971
3414
2885
3536
1552
4834
2545
1627
1495
990
835
3238
4367
1074
429
3469
3212
4958
4853
49
1788
4503
2987
3089
739
3481
89
3764
75
484
2644
64
2661
2465
3215
2271
91
3635
550
132
3097
3134
3828
3549
4329
2228
3006
482
2021
4329
465
2377
2710
1648
1946
4939
3484
2483
1558
518
244
1020
1410
297
1527
3747
49
2789
2298
4314
2248
4439
502
3074
1797
2079
3818
1252
1734
2443
2014
754
1765
2221
1001
3630
2470
2357
767
564
807
28
2688
3167
4724
2402
767
4921
2796
1760
1617
4479
4976
4237
1864
660
756
3746
951
2856
3224
185
2296
1192
4026
1071
3963
1549
371
211
2623
9
865
3667
770
848
4450
2388
216
3375
4792
4928
3816
269
3816
3405
3043
880
3849
49
1787
3845
2976
3541
3143
4952
4808
1607
1154
1944
555
3305
2575
1680
3141
3748
1167
1192
3269
2657
1080
4911
821
1589
422
3235
2413
3058
2813
2893
1419
294
1565
2689
3119
1217
4373
1780
3812
1138
2949
3134
3321
4259
3983
4170
1127
2833
4320
274
1049
2023
4332
3168
1951
1738
1268
4419
372
1359
4744
3330
1782
232
3576
4868
2348
1514
891
789
2647
2935
257
3519
4884
4642
503
3557
2182
3664
3167
2037
1404
4834
653
2157
4911
1349
1735
4787
812
3977
577
4110
4945
1607
2436
1978
2079
176
2541
3179
1375
710
1229
2180
4129
795
2067
2445
3683
17
555
620
1299
2692
4806
34
2889
3455
4225
3304
4490
4699
4817
2825
4904
435
3414
920
3800
2674
1083
526
614
3242
2014
662
2701
4920
2507
4161
3546
4237
4208
3157
4669
4867
4460
4731
4751
4252
4139
2398
1438
206
2102
2078
4362
3519
1114
3916
1796
3083
1631
4604
4461
766
4845
578
3807
2934
363
3981
1440
3048
433
1373
2299
1078
1265
96
3880
171
39
943
958
4892
3819
2233
4279
4069
3188
4675
1930
1386
1198
1600
4462
2402
4551
2112
486
4154
2746
4135
3096
3037
2116
2478
933
1089
462
3421
4157
3480
235
3059
3466
4888
3619
3607
1991
3398
1665
4886
2392
3036
1015
1035
943
3663
2738
4199
755
1434
2688
4072
4707
400
3411
4456
4355
4690
2144
2275
946
478
4811
1356
1614
710
1998
674
2445
3891
2109
2111
2443
2813
410
270
4417
1333
844
620
1970
1839
3089
4793
3156
1329
4119
2102
4881
1340
2463
4304
3086
4904
2349
2127
1476
860
3204
4558
547
450
3960
4196
3046
3515
3363
1871
4381
1149
3530
4801
2551
1253
3334
2947
2635
2294
2348
3450
3138
544
97
3197
2634
1561
4485
3352
2022
661
167
4985
1939
158
935
3407
4493
688
3453
1407
4312
4053
3817
4011
4930
2065
2593
2445
3653
1163
1551
2029
4398
566
1841
4789
1530
3007
3886
3778
2568
4320
3203
42
3701
751
66
4261
4539
4921
2145
3211
1897
1158
3556
3180
4212
199
2042
3871
2493
1349
3083
1904
1488
231
3634
3372
2831
4644
4143
1111
2158
3895
1035
3347
1491
1923
4186
1274
1743
2987
4849
574
4052
2608
1780
4807
3252
3065
1531
3588
584
4088
3874
4940
1628
1476
3593
1327
3098
2611
4347
4021
4681
2440
3779
1221
664
3575
3797
670
1608
3184
1568
3463
4582
1840
2592
628
2944
3463
3556
4168
1422
4438
497
3899
3556
1260
2938
493
2439
2690
3356
4623
4473
4878
4594
4299
309
2761
455
4574
164
4131
2310
4794
2305
2948
3940
2712
908
3830
3609
1620
2083
980
4228
2999
1599
4170
4843
327
2875
4339
4466
4831
1642
774
2586
3621
1642
2071
1696
2973
1450
2392
3258
3188
3757
2099
2078
2573
3780
3097
4596
4673
2450
243
4151
812
4877
1849
4794
3021
4822
4374
4474
962
4819
1113
3438
38
2579
3086
3245
551
4429
3971
3042
3451
4121
543
327
3030
2480
4826
841
3386
1012
3294
3621
2992
3299
1195
309
1121
4219
3162
3099
2938
3991
162
3368
4257
343
2072
61
3629
4215
1115
652
4233
3680
2327
2762
3812
1710
514
4384
204
502
1675
3763
4150
1333
4751
2337
1654
1643
4164
4309
1979
2782
1166
761
524
1173
1669
2856
2126
2508
73
1779
4997
3444
1563
4338
1894
1988
2790
2749
1587
3549
4354
941
2724
3368
2193
3253
3552
4765
3576
3762
140
4234
1547
1923
3703
95
4031
4710
2995
3098
535
357
4689
3530
3869
2393
3724
2167
1348
1089
3060
1758
2016
2711
4484
2055
3478
3741
2855
1097
4890
4457
2294
3312
3513
3668
1939
3124
2312
2072
2956
3169
4968
4522
529
620
3398
4026
2090
353
1932
1714
3919
2315
3845
2820
1700
1339
213
3709
3450
3334
3914
4675
3152
3899
4801
3333
3021
2502
2714
4562
40
2555
810
4130
2129
797
4726
454
3412
455
321
3489
393
4074
2678
2262
2166
2972
1517
1519
484
4849
4759
4698
3005
66
33
1579
3752
3287
3239
453
206
1624
2874
1091
4369
2923
32
3433
2323
1549
2099
2661
3336
1189
768
4437
4452
2944
4251
2035
2028
4275
3641
2680
2409
1961
4808
3937
4545
647
3872
912
1094
1826
3337
142
2877
2598
2092
44
3156
1369
753
2470
2845
2256
1706
739
137
1406
4855
4578
1129
2976
2208
13
4339
2294
2182
3259
3897
3579
3466
1623
4349
3154
153
1851
1787
2885
3478
2574
4367
743
2490
850
3120
933
1755
1071
2024
2606
4374
2646
666
3739
2454
1152
1280
42
4755
3294
4700
3054
791
1479
1501
4783
4129
3216
969
3101
4221
3800
4356
3136
761
633
2785
3250
440
1542
4784
4147
1569
1160
2936
3254
2139
2063
1120
2237
106
2734
3419
3485
972
1731
2113
2162
4194
1583
1663
4857
4948
1717
3330
1715
455
3072
4860
4822
1732
1677
982
1014
1300
3850
54
2891
2690
3178
4754
3028
4636
3935
655
68
2817
3868
1509
1735
3128
529
4780
2500
462
4674
2693
4485
1370
4972
4429
3177
4883
1847
3862
358
4177
1251
2653
3599
1815
1141
3317
4618
4941
4065
2722
2518
2916
2783
650
3691
1376
1060
2357
11
790
2710
1719
844
4352
2310
65
622
1744
3315
50
203
2624
2334
637
2852
2837
4496
517
1538
4155
3789
932
1332
337
4986
2814
4927
4228
3757
2484
1061
1222
4889
4091
4337
183
1591
4023
858
3823
3896
2944
3271
4700
4699
2741
2808
3960
2556
981
2909
4004
3915
1754
4073
753
470
2923
4759
3776
1082
228
560
249
4214
793
4779
4925
1694
4411
178
963
829
1281
960
2213
3879
3565
1928
406
2935
2447
4771
4361
1369
4013
1787
222
3602
3214
2650
1764
1443
4620
1870
4247
3200
1733
2168
1228
725
3379
3702
3704
4006
330
4100
640
3189
2732
1111
4681
826
3632
4470
3328
2343
3585
3126
767
1589
99
3854
1007
4194
4937
3175
4096
2110
3092
2456
3174
2354
3780
4018
1607
1631
2409
1376
4037
2305
610
428
3063
1374
4574
1401
2307
1257
62
3639
3125
1292
4446
4935
4234
1705
1352
3087
331
66
1005
1977
4426
280
1961
2366
1500
1308
3914
2520
4641
641
3416
2234
1759
398
4756
2219
1290
637
2618
3388
1878
917
3795
2967
31
703
3559
3220
426
1608
574
2926
3546
3858
4602
1779
2152
3406
469
148
2339
1835
706
1572
2922
1483
3904
646
2843
3432
4343
3230
4268
1712
3857
1842
3120
772
1476
3378
4932
615
4741
3011
2539
4708
1955
3379
519
4753
4797
989
4064
1302
1195
2669
3267
2061
1362
2091
4549
3807
4148
3400
4793
2453
2499
3453
1293
467
4173
3368
2680
3738
3926
1938
3986
2191
2860
3884
1959
2202
902
3865
3966
2664
2996
4610
1314
4956
4518
2837
4364
2704
4653
4777
2571
2482
759
4749
4509
4388
1179
4647
4117
2455
1999
542
2192
3663
4929
537
3812
1638
2931
3404
3346
1197
493
4257
2779
4560
2071
926
2760
293
2333
2835
2626
295
191
4842
1017
4391
14
2566
1677
3159
1736
3699
4817
2581
553
4586
4687
4270
3123
629
4289
4062
685
1107
1462
4834
1148
1069
1725
2402
1828
2286
4155
2175
1558
3097
3849
1332
6
2369
734
1662
1823
3868
311
3172
4499
245
3986
1869
4750
687
1591
2801
1956
638
21
1579
3215
3656
469
4283
1449
50
2312
1151
3732
984
1885
2412
3638
2679
2608
1572
951
4398
831
4819
964
3536
4592
1523
601
3301
132
238
2872
3066
3896
4275
2678
2776
155
4149
2668
565
886
301
2351
3322
69
4253
4998
2274
3039
2638
4003
719
347
1553
998
44
1612
4429
1207
3098
2237
3604
2325
2644
2739
4661
4310
551
2141
3604
3370
1740
2656
4459
1547
1940
2490
3681
400
4766
860
3489
2190
3135
3780
2060
4583
1926
1158
4043
3172
4124
1346
944
3874
4422
1258
2463
2423
948
19
1536
3066
4739
721
4953
1418
4624
3642
351
3714
1935
4405
3652
1873
181
1842
4924
2839
1445
1537
3834
963
3541
1204
2105
4724
2301
1119
244
3142
3363
4768
906
4657
150
2039
1456
377
3388
2337
2416
2095
4632
2399
356
4451
2795
716
2004
4656
2156
4803
3045
2570
3849
817
4778
1925
1346
2363
2229
1588
1538
498
126
986
3604
4247
2773
1649
4975
4152
1268
3053
2431
3074
1680
2425
4468
43
119
2560
3012
3327
680
2227
383
900
2972
4873
1979
71
2975
2558
2366
2786
1542
3098
3340
3956
2564
2044
24
1438
3043
3840
1684
4189
3735
961
4645
1806
1584
1591
871
167
4716
3431
1077
1039
1968
2038
1221
861
1514
3754
365
4257
3546
80
3129
3716
1377
1564
2288
532
687
821
153
880
2525
4701
558
4544
3275
1897
4770
4331
3204
2282
2199
2949
3228
1882
962
2566
1006
1691
1425
1326
4656
1621
4806
2698
2491
33
3958
4781
3818
4190
1889
1054
66
67
3192
3179
2576
3384
145
3514
694
2758
2766
680
3312
552
4668
657
2974
1221
1837
2152
2410
1889
101
1377
521
1210
715
3036
3859
4336
4997
1025
1280
4718
2879
1359
2400
1243
2610
3005
1164
808
1893
3502
3068
854
3026
4659
2722
765
1238
4006
4515
515
4736
4684
4767
3840
3033
2406
2020
1949
1546
2853
390
4302
4634
1537
2557
3260
1708
4799
3358
2903
680
939
414
1020
4379
3845
4190
2973
4183
1171
4952
1873
4924
4503
135
3602
855
2584
2345
4208
2797
3056
4487
1473
2978
1347
3269
4560
1189
4309
1312
1424
3908
1810
4142
3081
713
2852
3470
2940
1552
4001
2668
3610
3989
4527
688
1336
513
4191
512
3141
348
4147
3768
406
376
1717
2205
681
25
1606
4015
2051
3777
2264
1135
3313
933
34
4398
4073
3237
4039
2575
2310
1366
2911
680
3313
792
1564
4423
815
4115
4940
3988
3577
507
3045
532
1700
2730
2790
1907
3681
4440
3397
1960
3936
255
4900
4133
3706
3339
306
4708
3942
3590
870
2821
2453
2372
3508
4263
4393
511
2822
3683
3345
1902
2530
1501
129
3346
66
145
957
31
1828
1903
37
2595
577
742
2287
4855
4021
2165
2216
3703
2522
4342
1889
3751
1827
78
2148
1665
352
4942
1672
2617
2982
4722
4887
299
2991
1477
1855
4517
4868
52
4981
4910
2129
2379
3178
194
1220
1164
1347
3182
3219
3302
4870
119
1209
3946
3002
1767
3504
414
3575
1029
520
2351
2158
4777
112
809
1022
3804
4449
3814
130
3861
1441
586
644
1577
3571
4369
3448
3640
1325
2721
4219
1467
3400
718
1560
612
4368
4056
1685
581
3313
903
3630
1223
3258
1735
144
4911
2427
3543
4815
2370
4830
160
3082
4641
625
2238
2521
4112
223
3944
2548
2051
2647
4525
368
812
1689
3719
2508
3758
3677
3602
4058
3903
3257
136
3862
4526
685
3246
4514
2965
2850
2182
2243
1757
1883
799
3476
5000
3186
1542
4895
2660
2438
3350
1569
173
1697
3032
3069
99
1513
2178
1330
2690
557
2558
476
2773
3430
4197
522
389
3687
1381
448
4976
1311
2503
1427
3972
40
4901
1172
4880
4051
1317
677
2588
4718
1132
3102
1845
2864
982
164
2474
1141
4354
4828
3561
4211
811
270
4544
326
4563
143
3055
1227
2475
314
3158
1736
446
238
1625
3557
4809
1866
3744
4400
1793
2322
840
951
575
1387
2134
2728
3017
1874
2379
2754
2768
600
4236
3253
3849
1119
813
4662
1386
1405
385
3085
2709
3195
629
2304
1956
1162
3123
410
581
4793
495
3479
1075
3899
852
2185
1141
3804
1089
3146
2680
4933
4914
1105
38
3295
561
1165
4831
4385
2690
4884
3002
4524
4984
2939
1817
3569
1440
3540
689
3449
3712
2887
479
3249
2384
4800
940
833
4317
3325
4691
4319
4269
3115
698
1698
1029
3578
3234
2771
607
4547
774
1668
2629
4971
2728
2328
2254
1696
2003
2493
911
920
1028
3566
1669
1728
4693
1730
3389
551
1339
2728
2152
3624
1868
4562
4899
4066
2816
1506
4757
3776
421
807
404
1235
1455
1036
1814
3768
2382
396
2501
1084
4859
1600
3931
2162
2166
2786
1462
4299
1295
107
1774
2877
3890
1834
4579
3631
3353
2663
3563
1008
1769
2826
423
2629
2972
299
1007
4055
698
2906
635
4589
2642
1358
4927
1842
3738
2283
3145
3509
3231
2425
845
3637
4955
1076
325
576
3796
720
160
1245
1942
3803
1922
1911
4862
1424
3506
4670
3537
1111
3742
1644
2000
3537
2850
4284
4689
3249
4174
3818
850
2615
992
4755
237
4409
158
1451
2910
2355
2562
337
2685
808
4045
4094
282
3307
1144
3802
1210
2280
600
434
2518
329
3357
455
4108
506
1499
4301
3481
4468
2959
2796
3198
4129
3761
3187
1810
162
829
3653
2613
1699
3065
2425
3367
162
3828
1978
2333
805
1117
3843
3790
2036
1259
2240
1407
3673
3212
4137
4500
1
1884
3380
461
160
1804
4135
3195
3535
1694
1235
4510
3112
4230
2649
4447
1385
2968
2894
4493
1227
550
101
2394
1199
3203
3578
920
562
2957
1691
983
1659
2515
2559
3578
569
569
2256
901
667
956
3959
1727
3216
68
1843
2740
181
2001
3804
2670
4400
629
720
1585
1653
4756
4371
1327
4741
412
4345
2880
4296
3637
3929
481
1577
3303
3493
4034
1368
2497
1774
4810
4316
3158
4774
4649
1073
2449
1028
3379
792
3768
179
2474
4226
2016
4597
1764
2114
4873
702
330
4736
1628
4830
3060
3469
1226
2079
348
2796
4244
3539
4460
421
3749
2103
4336
3757
2043
711
3029
4793
4600
4405
4365
4618
3805
1104
2869
4099
298
819
411
4458
1163
1881
942
1113
3611
936
4870
1473
107
1822
4233
3938
2956
2037
4278
4427
1677
2979
1265
1426
2919
4755
1230
3696
1986
1818
3858
3830
1041
238
103
4074
455
1362
4580
2786
4372
2920
3795
4883
3845
4883
3293
2552
3957
1635
177
2117
2246
590
2283
152
1011
279
990
2495
1886
1822
4506
2784
2153
1737
2896
4763
2951
2314
2282
3684
3373
1530
4295
302
3919
2207
4211
721
2168
2162
1063
2466
4581
858
4053
430
2221
3272
4664
2269
94
2354
2755
4009
3244
3201
1114
4106
2862
1834
824
3716
779
3898
3253
160
198
3512
4691
4789
1924
1003
2160
3938
4238
3697
3390
351
613
1192
1283
4446
2053
3426
4241
1407
89
4418
1027
1436
3268
1201
2740
2038
198
3301
3625
4053
2558
2221
3439
67
622
605
2507
180
3260
1047
4963
657
2535
4498
1018
1341
4294
4516
1500
1590
2633
1280
448
2407
184
3837
846
2865
1289
2572
1294
1420
1935
3189
2965
571
768
2600
1706
4457
2806
1805
4538
4944
1457
2002
4859
891
3229
1938
493
1143
1608
22
4484
1146
4497
1097
2156
2058
1114
4432
3031
2870
2797
1345
3719
4568
3531
1363
1354
4823
2096
3864
2482
400
4704
694
620
1373
1511
2703
2510
3356
4029
4385
2792
1289
4847
2661
1650
1807
3907
2026
1854
2670
628
3094
2526
126
2284
1278
4883
4653
537
2232
1111
2544
3898
3696
3507
65
4196
98
1951
3156
3103
4662
1741
2748
382
2785
4422
4290
1749
4496
1609
3486
4425
1809
4372
1004
354
3421
1662
1207
2340
899
743
3843
1335
2559
3768
588
4934
2102
2439
4382
4589
3329
3646
1782
2469
4752
4585
1621
1750
3311
2684
1557
3145
1870
2598
4516
1993
1831
4431
686
4406
3336
395
3545
18
3578
2111
3973
1007
117
2535
4604
3899
4732
2831
2882
520
4048
2592
1105
2093
4033
2060
2267
4432
1966
574
2956
1686
794
3610
4898
2160
4519
2105
2123
2879
3027
318
4901
262
3729
1506
2763
181
2730
1469
1523
208
4032
2710
1117
358
2829
1929
3659
655
4573
1104
3732
2149
289
3722
1434
4617
4046
4307
3370
2772
2141
4816
552
230
62
3352
4669
4807
4044
1793
4953
1911
3333
1712
1607
3838
2356
2011
1550
682
2077
394
3077
1709
3760
3194
4692
954
4234
4589
2257
1009
1738
4120
415
4859
1639
4345
1903
4050
95
1852
4011
4042
4243
3780
1833
3040
1984
1452
369
2542
1342
4118
108
2401
2535
1304
3810
3472
669
359
853
3529
4166
2379
128
1493
80
3030
613
2110
246
1179
1486
2531
989
4469
3586
1169
2460
2817
3939
4867
2863
4487
2027
3937
166
17
1575
885
3157
3016
2492
955
1765
2084
1552
1930
2395
33
4965
1477
539
1950
4209
339
566
2929
4688
3003
4448
1986
3466
3436
2128
1928
4881
639
2181
2575
2694
23
2542
911
1436
2325
1661
3240
565
3368
838
4061
3391
3853
3531
3751
1406
4223
3488
3042
3914
370
616
3110
1711
1613
436
109
3829
2549
3157
1711
2697
2083
754
4782
2914
96
1731
2776
1501
4285
619
2817
3480
4364
2382
2195
2827
2880
2700
4057
4101
3301
4430
4196
4976
2116
40
3377
4403
2035
4025
811
1815
1438
2773
3769
2468
1865
495
122
1967
4530
1623
2427
253
313
1821
3581
3835
3021
2026
4302
2738
1226
1832
3305
4861
4122
2873
289
3542
2156
1121
4943
3514
3906
1619
1160
2015
2319
115
3428
4840
4496
550
303
2011
4310
3550
4568
1946
772
1030
2696
549
4685
2983
3707
887
4393
2372
4707
3162
2652
986
4456
1793
1412
3748
3766
4005
982
3281
715
3927
2569
786
1210
3548
3797
2212
1159
2771
2249
3652
4115
1651
432
2517
702
3479
4804
3510
152
2625
119
3553
2140
2931
1568
1320
2152
545
4858
3097
948
2088
3351
3028
2854
1565
1384
2634
2881
2685
4286
3718
3932
342
1497
4139
2419
1807
2659
4471
534
816
695
4238
1040
3711
353
3546
493
3590
110
3864
3836
52
4413
4657
4137
818
2363
4494
1108
3369
4893
39
4397
2717
2555
3035
1974
4130
4730
4755
2715
4897
1955
2866
4410
1999
4025
2967
1670
2131
243
1035
3984
3029
4772
357
844
2489
2127
4911
4227
3621
1267
3544
32
992
42
3751
1407
2389
2313
2403
1083
2718
4188
2950
2812
985
4347
670
2468
1315
2937
4021
1427
4789
2526
1082
3822
2781
784
614
2689
2932
162
855
1713
119
524
4962
3880
4304
1037
709
3454
1971
1470
2261
1555
1416
4981
1856
2
1306
3544
4005
2163
2110
4405
1272
3124
3639
53
4252
2199
829
315
4255
536
2598
139
1222
4266
4941
1387
3219
4304
1487
3710
3964
2523
438
762
1552
2071
4740
4900
1663
2279
3364
3839
2111
4180
2481
1416
520
231
983
4283
1567
1083
10
3860
4205
3522
2667
4282
3955
4420
1520
1326
2546
2975
4906
3709
1077
3998
1146
3666
1327
4597
1187
3882
1320
1028
2802
3269
627
4153
3210
1616
4490
3124
1675
1612
4558
3115
1326
1917
3147
2792
4415
2272
1017
3846
1197
1679
2324
2006
953
2870
1547
491
3481
3244
4254
4483
198
49
1585
96
1258
2064
1573
2676
349
2386
1406
3752
2788
4839
168
4693
4295
4729
4961
3365
2763
3959
173
3505
2125
1853
944
390
238
440
2011
2981
1859
1154
994
3927
3908
665
2152
1176
4176
1503
2078
4446
1441
3247
1968
526
4622
1893
2719
2249
2426
1246
2490
2390
2483
2357
1524
1220
3014
4108
3395
3973
2223
3643
3879
1888
1400
1436
1057
1012
2296
4688
2173
1572
4737
2650
2605
2181
2842
47
4782
2811
1268
2633
2692
2958
2239
2500
2089
1366
1726
2321
2399
469
761
2106
4601
4894
2389
2025
3288
4425
3442
4318
3882
448
3107
2059
775
1079
2661
1418
3320
722
3360
2648
4816
4463
4028
1148
1563
4436
566
2832
4023
1934
2720
3887
4516
2907
62
2596
3746
1493
3723
2026
199
1003
2454
3835
3381
445
131
3190
2993
2135
3954
2211
619
2489
3161
1
601
1264
3275
3179
889
3680
3296
2101
3967
491
4713
1664
1728
2107
1931
4068
3816
4279
2846
3934
3664
3659
1282
4994
2426
188
1675
3578
4484
4236
1490
4107
3839
2053
4267
3148
4727
753
1351
4445
2947
3893
4356
3404
1390
2485
1867
2633
1176
700
842
783
4118
2297
3153
2076
3006
3556
4440
1538
4015
1061
1283
167
3261
483
502
2889
4165
3228
1369
339
3073
4467
1634
1864
4238
2345
830
4275
438
528
1448
2428
2818
3184
299
4456
2236
2664
3844
4685
472
465
299
1776
456
1495
1091
1533
287
633
4986
4690
4541
3721
4291
3271
1049
1232
2184
4766
1566
4738
2409
4768
1676
2382
3302
3306
3758
3891
4684
1157
1331
4976
4673
4960
3963
86
3373
3502
3021
3808
1024
2685
792
4222
3219
3751
4320
2556
4454
31
3220
1721
2326
1566
2973
4395
2897
4982
4182
1002
1050
841
25
3980
1462
3903
1517
1370
27
1527
3315
2304
1768
209
2439
1819
1937
542
3432
3512
1032
3343
2325
3094
619
637
1161
2794
2844
2128
3432
728
2465
941
2923
2274
1736
2123
3862
1623
2392
1620
2442
4574
1815
3798
2095
3278
3392
4714
4523
3064
3150
3935
4587
3194
3761
3632
471
108
1160
4547
2502
2744
2517
701
3872
1
1789
1832
1813
2211
1956
4516
2546
496
1108
4180
2685
4097
4798
4535
1162
3249
109
3866
4059
4274
1740
1176
265
55
1125
4093
3126
1918
3512
4918
3007
3658
4082
683
4090
2252
1370
2353
1934
4566
4472
3141
1042
4431
2985
2646
62
2757
946
178
2688
4395
1500
670
618
4600
3167
2865
2421
1886
2892
890
2992
4882
4341
4051
2230
1359
1535
24
654
4021
52
31
446
3932
2963
4177
977
2216
3632
1706
4772
2892
274
3824
2258
4636
2555
1695
4349
2240
3685
242
4840
1377
954
2156
3323
4938
4299
4947
4794
1052
4159
4454
667
1
1646
3335
1969
4931
467
4835
4136
2775
4058
2147
3435
2168
692
4019
629
744
4824
2534
33
3540
3114
348
3032
1622
4061
396
3044
1835
466
3069
92
4420
1891
4560
1299
2433
2701
480
1999
3024
3710
1208
4028
1543
3663
957
4270
51
972
3412
3988
4864
4131
3967
4021
4418
4305
4828
1587
284
627
35
4688
3567
222
45
2325
4569
2226
460
2385
4258
2673
2829
1573
4638
55
1201
754
3681
2289
3308
3224
4618
2456
4364
1953
1511
3770
1361
766
4310
489
695
475
4914
2766
2206
3295
1546
389
2979
2318
3574
4474
1845
362
2208
3448
3617
1797
2706
2816
305
4984
3250
4839
660
4088
232
3798
3252
1980
3090
219
4664
4946
3029
3318
676
257
2267
533
3474
4031
4370
3383
1611
282
262
2632
4718
3832
3751
1749
382
3225
1472
1595
4707
323
4655
895
1148
3148
4942
64
1971
1597
601
255
2922
4719
3741
3336
3652
4556
4708
4623
3940
1468
4765
827
938
3368
4927
3263
270
1564
4937
2643
4776
4052
3128
1918
2001
3249
4340
3150
4176
1757
3765
2838
1596
243
2327
1644
3776
2821
4690
2137
3066
40
3461
3002
4897
129
3011
4003
2348
4357
1855
4743
4935
1216
2172
2634
836
3293
4492
4954
783
310
943
957
160
3250
3649
1102
1701
529
4607
662
1133
4943
3043
763
158
3483
1810
4945
4256
4810
1246
3944
1267
4661
644
202
4328
2543
965
4833
3634
2289
777
1658
3868
3613
113
1417
4092
4284
3107
267
3393
1304
2427
2314
2650
4713
454
4953
2626
3429
2631
1012
3476
4309
3814
2640
1077
111
2895
1028
2366
80
1942
444
1512
2655
522
4471
904
1714
3384
3095
1888
1349
4993
2030
481
2500
796
1600
29
3002
1873
2170
3554
4500
4659
4358
3070
2119
1096
4904
3384
275
4693
1300
3536
1861
1608
3208
2026
2391
2499
647
2129
1669
4956
1258
4880
427
4264
2750
2268
3621
2933
1094
3843
2458
4820
3750
3649
451
2539
2850
1629
128
1979
3898
53
705
3417
2871
2194
2287
3235
3868
1190
3054
116
3136
871
4241
2365
3861
2947
398
1475
4375
2300
4623
283
3650
341
4748
559
4312
4297
4179
466
4029
2333
734
2771
1425
663
3778
633
4751
2485
1929
1522
4708
4344
1135
3377
3991
1540
4312
3475
1820
1240
4264
4030
5000
128
1136
92
2776
3950
1200
1053
2126
1629
3622
4276
1735
331
2835
20
2118
1154
968
645
2883
1028
4676
2928
80
4147
4699
2586
3268
2718
4878
3199
4779
603
1596
3440
164
3924
1925
2538
119
4122
4464
4944
967
1258
1977
3681
793
1079
1639
2769
3119
1628
4215
1121
3893
2733
3022
2591
4901
3889
2976
3437
2989
3711
4976
673
378
389
4173
4037
3707
3815
4524
540
261
2646
1001
2454
3594
1695
861
10
4536
2189
3386
4665
1574
2681
493
2129
382
2464
1653
3093
1028
4745
1645
1517
1915
1473
898
3917
2771
1754
255
3625
3592
1778
2239
471
758
3188
3139
766
2516
1870
4882
4412
609
2016
455
615
4501
4984
2092
1881
2593
676
3586
351
1444
1446
1498
3963
3185
2357
1887
1793
4543
159
650
2397
1663
2250
4759
4156
3841
4654
4558
4997
918
963
4445
3219
753
3540
3498
2612
3795
1417
2283
3991
1969
1299
4802
1886
1246
3266
4139
3734
1636
1286
2627
1852
2109
87
3125
2673
2725
4780
1814
3351
679
2634
3063
4830
1889
2722
4402
4747
2355
4997
747
1583
1565
4085
1204
244
4857
3637
764
4676
943
4123
2108
2092
1641
3128
2454
3450
378
3846
1497
3514
2286
4871
4688
4241
1370
1424
1321
2064
1454
1192
4038
906
4381
4874
1416
1744
3789
3374
2857
3283
2723
3533
1476
1845
2910
1111
4914
2326
2494
548
2405
3806
3695
3811
4720
1246
1624
2569
3163
448
191
827
1362
3741
3409
1645
3170
1994
4444
4599
1689
3858
4620
3890
1029
554
4201
2590
1244
2751
4718
2642
4193
563
3319
20
2825
2211
1643
1899
2549
4194
3142
3005
4946
880
2435
2694
1359
2798
2821
4607
421
3561
3309
3046
3514
466
2892
857
3966
982
2076
2161
295
1186
166
1453
2867
252
2000
2949
2682
3826
3248
4956
3561
642
4168
4943
956
2466
1992
3246
3694
4781
886
4299
2687
3380
543
1937
742
209
18
686
2367
13
4786
331
1608
2111
2362
2898
3385
1299
1202
1139
4013
2730
2645
3212
1375
217
1768
184
758
3045
4304
232
2305
3488
3025
3394
356
4630
64
1044
836
2493
3515
4599
4295
1796
981
37
3079
4543
1787
4033
4120
4267
521
3685
2849
364
1845
2123
17
1826
797
4200
4011
4023
1929
3122
3565
4358
1999
375
2931
4955
1930
4631
2911
1110
1363
971
467
1513
3084
1043
611
4913
3177
3809
4528
2287
2562
3834
4454
1238
2757
3448
319
1012
638
3159
691
4374
2408
1258
3963
4958
4188
1916
530
679
4777
1207
3380
1684
4498
897
199
3098
2401
1940
3908
1114
4634
1518
890
4338
2467
1453
459
2181
4653
4093
2862
4145
3990
3958
2597
0
777
4942
4073
3373
2572
1926
474
2722
1606
11
2784
4278
746
4539
2941
1973
615
4826
1486
1388
2222
2140
2989
1709
4511
2275
4081
1865
4061
3588
2054
1093
4221
4515
3172
4800
2394
2059
3213
191
2669
2786
2007
105
4193
3280
3025
131
548
1661
2043
4734
4113
188
2509
2335
3320
4673
4385
313
1475
714
4927
4740
2890
2751
4331
3186
3329
579
2895
2200
1038
2975
3609
1397
3386
4016
1280
4774
3557
112
1291
4270
4777
3585
846
3353
4476
2868
3445
80
4314
4246
4701
4298
23
4595
4945
3691
2772
3816
3085
2522
2538
4123
3744
668
265
4328
4545
1524
1300
1609
2773
920
716
3501
790
558
1371
39
13
3615
1221
4878
1599
3908
3435
2749
4941
4732
2337
3686
292
3199
4942
126
524
665
3824
1221
4338
549
4608
932
2234
1288
1376
3452
2452
1472
2957
4205
4898
4469
2580
1231
4135
1934
3303
656
3159
172
2514
2544
346
1253
4173
2497
1705
1370
1532
4626
4312
3119
3199
757
1773
4512
4193
2573
98
1225
2861
2466
545
1855
1303
3931
4081
4340
3782
2307
867
2687
2779
3706
656
4130
3367
4532
3790
2442
2776
3635
3461
1175
734
1127
1901
4381
189
644
4490
2395
4879
2241
269
1
700
4354
4015
3233
4028
2460
3057
278
1633
1657
4747
786
4152
4341
2835
18
2720
2182
3531
2872
3585
3818
164
2042
4762
216
3256
4326
1288
4096
1911
2606
3129
4248
3801
2421
847
3284
2643
1821
2557
3518
941
3800
418
278
4647
1026
2763
2344
371
2808
4251
730
3682
4777
167
3312
3109
2416
2587
4524
315
4045
4429
4646
4328
2232
3584
4016
4504
4333
4499
776
534
2633
3784
3938
3259
98
384
4566
81
536
3452
563
573
3434
3981
3082
1568
1317
3676
3597
4609
4706
3749
314
213
1354
2666
1483
260
983
112
689
4745
2681
805
1684
3076
4039
666
45
4661
2101
2061
2574
1754
2330
2929
776
40
326
4231
1345
1562
4507
1654
3280
2018
373
4311
612
2942
1472
2347
1062
1271
4520
382
2322
1259
2508
4854
2805
1679
353
1990
3614
1911
4505
2717
1750
4543
1838
1165
1645
1585
113
627
4812
828
245
812
631
1781
4109
2977
2803
2900
157
1411
3207
2867
1579
1632
3512
1311
2174
431
757
3085
557
2360
85
1462
2378
2780
4989
41
116
1290
1869
1214
1866
681
1978
4601
3757
2914
1676
47
2995
1659
129
4156
2828
1858
1430
4258
2129
2827
469
3957
889
1796
3914
2349
509
3620
1797
4767
1666
1381
3448
818
2086
1145
1343
4634
3433
650
1934
4381
823
3215
3404
4928
3829
3914
4521
3254
4787
2307
4526
1534
0
2909
2032
4426
2679
325
1985
3025
288
4225
920
4672
2754
789
4245
3376
1013
212
3311
4621
2681
2561
3225
3798
851
520
1754
693
3238
2348
2631
3871
4029
4864
4024
1584
604
1973
3119
4629
580
2979
3656
4863
4383
115
4265
399
388
1490
373
609
4765
4782
4805
3381
600
537
2005
657
349
575
1655
552
143
72
468
2921
4765
4305
2904
508
1172
2863
1404
414
4911
598
1472
2305
2030
4457
4494
3198
4487
1796
3388
2911
469
1731
1405
4596
3144
777
4415
475
3
4943
3391
3989
2711
558
3938
4788
165
2084
1917
3614
2781
41
2901
837
2434
2583
3185
3044
1729
3163
4918
2260
820
1695
2248
2695
4189
4946
3330
3444
1751
2382
1429
1634
4037
2549
1079
4649
3316
3847
3672
923
4200
3760
400
4567
4175
3991
1493
3740
2504
3004
215
204
1425
4941
1260
372
1318
2181
3526
3758
4665
3047
4289
4898
1906
4291
146
4286
4211
3365
4910
1689
4357
2154
3761
1228
3797
4716
2588
2071
290
4283
3291
3083
1113
335
4674
543
424
1365
1630
115
510
3978
2325
3891
1109
2709
3422
3193
3409
1903
3930
2451
2830
1039
965
635
4260
387
4588
4575
2458
2296
1652
256
44
733
1634
591
751
4861
2645
2663
1025
2740
4435
3751
1295
4565
301
3075
532
4703
4851
3621
2216
1237
131
1670
3536
3834
4392
4425
916
1005
3810
2557
3086
4063
2916
229
3367
1312
3015
3991
1449
4588
2888
3653
2375
2622
200
235
3330
3724
1390
409
661
1552
4826
3760
4305
3565
929
3756
3129
4073
2414
4453
2057
549
2142
1691
2152
3257
1021
762
4342
1634
2776
3676
2171
1384
3271
2210
1458
1063
4381
3133
4224
432
4189
4857
2429
1944
3847
2426
1887
766
3909
1542
406
3938
4290
3048
3934
4094
441
2774
3037
3433
423
340
3688
2902
3376
99
2497
1292
3699
2007
2454
4000
4559
1271
4843
4418
2149
4756
1615
298
3101
3660
3698
1366
4358
389
4965
2887
2423
2234
3262
3844
4023
4017
517
571
3355
389
3561
4835
4498
2561
617
4668
4784
2467
2127
4114
1911
4423
4496
4624
2334
3449
1623
3439
2785
3554
3201
2151
754
1067
4337
2321
4812
379
4868
1295
951
4554
1501
1988
3802
3529
3207
3635
4973
1040
3005
3563
2212
3454
1911
3632
1785
4555
3797
4435
2528
3144
3713
2637
2090
4699
4937
3057
2002
1759
12
241
3583
764
1571
661
3909
1368
4203
2222
716
3996
1470
3568
3088
4443
2624
1451
4810
2460
4818
821
3520
3339
13
272
2766
590
2656
723
4482
3122
3187
3756
386
2056
4358
4584
2134
1817
1380
4843
2636
2823
324
3095
4942
4535
2230
3313
2495
4706
2316
1746
834
4462
4403
2112
670
2306
2222
3425
1277
1034
2619
4997
1926
4934
3541
4252
3301
1443
2087
659
947
4376
1562
1244
4611
3316
2362
2052
92
2737
4072
1509
3224
600
2410
1768
375
3797
1045
3338
3555
2838
3371
1823
471
2031
4794
351
1845
4725
4987
4515
1873
208
4917
4445
4505
1741
3463
1404
4838
1681
2391
863
4800
4018
1825
4533
4825
4365
4471
557
3716
934
2669
4736
4473
2782
4876
4330
3759
2068
1120
3968
2590
394
937
1297
598
4558
63
4183
3384
2356
2095
840
1397
4594
742
4829
57
2974
4014
1722
1555
4053
3333
625
2786
3840
4582
4646
1490
878
2066
2271
201
3022
2349
4638
3703
2832
3703
4995
369
317
1349
1195
1603
2329
1787
3994
213
4
4909
4435
3260
4620
343
1566
4385
4839
1800
3652
2631
4865
4639
1150
2355
2978
3335
3324
4846
517
1524
3543
87
3278
3437
81
528
236
392
465
1990
3986
4967
2447
3902
696
4314
516
760
3594
882
4294
1866
1997
1756
3562
4660
2880
420
1026
1275
4631
2766
3138
1237
4590
454
411
1905
2956
2532
746
3073
2276
1597
4246
4830
1777
3588
3735
1158
3134
3012
58
1422
914
456
3786
4024
2459
420
579
1152
2387
4182
1501
2690
1779
2896
4314
2546
4943
4834
1011
3215
3319
994
2542
3823
1194
340
2004
1171
195
2079
1941
661
3019
4149
2778
3909
2910
4288
1687
411
713
3961
3089
4157
259
3107
4833
2172
3753
2043
2188
4908
4099
2001
4844
3678
2846
3002
4118
2147
2074
1704
893
880
2044
2140
4641
992
2138
2227
2956
4049
1674
1668
3346
699
2614
4769
1728
4279
1108
4958
3119
3905
1904
2852
3422
1527
4767
4998
3665
2523
2472
917
3987
247
3304
2541
4276
4455
871
4086
2139
1029
3047
4106
3899
609
134
61
3173
3506
1286
2054
734
2603
1371
816
934
4206
2413
4363
2307
2266
4013
3562
2542
875
3282
4877
4428
2292
1187
4213
3323
138
1341
1628
89
3600
3334
3199
442
3410
2181
4830
1704
1922
2294
32
2301
2444
2325
1466
620
147
1085
3283
1352
4554
3748
2810
1141
289
4177
1115
1106
1893
4046
4243
1662
2598
458
1197
4606
4978
1934
345
3865
3177
1846
1662
563
2959
2782
2359
2793
2313
1002
619
1497
2726
702
479
1347
2150
4574
4731
4730
1025
2455
2190
1737
4205
2579
4978
718
542
2999
1943
942
3488
2651
309
2305
4395
1193
287
885
2805
101
630
1845
4476
4133
2330
1415
451
3526
201
4923
2760
1753
3692
4612
1212
2131
3058
726
2480
3224
2827
1129
436
3282
3960
969
1149
1890
2715
1643
768
1489
1958
2307
3162
1296
1826
2750
4644
3009
1962
789
2169
1676
1072
1879
2583
707
1003
3031
633
3929
1335
3397
3716
3034
663
3807
2177
19
863
2068
1702
3978
4512
4856
349
3051
351
4878
3925
115
4490
459
770
3388
575
215
712
4772
1497
815
719
4470
3421
2091
504
1563
3666
3449
2743
4542
971
4801
91
4090
3593
2363
1285
3498
2027
3948
4176
438
556
3362
2917
1739
445
47
597
1333
4294
1041
4107
988
4321
1004
307
4931
1200
1093
1971
4463
544
1110
3006
4887
3917
4894
2707
4182
2663
1453
4830
1804
1624
918
680
4183
2479
3794
4503
1219
1151
1601
3242
31
1510
2086
83
3123
3255
3434
2137
2825
3393
3788
3765
1815
3541
3840
403
1354
638
4623
1431
3882
1093
3872
3900
3469
1606
2054
2341
4519
944
2581
2592
2675
764
1504
2194
1343
487
2099
4593
509
1439
4208
4213
162
3686
1699
430
1632
405
4357
586
1542
1481
4785
869
4378
362
2443
3660
3886
934
2405
162
1298
2584
1470
1379
3105
1751
951
1261
4049
3790
820
212
1966
2026
838
3396
1801
984
3904
678
2746
3036
50
2322
4782
875
125
2661
2150
1235
775
663
1851
316
3148
1606
4784
4987
280
2716
2217
303
1352
2406
1871
1869
1549
4078
3655
410
3280
1520
4404
116
2785
4100
3654
4279
2493
1115
2793
2642
1346
2699
3640
2736
4143
3993
3332
3496
3401
1526
3405
4616
367
2186
4109
107
3327
3426
3293
293
4820
2718
2661
642
3007
556
73
3068
2793
3342
2301
3222
3993
862
3685
3487
3682
4414
2626
1714
2963
4751
770
4985
1414
2436
3073
791
2566
3092
253
790
3706
336
3263
1491
1533
3928
1408
812
1223
2440
4813
4865
4527
2394
885
1434
1606
1779
3845
3539
585
3032
3208
554
3772
2066
324
726
204
3163
2766
679
2471
2072
2562
1843
2278
500
2260
1530
872
1115
1781
2110
2459
3271
825
360
3995
4181
1124
3617
3267
2227
438
2382
509
3831
4196
4328
1732
845
4593
2989
1761
670
1388
3746
2979
3750
3603
3218
2818
3580
2991
3924
2820
2365
3
403
3600
1900
2922
3728
1267
3252
3122
3904
4314
2562
4582
643
4906
61
2526
3916
217
2191
4121
1330
3240
1840
4133
2761
2949
3084
1140
3882
4341
3343
422
4805
1765
720
2587
4718
3324
3477
3630
3704
4054
185
3179
3196
1638
1628
2916
4917
4995
1543
3885
3222
3535
3893
4850
2692
4321
3105
4312
1608
3660
2786
1371
2942
1053
3660
1181
1498
2797
4495
2977
4759
112
1220
2814
3478
13
2934
1716
4936
1204
4648
4380
4228
3908
954
210
3078
1853
2282
2995
2526
140
1493
150
1916
3914
941
533
2735
2505
4723
4644
2089
2641
3973
2151
1788
1391
1844
2341
2893
3361
2299
2125
1402
264
1310
3363
783
4274
1450
1667
1303
1443
3773
2357
600
4352
4943
2995
0
535
207
4521
2732
704
3914
1668
1736
4479
1029
3009
4923
643
948
3753
4024
2256
4794
4770
32
1551
2973
1534
2559
428
2919
3237
4614
3890
4431
2009
3260
3334
2809
1558
3386
868
1846
1057
3915
1525
2025
4106
2071
2579
182
143
1754
583
860
878
2479
1164
4873
4531
2135
485
3861
2069
2339
1894
3946
2421
1677
41
4325
4579
117
1975
4751
976
649
2582
3245
1700
2083
4083
1076
1171
1429
2007
497
2331
1375
3020
2792
4702
148
809
4238
3295
4891
3664
4640
4275
2381
1126
1827
286
3022
1991
2458
2801
4482
1236
2941
335
391
3040
13
3055
214
2940
4442
1227
4835
851
3130
2161
2629
1223
54
4653
1593
1506
984
4764
1140
3646
3193
3055
3248
4357
415
1485
3467
981
3343
2160
597
4006
2763
4230
3221
503
2395
394
1039
2811
4950
2279
747
3444
2669
4783
3416
476
1324
4112
2368
837
4035
2682
1830
2522
2281
651
4090
1005
3968
3533
2922
3645
1030
4525
2526
1337
2592
1281
1608
1408
2161
2871
1808
1524
2011
4837
2892
3305
3666
4816
4921
4500
2809
1859
3530
3435
1935
3084
1298
4089
2829
3679
1682
676
3502
2430
1762
4455
2864
3837
298
3048
583
1348
400
21
3343
2460
35
1926
1092
4002
325
3363
3549
2969
3755
820
1299
1828
346
2182
152
2218
3675
1052
178
2017
1289
2169
330
2378
4748
3418
2946
188
4879
2021
1875
1361
4820
304
1364
825
969
2840
4520
3184
2938
1815
643
4070
1477
3222
2379
2909
126
3273
2754
632
1083
3733
852
292
4952
1191
4773
1920
2077
851
4148
2485
2267
2481
904
2387
1386
2944
559
3423
2952
4307
3326
1585
326
1131
4138
2883
857
4510
1001
2823
3582
3608
2569
1222
61
1950
1416
143
1118
3418
4436
1904
3053
4287
3766
860
2288
700
891
1654
4643
960
3343
2002
3277
3314
1049
2509
2620
2371
1728
340
1676
690
3123
2472
3475
1166
2380
3948
4048
4087
1977
4575
2562
917
4637
1979
3235
1058
3513
1063
4414
3116
358
1206
2061
3719
3451
2892
4978
4871
701
4214
2695
2127
420
123
3600
4589
3253
548
4062
49
496
4661
2440
3658
1719
141
2166
3886
509
2096
194
1685
2966
4615
4264
3527
4836
4807
1716
1751
659
4015
519
3590
2300
2816
465
923
47
2318
3403
1980
4245
2223
3392
2854
4186
841
2075
1942
2343
618
4080
100
3006
2991
4515
3638
886
558
2091
2752
4934
3846
424
608
1767
3971
1603
3415
3456
4989
3323
869
4579
807
3161
1052
391
2323
2823
1462
2178
4630
4917
2873
3520
2522
1611
4589
3693
1539
4803
4119
4383
2248
4015
3521
3798
696
3136
3343
1129
3136
2332
1835
3647
4760
1910
725
3908
3259
4739
1453
3356
2113
4480
3191
2717
3958
1382
3751
2160
1358
2545
4677
2345
962
1029
720
2871
887
3974
414
3259
2535
3488
2040
698
2976
646
4530
1611
905
2168
3982
1154
2724
3090
1054
4076
495
1777
4950
3267
2616
1386
184
1320
18
4021
3163
853
1395
4997
2533
131
2150
3065
3569
2260
1096
2994
1252
41
2675
1989
359
3639
1317
3556
998
2546
827
145
4078
3791
3847
4697
802
1768
881
2638
753
455
1562
4195
3147
2900
4038
3236
1130
1342
3167
1161
937
3252
133
671
3404
1018
1105
100
3963
2973
3825
3476
180
863
3919
4090
713
3563
4318
3231
943
2579
4566
4316
4166
2635
340
1529
835
2631
4388
3149
2018
3423
4748
4610
619
4297
4274
2429
2528
3732
4143
4612
345
2214
2481
3402
2133
1028
1387
218
1072
4586
246
4161
2639
607
823
4477
3817
4370
4528
2671
2467
4881
1365
4413
3889
2450
1405
2864
2184
4478
1462
3080
4484
3805
2825
2683
1843
3534
335
1919
4472
3010
890
4175
517
1882
2795
384
4917
2395
2534
414
3766
1847
3626
3636
1132
681
2094
2154
418
1869
963
1750
3531
2461
2049
2565
3567
3403
3077
3513
321
4417
3680
3857
250
2216
902
4043
2758
4766
1051
504
4417
3959
2517
1411
2698
1035
920
260
3215
941
895
1994
3601
2113
626
4070
4491
918
1593
234
3921
4767
2641
1398
1967
3268
1862
1537
2212
2292
3940
4079
2326
1895
2085
963
4802
4916
4864
1059
3422
43
992
1515
172
2176
1164
1675
721
2087
459
3231
1017
1599
3988
752
577
4731
555
746
2758
2147
2257
2072
4681
3379
2342
934
4871
690
3237
4473
840
169
1528
21
4424
118
357
600
442
1766
4167
3686
516
4301
2433
663
3343
4859
4102
4164
1524
4155
3067
3133
3400
1302
1572
397
173
646
1364
1719
909
3578
4040
4962
3275
2244
261
3929
3184
314
1265
3394
1830
752
4749
4064
4814
1727
2187
805
532
22
4856
4515
3486
3336
4654
1141
2082
175
686
419
4868
2088
3897
2365
914
1437
3275
4154
1465
2921
3237
3720
4472
3958
4880
3284
2229
4745
1266
1667
1914
2762
2274
4779
2695
988
1022
2917
2152
345
4735
3560
2502
4141
1641
4140
3309
4407
89
3254
394
2968
78
424
63
472
3859
2587
1842
1892
2633
3133
3631
1895
2116
2409
3314
2086
256
1812
1505
3569
4719
466
1205
2732
4643
4826
4019
2094
2007
4629
1485
750
182
2973
202
4567
3906
806
4017
2337
2956
4414
2809
3255
3343
1051
1232
2279
326
3506
4117
1860
28
26
1400
96
2022
936
2972
4672
4536
4943
3816
2766
3451
1734
4049
1841
4552
3761
2974
154
4913
4676
2976
3290
952
1500
2934
98
2129
2230
2576
3816
3
4970
4028
4497
1228
3160
4679
4142
3496
1568
4322
2907
1485
1988
305
3907
4258
195
4312
2023
2712
2566
3731
2025
2658
3278
3287
218
4023
1385
536
3890
1577
3015
1462
3825
1630
662
4784
4823
4965
4526
1422
1112
1326
4596
4520
835
2511
4461
4767
3362
844
3343
1472
2629
1835
839
3049
674
4706
1692
2519
128
1410
554
4325
2646
4732
2817
3888
1747
4628
3966
339
416
4553
4730
2729
2714
1996
68
3904
4714
866
2074
4715
2382
1211
2421
3218
2355
2649
1721
1106
1386
2624
2606
3962
2892
769
3374
2320
4000
2612
1625
3134
1091
4079
4731
3100
1318
953
2243
2880
4250
2231
4835
4141
2564
4928
299
2033
1786
4473
579
854
782
1163
3652
863
2145
1438
4758
4591
266
4452
4157
1226
4804
4405
2611
3018
2919
4807
1239
2528
2337
3947
1388
4728
1717
580
3871
3600
3097
566
2970
3469
2677
4609
2642
4937
780
3208
3853
1801
3609
899
2044
264
915
4364
2444
1186
2774
2120
679
466
4399
2406
2144
4977
743
253
555
2722
4448
3072
805
4823
2554
4859
1984
4712
2919
1964
3754
2932
1702
3418
3324
4885
1200
1708
3099
1950
1458
101
976
2397
2258
3281
1672
931
4295
4826
3615
581
1934
4834
991
3064
3754
2929
1056
1615
3550
4579
2730
2063
1175
716
4123
741
4752
1240
890
2052
1043
4861
804
1910
4843
1713
1309
1955
2164
3259
4389
4479
2066
4974
305
283
943
574
114
3287
4458
3913
562
958
4287
858
2107
746
1708
3251
4304
2872
4391
4835
1458
838
2569
2182
4454
1133
3660
3604
4769
2380
2342
1199
692
3608
718
2692
764
442
715
1491
1329
2900
2889
800
185
4671
4216
4003
2498
3076
3525
1899
3903
2052
3298
4693
3511
3588
2888
971
331
2791
1703
1191
2198
1791
3655
2402
1393
3553
4769
3654
4310
666
2948
2637
3333
1680
427
3992
3738
3828
4954
1649
233
4423
380
2425
2041
3295
4381
4481
171
3622
550
3107
370
2004
2466
962
3450
3108
2901
156
2626
3931
4193
4278
749
4457
406
4914
2787
3490
918
4916
1190
1642
3985
4331
1995
2538
3808
2492
4581
2308
3278
3187
2382
3570
152
4068
1089
205
3749
365
1794
1773
4190
2315
116
4442
181
2797
2536
4924
4508
218
1061
1393
1673
3661
3625
3371
4785
4599
2846
820
888
1182
2864
3677
3793
3158
3637
983
4378
3101
710
412
1943
2249
2040
2339
1372
1453
1382
440
1912
2343
4583
3922
4090
1545
1018
3994
1582
3068
4289
2179
1133
3301
4670
1207
2277
2396
4448
4820
1511
4104
4295
4744
3591
870
1905
1930
2749
525
2685
1139
378
2992
3007
4842
2015
960
435
2472
2630
1868
2094
3067
1607
3712
2080
2849
3538
681
2306
2640
1066
3244
2726
766
2147
3197
2759
3110
2702
609
1011
4907
658
4706
779
2444
3963
1067
787
3777
1387
3409
2909
694
4947
4993
2756
2351
2840
4874
2152
4266
533
4303
4339
3068
2144
4525
4710
1486
741
4487
3291
3468
2690
3820
3606
3753
3522
3271
4838
2118
125
1327
322
4663
2033
4746
2614
346
721
1493
1332
3452
2389
635
2490
407
374
3953
243
3476
4651
3279
160
3793
2617
3551
2224
3367
223
377
3065
3971
88
3234
3876
3396
158
2743
3043
3255
1600
3007
4138
4972
4007
872
4419
1956
908
4887
1694
42
4815
2118
1251
4167
2730
4284
3784
1040
2532
532
2352
2802
3568
4594
415
550
4500
3731
2868
4791
2698
2824
2834
1659
3692
3041
2654
891
758
1778
2211
3336
4248
3154
3707
904
2342
4152
1106
3183
3358
897
2121
2188
3110
594
4950
2537
2881
2957
1061
1342
555
971
3048
1484
4874
3593
313
3047
2022
4750
976
377
1849
539
3829
4848
615
4309
4007
518
198
1052
2192
133
1092
1259
4706
4549
1280
3278
618
4886
2734
634
112
477
4456
2936
3606
4445
2304
4087
1735
3820
4620
3539
1906
2241
4440
221
1769
3225
1187
4003
2534
4552
2303
3989
4381
391
744
337
4221
133
4606
3465
1841
1082
1826
4331
1654
2581
4647
1571
249
2399
816
2370
4033
2823
326
2926
711
3810
1760
2684
4954
2518
3315
4258
614
4244
713
3185
4811
2644
316
4119
4644
3931
2049
417
449
2557
3922
1636
4725
4416
204
4890
2024
549
3626
2358
4587
919
459
4360
3716
883
1898
1940
4350
2307
3510
2371
4345
895
4258
3083
3347
3448
2322
1912
3398
2361
2784
285
4827
3542
2603
1264
1919
3520
3832
317
2515
3787
1469
1680
3177
3420
3781
1433
3862
2637
1464
4326
47
2605
2488
3137
4380
2355
4812
3165
903
1951
3371
1437
4478
3014
3215
4428
1511
1844
1710
4531
3016
4561
913
2056
1853
2018
1174
159
3746
4769
2915
4659
4027
1425
568
3723
1324
3341
3948
1594
2175
713
2354
2448
777
689
678
4622
4415
4326
1618
2047
4392
4920
2121
4849
4587
4017
4813
4644
50
1565
205
3533
4205
1499
2208
4437
3923
3983
2335
547
867
1092
1368
4311
2583
3424
167
1293
3724
3416
1125
403
3291
2905
4963
3808
644
2422
2763
3307
3074
722
3863
4230
3204
772
896
2934
821
4211
3214
2642
1
4280
2237
1209
3320
4947
339
615
907
4086
2833
1315
713
3742
3336
2204
3733
1506
2342
4505
3261
3875
1984
4928
3065
1699
4268
3265
2839
439
3251
4758
3807
3074
3882
4432
3763
4424
456
1460
4067
2428
2220
934
1273
3246
4124
3370
3875
2792
4525
15
4544
3692
365
49
2369
3274
2179
4749
3101
1604
1452
4099
4283
4612
3450
1339
842
1274
788
4697
844
3137
794
1801
2771
4572
1462
4148
4437
2279
4795
407
3370
4923
4256
1448
4029
3444
2411
1264
3745
2751
2849
4309
1325
2965
2090
877
478
184
4825
2648
3171
3658
2143
3918
3305
1855
4078
3871
3316
1203
2334
4855
2476
369
35
1873
4756
1643
187
3675
4568
4208
962
628
4216
4697
4499
4902
3852
3164
3427
4496
4777
1405
3708
1170
3149
2843
2430
3477
4200
692
1890
4138
4705
4535
1797
949
2367
2745
2571
4095
1597
3486
1281
1073
517
310
3030
4608
4906
2142
2570
3913
4609
417
1053
4869
2984
3654
4460
3692
1595
4954
2363
3086
2722
4901
764
1479
184
3607
3221
1448
4046
1311
4166
752
2769
3751
3296
4418
4492
4075
1708
569
1022
2817
3011
4876
2628
4377
4487
2503
4699
3096
255
4299
2798
2501
1402
1616
4693
1643
3259
3014
526
1506
2387
1936
4880
1745
1484
1129
2345
1028
2363
1573
1888
2548
1146
4987
2027
914
1667
563
744
2219
3835
16
3145
211
1333
522
4019
616
3917
1033
4697
504
460
2705
1520
1721
2484
3221
2451
3147
4358
181
1321
4470
707
4733
2162
2487
2588
867
3565
2824
4832
2824
708
2922
1489
4065
893
1502
967
3560
3825
4513
2614
3187
4866
285
2913
3705
411
86
833
455
4873
2402
2769
1349
1729
4137
4923
1307
2033
3725
1795
699
2961
2795
1155
4733
1898
4293
2490
1914
3304
3516
1101
4117
2328
4177
4406
413
3734
2558
4840
3475
1152
1060
3421
3412
1872
2606
4172
2338
701
867
2794
1048
1692
2098
1628
2837
4935
3508
1895
2746
1849
4765
4909
4652
2376
2975
4819
2591
4344
1188
3623
236
2363
1072
1599
4487
1710
4300
1082
4770
4478
2648
1626
3942
70
2025
2559
4019
3090
611
1511
4043
1599
2776
3640
540
4531
3452
478
148
4667
2983
799
4640
2397
2613
1505
4040
4706
933
3222
3076
3631
4935
1434
2686
36
1550
4403
1271
4156
4997
4114
3150
2108
1205
4929
4520
756
4524
898
1810
1008
4897
3785
3317
3630
3929
3761
4994
1716
2038
396
437
90
2949
1380
1004
121
3801
3168
1322
1336
624
775
845
4784
4118
3018
871
4805
471
25
3293
2830
358
2865
4894
251
2012
3129
787
94
4829
1061
2885
2547
4648
296
4996
1546
3164
3083
3454
1972
2307
2423
3860
4554
4775
2751
1253
2477
2326
1497
310
1304
3553
3007
3750
3121
3426
89
499
4011
2592
1775
3227
975
4367
2689
2098
3163
2350
4057
744
4558
1111
2557
325
408
1705
902
851
2166
3282
2126
3907
3087
3196
910
446
797
980
1670
160
3062
4505
2941
769
2747
2298
1115
23
1562
3164
3579
2568
1513
910
1693
3010
1453
4908
2528
3053
3439
4735
2117
20
4151
1557
1814
1333
4836
2993
2900
664
2091
433
1962
3428
3563
555
4844
1918
2326
978
2606
1370
2747
305
167
1885
1671
1594
1893
4278
4516
1503
4076
2450
2100
2016
45
3221
2322
2868
3503
347
756
164
3284
4367
65
2195
4720
2585
679
4031
2973
3729
2767
2915
688
4075
4856
592
4389
2867
4930
3578
3279
932
2252
2482
4150
1046
1363
1077
4020
2767
3501
1903
2031
760
1960
3285
1043
2879
2569
2278
2713
2863
3476
642
4417
2
2461
1169
3511
560
3662
3900
4686
4219
4738
4590
751
2099
2712
34
1049
1240
371
3073
17
4551
3786
3664
3069
2368
2345
2268
4483
3001
3341
1612
2518
2302
4610
4844
3074
1901
1362
4604
1315
2506
3054
4604
4797
1775
1829
1361
2293
477
4510
2377
1294
87
3745
857
4694
1063
3163
1627
1421
3286
3388
4314
2223
4899
3706
3441
3423
2278
3045
3648
1360
2239
912
2052
1273
911
4659
2369
1977
4665
2746
3520
3720
3445
1283
1826
732
3876
3078
3344
1386
167
2677
1758
3670
390
3870
3791
4465
2797
1949
1046
2157
942
3353
3829
2387
4617
1427
4622
4702
4834
3166
592
4162
3947
2591
1774
3271
1935
950
3333
798
3726
262
2768
3974
1984
3522
3502
4976
377
1763
4299
3610
1906
4116
3307
3491
303
4059
4593
2536
2898
1516
4505
4020
3749
380
324
2005
3700
2052
160
3551
1033
3543
335
2929
1665
4547
3376
2841
388
1866
1567
56
2181
1045
171
3490
4339
4581
1159
319
3757
3259
2173
2569
3190
3041
2056
3358
1865
3960
2796
4701
3857
1873
3919
723
4167
3232
1209
1940
3250
3445
3375
1379
2381
1883
1179
2741
4633
633
1762
556
1719
3995
3160
1691
2229
2654
3516
837
206
679
656
638
129
3298
484
1250
56
2416
4331
1575
222
3165
2095
3209
4449
1153
4552
253
1833
1267
1635
4755
4217
3644
4453
775
1496
1309
2885
1567
1782
4182
1507
4010
3297
2667
299
3891
3462
1734
2440
4128
1176
3594
3523
3394
4282
674
3266
2718
4032
3649
1808
3818
6
835
201
2010
1350
4468
1898
3380
2591
3237
4927
1292
2410
1210
4484
4630
2629
3470
2055
3908
653
4334
1851
917
441
1244
3915
1854
2350
87
2679
4885
161
4422
2477
3506
4170
4171
4815
4350
4770
2581
989
4008
849
4709
1527
4193
2931
4987
2784
3041
3943
650
2608
358
846
2439
3484
4823
1380
4404
4433
1835
359
4298
39
460
3493
445
2147
4818
4020
4140
3381
2214
1806
575
2876
827
4596
4226
2313
550
2707
3063
8
4348
1837
609
3845
274
1659
1528
1756
2367
2188
4809
3079
3905
1995
4466
2753
1707
3433
1586
4547
1126
3551
211
443
966
4279
1985
4120
1285
858
1243
475
2043
4820
2697
2891
2436
183
4199
4756
3624
1399
4280
2579
1855
3873
4757
2179
3374
2211
3521
1663
2622
4481
1079
3516
4966
1741
4973
4239
328
4468
969
2712
548
1127
3782
2347
1519
2241
2296
2855
829
1738
1294
1855
474
1902
2983
227
1696
1603
2480
2162
3224
845
3686
1476
2686
337
3096
4034
3417
1025
2164
2029
1688
3057
3614
1277
2115
3800
4151
396
4763
1992
4662
2324
2328
2394
4689
220
3534
3685
2379
1489
1456
4004
723
4795
538
3482
91
4335
4178
767
3190
2425
3364
2943
1163
3309
1702
1782
365
629
1103
4725
2176
267
384
1468
1707
217
317
462
4536
3077
4876
2479
3432
1666
170
465
3288
528
4182
2871
1843
4323
1979
1387
2814
1135
4409
3091
2369
3947
2058
3010
4723
4002
4113
1832
4162
47
4556
856
4176
2322
178
2146
230
1149
4890
1516
3424
1058
4279
1899
4112
1565
1748
974
4858
3659
1406
1856
1449
4440
1050
2582
3222
3841
975
3139
1697
2975
1064
995
4772
279
2533
467
3600
714
517
4422
4054
4640
130
172
2635
82
924
4904
2071
3937
3937
496
695
2073
1305
2559
1072
3262
1828
1427
2648
3376
3303
2526
1525
4095
2186
2126
50
2575
3174
3063
393
3207
905
2107
2283
2472
1407
1703
4584
645
524
4916
161
4937
1868
728
2638
1166
3485
4534
3772
2233
614
4893
1768
1941
4897
1812
4224
3863
750
2694
4202
720
1521
77
4820
3725
2849
3932
4994
1222
4639
2889
250
2057
4275
2882
4905
4378
4466
4711
2209
2180
2550
2275
995
912
4919
3586
3489
1347
1096
1529
2643
720
2421
2977
3282
703
2984
2277
2437
4323
4477
2591
3530
1416
3062
1132
475
255
1066
706
4285
160
2426
2690
3888
2480
3015
54
393
3444
2859
3301
1257
2331
4128
2704
3443
2326
4334
805
330
2024
3544
3696
3639
4003
104
2701
40
1422
2090
3366
4536
1326
282
2790
1870
1385
2247
4673
1143
4448
4888
153
3571
340
2129
605
3059
4107
2227
4010
2590
1615
2719
714
901
4336
3598
4952
3702
1575
838
1239
4697
1795
1625
4908
2104
2943
3215
1007
1859
3404
3596
4002
3334
2880
1849
741
88
3991
4684
3747
2283
2335
3875
2370
4501
2126
4134
3892
4182
3925
1985
4159
2999
1762
3554
606
2680
4032
2109
4744
460
4706
4765
4900
1586
1589
1464
716
1278
2500
336
1905
1638
4924
1592
2782
1055
4499
4974
2916
4280
1182
2056
2340
3618
1098
3451
1390
3868
1927
2309
99
2437
6
4581
476
894
1386
390
757
3852
3371
1767
545
1002
2443
3496
4439
1508
2164
4424
2659
1085
1517
4167
2518
782
460
2997
2448
4260
595
1279
2562
4035
1486
3925
1387
2122
2004
162
842
3731
3505
50
3763
1170
2942
1449
4716
768
1885
4943
3145
1399
4517
2545
160
821
165
3497
4906
1003
1016
1945
4058
4627
2165
4132
1323
2912
4717
2708
4248
3663
3001
1624
2516
2372
1365
757
2443
3553
4678
1352
870
3565
3499
1173
4932
16
4081
2273
102
408
3487
3042
4399
1334
672
2143
3798
4838
4797
3198
2056
1873
630
2472
4276
2299
4996
1682
1026
988
2718
2427
2035
4711
1389
1993
3275
35
4382
1069
4111
4893
1800
4521
821
3837
1575
2613
1404
311
1578
3851
575
4047
4089
1505
246
3323
3407
581
3401
1753
3808
218
522
4243
2253
288
1575
1326
4407
4442
3537
3390
4495
2458
2593
2260
4221
4028
2668
4026
136
2798
483
3056
2115
764
3914
3995
1982
202
3103
4974
1267
426
2256
1137
3784
1382
4836
857
1921
4458
1994
1584
923
1014
1645
574
162
2339
363
4436
3968
1303
3663
4743
3214
3918
3206
868
1629
3934
1904
4927
2348
1715
3671
2537
3710
4638
215
2062
225
2896
3904
2333
140
1967
1513
2732
3821
3491
3317
3088
3576
2676
889
1090
3874
3926
4530
524
2072
4197
1001
2321
4654
4643
3801
195
1366
3179
3726
2294
411
3109
2024
1345
31
1671
3787
429
2039
1725
4419
1363
2328
2465
1268
3666
2026
2949
4509
2489
3204
1685
2274
4394
1313
4738
4880
4318
2168
3954
1523
3465
4031
414
4339
4077
2071
3715
4895
4282
2958
4448
2040
1313
3631
3640
1362
2711
235
636
3033
4909
2321
548
3382
3712
3560
2925
4815
3586
3889
3116
4305
3369
1026
3044
3336
4764
934
2005
569
332
3167
1081
4259
1752
2150
810
100
1977
4506
405
1982
3673
278
2568
4977
4324
550
379
4198
3535
4613
4650
229
621
231
2866
735
3634
1135
4173
1850
1283
1674
3914
675
1982
1649
1860
2270
3798
2468
4459
4524
2089
1320
3887
3615
4603
4359
3543
4308
4429
595
3139
2537
4942
4795
779
3627
4901
4959
1834
818
2295
2514
3091
4036
227
1758
3901
1132
1031
301
58
1699
2252
3000
1869
2582
767
2938
3169
1073
3025
162
4300
4053
851
2022
2208
2591
2692
2247
366
3874
175
4300
3710
1268
3855
960
4100
3124
3836
3928
3708
999
1548
2687
4947
1270
3809
1989
3175
3169
4851
2903
4632
442
2708
2634
1817
1464
2177
4841
342
2574
2951
2387
3402
3096
4456
657
35
2495
2030
1470
3901
1309
4545
2626
562
4991
341
3919
1999
3796
1495
1310
4559
4953
3568
4038
42
1152
4078
4595
989
10
3838
2735
1029
461
2600
3094
4788
3462
3484
2107
1051
4009
1426
4697
3051
2873
3083
4812
1083
31
2755
4065
3659
3411
4621
820
1969
3993
3280
2218
3055
2163
961
3442
3513
858
307
4526
1985
3569
4378
4587
4959
4684
586
688
380
1534
6
3475
3399
2296
546
1646
1681
2366
4936
1984
4576
786
471
3405
180
790
362
3302
173
3134
4292
4763
2369
1130
4061
1291
1702
647
2286
3690
376
489
3415
1012
4448
1011
678
1135
2329
4239
3808
2232
3909
2383
460
4330
778
3171
2957
4526
2941
4086
538
2800
1325
4660
4840
3375
679
4689
414
2473
2630
1127
3740
241
4450
1471
3109
2467
525
1416
2837
3060
2261
63
1003
2455
485
3238
3358
2410
2472
1098
3269
1308
4696
4940
1587
850
3414
962
1554
2569
4208
4514
2598
3413
1443
4589
1496
525
3764
2028
1875
3794
4103
330
2768
3336
1792
3300
3457
13
1329
730
4268
1173
1593
2514
4090
2787
4289
507
4097
1337
3525
4992
3127
4578
3220
3251
2699
144
3536
1372
1064
4484
3275
3796
4697
1779
1299
3069
2591
3075
2444
3976
1284
2607
3286
3018
4152
122
373
3841
3608
3038
1522
2801
2288
883
2263
2332
3382
1110
750
1741
2566
4109
1166
3989
4562
757
2888
4825
1165
1497
2563
2247
3566
1609
3493
1986
2396
2820
70
2120
3625
4173
3117
11
757
1814
1212
2541
4545
1936
4131
4753
4227
4101
2443
64
1323
6
2275
3297
1923
4055
3236
2781
893
2948
2959
1264
1953
2110
51
1480
372
3140
1563
3103
1680
2378
2004
928
4597
4370
3429
2966
4771
2276
4666
1631
4427
3372
2020
3221
623
2717
2722
1686
2060
3404
4828
3918
1899
2891
3199
4417
685
1385
4158
4607
617
1144
4964
17
1509
2665
1755
3244
3357
1574
3761
4832
3188
1490
2884
2780
591
895
2978
1983
2729
4298
1216
4385
1095
3123
1829
1042
1773
4625
1491
4087
2082
693
189
758
2947
4811
4236
1668
2452
2867
4425
1246
2961
3808
132
1845
4664
4069
640
808
458
4959
4958
4266
4543
3185
1053
4587
3091
3271
325
3446
1642
4417
368
2867
401
960
947
2475
458
2619
1252
2652
1999
1569
2437
437
2191
1074
595
2400
4024
66
4160
112
1579
289
3126
3101
1841
1878
2465
1840
892
4724
999
2085
4449
3076
2023
4025
3182
2476
935
2823
312
1585
497
1917
1576
203
3580
3792
3243
208
1589
2044
3192
1945
4980
1482
4234
2170
4534
3283
2392
1755
3691
3105
1409
2385
3574
4771
4828
3513
1129
1326
292
4237
4613
4454
1770
1177
3195
2713
4149
4383
2471
4172
1469
4612
4179
239
1269
589
1151
2476
3779
2958
4612
4116
206
2420
3027
2730
1113
2498
4473
3047
4242
273
4700
3457
4412
3943
3601
3547
962
123
4187
4627
4131
3053
700
4156
1484
266
350
1113
1407
2889
789
2400
115
51
2482
1402
2957
1674
2856
80
4479
2437
4344
3570
4852
1767
3916
4494
865
546
4416
1005
543
140
4778
1289
504
4384
575
3985
1732
2187
2338
1142
2369
1201
4018
2424
1959
3395
2127
2570
747
4620
4356
2375
4207
4185
2445
1203
1771
1316
2333
2397
660
2887
4057
3503
4187
2277
2005
386
4282
111
4514
4037
2285
902
3258
3523
1165
1732
1566
3153
4401
1498
1459
4700
2956
794
1304
1495
3456
3440
1985
4663
3002
2200
1420
4183
791
581
3029
2993
3274
4740
4780
3382
3204
2300
3929
6
4574
2801
1374
1441
1075
3027
3539
343
1500
4633
2298
4890
3999
3454
1981
834
184
1442
1618
2352
963
4354
4788
66
3553
3595
2142
458
1222
3348
164
4203
1346
1455
1326
962
3004
95
2433
8
1427
2217
4798
2211
2792
1339
1434
765
2319
1447
4325
2192
3909
4033
2829
3800
1874
2604
4925
1718
968
1120
2309
102
2486
4851
933
809
1093
1304
2560
3260
2420
1080
4573
70
3706
234
1409
4651
2313
3396
2474
3211
4593
1154
2460
3377
3904
396
3496
703
1564
2714
3779
2838
1208
2324
3257
1965
2668
4907
2661
2165
3001
3571
1865
2779
1662
4376
4058
689
832
2094
1061
4220
2386
3705
4107
66
4442
1591
944
1090
1103
2033
1586
2093
3795
2507
2484
1404
4703
4450
4833
2870
4543
2806
3792
33
1703
4273
1587
3432
4815
1326
1711
3623
2217
3831
2792
4192
4002
2908
2294
4241
4750
1212
1391
3269
176
19
3164
4537
4950
1453
3461
870
926
4479
2832
4199
1400
2301
2357
968
3418
1580
1713
3620
4585
4031
3584
527
4520
1870
1827
4894
1515
21
4004
2944
2538
4760
3830
3202
4215
2874
1156
4694
655
47
1471
4721
1612
4601
4770
318
4273
1992
1733
3487
35
371
3293
3061
4814
4312
1334
4176
2029
381
3821
1362
3265
472
4022
995
2682
898
3700
371
1546
1927
2342
4386
3612
4563
2562
1235
140
4506
822
1875
3422
3057
1312
4307
413
4124
1461
4700
2282
1770
1174
2609
2401
1901
4434
4018
3249
120
4117
3662
3630
975
1239
2073
167
298
3274
506
1192
4315
3764
1600
3706
2106
278
378
1199
2271
2163
334
48
4162
1210
3970
784
1806
3933
2426
262
1612
2940
3619
665
2027
3914
3339
1101
1382
387
2179
4894
1253
1838
4889
2482
969
1098
4715
4787
3305
1802
3814
3073
126
4761
1142
457
4641
3493
937
4974
2178
601
3574
2203
2479
1531
1040
1790
2846
1457
1844
3435
1291
906
3580
193
1211
1402
4650
2496
1306
3265
2550
1748
1237
3672
4625
107
1489
507
2500
3921
1775
4062
4409
3293
3340
1187
244
3734
1977
3112
3535
1384
4052
4050
1733
2728
3042
4039
4628
3667
3708
3978
4637
4465
4047
2093
377
3385
1941
86
877
3426
772
3529
180
4291
485
1938
3112
879
2654
3777
3855
75
921
4951
1086
890
2814
2135
2489
3006
3733
2396
1349
571
3899
2696
2021
948
1852
3378
2502
3401
2963
3666
1636
4259
2802
812
2664
1406
3337
1417
406
679
284
2725
1438
4238
82
3924
1233
2836
4359
1267
4924
4610
3100
3337
647
4999
1509
1358
4891
4376
1491
4778
117
1972
3901
1344
965
4156
2893
4551
2550
4971
2377
3771
1046
3753
3338
1368
755
979
2933
4558
1979
475
3260
2020
2697
2907
2960
384
459
19
3945
1311
4774
4761
2918
4311
4785
3755
2154
3331
3877
3121
1599
1015
2186
4613
2748
1544
2894
1533
379
4435
1970
4621
3671
1449
716
1847
3071
992
4959
3473
4255
768
221
4051
858
1038
721
3068
3102
188
4392
2811
1182
4377
3071
157
1951
1005
1803
3528
1629
1602
1400
3643
2968
208
4763
2140
55
519
3348
1214
3543
69
340
2441
981
270
1217
2009
4506
1870
536
495
4450
3728
3155
2147
959
665
2720
4783
2407
1073
246
1730
4983
976
4717
2224
2947
1703
4305
2437
719
3674
2388
3094
1810
556
3921
341
2615
2850
406
1170
4737
1368
1354
1670
2709
68
758
4984
1147
3085
1988
4436
1430
254
991
2839
60
882
1591
547
939
3525
899
2926
4672
1914
575
4832
2089
1438
2360
3718
1790
331
2059
4067
2667
4312
1869
2645
2045
2566
3807
18
1201
3202
860
924
202
3019
1838
2056
4456
144
4638
3428
1545
2600
3502
1934
3755
1829
371
638
1721
1702
612
3359
1313
1685
3713
2376
1550
1701
4813
758
446
4134
3511
4536
2111
3997
4827
1514
4934
4807
304
3280
3468
958
4396
2336
4749
1491
4714
756
254
1073
4554
2008
4068
2694
1179
2132
3549
704
658
3527
4586
422
4989
3082
20
4695
955
1703
3723
421
2805
2063
2318
1852
760
33
1461
231
2739
1502
2126
728
3758
2304
693
4784
1864
1486
1635
3302
4310
2540
4977
3857
515
1508
1577
1947
4564
1323
3956
1955
2678
2033
1197
4934
332
3090
3017
8
4310
801
4277
1234
1741
2231
758
4395
627
3519
3656
1556
889
4080
2682
4261
1277
4997
1006
2386
1867
3617
3428
2571
977
2894
3799
2584
1172
1476
4516
1020
4779
4459
1345
4965
4418
4406
3330
4376
972
1850
2752
1699
2570
1047
4688
2005
2665
1712
1699
687
3139
1683
3915
336
2921
3893
3974
2299
4717
3905
2863
706
4783
4972
1564
1810
4787
116
1306
97
422
4197
4697
4655
3905
4131
1267
124
3097
779
523
3093
2182
4690
4166
419
3029
2821
4848
382
2455
1849
3454
2234
895
1032
1594
1351
3474
2484
2867
2160
3031
2626
1095
467
376
2578
3913
1051
1579
2589
1406
3589
1561
2622
2736
2830
2501
3845
294
2008
4535
4176
2245
2328
2950
4158
620
2111
4919
2929
2915
229
4990
4658
1141
4354
549
1647
2458
2619
3186
1714
567
2281
2271
4448
2408
4843
4524
3065
428
1436
3701
4264
424
1663
1690
2761
3865
1599
3543
1648
1995
3939
1070
1936
4639
2037
1672
4090
4763
3051
4918
1204
1990
3796
4201
730
4906
1344
3334
3370
1988
2801
4306
3700
4670
4548
4013
2096
1845
4535
133
1351
3664
550
4387
2040
2549
2639
1495
530
9
299
4262
3723
1353
4397
3349
2410
1570
2153
4674
4434
716
2408
4555
2838
348
1193
3515
4557
1819
2954
3369
1322
4822
1371
4200
1491
4232
1766
2989
2329
1566
4278
4086
336
933
80
419
2939
3638
4200
3274
1497
2261
1825
131
2892
3821
2300
2441
2965
3368
4521
3418
2556
4872
3711
2742
4486
4398
2166
3891
3319
4080
4215
2130
4199
3291
4458
175
2436
4117
3843
1809
2972
3759
4637
830
1808
3377
491
4278
4067
4761
3892
1687
445
4576
2407
4394
4712
4002
1652
3841
2704
3542
4609
917
4200
4375
2979
4599
380
3823
1891
673
3122
3319
1563
2316
3886
2407
2415
2739
392
4548
1723
357
519
4477
370
1007
103
2036
4595
4867
1724
4065
1047
4955
1153
3904
4081
1325
2855
1119
2732
3660
1771
1154
564
4725
3050
2021
2800
4759
205
3821
1021
469
4680
3164
3454
919
3648
189
1486
233
701
2566
2751
138
2048
4464
1311
1347
3024
2955
397
3448
1442
864
2450
2340
4480
1121
2606
4442
115
2400
1746
3732
1125
4469
4014
732
1747
2747
868
189
3473
2064
3961
4935
1105
3141
3986
1272
2478
3588
4941
2465
254
426
1575
5000
4910
334
2690
2551
4543
3690
1342
1808
1249
2435
13
101
2356
3079
2700
3787
2736
3175
4972
652
2209
2590
2197
4536
108
4732
3506
4487
3871
3019
1090
656
4214
1888
1882
4660
58
1219
4806
1041
3614
3959
4046
3795
4373
1418
2765
2018
92
802
4518
2941
2829
284
1989
3102
2771
582
2574
3695
3899
2729
4947
4208
2984
1533
1707
139
2363
2648
3296
3967
4105
4490
493
83
4280
534
1368
4285
3408
938
1129
2779
4160
1504
1719
3197
410
3714
4636
4536
4861
3782
3942
1293
307
1150
1723
4935
616
3610
1923
3217
4603
3112
1730
2121
2908
4414
3725
1996
1719
4529
3749
3134
375
3617
4796
392
1165
4390
4627
759
4165
4723
3727
1380
1984
4728
625
4989
3869
4090
1633
1394
3159
3730
1229
1964
3788
4194
2595
3180
2233
2212
3499
1473
1992
2117
173
4795
1593
283
3668
4173
2816
4667
4484
4791
4432
3358
3918
3529
1735
740
796
2666
2631
429
2899
2913
2157
2902
625
2903
4743
527
1354
920
337
2464
3760
1412
4654
3463
2482
3344
2559
974
4113
2320
22
1041
4985
2022
2062
4119
4162
800
4936
2528
2878
3161
2959
2142
4886
3943
3757
803
2202
2824
4572
1317
2183
4655
4150
3285
4081
2678
2984
3794
2837
1661
2447
836
4068
2884
4207
323
3083
384
22
3610
3904
2225
1128
1349
3275
821
579
1198
3298
2939
3753
2189
1252
2796
1815
1610
4005
4368
4371
1897
4882
665
3899
3076
631
3456
4780
1394
591
3810
3620
3428
4123
3336
2793
1211
103
2401
2139
3787
124
267
1269
1762
1960
3022
737
1119
4551
3599
2649
3930
1219
4033
4977
2759
1433
1339
3515
3773
1561
313
4718
4011
103
2207
3875
4701
4841
3469
2193
4498
2775
3902
2873
4587
1256
3812
291
3785
1306
2636
1415
1401
4845
2584
2213
1300
2770
1822
2299
1803
3016
2794
3368
1365
2664
1382
449
3242
1112
2086
3991
2570
2599
1669
2729
4386
4856
256
1922
4853
2374
4899
1385
2740
1286
2231
3876
126
3006
2486
4055
1965
4873
4101
293
339
165
2679
1684
4913
1813
1389
4680
4741
4537
50
4591
361
3195
4300
4692
1970
1528
3898
4932
4910
2622
3498
1392
3516
3918
2108
146
2938
3780
923
476
4990
4837
1059
3061
443
216
2501
2323
1289
1209
4453
2124
2250
1691
4069
2952
4902
395
1826
4402
3346
4586
3685
1715
2695
4906
1100
3035
2282
1317
4591
327
2345
3485
43
3054
1020
1365
207
240
919
4395
4393
3118
3979
2470
1245
2447
3979
4189
3548
3202
4610
1283
647
3368
263
4104
338
1283
1127
2007
2250
3277
4243
4906
2414
4146
2551
4404
645
226
4291
2196
1964
4515
1764
1787
1973
3475
1077
3656
4848
600
570
1183
3732
1545
2681
2211
1910
3947
2368
4189
4047
2285
4170
2277
2460
3776
75
4834
2660
2011
4405
2846
3838
4740
2445
4341
3770
4890
3372
1015
2295
2303
4361
4886
4373
2950
3949
875
2335
2118
1033
1174
3558
1894
2003
2530
3517
3119
2422
73
2187
3916
2164
1017
3841
4235
2565
1342
4573
707
4121
3427
2602
4683
495
3292
436
4019
795
4955
1794
1210
4203
120
1026
1115
342
310
3957
3361
3959
1044
513
4647
1976
999
208
4333
3634
288
2329
3289
273
1408
4275
1478
1575
3296
612
1012
2027
2984
1795
3172
2708
3393
440
1895
4517
3452
3821
3497
4945
1714
925
4538
10
666
4331
703
3010
1073
74
2686
1494
3697
3553
732
3386
2701
4370
2730
1099
4618
111
4559
209
3921
1651
3990
867
471
882
4259
1552
3511
665
892
4160
3546
2908
2896
2088
1253
2755
710
1213
3634
1960
443
3347
2446
1505
4091
1042
2348
1825
2091
423
1056
1080
4355
3214
80
2977
2757
3473
4447
3731
2505
4258
3189
3006
2912
3412
437
4204
2309
1477
2872
626
997
922
1725
4218
970
123
2101
3083
2690
2996
3789
4526
105
92
1786
424
299
4369
2327
736
784
4440
2266
2987
4123
3144
722
1434
3754
3666
950
1174
3476
860
4624
1154
3159
3098
2443
3179
1639
1051
3363
851
4959
2332
4342
2495
3719
1017
3102
2082
1568
3538
1410
2074
1928
4000
1861
3641
4786
1632
2278
3305
232
2097
2686
411
1721
441
836
4672
4239
4255
2701
2090
4380
1343
2889
4053
1029
2180
188
3450
1425
914
3630
1342
3156
4561
2724
3903
1597
2913
3092
4179
17
1307
3678
498
498
699
3564
1529
470
2440
4580
1641
4841
280
1737
4872
258
4708
4047
2243
3690
2124
260
446
4972
4469
2696
1878
1622
1586
3269
1897
3945
1205
3608
3845
2183
1276
3955
315
2138
1925
1041
1739
3839
2507
1683
362
2261
1574
2344
4829
1319
206
3991
2410
1436
851
3140
4804
1782
3368
492
448
3046
188
314
108
3417
837
316
561
117
3909
2831
3451
1020
3646
4965
32
3443
945
1853
3561
3476
2081
2234
2926
3304
980
2289
2417
2621
989
4679
3927
143
3400
4673
100
1767
3972
4661
3483
115
4607
1181
811
2978
2091
1982
1608
157
1305
1684
3073
599
3132
2014
2522
702
2783
779
233
1079
3248
4147
2931
2347
1624
4229
4561
3899
2085
2265
3603
3352
4338
2232
4584
4174
3174
4654
2622
2725
4679
1247
302
3045
2320
4257
2425
2025
4920
2558
4165
3615
1096
295
3661
43
1810
3376
4108
3123
4057
3584
3212
192
2646
1455
3347
3754
2688
2792
2035
3729
4919
2729
451
4197
1372
610
1722
594
249
4019
3175
3176
2008
1970
1083
3077
949
4711
3795
4263
3277
3334
1074
4488
2669
3277
2167
3065
2336
2568
2619
3855
1723
3352
4980
3679
4705
3456
3158
3580
1027
4598
4791
4132
2282
2827
836
1192
4933
3259
1599
1568
2376
496
2883
486
4483
4572
317
4151
3590
3549
2039
4657
2681
2877
2020
2570
3631
2567
1594
2584
1572
4582
3132
2867
3262
4013
1425
3752
1015
3945
3985
4114
3893
816
998
2800
2431
4906
4061
4928
841
1572
2467
2647
4347
4897
2279
2624
1935
3380
4349
4558
2455
4965
2555
4132
4477
1367
3419
545
3116
969
3062
1485
2798
292
2026
145
1708
3459
278
1777
3469
3765
233
35
3290
265
2944
1224
251
801
2944
2436
4278
52
302
272
1530
1786
1047
619
3680
4736
4090
4330
2543
2213
169
2604
3475
1341
4987
417
3159
847
890
1999
559
3628
4715
215
713
4531
771
2169
3943
2065
1161
3981
4746
4170
4625
4308
955
3629
784
236
3472
1208
2277
2260
1416
4164
1865
3692
1610
4785
1599
4507
1731
2501
2118
3299
4314
4573
3877
4807
3021
1332
933
4236
4865
1321
2109
3852
1806
4650
2715
2907
2523
135
1430
214
3315
2327
525
2222
3109
2527
2943
3234
3112
2267
3078
1462
4009
1975
1650
2537
2889
1277
1371
103
194
1618
1720
108
4715
1110
3223
529
1296
761
3094
4446
3311
4797
2673
4204
1625
4851
10
2522
3261
1365
2128
231
1939
773
304
3365
2998
1700
2663
157
2014
257
4101
1278
3411
1130
4229
3931
1520
2573
4358
1530
1299
4939
1889
3069
1554
4375
3405
1273
4280
480
257
1519
3632
2885
2772
4069
911
1576
2124
3280
42
298
1140
3901
1858
783
1833
4485
3847
1090
2725
655
685
827
2279
3935
1257
2571
1269
632
4973
1459
3628
2842
2680
3284
3607
2465
3061
4995
3114
495
2781
1141
4876
476
2707
858
908
1986
3534
2906
582
2754
3661
2146
1463
2754
170
2738
4802
3188
3117
4399
2217
1368
3473
3096
459
4223
2293
2898
3803
3089
3401
370
4576
1105
528
1759
885
3588
4352
3143
1011
1207
4603
753
4577
3540
2353
856
211
2945
3089
1805
3211
4415
4834
990
4831
148
3614
4456
2472
3617
924
2065
1341
4816
900
4762
18
4749
1681
4347
16
4311
2245
2855
2314
620
4247
4678
256
1586
1338
4067
3704
559
910
1982
3167
1634
4251
3226
4746
803
1476
2214
595
1847
1034
3852
4305
2161
1006
2659
4253
4990
4453
4713
4710
3749
72
1993
266
4160
1975
3557
4178
4542
2207
2380
1361
1882
4066
3632
684
2800
3837
969
730
2751
4200
3677
2872
792
2013
3961
1483
3954
2325
1887
1687
2128
1094
3644
373
4300
155
2499
1729
4965
4922
1251
1915
1026
4688
2681
3522
3684
2938
1096
565
3646
387
3283
1434
1353
4190
4440
57
4012
1767
4836
2902
269
3599
4048
1861
4210
2491
4065
2095
1284
2326
4604
2658
4629
12
365
2244
2595
2661
1502
109
2998
130
1010
2274
4483
3226
4042
180
1954
1841
3611
4614
2435
3827
1933
299
3053
4468
4694
634
1449
2643
1590
2911
10
4568
3146
4569
3762
161
2855
1036
3500
3278
4832
805
3513
1378
405
681
2493
3130
4437
566
142
3715
3995
903
1470
3714
2431
2462
2428
4575
3305
1181
321
3910
125
2223
3781
2360
720
3626
3963
2634
4982
519
3545
268
3784
4082
4046
1537
1868
1076
4409
4250
3571
2341
3433
818
2
2790
96
3004
4384
1026
2202
890
1820
2075
872
4303
1332
2681
1893
4783
1652
3442
1761
860
4164
4372
2248
109
1572
2354
2107
4222
2359
1382
336
1688
2667
4578
3118
4983
892
1042
727
394
1520
3942
3741
3279
1371
4861
2442
2913
2173
2593
72
3826
343
3312
2591
678
2905
1939
4288
3688
241
4753
838
1030
2577
4316
998
4577
4148
1948
2259
2725
2521
807
3627
2364
1323
3491
2014
1832
975
4163
147
3678
2990
3174
1048
225
4363
612
342
2374
493
721
1480
3726
2700
1034
813
654
3126
708
2363
930
2473
3697
2440
4474
480
2063
2863
2917
4650
3758
3499
2235
4133
203
1681
1263
2380
4352
394
3696
2155
598
1348
2669
2659
789
346
4773
3734
2618
513
2241
3768
2777
476
4137
3767
3138
3430
4750
100
1478
215
4454
966
3640
2707
2797
4600
3488
3890
3359
1394
3476
3646
4140
769
4119
2930
86
2786
4639
2455
3675
997
3018
4581
187
3272
4184
3043
3496
4270
3514
769
4482
2321
57
4688
1413
3521
4419
1405
3697
2537
973
294
4301
1253
2021
1222
1101
4440
4531
2253
2254
4420
249
4444
1677
4385
2872
1267
4941
2580
3503
3463
2077
2548
4897
2985
3001
4454
752
1129
91
4869
120
4006
2059
1607
2025
4012
4217
1951
3309
3838
2169
593
3786
2092
2234
4253
3617
985
4032
1866
4317
84
3825
2556
3068
2511
1732
3144
4920
468
2837
1677
4738
835
4761
2753
1360
4591
689
3864
4775
2683
1344
61
2057
3731
3124
1808
3539
1441
2439
1534
4622
4334
1747
2250
2030
4329
591
561
560
967
793
4483
2560
2424
4631
465
2450
958
4676
1499
4754
1968
886
1514
3331
1519
3725
4047
4312
439
1920
2468
864
135
4215
3594
1486
2358
3253
278
2506
1116
1949
1231
260
4204
1340
2446
2648
2574
4010
3832
3325
3074
4330
3676
780
567
2451
1348
2393
2660
2701
2831
743
4155
3315
4660
1227
4151
1222
1736
2408
693
3622
2428
848
2252
940
3579
3756
4998
1822
4474
2835
2201
135
4342
1411
1653
3040
2847
1189
367
4391
1592
985
1609
3767
2470
1846
4026
2645
1586
1637
1672
3898
703
2529
1392
2834
4626
764
1432
1562
4813
871
1990
2631
3938
2654
4408
933
3445
4036
2672
1629
333
3704
3520
273
4527
1525
2895
842
393
3798
2734
4735
2815
2150
1378
1039
664
1058
990
1112
2101
2895
871
3079
1535
811
2476
2211
3911
2327
2962
4244
4770
488
2982
3438
2299
3551
3294
162
3183
1282
3003
665
1704
1114
3642
4738
1276
771
47
1189
2773
3113
812
1590
2051
3943
4110
3849
648
4578
344
108
2612
3133
4137
1877
2145
144
4882
18
1344
4765
4299
1224
4145
406
3848
1952
1848
192
4380
3441
936
3943
670
2795
4002
1960
1592
804
4551
2624
2739
3297
2013
4682
1699
3262
2879
439
2985
2402
1751
918
1007
2336
1167
1965
3819
4315
1777
3783
4681
1024
1148
3098
2203
1911
4909
4743
4412
4128
68
1874
2434
2622
4986
2274
720
143
4250
1498
4425
3356
2655
4720
2996
464
2769
4963
1035
956
3784
4303
1310
2829
667
2806
3896
2472
4741
648
215
917
417
4301
4982
161
2011
2423
1832
4078
4947
4441
658
4710
1820
1477
1491
1322
2307
3747
1867
4519
4138
271
712
4797
326
3237
4538
1445
1227
4905
400
3900
517
518
2665
2865
4817
1661
318
3350
2183
3416
2137
2108
2592
2338
318
1314
4013
4499
267
3692
2787
4249
3967
1294
1314
644
3577
2802
210
3924
1019
353
2571
1332
451
1209
16
3860
2885
1551
4836
4862
1794
4211
1451
3743
2391
4376
87
2194
2097
3069
2987
261
637
3882
3036
4608
4269
2997
865
2729
3377
265
3469
574
1298
1965
1620
253
1644
4211
3262
2677
2463
861
2232
451
1908
2433
985
3619
4746
1458
1849
2807
3288
4431
1548
431
2829
381
1475
1073
4122
3880
2671
4604
4696
1310
553
4731
4691
2951
768
1243
204
2135
3070
588
1361
1758
4501
797
4349
2962
1027
4900
651
4246
2845
1264
3089
3732
136
546
3594
4170
242
3539
4270
2076
4509
56
1362
2432
1701
3272
1637
3429
3224
2350
4947
3105
255
578
133
211
577
2901
1338
1675
3544
2321
718
2039
3444
1971
4830
1994
2562
1843
2838
775
751
4703
4555
3184
632
3950
3954
374
4657
969
2263
2113
2298
1548
2416
2628
4745
523
354
3962
4776
3278
1444
4414
664
608
4758
874
50
1801
3109
3908
4175
4651
2987
4047
3994
3890
4541
715
3631
581
1367
1219
708
1262
4323
4267
3022
3556
2970
480
2826
2675
1491
3444
4081
1319
4383
1815
2322
861
759
400
3920
3030
620
4398
4932
4467
3468
2357
2356
2989
400
4312
1043
1975
2100
2032
130
4997
2536
1709
3236
43
3592
4351
878
2331
1290
4205
1196
1635
3331
1735
1136
4015
2064
483
3494
751
3518
2435
4959
4752
4742
3209
1115
792
4528
2972
3032
3341
2164
1612
1240
2009
1559
4789
3357
1362
3928
4630
1308
3023
3139
4431
2186
224
113
2188
692
482
4203
3953
2263
4784
2008
3539
4005
1210
3251
3973
4374
3361
668
1833
4228
2818
365
4067
1214
937
3669
2081
2617
4239
1004
3671
2820
22
4624
2726
706
4633
1336
4301
2234
4484
240
1752
1437
1439
4498
4970
3076
3366
667
3487
1744
3483
4963
2008
676
657
2647
2657
1989
144
2554
4451
3456
1332
2854
588
1490
3709
1416
4820
4509
72
2121
2042
2181
1736
2296
2225
1061
234
3611
1149
1381
2068
3181
4154
3849
1976
4871
2472
1239
2285
1406
1221
3733
3655
3483
2285
3869
709
4064
4126
861
3445
987
2473
4982
4328
1443
3331
77
3776
4512
3600
2407
3851
4870
670
4359
2980
3984
2315
3643
3560
4147
1846
24
3225
1753
1256
868
669
4208
3694
4047
712
2322
570
656
3866
3063
1526
166
4095
1190
1406
1471
2364
3423
1799
4794
3432
39
1126
1177
364
4318
4806
2893
1028
4890
4662
2765
2872
1834
4619
4505
4087
270
923
3139
726
234
1072
1754
4744
124
926
4266
3939
4797
4917
3121
4241
719
3039
205
4053
2331
3289
1071
3268
1646
567
3339
2098
4607
501
3044
353
4685
4054
4538
2269
2016
4979
1823
4169
158
4836
4542
878
3563
4350
1269
990
1485
878
480
2869
2924
1250
2370
1401
3687
1450
26
4675
2185
2726
1391
4646
2072
2827
2537
2480
1106
157
2921
1582
3473
2037
2247
3403
3665
717
4126
4776
4040
2349
1758
1910
4246
767
3573
2460
4704
1168
2187
3386
3997
4291
4105
4567
1010
1790
3684
931
4579
3807
3598
759
4115
1582
502
1457
4341
4354
3752
4495
2995
2822
2393
2086
1737
1849
1442
4215
1718
3260
1593
18
1936
4072
2498
1191
3613
4534
4986
600
4441
1152
3595
2460
4546
1276
1834
4332
596
3774
4786
3984
1533
3573
2750
299
795
1141
4002
3279
4806
2422
4817
2933
2566
3669
2307
3619
3446
2927
2443
3606
4832
3209
1985
3287
567
2532
1502
749
3600
477
1075
2740
4469
2659
4709
2666
3990
4508
1003
2723
3791
344
3764
1914
2753
3450
1445
1921
1239
453
217
2011
1692
2189
4586
3766
3685
2020
4943
2016
3371
3040
4677
4378
4847
4939
946
3487
2652
1902
2222
1408
860
4343
296
2625
3812
2252
2254
677
1086
1527
1141
3402
1259
1440
2679
2142
751
2051
4312
3433
224
1960
90
1631
2796
1390
973
3978
505
1391
3627
2855
4299
3017
1061
1699
1199
2802
2272
1582
3516
2813
3046
4289
4003
2995
3643
2726
2850
1028
3678
4834
2239
1716
4594
3053
3413
3785
449
445
17
3439
2820
4813
2950
64
238
1940
3941
899
972
2151
4821
3766
610
4690
443
4409
1558
1935
3890
688
4720
1314
223
1480
42
4854
2938
3920
3707
4908
2364
0
2488
382
2435
3331
1462
3347
1551
211
4016
2651
2870
2146
2448
3395
357
401
3283
680
2666
2006
1321
3061
4011
3696
4894
490
3467
2455
3469
2918
1108
4720
3425
1700
4907
1081
4536
4623
4361
4548
2367
381
3405
2980
4570
1987
2763
2362
4127
1112
758
3206
3218
2759
3790
3282
4242
2986
3024
3535
2012
1416
1761
2110
4594
2594
4595
613
526
3711
2395
2006
614
189
4281
3994
4830
4871
3286
786
2209
526
2552
4485
4784
4151
1888
4664
1178
4098
2747
4362
1398
4468
4167
2718
1649
3473
2685
1460
770
980
1128
2277
2409
3916
126
4410
4579
904
4779
88
4756
4956
689
3630
2547
2771
3889
3319
2303
1832
2340
3732
1519
4092
4343
3472
3233
2651
4313
2068
4053
2863
1495
4142
3760
2661
4789
1967
1028
4686
645
9
4732
4976
742
187
268
2613
4490
22
929
3608
4591
898
4204
317
3748
178
3449
4129
3616
2095
4714
3675
2267
2062
4825
2192
4819
836
2621
3764
3425
1759
3495
2510
4673
2664
3637
4929
2163
2419
3344
903
4971
206
2852
4819
3642
2317
919
3733
3530
4045
710
3215
4250
3476
4355
1786
452
1626
4016
86
1473
2215
1840
4111
805
2430
4618
1865
451
15
2871
1046
153
4756
1048
1746
1824
3500
2952
81
3963
3028
2025
330
986
4649
3563
2041
1689
3590
903
301
1032
1464
3100
3357
1349
2070
4688
2665
3315
4476
3605
3013
4129
120
2164
110
1165
4388
2286
2750
71
3380
3179
3132
1131
3273
1943
1515
647
2489
4236
279
366
2193
3134
4789
960
4133
4882
4501
33
1349
1947
3892
4343
4247
3552
2484
1127
4477
1229
4368
541
4290
1304
2574
3896
3089
3686
1113
4957
4487
1438
2640
1159
4171
4191
3277
3280
2703
1724
2620
17
589
311
4453
1632
1649
3738
2391
35
2539
587
3096
705
3807
612
4278
3579
4051
2601
4392
242
553
1792
2225
4207
2549
1558
2027
4239
758
4396
3397
3860
2607
1426
2739
1219
2385
1476
2214
3591
3164
923
1207
804
3032
4748
864
2913
3387
2408
564
3835
800
1275
1772
4560
95
1203
2516
3680
2559
2364
1880
3023
2302
3156
29
1511
893
2520
1030
3658
2081
2213
62
2747
4499
3312
4493
4287
4936
4618
2134
2272
3479
4717
3753
1732
1349
1853
3186
3047
3749
2359
2294
2440
553
3628
1411
1263
629
2977
4804
4921
3233
586
4336
2361
2141
4600
1803
4995
2374
1595
972
3184
78
2996
2332
2229
4072
2846
3316
3616
2737
988
989
4103
3822
2160
1437
2131
4728
2784
2011
1053
1898
1532
2374
4789
4527
3039
2994
715
121
3112
628
4474
63
574
1187
19
2469
1721
4371
134
1578
159
3943
4497
3487
215
1925
585
2165
637
1619
2020
4594
2456
2959
30
931
1923
2031
4381
353
4001
1197
2586
1690
2283
4552
4093
4549
1110
4414
3239
1634
4842
4436
798
2601
597
2513
2194
1061
2402
2290
1611
2945
4861
1431
2626
750
1193
4179
1311
3936
4370
1365
4575
2227
4832
659
765
3395
4045
3427
165
2554
3751
4553
4050
1075
825
264
1156
218
2269
4762
3391
50
1119
3347
3522
359
2881
318
4648
1982
761
2613
4071
2012
4545
853
1171
1860
2291
2886
2160
2418
5
3967
1960
433
2550
1465
2014
4486
3047
912
4996
4997
4051
1137
175
1347
322
4527
4856
1146
3446
93
4018
1605
321
2255
3326
4426
3739
2679
1444
1431
2712
4269
1647
819
2896
1098
4334
1097
4560
179
3729
1118
3033
2587
649
934
3144
2792
2549
4926
1821
2628
201
4269
4204
1269
237
2222
245
4826
1147
3661
2416
1979
3694
2024
1222
938
3498
3987
142
642
4518
2481
1578
196
2887
3542
727
4355
2648
2764
3650
271
937
822
1238
1576
3421
4550
1956
1811
3503
465
4929
2639
4727
237
352
1852
373
3161
1204
4006
1562
1415
972
2924
460
2134
3650
3661
2644
2572
1416
1237
1500
2402
4117
3537
1976
1745
1843
1157
1213
1927
3090
4945
2632
584
4449
713
3899
3279
4581
1848
2232
2423
1728
2278
1464
2134
4731
1409
4878
4748
1444
787
2798
3713
2735
2786
1586
26
2128
994
2975
2838
770
4292
2296
2260
3339
3478
3467
4813
723
4693
1355
3290
3978
3064
2504
4646
33
4279
2664
2553
3329
870
1172
1405
3952
1566
2706
1771
4881
1824
3912
1331
2079
1896
670
2463
4144
4241
3648
4772
4357
3552
1435
99
4473
4162
4913
2087
4327
399
2570
2266
1296
4128
2993
292
1789
286
3576
1028
611
3420
2734
1722
475
4055
302
31
1333
3456
3054
3568
3540
3429
4598
4338
3682
3051
4406
819
338
288
2111
4001
497
4718
1173
2684
1231
1789
1201
4115
689
308
3196
2231
4455
215
1748
3920
3731
2357
164
3797
2071
2680
2903
4897
2878
1313
3029
515
1958
2298
3378
3724
1418
3802
1213
307
3154
4097
1442
1189
384
2673
2428
196
2724
4712
3389
558
4328
2524
1835
2089
1493
1463
3497
1
331
1306
3709
2257
3552
4971
2830
3271
2030
1396
2325
621
376
3763
2593
1115
3467
1722
281
1946
3291
4546
3924
3787
2612
1442
3371
189
4860
3107
3563
328
3170
1102
401
187
3104
824
2508
3037
2474
3117
2545
1190
4237
1002
3135
2408
4481
564
623
1258
4971
2139
1212
361
4146
4061
4245
3368
2090
804
1904
1728
2217
1091
26
3143
3772
3185
645
1539
3327
4309
4093
2160
1944
4004
3637
1132
3524
3147
3596
1727
2459
1393
2038
726
1637
4626
1679
3862
3368
3585
4244
2277
3753
1727
1711
4123
1666
3540
4098
3070
4311
667
4066
2310
1818
2640
1117
4619
4159
43
3426
4730
3363
3292
2574
749
1311
3107
709
1335
49
4850
689
2649
4796
4478
2751
4067
4276
2213
2388
3294
1509
1621
1653
3880
3670
4615
2311
2338
3862
3565
3968
2022
2513
1354
2943
2279
4062
2001
3795
4759
2180
3551
1667
3673
2231
929
2091
2349
4690
3444
360
1561
3673
1756
2122
3019
584
4999
1284
3171
3019
1091
3614
1233
4327
2181
665
2235
3640
2806
4435
4017
1194
1783
2670
2729
389
4626
2782
2270
258
4195
876
4698
172
1561
3711
3129
1357
1338
907
4091
2570
4709
1025
4358
2064
4573
984
632
1331
1343
2423
2570
925
3536
4834
2959
4472
1231
1214
1849
2550
1885
3454
3453
2952
3544
4825
4930
3489
792
431
366
1786
4904
1076
2828
3526
2153
3406
1394
4148
3028
2806
3380
4443
3713
4858
3800
4441
1775
1269
4388
1616
2063
667
1249
687
1172
2458
2448
4865
4010
4001
3575
161
244
2173
2191
3307
4779
876
1416
4579
2204
2315
1048
2493
3930
1380
2499
2239
4351
2078
1314
127
3522
4527
1426
1152
2757
319
1650
3955
1880
2523
3579
3674
1946
1131
2739
378
1601
1948
2637
3850
2103
3605
4461
4330
4588
3300
2722
2068
3351
545
4876
1708
4750
480
2406
4770
716
879
3875
2826
4901
1498
1717
1002
665
2083
422
2762
705
3036
3232
3117
992
2618
3031
1940
828
2598
4005
2161
103
4374
701
2397
4154
722
3814
1693
149
1940
3354
3657
4887
2432
2025
4627
2742
2716
508
3440
4738
4838
474
906
1643
4118
2698
1332
3525
2049
2610
1616
687
1807
3632
2238
349
165
4888
3789
1737
1169
3010
42
2540
1884
3399
1143
1942
1002
3456
4089
3038
2159
1487
2939
3528
2490
1340
3219
2767
1432
620
733
2522
4553
2176
1797
4539
2241
414
1775
2624
2574
3621
172
147
2072
4593
1554
1479
907
4076
4975
3013
1234
687
1345
330
2734
4811
4443
2779
4526
4279
589
221
197
4174
4872
4195
4173
285
3215
4118
3902
1307
4859
103
2016
1686
4100
981
1279
4447
3744
2868
4312
2435
3939
3448
2322
2539
281
4288
1021
426
1442
4766
860
2410
586
4813
1212
1307
3687
4792
640
1015
3769
3223
1745
4783
1666
703
4562
1950
1852
2111
3649
212
1890
978
1638
3080
3503
1103
1283
3006
4883
4659
4240
4532
768
1779
2880
469
28
225
542
3187
1716
1010
2870
4958
3676
4912
71
1035
446
4633
2125
930
1854
2678
4732
2817
38
1967
4112
4321
2090
3059
4600
2930
4250
4696
1097
2935
1452
76
4395
1554
2718
235
2173
1617
2756
2086
295
1534
148
1512
338
4425
1636
4471
3020
3541
2304
2267
2042
4729
419
4796
4547
1273
965
2215
826
2552
4346
1909
1759
3383
2323
2783
1117
4985
3538
4779
4508
2405
3547
3362
3417
1313
698
53
2823
3409
2050
1928
3115
796
1971
928
4485
1292
4238
1971
1309
2328
1913
1370
4139
1948
3327
2828
326
2842
1647
2861
1658
4552
2900
4816
3936
2107
522
4239
4553
2097
3420
4101
2088
4763
3179
4978
3601
471
770
1083
2884
3083
528
66
144
4644
4673
949
2075
3246
2772
117
4372
2393
3464
3503
1145
4036
2753
1978
2465
398
3439
2676
3564
4667
3535
4017
843
3415
816
42
836
2217
578
2538
931
75
517
3394
1983
141
3639
1746
3949
1508
1901
2438
2020
3010
407
4833
4133
3499
2324
3432
2567
4061
2601
854
2802
996
1849
1496
3387
1130
4106
4961
638
511
1345
2436
1277
655
1072
1113
1900
4045
2780
3795
4553
472
4326
4957
4160
3245
1935
3315
3223
4425
3626
4605
3273
3120
2371
4194
3995
1289
1221
4399
3504
1526
4791
4854
4994
2086
4922
3635
2339
1576
1677
3192
1551
935
4027
3579
1594
1106
1257
4899
3892
4458
4982
4598
733
4307
4602
1395
621
4811
1047
2612
792
410
2577
2549
3835
2104
1367
1468
3753
4922
2101
1056
2191
3451
2936
4046
36
4682
42
3432
1970
1887
2304
1166
3177
3385
1042
1469
1679
869
3590
2143
3287
321
2478
3234
154
1620
4742
4654
495
2325
126
887
2609
4959
4103
2692
2851
3789
3164
2753
1254
2053
3471
2964
724
653
4074
4343
3998
1706
1491
4538
343
4281
315
1230
1406
918
2753
4353
4868
2993
4641
4261
3776
2169
2607
2713
2562
3227
3441
1341
444
1186
4375
3019
1167
2470
4209
3474
4328
4483
2033
1029
2759
2993
3058
1176
3446
2965
3825
3714
183
1820
3096
4162
2457
3261
2937
3743
1659
2656
3581
3414
837
2147
1889
4277
4774
4159
1008
4894
3555
2581
3302
3695
3191
1194
4796
3368
594
3951
78
424
172
2176
904
4922
1243
288
1942
3248
3462
313
1239
2076
3117
131
3909
2063
3729
1887
3876
1008
4974
552
4126
2177
2271
3547
4202
2765
4924
1926
655
4941
205
256
1295
2747
3492
3490
1575
4934
1001
3972
2210
914
142
1157
3655
4582
1848
2395
2367
497
4184
4000
3123
3969
3675
2494
3655
3669
3703
2
3700
2763
1773
3451
1458
544
3901
1972
1432
28
4804
3979
1297
4101
41
4388
588
3165
775
2824
1562
2105
3423
2549
354
4504
2778
233
4749
1568
3712
743
958
4499
2687
2180
241
1440
2105
213
3454
2899
2565
3405
112
458
3567
3173
2326
4925
4055
2439
4576
2880
3522
846
4728
239
2478
4001
2875
3956
4005
94
3105
2825
3148
740
4215
3566
3589
4752
3621
610
3842
4235
164
2724
401
1118
3366
698
3586
374
899
395
4515
2187
3214
4257
2353
1550
742
2848
4086
1582
1721
1525
1684
2101
2039
3964
4267
240
489
3383
2261
4248
1447
2400
3879
4304
3962
1826
2721
350
98
3635
1640
53
2865
3778
781
3054
3277
192
2858
2865
2571
241
4434
4650
1214
631
740
4537
685
551
1152
917
353
1794
2925
245
170
758
3909
2251
1955
2157
4306
2722
3555
575
426
4683
3039
735
2801
3608
3552
2082
4832
4719
1335
766
2577
2185
4023
2641
2657
4616
3253
4105
4512
2517
674
2426
3113
2492
4464
2722
860
3789
3997
2923
2654
4178
1654
4351
4187
459
1213
428
97
3655
2518
4500
3598
1098
2038
3053
648
4746
2900
136
4839
3731
4885
2400
4697
4710
3033
1748
4500
2619
2642
2386
1562
459
3795
2966
3977
4465
419
2382
1293
2834
1888
4138
4788
4904
3236
3107
629
1477
739
66
3633
469
2576
2355
2780
1360
3501
3203
3247
1820
1129
1407
2353
4473
3848
1983
4520
4298
3380
2433
1912
4715
1222
3774
3688
1455
3858
1554
748
567
4492
3545
1858
350
1029
3089
3113
4598
190
329
3773
3448
3897
4303
92
4279
4487
2293
668
2305
1143
1362
1149
1017
4784
939
1961
669
1050
2123
4554
2072
4028
604
3869
1817
1681
644
87
3074
2307
126
4954
555
3743
888
495
4987
66
3484
2856
1291
547
3542
4237
1537
1105
3261
1566
701
986
1891
3835
682
4413
1362
154
4490
3625
1685
3368
1741
3721
2097
3385
4533
1143
2002
4132
1773
4384
1859
2517
4887
1258
2365
4474
406
739
4755
3070
2719
2110
4994
2911
510
2354
1415
1865
3241
4076
3360
1013
2422
2005
2854
3852
4925
1680
2578
3058
1458
4050
1943
2042
125
1223
3933
3459
3432
2405
2022
1277
3653
2516
2250
4982
4131
4848
658
4054
3710
3609
4656
1409
4978
539
1355
4742
1467
4131
806
3260
3543
2482
312
2937
1458
925
2421
22
3108
2282
4373
1591
4080
2008
45
1523
1556
2383
840
744
3783
1119
4548
2294
3865
2587
2920
1168
2708
842
3438
1665
3134
3389
1885
1764
1830
3897
282
2370
874
3703
3401
1050
4772
2242
271
3716
1440
216
535
3871
1284
2283
565
1865
4964
2813
190
1284
3895
4194
694
4122
3517
3171
4325
2152
1006
1201
1513
839
713
300
2440
4327
3774
1148
1222
16
4561
2058
4667
360
900
2785
814
3074
612
4722
1705
3893
2438
4906
1778
2324
4333
4698
2714
4383
1414
2635
3723
4926
2962
4924
4659
2822
2724
182
4036
4920
1678
2726
3337
4871
1688
3585
1884
2657
2819
2073
1563
4998
1095
4817
3360
4340
4773
3339
4844
1548
2706
3607
4892
4518
4812
3814
964
1762
4707
1254
1752
51
2197
1366
3072
1022
4527
1579
1944
3800
3064
1496
1525
4443
219
487
4433
2511
3653
4744
487
4008
2808
2310
1577
3095
1894
316
1517
4435
1972
4050
2897
4080
2060
2819
653
1048
2653
4644
1849
4441
1068
561
3651
2361
1787
4183
2819
1546
3193
3677
556
1478
1826
597
183
32
2169
126
2934
4441
100
4838
3251
3435
711
2061
2585
2049
2391
2097
3713
3259
3357
257
1723
1331
4680
4360
2056
3168
1369
1859
1198
4050
1484
3188
4791
2195
4205
4336
4678
4766
2932
2295
271
1120
2095
114
615
3083
3843
1219
473
3802
3574
4422
1636
2342
3126
2315
1275
2105
4864
1404
2668
1943
4193
1814
2600
1004
3638
1303
1500
2479
4457
1743
1935
1293
4135
4727
4743
3921
20
5000
2109
146
331
3782
1441
305
4669
2950
2252
699
3082
4236
548
644
1270
638
2564
634
937
3387
2141
2289
1309
755
3003
2830
4790
4708
1689
2983
3409
111
3951
2043
309
2183
156
135
2671
4396
3395
4024
2437
3554
2874
690
2203
483
2393
1875
1707
1866
3931
3404
1378
4084
4527
2463
3421
4356
3565
4685
1308
2406
2352
2975
4574
4365
4581
2534
4846
1983
772
4317
459
3015
1586
3722
1355
4380
1799
1907
2975
3900
3135
3455
2256
4854
3674
2012
3124
4207
762
2059
769
4633
1108
370
271
4326
3885
2200
197
3681
3344
833
3727
41
3926
3465
790
218
3839
3208
2773
3228
3498
3277
164
4929
107
525
1304
4281
3000
2753
2932
2381
1042
1708
656
4068
2400
2398
535
4968
4536
4713
3535
2977
2747
438
4623
2651
469
1233
2927
4734
625
4123
3614
4015
4581
2887
2076
1692
3150
1460
4493
625
176
4007
2390
699
2408
3157
1295
4554
2641
216
3662
3018
624
1939
1062
4239
1237
1046
4269
3435
1744
549
1740
140
3633
1725
2740
17
3440
124
865
1347
2930
4770
4168
4289
102
4314
830
3609
1358
816
2392
78
414
718
4110
3550
2346
1471
4817
3322
1261
3012
4161
2173
1690
4495
3797
3722
4712
3515
807
1761
3032
1402
858
3776
2010
4508
4526
4958
1592
4056
3151
2464
4022
402
974
660
1134
1705
3581
4296
3974
764
1421
4616
3268
2785
4142
4865
4870
2341
432
3185
1906
3862
4834
1123
4175
3628
3263
3466
1947
1303
3908
2448
2389
1687
4537
2441
4097
4827
2590
2534
717
4992
1310
4809
2737
1257
4427
2008
2501
3165
4619
4026
4119
1190
1575
1380
4140
1335
900
22
3769
4269
3736
4642
4265
4133
1522
643
3512
4486
4709
1016
1463
1911
2066
999
4565
569
920
3948
1265
2825
1736
2784
2925
3311
2683
867
1203
937
419
1586
1435
4419
3096
549
2181
3524
51
294
3641
2442
2479
3700
999
464
817
2236
388
1504
2652
289
3029
1081
2765
1281
1717
3460
1722
2208
1604
2636
1301
677
655
4860
4672
2580
207
2780
604
990
2249
2982
2442
4770
769
2008
702
1908
1149
3535
2254
1479
1865
2719
863
4345
1384
4112
3411
11
4069
2746
2560
3095
3441
4383
3338
3231
3042
951
1748
4350
2720
1911
3847
3174
2865
2047
4093
2942
2823
3661
4776
1336
763
4753
3334
3217
687
2246
3571
2177
265
1058
2498
4813
648
4417
562
3918
4797
762
3550
3056
3790
1450
2978
463
448
321
4166
2506
927
829
1042
2541
1712
1750
1938
4995
4476
3710
1227
2899
3704
1588
2929
3609
4777
1881
128
977
1647
1998
2293
4208
1803
3566
401
1343
3893
649
3617
2854
4449
762
2506
870
4593
751
3941
2778
2003
1630
3814
3803
4918
452
3491
310
4866
41
187
1455
4613
2101
3980
3488
2289
291
1261
1050
625
4240
1484
4884
3466
4770
1253
780
4886
820
1545
1238
4736
3581
4232
1497
1456
2361
3096
2047
2694
533
3672
4290
268
4809
4686
1814
1493
334
4479
2973
820
2066
4084
4996
527
891
4659
1584
3023
3699
4497
4723
4290
2765
1142
2723
2618
3052
4493
76
3868
1061
4034
3624
908
3527
3950
2318
727
695
2524
4060
4388
139
638
834
4243
4471
4480
965
988
3395
215
482
4641
1221
4761
4079
4891
3993
1281
4876
3983
1069
1564
4983
1747
4955
732
3546
778
4995
2053
227
2575
3488
3338
659
3418
496
3873
1917
2849
396
423
871
1730
2786
4186
3321
1088
4529
2023
4577
3588
644
1625
2807
3726
4576
1073
1133
1892
2873
2176
2689
4484
4364
3797
569
271
415
4313
3113
2922
436
2055
4428
3294
2438
1302
375
4765
1634
1964
2994
2180
3455
1139
4016
1811
3511
368
2031
1349
1054
2168
932
2936
1147
2942
2787
3373
3173
4709
263
922
2103
536
3257
3390
112
1180
2774
3010
378
3076
237
601
1635
3076
433
4087
3815
1518
410
3639
3492
3451
1552
4747
2514
512
4785
4919
3968
3120
505
1482
2944
2287
4193
4320
4928
4833
2145
360
1398
4837
479
4873
3090
3773
2375
239
2329
2021
205
4729
1074
1729
2937
3608
798
2678
3290
3744
3967
2367
2776
3193
3094
3441
661
4036
3261
755
3075
373
2326
2775
158
3770
4580
2730
2515
2639
4209
4266
168
2075
4056
69
3504
3720
2396
453
1049
4976
3841
3798
2707
4644
2268
3726
1387
1588
4123
630
1628
1591
780
4344
3658
3019
4652
93
1501
617
3586
2429
443
1093
3835
3700
3085
3141
2153
2261
4513
3746
1401
3839
1998
3054
4335
2239
3547
3721
1576
3302
493
4390
2197
4043
1873
2919
4846
2183
4319
3508
326
4511
2017
976
3342
250
4037
2294
1635
4021
488
2738
466
2755
1961
2949
2349
1951
993
4862
1096
692
1131
3680
3786
643
2904
3082
1235
150
1953
2793
3225
3104
2801
1888
3894
4672
4602
2462
2910
799
4360
4304
4887
2425
3067
489
849
1347
633
180
1222
2979
2416
1103
3666
254
4628
3510
1949
756
4007
3414
842
4628
2400
2827
433
1373
4583
116
959
2393
3934
4186
3017
1969
4092
3186
527
3851
109
1771
1040
782
4470
4491
4099
2466
1639
2232
2126
886
2993
2118
1376
4168
4487
10
1197
4193
942
4059
4511
4099
2664
1134
1785
4564
48
3354
2270
2563
4422
2581
579
4025
2986
4861
2557
1156
4642
2076
1261
3883
1359
2202
696
2344
4872
577
1850
2837
321
1483
933
4557
3489
2798
4101
2919
536
1691
4752
4535
4164
4933
990
77
4778
1038
2848
1884
2318
747
4336
392
55
4986
2499
590
3260
3939
3721
4918
786
2669
2724
180
3896
4770
2866
3387
4860
794
1197
1370
2055
2868
4699
1177
1807
2861
4696
3787
1958
555
1883
3623
2766
175
2761
893
2935
3209
2350
765
487
4136
1840
4356
2923
901
1331
2459
2511
4815
72
2877
4530
3446
4200
4480
4238
1346
3882
3804
2699
3040
1740
254
218
1368
4738
7
3642
728
3649
2565
2334
2110
816
4929
3333
4213
2212
2232
3963
4381
157
1256
4121
1503
3573
421
1954
2531
2142
1188
942
4103
1763
3282
4886
3397
2821
2290
2735
4097
4018
2404
2420
38
4766
1974
1963
4214
296
4543
1318
3133
2884
1224
2813
669
4604
511
4088
761
1973
871
4600
3237
2685
2906
1372
1508
2530
3230
591
2659
2119
4862
3380
2120
2157
3423
2053
3754
3578
442
4707
3429
305
774
2573
4148
3417
846
1908
4161
4897
3035
3043
583
542
4386
2643
4446
4316
4180
1606
2051
913
1576
3784
1393
609
617
925
157
4670
3445
1069
1124
929
2533
3470
3032
3511
2390
4043
4845
311
3264
1822
836
1556
4740
1765
4080
1696
3770
3524
4487
1432
3554
31
2282
23
807
1427
4804
468
1803
2300
2107
4250
298
2876
4655
3372
2001
3033
2934
884
2707
829
4308
1257
3392
1431
3085
1102
3268
479
3556
494
1773
4875
2169
91
563
3156
4395
1179
3783
3431
4373
4968
4248
1070
3396
1926
1789
4309
2101
4594
860
3829
4286
3074
4569
3224
4562
4555
2117
2491
663
3251
2549
1646
1361
4569
787
4364
2632
4476
2040
15
2464
2064
2092
132
49
2505
4064
2306
3881
843
2815
2348
1391
4899
4268
3020
1131
805
527
1475
1161
3540
1855
342
1801
4812
1776
3590
1722
4467
3791
3232
2183
4902
3287
1407
4807
65
3653
1614
3213
657
1985
3422
1222
4778
1632
2690
2988
713
3553
35
2653
1591
3868
3592
3524
1329
1713
4127
332
4878
4687
188
4079
4814
225
3014
4151
4514
2369
2629
2570
3293
1101
1996
2449
4656
4788
2122
632
3622
3176
3720
4687
4446
1439
2323
3609
1799
4338
4589
4321
4671
3051
2193
1610
563
4893
3228
1199
251
301
1011
771
4353
2358
1790
3157
4588
4078
4665
4604
237
2855
1908
891
684
193
302
3794
3992
2678
203
1302
187
1440
15
596
3435
3045
104
1487
239
2412
3482
2728
4130
4993
2554
2838
196
4461
4137
4777
3823
1047
3061
277
543
284
130
1229
641
2302
3989
3101
944
1093
2032
1258
4156
2740
886
527
1981
770
65
328
4315
4519
4024
1876
3098
4530
4512
2213
3372
1359
663
2117
3543
3420
788
2271
4668
3492
4071
3318
3810
607
96
985
3414
1971
2894
244
270
3426
824
3047
4009
550
1268
3617
845
2257
3329
1491
839
402
0
4018
2948
3095
1231
4905
4719
2419
3484
2626
1643
1280
1289
424
4527
351
1915
684
2267
1412
4969
661
1977
3453
4018
4375
4936
1926
3044
2737
4568
720
3160
1508
3020
3085
2686
3459
837
3476
3346
4295
4706
2538
4260
2012
89
4170
3555
2164
441
3307
1094
4678
320
2526
1406
2215
4058
2360
417
4077
4518
4148
966
3382
2320
1255
3859
2942
4939
3395
1826
2381
3826
2700
3608
2945
236
1877
379
1845
4966
4565
2985
242
3783
23
3463
3405
4706
1581
3628
361
4588
4273
4626
3724
2607
992
2664
3267
612
3100
1249
1595
211
3429
855
490
2563
2082
4075
4616
4582
2223
4834
770
3685
4478
3045
1413
2618
1002
3754
84
1660
1299
2096
2258
2052
4753
483
2656
4405
62
4982
581
1832
4373
3491
821
2439
1543
4606
1053
4079
1439
4551
2475
2676
3689
3984
1807
287
3401
1543
3031
1312
3616
4038
3067
2884
2555
4762
2493
2085
628
1536
1225
4972
281
2049
3542
4049
3177
2880
1194
155
1422
1457
3263
823
642
1174
2680
2175
4267
1395
1104
4644
1511
2357
3451
4858
329
459
2847
448
1538
3555
1816
497
4385
1422
838
4261
4247
2999
2797
323
673
3336
2224
4819
3114
2564
1203
4786
1138
4566
4063
3319
392
2265
4709
981
719
417
1204
677
3334
1371
1389
117
4016
3958
1388
368
1324
322
1505
2681
2561
2952
772
2695
3447
4355
2819
858
1246
2658
3900
4238
4869
1020
3392
4507
1939
322
4123
1603
693
2838
209
2811
1551
2214
839
2982
1752
4915
2354
2893
1280
4611
2147
4998
413
4714
1920
887
1061
1572
1622
382
2436
4072
3951
329
2117
4100
12
3188
3718
2365
4518
3912
3720
128
1576
4269
4941
2689
4828
4790
3154
41
1196
2999
2288
3082
903
2656
253
1134
4954
1755
1264
765
380
4998
2788
3312
4741
4595
3268
2510
4697
1514
1248
2641
481
1441
3698
4400
4537
1234
4860
3996
2371
4115
399
1205
2127
6
1549
2178
1041
2348
1141
2443
2055
4047
486
2420
2185
2613
3421
1708
1645
4463
263
2674
2869
656
3237
3166
3287
2882
1265
2936
643
4307
4290
1445
431
760
1424
1233
3644
554
1899
3260
4642
4042
4262
3138
796
2275
321
897
2796
1231
4958
4681
3231
1780
2151
1887
3439
3977
50
1197
391
2854
424
4723
3870
3943
2191
4309
480
2978
2011
4808
3476
3324
1599
657
944
3833
4814
1247
1377
4092
3255
2042
463
1277
1394
3815
2608
3960
187
378
2933
379
4932
627
2288
0
775
874
479
3105
4457
1499
2931
861
258
528
2932
3194
1919
838
1567
204
1245
253
110
4503
619
4029
884
2240
3510
2739
2808
4706
3310
3158
4561
635
4335
3077
4776
2721
1795
3226
4464
749
870
509
3707
4795
3620
1772
1628
4750
799
1492
2800
1498
508
2924
828
2105
1712
1788
4055
829
3425
239
3523
2241
2240
2912
1132
3665
1567
1819
4779
1236
4176
2507
2439
125
1939
3529
2049
3697
630
832
3952
3049
4991
4329
2930
1951
4053
3915
200
4639
4677
3090
3226
493
2526
1363
4179
3233
4184
314
4003
4605
3840
4545
3556
3039
3420
1010
1760
2343
906
2539
3331
4970
2964
3743
4376
3786
3246
4818
4951
4878
1875
820
1710
3692
4379
2845
4431
4647
1994
3255
1372
957
3895
1454
72
320
3812
880
3104
609
4096
4176
967
4106
4646
1293
760
2179
2190
378
4261
2107
1542
135
1236
221
1662
1588
2078
1906
1572
4637
3706
18
636
1646
891
3135
2335
4178
1687
1083
4667
4769
2563
1733
4891
3083
4536
4536
1277
3217
1112
3926
3433
3176
906
2194
4167
2188
1453
3691
966
3361
2397
3244
2551
733
2558
2685
1709
1517
4317
2647
2725
4019
1482
516
2874
4544
4369
1922
3417
1602
1116
2325
11
845
4701
4349
1860
2007
4988
1059
1708
466
3764
2474
851
2428
964
16
3600
676
4006
4827
1253
416
3610
4859
1266
3934
59
517
31
4471
833
2871
2862
1506
789
2682
3065
198
847
850
3092
1122
2331
3850
2666
591
77
2531
223
4184
4497
57
2795
1863
331
4293
1789
3368
1863
1319
1339
2965
4407
2633
2405
797
3909
2630
506
4488
4399
4081
1982
850
608
1686
3262
3814
451
3223
314
40
4244
2746
4127
304
3816
2688
126
4481
3210
1894
1392
1230
2974
2188
2283
4482
1500
4578
483
4589
3185
1355
754
4142
4758
2455
4628
2374
692
827
544
1091
4517
3904
1578
4916
3631
2589
2329
137
4565
6
2594
4960
2429
4605
1633
323
50
4661
303
4847
2741
1557
2222
2702
3509
4256
4030
1283
4453
3895
4495
4980
1291
1940
3054
4728
2401
3255
3294
4266
854
159
4050
462
4305
1674
1770
2276
8
1439
4942
156
4859
4768
4823
1200
1175
2022
857
2325
3275
382
4495
468
2514
2744
4243
1448
645
1757
4430
2072
3073
2123
3478
4711
3080
4291
3023
1723
3260
4698
3727
3415
4306
1399
4496
1829
2614
3850
420
1346
3634
3082
4847
1372
2052
418
1457
3416
2645
2874
3038
4004
361
2867
723
3046
4349
2629
3566
4318
1491
2016
5
2666
350
4327
3861
3936
3688
2829
1820
104
3911
1538
4541
4872
2101
1550
3741
3115
2688
985
1938
4756
1491
3454
1314
4015
858
157
3744
4714
1230
4983
322
2135
4895
3561
1196
1463
673
4332
2675
4787
2831
2346
3664
2248
219
4473
2325
4081
4380
2698
1408
3306
1490
3183
4586
1060
607
152
771
1674
3038
1329
4609
2715
3376
2547
3334
356
3439
4342
1156
2447
1430
3991
4357
553
2709
4723
3249
4808
1476
2002
3328
4292
2641
1956
3826
402
1662
1370
2264
362
3431
3239
988
3038
794
762
2338
2998
203
4989
529
733
830
1631
4464
1321
3324
4312
3003
3445
1947
96
1808
4956
1644
474
3871
3564
4229
2803
4506
1
4224
3013
1788
2119
2085
4616
1728
3930
4037
2318
2251
4698
832
2448
1921
2953
2976
1668
4226
4531
4642
2353
3119
2144
3892
2218
201
1181
1097
3118
3273
2407
927
2939
3482
1830
3827
3698
989
2074
453
862
2381
1850
4762
3940
584
3886
1875
353
3344
2022
527
715
2607
2548
4853
2675
165
814
4599
4433
2435
4585
2368
511
4072
1571
2283
2441
3188
3121
2854
3865
1920
149
4635
809
608
1262
1357
3832
656
2442
3958
4722
2949
940
4060
413
1666
3569
1812
2084
3074
1807
341
683
4193
4623
506
4171
2980
3339
1242
2112
3862
2415
3727
2245
1288
3824
2698
4324
478
2185
339
712
123
2051
3427
1601
3164
1676
807
2505
2083
1898
523
3533
4250
2590
2756
1100
1110
1575
2471
1187
3132
747
2094
373
2364
1727
4474
3239
3326
1907
4706
2571
451
3830
593
1458
1324
2543
4702
3637
1615
3948
2530
512
62
4673
4517
1773
2681
4346
3749
4298
2615
2464
2756
4431
3103
3570
990
4734
2018
4380
1719
2358
685
3461
3297
4068
3847
3499
2898
662
2047
3454
4129
1047
4535
4444
3171
743
1697
329
339
4170
3917
363
2536
2123
3770
2778
1988
3417
3856
3379
2356
961
2154
4375
990
2170
1333
1519
4554
2077
3273
2884
622
2501
4611
3301
1344
3190
4577
4316
923
2969
4964
4766
2774
4612
3782
2502
1673
2005
3985
559
3268
3405
3188
3489
4988
1957
93
4012
2741
1776
4646
3226
961
2351
2750
1917
599
453
2702
68
4699
2078
2300
1379
321
419
4513
3559
2268
2119
3693
124
9
594
4939
2099
2740
2045
4938
1082
3454
4415
2107
3364
3375
2501
810
4436
197
2939
911
4421
1293
2544
2904
2297
4162
3052
512
918
1695
4159
909
4613
315
3061
4534
4145
382
2221
4919
2940
3903
4612
217
448
2596
983
4101
4937
4101
3445
4690
3539
438
2786
226
4222
639
4864
3158
2846
1822
2089
1778
414
894
2274
1758
3934
4391
4264
1819
3620
1998
4854
4726
2194
1256
2168
1638
3566
3498
3613
3183
3644
133
2254
3833
4318
2307
339
4431
3557
4466
284
2472
4299
4265
2358
3319
2440
4350
4933
1459
2352
2872
1356
572
1736
4546
3453
4726
4728
3370
4227
1499
1589
788
4726
3634
4051
877
253
2341
3659
2599
3221
4340
2838
2456
1747
4478
364
3540
4493
1381
2999
2634
980
1901
3421
3330
1963
1222
423
2014
385
0
108
1744
4974
76
841
4029
2189
2677
484
488
1050
4132
2422
2576
1210
1187
419
3348
1065
336
4943
156
3814
1929
13
3775
3346
4732
3115
1474
1435
1271
1951
775
50
3100
1480
2561
1700
4078
2562
4535
1374
1512
2111
3250
4715
2238
3777
378
591
4510
727
3758
1032
1616
3022
2639
4723
3005
64
1558
3346
4433
4500
665
831
1855
4417
1758
4320
4844
4250
3687
4910
3387
4737
963
953
35
43
434
811
2466
2294
1264
2065
1475
1897
1686
396
2978
2560
2615
1662
3599
605
3732
2387
1561
3970
2714
4478
4030
4109
13
730
2951
1149
2452
450
4699
2999
3677
2178
223
3203
4671
3024
1357
2205
4852
4934
2090
3218
2495
3871
4180
1484
3291
2678
3874
1123
110
3873
286
598
2795
3269
4338
4014
3061
2377
3384
4426
1194
3197
2747
4070
4893
3760
3358
4874
3757
243
3411
609
2070
1699
4506
3439
4250
1396
1057
4119
3523
1292
3626
563
2706
423
3635
239
2748
2964
267
3180
2478
1592
3673
1357
128
1972
3363
2850
3601
4638
765
4472
1573
2136
2258
2746
2955
3080
2663
2525
309
2626
1391
1545
2059
2399
1243
1248
4530
3752
4243
3808
4540
1628
4487
1973
1153
4374
4317
1835
3224
4213
4081
4185
1596
2046
1850
3835
4581
2632
3617
575
3115
4593
4175
1068
2455
4983
1555
361
3792
1912
2818
2383
2985
2786
1921
2304
853
3946
267
985
81
2423
1019
656
660
3140
2887
1326
4961
1680
1106
1905
1117
2575
1800
363
1135
2304
16
132
3662
1531
441
4864
1944
4542
2221
1764
1237
3842
409
3207
1549
4640
2218
499
3834
2986
1547
1910
4964
379
577
2111
2651
1459
4395
1297
2950
1958
1066
2398
4335
2297
2661
1524
1711
2875
1797
3695
148
3327
1589
3269
2051
3815
682
1606
734
3832
3218
707
844
1539
1535
4981
4587
4597
3347
2192
470
1466
1443
4320
2523
1650
3730
324
1726
1615
4139
4352
4901
806
190
1340
3849
1476
3660
1761
450
1279
546
775
1400
2169
3221
2838
4164
4649
3704
3149
3980
2474
1254
897
2175
1503
757
132
1772
3981
1404
3526
4097
2983
2687
4814
3005
4931
4659
170
3236
1876
1138
4457
919
3495
1819
874
3985
1060
3769
900
2515
3244
690
865
1668
3241
4239
2053
2761
733
320
2110
3373
3350
97
4165
3189
1401
726
4683
2705
3073
1693
313
2481
2636
602
4521
529
1064
875
3861
3504
4417
3994
1105
1859
3279
86
2083
2538
11
3864
2030
1974
4755
4466
2999
631
4491
2096
3991
4582
4410
784
3613
2567
1982
1964
1186
1924
149
1822
2218
3423
3152
3533
1455
3306
3115
913
3801
2471
1534
293
1543
1162
1585
4476
1700
904
3535
703
4070
4709
4754
4322
1655
4328
4953
2762
4035
2637
2171
4577
679
807
2432
3708
2439
248
4584
3593
2150
3478
1509
4079
4764
786
1666
1659
4655
3212
785
2262
3996
3046
2694
86
851
3885
3915
1269
3225
1829
875
1728
4166
1159
4311
4036
672
4960
3408
3823
4734
1720
2905
4304
3041
3466
1181
1265
3545
4191
49
859
624
3209
1890
1163
3690
3203
2517
3892
3239
4321
2984
4762
3860
3347
2098
499
15
1461
2813
1658
4920
119
2316
1094
2880
1169
2838
1510
4455
3472
861
2902
2974
1855
1765
4296
3777
1313
2171
3323
4521
2442
3595
2696
4484
2498
2663
3731
137
3122
4871
3378
2486
464
1102
3256
585
3909
1681
2819
571
3230
1324
4694
4789
1900
2511
3935
2661
2896
2967
3522
1577
2392
3158
4890
3634
813
4013
4498
1701
2520
2896
3008
1099
786
373
2550
178
4831
447
532
30
3898
1996
1865
2362
3147
3694
4747
2653
2723
706
3907
4943
2365
42
1346
320
1542
445
811
3806
4517
3058
3319
2312
1517
4663
2067
2671
3403
3927
3882
999
1366
1719
2285
1021
355
2522
851
335
2685
4698
4673
2660
3815
936
857
4565
802
1344
2612
853
651
857
3480
2157
4378
2741
4432
2928
4237
2953
2928
347
3069
4285
1791
2502
1737
536
3033
4336
3843
1563
1397
3145
1743
4963
4971
4188
1941
222
3385
2271
4791
4161
910
1395
4756
4710
3333
3471
2303
1326
412
362
3351
213
4976
2163
3046
1378
621
281
4834
4178
3551
2936
3571
946
534
2105
1570
1964
2509
785
4426
3820
4233
4448
2537
3873
2306
3079
4884
4286
1073
2002
2562
1308
3575
1717
1691
926
3763
1700
3525
3766
2051
3478
415
3316
1714
674
589
3630
1267
1050
2516
240
316
2909
2339
1773
240
4212
2653
4457
3513
4688
2536
1724
3480
3678
2297
2469
4587
264
3942
1791
4117
562
448
4887
4391
1751
4678
2492
397
4929
4072
1542
494
2173
4172
2652
1993
1670
274
3380
4224
2050
2136
1902
2822
1582
3189
917
2759
3805
4095
1854
548
1297
182
366
4151
1746
4342
307
4088
4537
2066
3658
2802
316
3909
751
836
1288
800
3230
837
2780
150
3964
1273
4582
812
1629
2606
357
4358
3220
3840
3351
1671
507
1361
3909
2536
818
1794
3607
4672
398
2686
3187
1547
3123
851
4000
1479
810
1897
1822
491
3610
1591
4124
126
4654
946
3191
3317
4078
2737
930
4906
1262
4958
1055
3161
226
3221
1865
3014
2652
3442
1538
3224
3032
4899
2656
2939
2784
1248
2359
4155
834
963
655
219
3040
836
3217
942
573
487
4285
525
2110
1440
4399
2949
4729
4655
2264
2150
2895
2695
1349
2966
397
284
2966
4098
3836
3669
760
4130
1270
831
2049
160
155
3929
2132
689
2568
726
2347
2095
170
4039
4877
2256
967
2324
4520
1951
1149
4358
1572
4782
143
2924
2134
2280
582
2915
4038
2820
820
4736
163
2621
1882
4885
570
3967
2030
3177
1005
1207
211
1125
2743
4554
3464
2089
1555
319
2806
571
4707
947
3857
2416
2124
4316
4910
1264
2552
2884
2446
3235
3629
4368
3783
1343
1885
4457
2791
1886
1538
539
4886
3962
1600
851
4341
4853
2854
4968
2416
300
7
1453
158
2871
3015
2378
2192
812
230
4171
3676
1143
3682
1343
1257
1130
366
4759
3082
3553
499
4452
4922
4923
4140
1945
2384
1652
3372
1696
317
1292
3580
2436
1000
2603
1127
4130
3457
356
4262
3381
1720
3965
504
4970
425
244
810
2755
2033
844
3721
370
2810
4520
4082
3250
1114
1550
3861
1003
1022
3814
3715
30
1018
13
2690
4074
1417
3634
2247
761
3420
950
3319
765
3060
3795
2568
1521
2999
1261
667
4329
4588
1358
4689
707
2919
239
3009
855
3456
128
4599
1435
2003
474
1021
223
529
660
3149
1566
4748
3435
2582
2425
3594
4535
481
2019
3028
1969
2445
3251
3371
1810
3859
214
2564
1845
3804
1576
4287
4279
466
3051
530
1901
666
2700
3593
2137
120
2413
3696
4468
712
3066
1335
1628
2419
2844
1848
542
4510
288
1212
4754
3306
3382
4159
1448
3209
2456
2680
420
928
1944
274
848
2078
3797
4436
1777
509
25
1423
3563
1718
655
636
2550
3364
3594
4231
2207
683
3300
3333
3734
3719
4697
1748
436
224
3486
3805
4619
1276
267
289
620
4023
3895
356
2520
2030
1283
4989
3320
3774
3779
3468
2836
2387
3550
4129
694
3539
4691
3297
4492
2056
2722
698
1044
732
2970
2201
791
3881
3281
748
1199
1914
2273
276
3678
3697
463
1040
2905
1878
4218
4199
4591
991
1017
1012
3037
1073
2860
1177
4731
3687
2438
4607
269
2080
155
1290
4423
2953
2949
2501
481
3357
1671
4929
1899
4877
3764
2321
4601
1223
1254
4331
2812
1003
4957
2251
4696
2367
2587
630
4828
4536
922
4569
3146
4359
3464
3791
4025
3296
991
159
1335
877
3385
2283
2999
4986
2586
939
1572
2574
1391
3766
22
4413
1736
1011
96
344
1184
931
2010
3956
791
3984
187
140
4724
1932
1565
1807
2658
2010
4563
3606
3525
1052
4650
3501
1218
3593
1365
2932
99
2234
1016
2697
1231
4332
3071
3079
2588
1913
2746
2728
1310
4526
4959
365
2343
241
4971
1179
1978
216
4463
4717
4749
1947
3424
1608
755
3897
4211
569
2854
3404
634
4937
2647
2086
3658
423
1874
2639
4066
1069
1005
3440
2963
4759
3991
4611
3731
3398
4884
2424
4105
3520
1155
4592
165
3863
4273
3777
1417
1200
4001
1491
609
2307
4547
4723
2501
550
1186
466
4848
4838
503
664
1865
4062
4115
1588
2306
4286
3319
3161
3834
2565
1989
4261
4657
4755
3881
626
4761
1744
1317
4095
3042
3378
3224
3789
679
1248
2805
36
2111
4607
4055
31
4026
443
2187
1782
4399
1296
4039
1827
1773
1232
2763
2518
671
3798
4885
2880
3882
1237
2965
299
3663
80
3020
1162
3569
1438
2889
4085
164
1014
2361
2400
3616
4797
2998
2818
3541
2444
4770
2886
31
4577
3644
1753
3173
1476
803
4838
4692
1771
1492
220
2340
2573
4274
794
326
2635
3933
3332
4731
608
4974
1902
1131
2
401
936
3585
4606
2079
1131
687
2763
3233
749
1772
783
1290
912
4374
2879
2520
198
497
3727
4725
330
3577
4590
1366
2449
1797
3593
571
2116
2108
412
4847
3293
2710
3803
434
4104
180
4621
2872
917
3223
3300
4548
3657
338
3460
412
2751
10
4688
3628
1524
2870
4347
1636
478
1092
3458
1388
2460
2541
3718
3645
3106
1486
3246
2606
2498
3033
3366
4962
4269
4968
868
3846
639
2589
3000
325
2475
4245
2817
1672
2404
4373
4621
4155
1314
3434
1719
1738
893
1828
461
4704
1002
2049
1594
1571
3043
952
4855
4580
3120
2415
1647
4769
3095
1006
2390
4318
4928
1969
3322
2288
4033
627
3076
1162
3362
71
2561
910
3735
1904
1237
4206
3383
3421
4009
611
3277
3789
404
2649
3510
2432
3977
3638
723
4052
3855
2493
1158
2520
4816
4187
182
1060
3218
877
133
1531
2704
1930
4982
4397
1665
4495
203
2469
22
2935
3018
1961
4385
4915
641
1117
1766
2727
3272
959
4567
3299
3486
1423
2316
1066
3246
3793
2955
524
991
4132
3187
2351
1194
4312
1675
4055
4613
1362
4605
2083
223
1844
3827
3208
1612
4033
791
3386
3921
1885
2583
1078
4042
1650
2706
2406
2464
3557
4316
1934
761
3027
869
1053
4259
4878
3887
130
1991
4842
1754
597
2687
3477
187
1401
3439
883
4940
3809
3195
1183
3334
2102
2665
1812
4598
2080
2059
2910
4561
2743
2655
476
1338
2120
1297
4269
3177
3039
1152
1061
247
2656
3822
2208
1067
617
1641
763
4242
3418
4083
840
4394
3991
4903
3558
3955
3663
2971
4503
13
4437
3742
4233
3695
1173
586
239
1159
4460
597
2604
2150
3046
440
2509
4718
4283
3821
2026
2228
546
1747
314
3768
4209
3317
2780
1520
4698
3267
4772
3870
1892
3677
4710
4554
3957
3467
4822
689
1214
2308
1408
148
2893
873
3059
810
867
720
3535
773
4471
2405
2879
4075
1071
2683
3019
1279
362
4492
4829
24
2395
2851
4554
2126
4325
2322
314
575
1841
3169
2944
2855
1034
2010
4252
1227
4001
3868
2263
1780
4897
4570
463
1910
1105
1352
2921
1648
297
1312
2420
670
3994
621
3139
2519
583
1370
2166
1334
246
2904
2860
3118
4146
1690
4233
4560
3098
4803
4261
104
3339
1500
1107
4599
4051
4039
3424
1716
2148
358
4451
1790
1862
3069
4822
3343
152
2287
4102
4743
4188
4688
809
2922
1673
2262
2831
2339
132
3932
119
2496
1824
1787
3863
857
1288
2894
346
3477
4607
2579
2983
917
2127
3000
1075
2504
3912
1146
2454
2210
1913
3154
1843
1263
357
2459
2049
4940
4377
1246
672
246
4511
4014
3504
4261
3278
340
2934
1454
1089
4104
1357
3684
2465
4775
1769
1620
2436
3963
4914
3727
3858
281
4692
4655
3699
1960
2996
2476
1750
151
3372
3341
3132
2879
3107
2958
2307
706
4493
4566
1179
4757
4882
2578
1248
3096
4357
2979
830
4790
152
593
868
4046
3808
3269
4282
1207
2797
4963
2870
2749
973
2190
3007
1166
2013
1978
4258
605
44
3399
3138
3730
4527
2608
3080
1780
1972
2661
1023
2558
1486
777
4067
1049
1350
3130
237
2937
2490
4572
2960
1724
4729
2717
3207
2416
3319
1625
2167
2897
3578
3452
4839
309
2345
4613
4092
1338
2894
3953
2398
4136
3249
4536
4098
2087
1058
1631
3618
1953
370
4720
4718
2935
1483
305
2087
1718
1645
3229
2539
702
3417
4146
3702
1689
797
2843
1837
2265
1411
1778
1933
4238
114
4650
3561
4942
283
4466
3381
2498
2369
4014
1683
3367
1844
3275
3074
2973
695
2496
3622
104
3937
4265
4847
1557
4886
2360
453
4023
2199
1051
1179
4473
3232
1089
444
2143
4516
3113
4801
4878
475
3699
1100
4489
291
497
402
4166
4433
2559
1578
4855
3677
3117
535
4247
3921
2434
964
2985
3326
76
2816
3586
3557
668
892
2735
3903
453
2510
539
3234
2192
2942
1605
1943
1229
4099
1395
4649
4890
3599
1721
2806
3686
1186
3162
3369
1452
1797
744
2308
3130
3071
448
3874
1065
4825
3483
2785
413
4766
3113
2072
220
3396
4126
1093
2755
4177
2388
218
2658
3130
2372
4920
4390
4517
4389
4764
4071
2668
1706
4297
905
1040
2059
4151
4941
3638
3468
137
4003
2671
1606
2993
4482
688
4238
4822
835
2692
2747
1144
526
1168
4008
3377
3208
1011
4318
1255
4471
3839
2501
1138
327
2967
1539
5
2289
4363
4023
4562
1663
1917
794
694
3297
189
156
1723
4491
1995
2845
3839
2620
3106
1358
4272
2199
109
4888
4186
3688
425
2481
3073
2473
276
4794
577
405
3924
1236
4771
1993
906
4636
996
4908
1804
3456
3804
4950
41
644
2597
4567
3227
206
3324
3516
707
927
4411
3495
2191
4972
2892
1608
2456
123
4676
4961
1334
2385
4051
2912
1564
2267
3634
2444
2421
3649
715
1989
2827
2224
4451
2313
4376
3187
4728
822
1315
2589
1639
3778
1235
278
3953
2694
2731
3262
898
819
501
2944
3460
2474
4331
2479
2070
1581
2975
4906
3035
3230
4069
2883
1853
2455
2001
4854
2897
2607
4286
2714
3870
3284
1640
4647
3641
1641
4075
2969
1173
165
474
2803
502
1104
4333
3020
4555
4213
2363
44
3470
4261
710
2580
1615
4576
4299
1828
3329
1427
876
4905
3034
1443
1702
2326
28
3142
4975
3950
4484
3324
23
956
669
1726
1342
2660
328
1288
2204
2526
4998
4781
812
1672
4649
2546
2235
3986
37
4302
2121
4011
1411
4529
4160
4187
1867
4915
3798
678
508
4780
54
1730
2247
36
4049
4521
3481
77
1464
57
1397
2757
2380
1572
4207
552
78
2430
1594
2369
1488
554
3027
948
4652
3856
2759
4308
4240
753
3196
2752
2582
2020
2787
3113
2180
1264
3307
3916
2907
4608
1950
1176
142
1848
1478
3974
552
391
4811
914
4388
2087
4407
2820
3429
1717
1670
2881
3940
3195
1423
4821
3112
273
1837
3384
2211
3280
3271
1778
1074
365
2581
219
3503
3840
2281
4620
3372
2680
4324
1205
1635
3042
159
2872
2658
2082
4466
3122
4755
616
3863
747
2022
2511
2229
847
1714
3563
4524
1892
3342
3936
1791
2414
3470
2297
521
3824
2698
1098
3920
3092
3814
3510
4623
556
2968
2589
1510
3321
216
240
2342
1597
842
3148
3446
4404
2813
311
3562
809
3434
1812
2526
115
3604
4732
1326
1685
1573
2829
1571
4485
244
4534
415
4112
2832
123
1900
28
1897
2739
288
4650
4856
2059
4509
1484
847
3770
3195
1294
2011
3269
4112
898
656
2935
864
414
879
1148
3457
1405
4865
777
4290
1148
2756
3009
786
4055
2809
3207
3750
1450
2211
4779
4346
3051
1240
854
4298
2692
3065
2402
2813
34
89
1940
438
4337
978
1031
1473
2154
1512
4312
976
824
3654
1616
2714
3261
4929
2133
2234
2524
3794
2259
1977
1552
181
2258
4793
1088
1013
3886
649
3263
1700
1568
2399
4755
2366
1639
1028
1556
2083
3526
1295
558
3813
1946
4281
3852
4673
1271
4969
1838
2709
4567
560
3440
4330
1772
4899
3885
4682
738
3282
33
1706
3562
4064
3188
2158
2864
4799
68
1058
2678
2936
2529
1753
2775
4113
2609
3423
499
1875
2630
2549
2386
3219
2974
953
783
667
3396
2727
2329
3314
4955
2516
4623
1602
1158
1334
3841
3037
3840
4718
3737
1307
1717
2420
1807
3810
4058
4382
4333
2826
622
753
1395
4972
3205
4350
1099
898
1191
94
4365
696
1292
1085
2840
2914
4711
4235
3295
2739
2922
2112
2379
1634
2563
4034
3917
3653
3765
3632
671
2624
2042
2023
1878
103
4828
3000
3248
1710
1906
540
3091
2828
3795
1662
3168
2212
3153
798
1796
2408
2212
61
2165
106
4626
1250
3815
151
4944
2145
3619
528
4255
3280
2332
3582
4
2651
3163
4917
2789
4635
3016
324
2643
4321
1943
1644
1155
3206
4592
913
3644
4475
2131
4153
4259
3486
4525
2637
1266
2141
4297
1663
1040
4397
2662
611
2517
4463
1184
2725
3996
1088
1361
4450
3707
988
1756
425
2692
2370
4542
2114
90
2984
2079
4553
4348
129
3519
1846
838
1201
4620
1457
646
3225
1632
1977
1944
4583
1268
4440
4470
1923
3745
4227
2859
1065
4108
3727
2998
233
4207
4640
3545
2953
1655
4966
2363
3022
1299
34
882
3710
205
3582
2142
2369
1156
3761
4942
4033
1846
3518
657
4882
3957
2437
2897
2202
4308
4496
1832
3106
2567
4220
2606
1412
1024
2955
4704
4089
501
2197
4752
4484
1557
2289
3463
887
858
4024
2693
2644
2397
3010
2990
4453
1394
1393
325
2812
2440
4707
2691
4132
1252
4146
1966
4483
3848
3385
4129
3388
1422
3625
3475
1076
2130
1152
3672
1923
1365
4255
1921
3001
4084
643
4627
1263
608
1589
1333
2206
3412
3669
1622
4860
3996
2418
3410
505
2230
1330
3655
1018
2531
2263
1002
4567
4093
4627
3628
951
4825
290
4895
3708
3070
2055
4119
3707
2734
691
4074
1104
2139
3005
4147
423
4718
2376
1630
4339
4241
2762
2451
2879
2329
3199
1657
4974
2648
417
2130
2027
1990
1803
4933
159
1700
2984
2235
4762
1736
4105
3931
4620
4452
4169
1744
709
3979
4271
913
2975
3038
1342
2551
1856
3804
3926
3435
2428
4829
2210
4715
3498
4484
3914
13
1179
4284
179
4880
1395
772
1063
1532
1051
3535
2540
1320
815
4604
1271
2838
1324
3518
4155
4304
4916
1833
4892
4814
2618
2023
3546
659
2576
215
2054
4008
2912
3826
2054
3617
4418
779
384
583
1724
3062
2098
3539
4137
2384
2782
934
3665
4611
1590
3867
702
2629
809
1086
1641
4628
3016
717
182
4576
605
3238
1758
3567
2363
4714
1643
2700
2087
774
1633
2604
182
3573
274
2606
938
55
686
664
4415
2492
698
4112
3347
2779
2997
1055
3674
475
2244
4778
4303
1381
1545
3593
228
1840
2676
1608
3661
4030
2117
2807
467
406
1837
3889
1170
4423
2155
2274
549
794
4054
1168
1662
1502
2925
4367
1109
3673
2976
4725
3623
4589
990
1805
216
678
4326
1270
304
3104
1644
4206
2606
4728
2376
3409
3428
4741
3296
3138
984
4577
1067
2953
1163
3383
3279
4977
4711
3567
3471
720
3999
1705
1145
1028
4852
814
2599
942
3310
4479
158
322
1965
2732
3822
983
4222
545
358
3733
4402
4226
4759
4949
2541
602
3666
3806
3039
2281
263
2995
1827
845
4222
1494
3112
2147
155
1083
2067
2111
3045
4615
3036
4082
1969
1721
3294
821
4247
1631
2479
2057
1820
2969
294
968
2441
3750
3990
2404
2134
831
4515
673
3212
1339
4729
373
918
2391
4398
16
1652
3356
1997
634
469
879
656
286
3614
1140
4536
3768
327
2839
4197
1486
3970
333
1263
4421
368
4771
2936
3115
4324
3894
2471
4262
1795
2512
3454
462
805
4260
146
1689
3446
1176
1035
3761
192
4836
1379
438
3592
404
4859
4031
2086
3651
340
3973
3389
1826
1022
304
4948
420
533
1734
4891
3486
2637
3467
345
2140
2733
3259
1006
2202
2055
2572
1821
1186
3492
3895
166
950
2561
4604
594
600
1698
1178
2122
273
1396
4013
861
30
3371
2297
4901
3913
237
189
3808
3684
51
568
1151
3106
2558
498
4316
1834
1510
2471
16
2288
3948
641
3673
472
2750
1631
2325
1913
113
2660
1386
1739
3875
265
3468
4591
833
3541
3427
1774
153
4432
2416
4293
3891
169
2194
4582
4878
2465
300
2313
4985
2846
1410
575
2265
3069
1002
229
1406
301
639
4254
4231
3218
2364
3276
3433
1022
4822
3623
2707
2455
438
10
3255
3382
3041
323
439
791
3216
3542
2728
2668
3444
2401
2995
929
4768
279
3189
1661
1148
4089
4853
565
2699
1639
428
4742
1768
4048
219
1341
1958
1092
4254
4468
2695
3186
401
1718
4310
2104
2408
4858
2998
465
3098
1548
900
554
1712
3172
3978
4179
4455
1546
215
2298
2495
3743
1524
3331
4099
1564
1885
4859
4696
361
3134
3635
2338
1221
547
4657
581
3911
598
3459
3395
3621
4027
1482
1425
2405
2028
3880
1899
4737
4879
4596
1441
3246
466
231
1139
2782
1931
3270
1688
3155
2497
4802
1204
1545
4351
1082
995
3848
4876
319
1583
2472
3531
1847
2601
4500
994
1789
4221
3438
1254
1317
3746
451
4228
31
4936
1211
3549
2621
3291
4444
1869
3244
3355
848
1277
2890
337
3253
2531
287
1283
916
423
4321
1900
1934
806
4835
1085
1858
1197
1458
1328
402
4760
3375
3680
3656
4358
3225
2310
2556
3950
1588
1734
1006
2228
1291
3183
1658
2889
3623
1458
2993
3357
3719
4476
1827
4625
3073
3586
682
1283
1360
2538
4196
4090
491
4314
2522
969
4877
710
3217
4016
398
3784
803
3157
1483
741
4010
1503
872
3437
2651
3898
2738
2556
3610
983
2856
1798
4189
4471
2753
647
4319
841
3517
1743
1350
907
3938
4601
3044
4145
4378
3842
2245
3891
1880
3217
4659
3599
1692
2278
1524
3424
1048
4432
1386
3375
871
427
234
2457
2731
4822
308
248
3826
28
4219
1594
3910
1885
3315
4278
272
2538
4565
1608
3277
3913
4768
2829
1169
4404
3326
764
2155
3055
2621
3986
4041
1228
1027
4682
138
3230
2401
1464
3856
1781
3114
3393
408
4382
1101
428
287
3682
1634
2350
1667
1280
1694
2683
1891
821
4246
1512
340
588
470
268
669
1041
1859
3359
4874
1784
3212
3705
3622
3338
3078
4197
1533
1117
4201
1677
4673
2028
4486
2966
4560
3822
2740
891
1408
2490
2731
162
2245
2969
2183
1049
4028
1367
2426
417
2013
1775
1019
3526
2944
1405
423
3672
3805
4781
2873
4296
3016
480
3118
1962
325
2824
4228
1189
3564
1286
3595
4004
1477
1327
2749
3910
309
1600
373
4821
2037
615
2751
2777
1724
2254
814
2831
4221
4888
985
1489
3097
3382
2657
3378
2417
3839
4379
738
3595
4323
1374
3856
1996
427
1545
1310
845
856
3956
460
4411
1726
2710
965
4856
180
258
1076
3399
2228
1589
4878
1795
765
1175
1882
4738
2279
1925
591
1670
3600
1231
3434
892
2740
3109
2555
4065
1454
4949
3590
2293
4265
911
3045
717
2768
3602
1652
1586
4251
1628
4779
4080
2659
2041
369
1936
1843
4135
2780
2648
3949
1164
3843
3584
4029
3825
2455
3890
890
248
2934
1833
2641
2613
1446
3932
651
2881
1245
2888
3285
1765
2414
2657
1585
3595
215
2691
4008
4001
1878
4177
4134
2449
4102
430
3444
633
1624
444
3827
1692
899
4340
4382
1395
3973
4340
2794
3671
4828
4829
2788
2499
3287
2470
2559
1302
1356
2577
3083
3824
2602
2558
4796
3845
4097
1854
4471
4562
4302
1070
1969
2498
1982
34
3068
1428
685
3884
4882
2070
4298
708
2989
40
4747
335
2258
3603
2813
1745
460
2470
4126
1709
467
3254
1192
1874
3979
3576
3234
1774
3804
1447
4195
4700
3315
3857
106
1086
4825
639
3078
3460
3160
4586
1572
1311
2348
2224
4510
4917
414
626
1204
402
351
1198
1679
1025
2516
1032
1249
3597
996
490
3485
3286
4366
3350
2309
4760
4125
15
2292
3529
613
792
540
828
1650
569
2133
2399
2841
3738
923
4189
3962
4008
1325
4160
3156
16
1181
3708
3552
1543
1773
4536
61
3867
3634
3443
366
340
4152
1312
3555
4512
3065
1065
3838
415
241
2148
901
4807
3896
709
968
3221
2637
3638
2767
198
4106
3941
4521
1814
1208
1688
1373
4709
2756
3985
2918
1255
4436
2972
3668
4230
88
1121
2402
3124
1979
1676
967
3571
354
4179
637
2590
2543
1232
4322
4720
3694
2128
2441
2750
23
3279
3970
4655
4054
901
3227
1033
1514
815
2453
4457
3454
2075
1545
2878
613
860
2828
3311
4587
4302
3684
1861
873
4
3801
638
84
3297
4242
3349
2471
4669
895
4093
462
2605
4607
74
4460
4091
4007
4527
1206
1797
2355
1129
2237
3662
3563
3668
4842
139
3780
1657
4513
2694
2365
318
2692
4110
4409
1543
1440
3433
2102
2880
980
313
3205
1187
333
1560
3073
4532
1514
4743
4865
2838
4760
4295
49
4252
4698
3920
844
3755
1896
4590
2643
3202
1508
459
2403
4229
2926
2142
2606
3526
2032
738
1051
4191
639
1475
3450
1620
835
804
1494
4126
3424
1622
1126
443
2584
2896
3622
4537
3898
4524
2758
801
15
4389
726
274
34
3056
1064
14
919
1156
4264
4596
21
2814
2794
1423
2123
133
1823
3373
3044
3620
2275
4621
3511
640
1323
4478
413
3972
2646
4901
2487
38
2084
2517
2880
2645
4533
2569
3306
3249
2361
219
3719
4823
3388
1727
3243
444
2048
2667
956
1063
2547
4934
1859
4939
1274
4513
1475
278
227
3512
3776
4221
1638
2627
141
238
4949
2671
2176
4570
4253
4764
4981
3441
4075
3065
5000
4053
204
4106
4511
2855
4086
4216
4571
830
3790
3463
1633
4221
510
3665
1797
2445
2972
4528
3448
1969
4387
660
2949
2941
2703
3435
3809
3603
4926
4162
4437
518
158
292
446
1205
1656
991
2321
1752
2402
482
2243
488
3526
2015
3225
1722
3458
459
4020
4885
1925
2349
3991
1999
2214
3052
4171
1732
2423
341
3990
2263
4723
2506
2472
795
741
4336
3764
2740
208
1913
2929
3550
311
4559
3105
3954
3373
4262
2094
2722
4754
4506
2318
4900
4592
4755
4884
2808
4328
3344
1932
3547
4178
847
2523
1380
4239
3584
2628
835
3099
2733
1061
3637
2726
1350
1942
1733
4106
1364
1081
4284
4659
475
3422
1956
861
161
2079
4837
200
123
1746
956
3712
3692
3560
906
2009
3856
3114
1340
2308
3913
1925
387
823
2873
3723
1667
1305
1248
3514
3257
3269
459
1768
812
1715
4616
3642
563
1970
350
3631
2937
358
4014
4911
1913
1563
2259
2105
4837
1913
1808
617
1267
170
685
3285
1925
2020
105
3751
2189
1094
916
1791
22
976
1739
4903
1403
3693
3084
55
2720
1633
2268
4626
1069
3170
4068
534
1814
1464
3486
3183
2069
1802
1358
1939
3039
927
4552
461
427
4265
2926
2187
4322
1123
3068
3127
1576
1289
1717
496
4528
327
1684
1323
2055
3391
759
505
3599
3098
4444
225
4926
712
2663
1745
655
3851
634
1551
256
3981
3126
1074
2622
4330
4543
1977
3643
941
184
2889
3315
825
2888
3485
51
4029
1525
852
2198
2317
1616
1973
1409
1283
3486
1902
1152
549
2693
3304
1752
1307
3371
3358
4688
782
3503
1565
2237
4824
2953
3633
4088
3566
1288
4647
1897
1686
3712
705
3238
2306
3488
2313
850
2342
206
3393
2868
1819
2350
1741
940
1861
3024
4182
830
2265
1976
3677
3843
4215
2528
3792
4863
3899
3883
4146
1027
3244
1085
1018
2518
4493
2324
4202
2034
931
2539
4038
4763
3297
1531
4976
4278
2224
3339
2851
41
1229
3328
709
3583
3109
976
4206
4011
3935
2928
2504
4383
76
1320
1857
124
475
2780
656
729
2544
277
4286
2221
3424
2861
1175
4035
970
3122
572
4127
2016
4620
2249
1166
98
4132
2679
1168
2024
1796
2763
1975
2870
3040
1883
2245
4273
1464
409
3001
4343
2099
4781
4661
3985
720
4975
3670
1321
905
3953
1397
657
2114
2364
3378
1620
4939
2487
658
4337
915
3189
3271
1643
4072
1142
674
1335
3764
2240
918
1842
3229
839
2738
785
1619
4689
4180
284
3386
4870
4900
4858
4510
718
4893
3797
1058
2199
2648
22
3166
3476
2206
4232
1729
1878
430
538
1910
2879
701
2375
566
1257
411
660
3467
3019
605
3045
2655
3514
2340
554
3615
4161
1560
3556
1283
4265
2178
782
2242
4116
3567
4028
3791
2
4712
949
967
3791
523
2650
2444
1429
1028
800
2835
4353
103
2451
587
3803
4358
3567
3745
1341
4055
2140
1848
1548
4313
310
4610
1240
4436
2810
1260
3517
560
4218
4174
2714
1329
1671
867
2834
4137
3279
2522
1753
331
1577
999
3556
1876
4739
2019
1925
4626
560
3117
878
2359
2394
746
4380
3018
2177
2644
1516
1216
1401
3492
2118
3346
3537
1416
2171
3491
1638
315
3121
1301
2360
4744
2893
2909
1246
2101
2879
940
2611
4351
4496
4784
3308
233
2652
2504
2995
1824
2650
2235
2349
4164
1045
2215
4514
1631
292
1437
1432
3213
337
3411
1845
2245
4466
4737
2072
1611
3268
4487
422
4068
2136
2398
3539
1913
1094
4901
3835
2069
1314
2469
3017
4696
1789
3832
2951
1853
683
271
545
2569
298
4179
4989
699
4961
4809
2754
456
3400
2773
2741
1542
1273
2730
423
3121
1142
4301
2234
2068
3812
2624
2985
4023
1600
2286
4016
991
1254
3234
4339
1098
220
1460
2851
1645
4499
489
1936
3253
3562
2673
558
1496
3863
4949
3862
3425
684
2915
4177
4253
2834
2391
3747
2424
1601
2093
1889
1355
2780
897
4155
3898
2984
1988
15
2433
1385
4496
2641
1374
3434
3348
1038
1236
3644
1612
1697
3541
3836
1717
4660
246
564
4070
1872
264
1252
4999
729
4840
1673
33
1103
1203
3908
1083
2430
3216
1617
2360
269
3359
3949
1386
3485
322
4118
911
2989
2991
3887
4703
2349
1409
720
3539
1153
4289
891
4301
1725
988
1356
4052
2339
1710
2726
4593
2449
3424
1058
3458
3630
3043
1792
3758
1900
4127
4393
4977
1912
689
2356
1589
1127
1530
1139
1521
4753
499
2506
3247
942
2945
2035
2087
2139
4362
2856
3661
1268
2687
904
4274
3198
761
4974
4313
517
4558
95
1820
4036
159
3079
4112
3506
1035
3480
3717
3750
4833
3194
784
1379
211
3896
1536
2330
353
4471
3059
1423
3434
2227
1891
4506
1804
3085
2456
4621
3342
542
3267
206
948
2865
1345
4048
2937
1327
1463
4663
4718
4913
269
403
4733
623
1797
4454
578
108
713
1700
391
2224
1295
688
1268
4899
2283
641
3539
1408
1311
2088
4529
85
2508
1698
3130
1926
2725
3945
1524
2900
2833
3033
2190
59
1920
928
4051
953
2935
2902
2405
2861
4354
1201
3674
3324
2985
3589
2387
3926
2098
1353
110
3103
2999
3234
2034
2142
2148
2850
2253
474
3625
2349
4864
3155
4513
1047
3442
1761
3831
1745
4010
1261
789
4044
4248
500
683
882
991
3401
310
3765
327
25
1303
331
550
2893
716
948
611
1011
245
4132
1562
1887
1107
442
124
2188
4110
543
4831
4195
1324
400
1769
4248
3569
4727
1801
3530
2053
618
4596
1245
4663
2736
4144
983
2296
1593
1373
1139
4663
1248
2347
3628
1391
2962
2016
2270
4518
3716
3156
736
1010
4479
4355
4936
665
2955
212
4584
2422
293
3776
2577
2866
4406
3722
1378
3342
2631
26
2175
3683
3197
4603
3491
3735
4430
3338
1088
1530
4728
3600
4050
2671
1346
703
731
3294
3926
4885
230
4828
2553
2950
3290
4027
1464
185
738
3985
3189
1694
1142
1253
2624
533
2800
4665
2290
623
3340
4989
4627
1952
3821
2453
2158
1616
4519
4292
4334
4750
2593
499
2454
3306
3771
2619
4380
528
2299
3009
2022
3121
4463
4527
4149
325
788
1158
341
3237
2228
3448
1213
2924
912
1035
885
3208
631
1131
2799
3808
3039
22
2696
3602
923
3808
155
4566
1289
1354
2013
1202
2160
56
3866
1777
823
1206
1108
4681
1090
4488
51
1045
1048
162
4448
3399
2132
29
3144
338
1965
879
2468
432
2840
304
4795
3880
207
3899
4443
16
1938
2490
2819
1534
2551
2551
4268
2517
31
1793
1710
4286
1747
2741
657
2016
3051
4051
3714
1852
2297
4003
1824
4234
3898
2493
2399
2771
3828
1211
2897
3217
695
915
4785
3376
889
2358
2441
3711
4769
3078
1474
231
375
1957
3422
2801
3850
1852
4872
3352
4468
1687
2695
2665
2394
4098
3026
4113
4897
4445
2013
2763
2462
2350
125
2413
4624
4670
933
632
2283
2534
264
3704
2609
3531
2587
2707
1137
3303
2521
2302
2747
3481
1303
3146
2043
3082
3170
37
897
2505
1967
4886
2290
3460
937
1099
3576
3259
3769
1984
237
3165
4903
1260
60
2825
1918
884
2992
3687
3598
354
901
721
4670
45
2721
3963
1126
4979
4194
3516
534
3165
1616
4344
4444
4545
1014
1396
3129
1787
1047
8
1116
2664
1737
3844
2571
1184
1690
4143
3956
3893
2629
1465
1430
3190
4413
1436
1801
2187
2806
691
2907
3027
2425
154
4141
4854
491
1909
1920
3789
3727
877
136
4502
1802
3621
4504
2003
4758
2915
1002
1056
1451
143
1254
3829
2334
3607
459
831
3333
2573
3409
4058
1983
1787
3448
4012
4072
402
4525
4104
846
3535
4881
3816
2547
4667
4063
4573
176
4164
3383
2360
1713
3641
3313
3231
4389
983
399
2087
1454
1122
1868
1647
1829
104
4657
4907
3563
2335
1471
1840
13
4582
496
94
1764
3215
4078
4237
4680
2778
4078
2978
902
1771
77
1007
1748
4196
4004
2107
485
3630
2384
1224
1351
705
254
4632
3796
4948
28
1371
1767
559
3598
289
2215
2846
564
3853
3471
4076
3130
4286
3894
3132
239
2727
1283
4836
3647
484
605
4125
1996
3463
2739
4664
177
1365
4886
1754
2776
3421
2697
1304
605
2425
3249
971
3515
353
3510
1111
70
3850
655
1178
3522
2064
2972
733
1470
3454
2999
4043
852
787
3763
1058
44
4386
3642
2671
19
2751
2131
947
1525
3787
2679
2216
2589
1188
3877
1477
3656
3365
3616
3273
148
2660
430
525
3782
4916
1846
4204
2852
1284
4330
4131
1406
3591
447
3384
3553
2896
2619
4332
1187
3250
3815
4545
4236
2485
4998
4090
2476
1528
2601
1008
1060
2303
1225
3580
1687
2139
1341
1451
3620
460
3378
1203
994
3243
1179
1937
4856
1042
2119
4550
2777
3473
4299
201
282
4022
4445
2474
358
4370
2471
808
3036
4590
576
2185
784
1797
1100
4725
2070
1092
1028
3584
4644
2464
3002
4955
4040
2376
3422
756
3556
877
4862
110
2266
3117
54
734
3982
4915
3893
2706
1094
2437
4803
1830
1786
4517
1871
1254
511
3704
4905
4064
2365
3281
2594
3025
4873
3511
1757
3946
2100
2516
859
3306
12
749
2349
1731
337
2310
4367
176
2363
1905
2801
1963
4843
3775
474
4199
2170
144
3650
718
1014
382
4658
2946
917
2014
233
306
409
3245
4505
4751
2888
4118
828
3477
3123
236
3145
4109
4046
503
3397
1011
2593
2746
4538
3034
2590
719
2911
279
4609
112
954
461
2725
1053
381
2075
4086
653
1302
704
1921
2520
1005
1475
464
2080
1276
3290
4734
439
3369
149
4362
1708
1950
2694
1815
788
4474
1261
2892
3582
2074
1576
1569
2297
2492
1782
1745
3576
4571
955
3247
4586
1538
2454
3531
4612
2480
2980
136
4453
320
4427
653
4805
2035
1573
2185
2898
376
3404
2771
322
115
4739
2676
1081
2102
4916
814
2111
332
1747
4120
2924
2434
2897
4090
4312
3228
27
880
1260
3816
3680
1662
4867
3048
1927
4813
2028
3745
518
388
4714
4186
1190
2937
2081
1866
2189
1652
1626
1920
1476
2694
941
2305
901
569
4620
2408
877
2082
460
4124
4571
1141
3336
4763
2499
1077
461
2835
871
3089
1528
2760
2430
3655
3448
1440
1112
743
3480
1500
3319
3074
2058
825
3673
2987
1679
4261
232
502
1643
4407
1072
412
3521
975
4618
3539
4899
4230
553
4354
2146
4817
556
4404
2943
4010
1569
2651
802
3612
1888
609
1475
3769
4539
234
1001
1788
2789
3017
2296
20
3517
1740
1190
633
2653
3342
3474
382
1131
4747
4146
4222
400
1190
292
1557
213
900
4883
4789
726
3489
4172
4849
4196
3912
881
4696
4706
775
3264
1596
4295
3906
2281
1645
3874
2708
1879
3778
1881
2662
2784
4501
3432
1842
4121
981
2954
4827
1065
1430
2932
786
452
3437
4731
2308
3852
3311
2984
1198
3006
4543
4314
1038
800
4319
1452
405
2389
4913
2232
362
3523
112
2944
2751
3546
1717
3739
2206
4233
2997
4882
2515
2146
3196
3494
1221
2715
1186
284
4024
2122
442
38
3841
4005
2620
145
2795
3529
73
2326
3609
1948
1862
3703
3599
4766
567
777
461
4946
4104
2610
1801
466
273
1012
675
2662
1800
1190
1342
3092
4074
3530
2282
1120
2711
2709
1299
3847
4367
4277
792
4279
2245
4016
96
2558
2793
4568
1311
997
1919
330
3799
2644
4616
4963
1624
2935
810
3409
1987
3093
733
2781
3914
2502
726
2397
2096
608
508
3157
4036
1481
3183
450
2322
1651
4226
4660
783
2890
4879
623
858
4986
1274
2693
1073
886
189
678
3014
3636
1166
292
135
3329
3379
1901
317
1359
1492
4039
4105
1075
3077
1349
1946
4056
3497
3712
860
3152
2738
3175
2679
2412
2757
3608
312
719
4888
4218
222
2594
2594
3169
414
4252
4702
2614
1402
2614
4625
2467
3370
2478
605
1048
1207
2946
11
2917
82
4311
1814
4656
1575
4463
2180
4547
1077
1855
4118
58
1123
4825
2395
2746
4129
2789
4718
1252
1898
4517
2537
1173
2043
2901
1827
2631
2590
1137
3815
118
4340
1526
1625
4114
4204
4589
959
3978
465
3388
2186
4949
4674
234
1340
3711
4854
2489
675
4175
3255
4098
1356
449
3346
1456
3248
664
3872
183
3755
4653
2953
2078
2768
366
1027
41
671
3756
3420
1356
4050
686
2340
41
4232
4893
336
4194
3460
3975
1660
2667
3719
3145
1947
4220
2154
107
2516
4153
3736
3814
2634
1338
4800
4453
4927
2961
3047
4211
3126
921
4757
1881
3955
3058
3413
3183
3841
1207
3129
2557
3831
2066
4608
4736
1604
1073
4875
4800
3958
2376
2604
2003
1092
2940
4697
1811
3064
2837
80
4309
658
2910
3978
4425
3479
4612
4549
729
3164
822
3187
1768
3871
873
3105
1697
1788
2622
3952
2414
1359
494
2322
102
4249
2147
4943
4212
3547
4831
3738
346
464
1897
2624
4169
719
1177
3109
4961
2369
3613
36
950
881
3530
989
564
4741
842
3195
3244
4487
1120
4978
3634
1078
729
3164
3898
3988
3749
4550
3463
4374
642
1697
1261
3423
4709
4417
522
1712
3036
4993
1621
4257
480
4732
522
3460
4575
1560
3668
3051
790
2076
4261
1979
4429
1858
3640
2697
1560
4483
2366
3585
4325
3790
1396
2748
4211
1869
1810
1427
3685
2183
551
354
2057
3572
585
2062
1890
978
4173
654
2250
2967
2168
4743
909
491
4914
1626
2938
1566
1578
1294
2132
4209
1347
4310
3164
2654
2770
3028
2974
3769
1726
3838
2484
3465
3717
3483
2223
4086
1404
3725
4032
4643
2120
1208
4839
1691
4318
3060
3565
4144
2441
948
3790
4173
515
2407
4944
4718
3957
1602
4947
3477
2385
2132
2632
2210
3104
3494
2088
4988
3878
342
1479
4079
4033
451
2801
2040
142
1581
654
4145
2942
1384
3844
4238
937
3219
3694
1031
3040
3966
3214
808
1210
3726
977
2156
2343
4356
116
4945
3393
1211
627
2125
4388
1732
4034
2897
113
2001
1979
3712
124
1502
2475
4379
2395
673
4703
510
3334
1495
3923
1970
3090
3236
4554
3322
1471
3519
2415
498
4356
750
3175
2952
1804
4404
3806
2240
182
2498
62
2711
4791
2018
1103
1413
3052
3656
2701
2848
1239
2635
4652
3551
2930
3862
687
561
1031
2328
2792
1400
4282
3367
4646
469
330
4839
239
3389
3347
516
3253
4753
4705
2959
574
825
2467
2609
275
996
1142
4550
3975
2169
4494
1288
43
917
636
4306
789
854
3932
80
4482
4902
4657
1069
180
198
530
2088
1049
3087
1600
4487
760
2788
4892
4656
4712
3672
3409
2364
3595
4559
3517
753
3484
3233
3533
3162
4506
3442
4646
2239
3820
2164
4268
4519
1038
4731
3132
4952
2676
3080
1646
2100
2398
16
724
709
649
2710
3392
3594
1189
76
343
4096
270
721
4521
1592
3002
1146
2001
2445
381
863
3842
391
1394
1231
2065
2861
4988
4640
1561
3915
4549
54
3774
416
4242
4476
1663
4262
4794
4746
2713
2229
2202
1452
3105
2400
327
2273
1846
3304
3587
2024
1349
3629
2262
1179
1987
3465
838
2986
366
1255
348
2274
4200
1757
4979
2240
149
2795
1712
456
3103
4021
10
917
4637
1212
899
2269
2740
2524
3055
4029
4325
3407
4650
326
3202
1526
4370
4899
167
378
2750
4489
2751
2527
4224
3984
1419
867
2438
2225
1657
3752
3858
4363
1799
1283
3833
4153
4017
2788
4413
4560
3370
1499
3284
3804
3845
3163
1024
1495
1367
3032
202
2773
3052
1717
1334
1338
3222
3390
4999
4764
2195
1095
832
685
634
3254
4323
1818
3939
993
4985
1933
2998
1353
1159
3593
85
1753
3654
3046
2224
4473
4276
3372
3563
858
3326
1474
3602
938
2772
2222
3311
2133
3056
2428
1789
2313
478
1222
1047
1617
187
2912
3985
4537
1956
1954
1158
4439
990
1852
1119
700
2081
3314
1935
1073
2165
715
556
2973
2906
3478
1564
2173
1955
4469
2675
3372
800
3479
2003
1614
4165
4055
2951
2132
2080
1696
38
1381
1954
4366
3584
2082
3218
327
3954
422
3454
1544
928
1725
1224
2743
1095
3502
2324
4570
3192
4165
1030
4778
2004
3953
4097
1445
1374
2939
398
1782
2759
297
1155
2210
4224
1931
4935
984
3954
1596
999
4936
597
4456
3970
3401
2294
1817
1941
21
2230
3070
4249
1516
1403
1970
112
2971
1475
4994
4538
4493
2211
4631
2792
66
1348
2414
1656
1384
305
4603
4874
1275
101
4813
2715
1133
4523
4209
4667
4864
2195
3683
2147
1895
382
2702
4397
1848
3718
4925
1994
2819
1622
2558
2485
2468
2403
1068
1153
2868
3144
3553
3446
620
273
3801
3302
361
3614
1783
598
580
4241
1788
3270
4684
1791
4393
4445
3003
1987
3685
1241
4133
3827
2398
498
2097
4720
1895
3047
4995
4811
4950
3999
2481
3136
271
4863
2180
1048
2126
1485
1358
1583
4744
1308
990
3546
2788
1794
4834
1191
2600
47
1016
4167
57
203
890
544
3415
4638
311
1728
2787
2494
1618
2870
2422
423
3267
4696
3372
3351
352
2636
1853
1924
3259
1292
1075
1543
2822
1405
4111
3705
473
840
4739
1104
761
2402
909
1223
2206
3099
181
2568
671
2723
2139
3968
4281
88
3227
811
2411
1450
916
1146
2605
2609
2315
4977
1149
3212
4838
524
348
1280
3488
3239
2930
3602
2665
1086
3605
2194
3414
4969
972
4306
4671
1556
4529
1941
1590
147
973
809
2869
3815
4839
3722
691
3415
962
376
4417
2043
855
1450
2413
4433
1444
4586
1329
3226
4300
1782
1239
2374
3809
3380
3665
2655
2570
173
1018
1001
2795
1541
2918
3391
263
38
1830
3136
3240
3984
742
54
4125
1144
4928
875
3072
4784
3720
995
1203
319
483
1069
2758
953
3505
3472
1446
2499
3406
436
4081
1427
3498
1200
338
2988
912
989
2217
2695
859
3632
246
2085
1934
3948
1156
4873
2564
1805
908
3036
2794
3047
1749
4459
2331
204
4391
4528
754
2795
1257
580
397
1250
1261
1816
2941
445
1450
2020
3075
330
1061
4747
749
3039
3753
1926
1133
4731
2581
4804
3243
2229
3986
865
3979
4494
1118
4909
3872
4478
3053
3723
4124
371
1990
3349
3350
3
2077
1617
4024
4135
830
4347
3952
1101
1921
1919
2160
2356
3450
620
2680
3209
987
3555
3547
1482
2448
147
468
2615
23
2111
2143
880
4893
535
3131
816
1111
3125
2441
2346
2485
1568
2743
3735
3756
3473
4890
2923
1917
1659
612
1185
4759
2187
456
2934
2956
1318
2075
776
3975
1948
2549
936
2888
4032
2845
4500
1210
2908
3114
510
2606
758
2952
2372
3889
1469
3848
2697
4932
3805
7
4695
4577
1419
1696
3550
2185
1923
616
521
2158
3301
3064
3378
1012
4085
2138
2897
2911
739
4004
1266
4820
4944
2566
3933
212
4734
4714
3788
237
3293
2834
3126
4490
1793
4686
2933
1558
1936
1838
431
761
1900
2503
4529
2388
47
1498
2900
4624
592
1413
212
34
720
2425
748
603
563
707
817
3787
3482
4092
2915
4690
85
1741
3283
195
3801
1285
1999
1436
1044
3500
4218
1849
3922
1734
1031
637
3103
497
4825
2079
890
3340
4531
1069
653
2501
3578
4137
2812
795
2895
4043
2560
3187
2156
3597
862
4919
4855
3373
1167
1746
2638
1723
2913
457
1893
2529
717
3848
2675
4534
1595
4911
1939
1761
2654
1006
3631
3058
1797
4763
1591
3929
3543
646
4441
1297
4643
4949
2397
3744
1855
325
3574
3534
4505
1698
78
690
1693
3222
125
3392
1494
130
2408
620
667
3693
4499
270
1024
2523
3471
2879
1978
1160
4812
4543
1331
3138
2798
4990
4941
4531
1157
4413
3739
1126
4773
1134
1685
3332
21
698
4808
3042
2002
949
1003
278
4127
603
4070
2180
2720
585
2725
249
2445
2001
4223
4638
4764
3522
3310
653
4528
4759
1917
3688
1626
726
682
2478
2671
4810
4182
1427
3845
3406
3502
1323
4685
2195
1044
1465
4245
3289
2074
4455
1892
380
221
1363
534
1540
4331
284
4778
2738
2998
2950
2129
201
831
4603
280
4113
951
341
908
4252
14
1768
3215
3785
3815
1830
2894
3900
3532
2264
2541
4419
1111
1005
2689
895
4987
4212
2681
2154
3374
1632
3278
1035
2874
629
1748
711
4994
370
877
997
82
2890
4143
1494
3919
2276
105
4302
3444
3789
3567
4144
2781
3360
22
1637
4079
2007
419
2995
3174
2206
137
4495
2738
434
4328
3180
3834
1273
1114
3395
3784
1452
4700
2864
3001
432
1835
4246
3447
2889
198
4332
2734
1557
4641
2753
2186
4097
4688
3889
4457
4477
3107
3320
3287
4707
686
419
3972
4663
3733
2388
3504
2822
2167
1504
4628
251
2709
2372
4160
4887
2154
1576
3949
4682
3114
3104
3038
2521
503
1589
2069
396
1504
778
3995
3003
444
4072
4072
2724
3852
1405
3107
87
3486
2120
1813
3521
4804
1762
4296
4497
3115
3011
2285
2620
2388
394
4308
4681
374
1411
991
1039
297
233
1212
1454
11
4471
4066
3994
4334
222
4203
3197
4192
4011
1289
601
464
3841
3195
3065
2456
108
4788
126
1906
4584
1378
2353
3412
479
1311
573
2265
4190
634
2097
237
749
1788
3631
1120
2128
1333
952
2487
4922
3820
1085
2496
3903
3937
3261
992
4252
381
1734
1911
1537
2423
1532
4841
357
3130
4978
2755
3761
4037
1299
1771
845
474
3165
4420
3980
1366
3972
2945
4297
1588
4740
1542
1371
1526
3163
4260
3449
4252
4053
3821
3209
3505
77
779
4911
76
116
2198
1202
3209
1718
2672
1559
1621
2064
3418
3989
1379
4933
4111
1674
4922
4528
2844
3364
3916
4431
4291
4981
4082
3106
4266
1403
2278
3955
4852
2344
2085
3169
3290
2983
2258
3256
513
4868
3008
3654
2625
4261
4394
3150
936
1202
1080
1484
1543
3842
3147
4817
4462
3520
3606
4736
1333
4942
2756
83
4221
1730
4378
370
1655
1784
4147
2770
1795
1589
1919
2772
2033
4914
3096
2387
4549
2461
1722
3019
3377
2300
2973
1353
1456
1803
3757
2189
2275
2484
867
1884
2514
2555
2736
1121
3202
4672
2815
879
4838
4080
4580
4590
1688
837
2536
3815
4650
1619
2211
515
3168
4573
4267
2883
2395
3726
573
2673
4929
1382
1061
2311
558
3896
359
4913
2869
88
1281
4313
742
2251
3613
1652
2367
1166
380
1470
4551
2415
1608
3040
226
2418
3919
38
2030
2360
478
2979
1571
1273
1804
662
1671
129
2128
593
3226
3831
521
3619
589
2814
2548
4288
345
3444
4809
3493
3525
1082
1620
4146
2003
231
3925
1947
4433
2167
1065
298
3857
99
1332
629
1886
2424
731
1388
1015
3444
1050
4863
2993
4721
98
1416
988
1470
3436
1552
4154
3085
4705
4264
4705
1534
4274
3776
2277
3786
2100
4906
2943
3833
838
1377
4788
3066
4987
537
676
2515
4511
3864
4746
1959
2958
2102
1899
3667
705
3270
3863
4070
1965
3426
404
2291
1854
3301
1347
1555
3625
1679
1839
922
4404
77
1932
1727
3267
3841
3326
4350
1314
3425
2624
2939
4340
3553
1668
1189
2647
135
3516
117
2889
3166
1356
698
2912
646
1386
1295
4911
4155
3127
1041
1361
2466
3847
1512
4823
1506
92
1660
3879
186
1460
2974
1599
1437
897
3996
1799
3026
1420
2838
1879
4984
3180
448
968
978
3888
469
725
2807
676
30
3413
1754
1029
241
1284
1141
4964
1180
1270
2576
3219
3391
2473
1390
3094
3523
4849
3044
2747
3592
650
4379
3568
3120
1677
3897
3978
3477
4992
1766
3370
2098
1389
3624
2106
17
4986
3376
2743
3945
4908
568
4812
4930
2389
3468
2322
887
1165
2162
747
534
3733
1154
526
784
2929
2127
450
3823
210
2257
3128
1139
3843
4033
781
1913
1140
2603
1028
4984
3468
1332
4760
1373
4515
1039
4685
905
3911
2517
2521
3676
796
2254
2320
603
1800
4808
2830
2722
3776
2634
660
1519
4247
4849
2847
2138
861
2104
2033
1729
2392
3385
1528
1104
3669
2376
2236
2417
1123
4961
893
4286
3241
4452
4477
3140
4121
519
4642
4933
4680
3256
1396
4051
4400
920
4798
1589
356
3168
4072
4426
3883
4059
1267
316
1092
611
4409
2995
3112
635
3211
4715
2160
516
1100
940
1724
836
1194
1254
932
352
1157
4334
1232
3171
2529
3475
2512
2142
1413
162
669
1780
2040
1672
1871
3636
1510
636
3274
1999
3331
1730
2053
2911
4470
3704
3675
836
2041
3564
1529
161
4138
1060
386
1391
3526
2914
4357
1714
336
2171
1186
1321
1996
4203
3004
4442
2657
317
4048
4040
1000
917
96
171
2218
1567
525
4550
2239
4356
4571
779
455
2193
2612
4656
2880
1770
4843
4139
3884
2297
3165
830
3974
2736
2628
1284
3822
171
2078
3043
1227
3833
3900
4477
2179
4040
1482
4474
4550
4694
3750
3792
1785
833
2955
2194
902
1886
3743
3113
2531
4016
2497
2066
4484
3164
1632
362
2869
3889
3389
2319
4274
1601
2776
1411
3044
1697
789
1049
3693
4680
1910
4074
607
760
3164
3952
3050
2798
555
705
2503
126
509
929
1759
3948
2070
4337
4542
2665
1322
790
4096
1866
2019
2624
1527
2542
2493
3544
1090
1789
1527
3560
4538
3394
1916
2065
100
987
3695
2257
2636
4369
2990
4639
691
932
1968
2257
936
2780
1202
176
4497
3796
2741
1722
4440
3495
3715
388
3377
2196
2695
148
855
4465
2364
3933
4858
553
4360
4112
380
4485
4213
4067
2255
1214
1893
2636
4644
4910
2008
359
1734
3388
3982
780
2444
981
1605
1576
66
1511
1730
1193
238
1220
654
339
4398
4570
351
833
4393
381
3090
35
4174
2790
1413
507
1339
575
486
3330
4697
473
1827
903
1815
2737
4601
2756
1562
3366
2178
4641
1714
4374
3565
1951
3843
1826
3846
3514
3684
754
243
2382
751
2246
3107
2627
4262
4213
3382
2412
4817
1819
3670
2270
2668
985
4524
658
1673
2359
2004
4609
3262
481
53
1632
4241
2759
4543
800
4497
43
2458
869
2620
223
1763
1732
516
4867
4272
2377
3299
4004
2663
2330
2907
3038
62
604
2095
4110
3536
355
3460
2092
2874
1199
2868
4749
4334
2013
2448
1431
2274
1665
4267
986
1326
2160
90
3864
1048
357
1686
3604
4183
4731
1203
163
1426
4476
1896
900
3983
257
3095
3361
2930
4824
828
2959
419
3566
1439
204
3632
2569
3692
3366
4618
3300
4487
1054
3811
2716
2818
1920
3858
1651
1499
2487
130
4040
3763
1854
4298
1252
2010
1319
2097
988
45
406
4841
1126
1324
1418
4833
2878
3517
1034
3176
1928
4302
3045
4437
2452
1891
3640
3733
2866
1567
3859
1992
537
3526
3539
3467
1729
4695
4529
984
3556
3040
2074
4096
255
4403
3937
2067
2632
2959
4792
4264
1736
1381
2233
680
4974
4031
4243
58
423
3995
3290
4061
1592
2811
3668
30
1047
330
4349
2686
4609
326
3449
4567
4779
4496
3435
520
1672
2472
2571
102
4485
4463
3581
3479
3978
6
4638
423
2843
2005
862
2785
4618
3000
2691
2690
122
2414
1369
3534
1212
4614
1314
86
2105
1042
2070
1232
734
1854
3822
1967
3775
4901
2928
3170
1245
970
1951
3338
2812
3218
411
728
4602
897
3990
889
3297
1121
3658
3963
2238
918
679
1098
4612
2492
1231
795
3234
3123
3083
1694
3536
3507
259
3901
4238
1713
3768
4491
1155
243
4732
2487
910
4302
3945
4850
2597
3116
2473
4082
3549
4137
2333
4932
523
102
1025
1380
3760
1653
2905
4830
2856
4020
2800
1536
4528
3447
2551
1722
689
337
4220
4224
1131
2677
298
2719
3027
1604
800
4135
1954
4295
776
2920
1083
1820
979
2562
885
4865
4165
1670
3662
1482
260
2069
4165
3667
1639
978
2581
890
716
4879
4135
1111
4180
4608
3763
2153
1315
3428
4856
1396
3598
4800
3816
4481
739
1088
1224
2617
4963
894
241
2555
406
33
676
3302
2297
2664
3066
3823
3871
853
4684
1486
3046
3290
4836
1023
2155
3879
2467
4121
3007
157
3335
4894
4876
2725
2887
4432
3934
4458
3929
4465
2149
320
4902
109
3829
1712
2833
3708
1357
4889
3837
2078
1041
2469
1350
1035
437
3260
3643
1279
3259
1396
3042
852
3976
3682
1502
472
4349
1411
2317
3382
3549
2032
3288
1499
2003
4674
4381
638
1159
3583
1985
476
4194
4786
2916
1507
2306
4056
2020
3934
2766
2659
4957
4883
4741
1553
2256
3590
1034
4788
2964
3800
2694
4284
2612
1860
579
206
4872
759
4908
1378
3359
3554
3813
4571
2208
1447
2526
274
2757
3750
1221
1597
4390
4136
3715
1593
4976
4877
246
3329
2211
2040
3242
2913
4955
2186
2158
4216
3057
3649
2319
2075
2039
3773
3500
2752
4851
937
3910
4721
2352
3829
838
2958
466
2032
1790
146
3286
2302
3057
3840
3906
2187
2262
4210
1856
4608
4792
3339
461
2717
1889
2181
2394
4565
1784
16
2860
103
3733
275
4837
1673
1030
3418
2952
4104
105
3675
1730
4598
3556
173
3643
1403
1492
4311
4637
1859
2915
1311
4534
4056
2808
3230
3914
3129
3271
71
324
2128
2213
1275
3449
1353
3610
291
2797
2314
4371
4322
90
2534
4330
2838
709
2915
1297
1531
1233
4211
3309
4531
1582
3032
4981
3260
4493
1453
1845
4792
3141
2237
3622
4886
3486
2394
3885
952
4625
3364
4933
865
4088
2727
1865
2903
1114
2254
2024
4545
1376
4409
4246
3367
3516
2938
3665
258
4351
4550
1249
4728
2575
1494
4324
3649
4556
1255
4151
3319
94
236
2647
4188
3711
1171
2235
3168
3373
3024
3808
2
3265
2065
450
4719
1437
1521
523
586
766
395
3624
3251
2829
124
1443
1677
1467
17
3017
365
202
2130
4285
1988
2253
4446
3203
276
4276
3242
910
4363
3963
3493
2000
1921
3622
4250
3300
1784
2612
728
2085
2646
2240
4016
1114
4900
2759
351
1531
4973
199
3184
1577
1340
4143
2715
1976
104
1645
3220
4662
1884
1825
781
1774
3181
3459
1889
2763
1132
4262
4719
1145
2390
1657
2873
3342
1932
2812
2083
4889
607
3603
0
3442
4619
131
2869
4192
968
426
1776
3235
340
2850
467
32
3325
3366
2139
3748
3615
808
4627
2941
4654
3052
1568
2514
3856
4920
4160
3098
2588
4068
1035
2469
690
2581
35
4602
1445
1868
1778
4234
1245
4892
1904
1591
35
1630
814
3847
9
2934
2453
537
2209
1569
3682
3258
865
594
4066
1823
4750
4417
4659
1838
3584
1334
2515
3703
4857
1933
4571
651
3355
3596
175
198
1011
3254
3609
2268
1118
463
146
352
1440
3684
57
2752
298
4954
90
1839
4300
1674
1396
4113
1114
2328
4098
3165
4979
2606
4246
1932
2020
4152
3465
1847
1321
2018
325
332
2426
4905
3537
4567
3114
2224
138
4321
1651
3097
1036
4096
1899
396
385
3604
1890
4694
1649
2063
2951
1623
1940
1193
3658
1771
507
4519
3673
1544
3298
4908
4997
558
830
3729
1231
1315
4055
1069
694
4107
3521
2749
4555
4383
684
932
1799
3947
977
2699
4655
3972
2612
2734
3388
58
3041
238
1504
4187
4577
2775
3364
603
595
803
201
3593
2406
3869
4303
1806
3839
3573
3887
1206
2503
4864
362
3745
1827
2974
403
2723
919
143
1116
1478
3654
4815
4625
4864
127
3641
4750
4987
979
614
17
4111
189
1118
3382
2010
4721
3500
1019
933
398
1216
86
2224
2450
1216
4263
479
3284
271
4638
4835
2022
1600
2716
2188
2335
1195
909
4583
4370
4609
4734
2715
1752
2300
994
1187
835
1088
4925
955
468
1996
2565
3514
3720
2885
232
4111
3844
4731
1890
4403
2267
452
2654
3964
4519
1823
4133
3269
4778
4067
367
4217
4406
2861
4112
2488
1941
2745
2091
2847
1844
2151
3358
184
4873
188
1757
4467
830
3799
3031
4014
173
4209
4310
2777
1610
2349
4368
4534
3517
422
4949
2663
4038
4564
1962
534
3642
3288
3859
3082
332
49
2315
1615
3318
1190
1425
2119
4767
2049
806
3015
185
1584
627
1171
882
3034
2967
866
921
3780
1514
1169
785
4140
3380
1337
1356
3707
504
1516
4638
3696
3355
299
4627
971
4229
679
3833
167
4325
2433
4389
748
4240
2917
2164
3385
192
2556
1655
3332
4140
4243
2389
736
1045
2329
3903
3718
4589
4198
2615
4725
719
2832
73
1326
3397
2495
1430
3290
2905
3358
2894
1788
1094
2605
2466
1415
4533
1309
332
4544
956
1076
1751
1537
1442
2521
570
270
4725
3192
3763
3741
2339
2014
4569
2251
874
4483
46
1652
2653
182
3744
4707
1142
2187
354
3157
3312
4363
3789
4234
2269
1029
157
4185
4830
2152
571
3970
4254
3060
3866
250
3634
1870
3436
3950
2326
2707
1822
496
2668
1345
2683
725
3678
4690
2581
2727
477
4459
1161
3099
2030
3012
2384
3818
1986
1638
2136
4134
4487
70
1554
599
1909
3761
4215
2976
4742
222
1991
1538
1463
1105
262
2976
3956
1439
3925
3506
537
2160
693
4207
1725
1053
3971
4856
3313
753
454
3768
3356
1453
1610
4515
1298
1123
3195
392
431
301
4178
1361
3110
2675
373
3987
2156
3615
420
3661
1910
2618
2904
4091
2784
1180
3251
688
1690
56
2479
2972
3962
4094
216
3806
3418
3247
164
96
2281
2527
4541
2835
971
3375
3814
2317
4897
4580
4038
325
604
1067
508
4554
1431
4581
439
4173
2602
168
427
4622
536
2618
358
1879
2660
1700
3809
4794
3985
3257
3666
2291
1772
3815
2467
2431
2296
2581
326
1366
3173
2157
3474
212
3167
3972
3412
4022
4892
850
2664
2072
2465
909
3317
3652
133
2181
56
4714
4441
1928
3895
2177
2547
1507
836
4691
2243
1763
3010
965
752
3504
877
2207
4537
755
3150
34
4285
4097
1873
3468
4676
1318
1658
2532
2649
3836
3351
2065
2991
2188
2531
1760
4868
14
884
3736
4224
3626
3487
594
3393
2044
2053
4747
840
2394
3715
111
2628
1261
2053
343
4720
95
3122
3143
1366
4560
2823
4590
3265
68
516
226
2465
3404
2153
2735
1064
1285
3236
3563
1382
4808
2442
2602
1757
1166
1998
819
4668
4155
3541
3497
4390
2863
25
2159
4360
203
4779
1834
1980
4582
3334
4348
4482
2914
1608
25
4845
3110
315
1191
3344
3312
4644
1200
4477
1253
3519
4990
373
1810
3837
3776
3704
2188
1873
2879
4021
4306
3879
3997
3308
2511
434
4461
63
4784
338
38
4274
1593
3728
2726
3511
271
3888
641
4262
1745
511
3093
4419
3567
2561
3687
2646
1932
4328
377
2388
3977
708
4885
118
517
4486
2515
3625
1759
423
1533
138
2371
1538
950
4422
1856
88
1512
1686
1433
4231
3929
4259
3891
4791
1870
4811
229
4815
4550
3554
4283
983
2371
2132
1792
732
4425
126
3675
3010
3588
126
3594
1048
3753
1803
2883
3954
2201
301
3613
2503
2413
2601
4635
928
1611
1533
4021
245
2682
3693
4028
18
3077
1178
4424
2775
1220
758
3334
375
909
1160
2155
3191
2938
4273
2168
3484
3098
2463
2783
3089
1642
718
2605
4383
283
361
4332
3273
3105
3438
3379
1836
714
694
3843
1647
2624
4383
4451
3919
3809
592
4086
4236
4734
1212
942
4967
616
4069
175
2608
1181
2152
3366
3290
1545
1370
828
1914
2395
754
3520
1733
959
2432
1293
1556
2110
2814
445
3227
4985
4737
4029
584
825
3662
1040
2294
4943
3551
1048
4606
1449
379
4606
2110
2303
1708
4286
2316
4757
3627
4628
4385
4684
911
2325
2453
902
1860
3736
3124
1454
2138
3182
913
4969
3410
500
2618
1661
2241
2300
2555
4514
1983
3853
2816
4472
3539
2076
1730
2400
2833
8
2361
1507
2460
2314
3905
1601
1392
1674
4339
3619
2671
141
3704
986
4617
4515
1190
4308
2807
3281
733
2499
3415
1958
4758
4137
3592
2253
306
3646
4003
4262
4361
149
4794
2642
1048
4026
4764
1825
1706
1907
3953
3079
1699
460
798
3144
2434
4059
3705
3420
216
2125
4266
3322
290
1073
1174
2931
4842
1649
2254
1943
2528
4324
2855
3557
1250
462
2450
551
14
4209
997
579
1908
4254
3815
3640
2971
3888
2592
293
1858
1468
3609
4509
649
787
962
2459
4387
634
3792
4768
3566
1950
401
3790
3725
654
3761
4204
4135
1614
4735
1343
4746
4470
2326
458
1858
2880
2407
3542
4273
4719
2627
779
518
621
2060
3672
1229
2837
2201
236
542
875
3453
413
1201
4484
2589
3498
4606
1009
2319
4860
4504
4055
3129
3284
416
1322
326
4670
1681
4489
685
2119
2865
1534
927
2650
1497
3158
4587
1863
153
2265
4092
1119
1854
1268
294
4027
2324
3506
1832
3069
1875
4054
4645
598
246
1552
2540
2516
1167
838
1974
2260
1657
2082
4898
445
4233
1769
3222
1861
292
2130
4292
3052
3110
2758
4325
1497
1766
4437
3108
2850
2890
2858
1683
3858
4694
2067
907
2629
3760
3027
1176
4302
1452
1602
4805
2165
971
2271
318
1084
3418
1002
1235
3653
2291
4913
3391
892
2509
1825
2582
2751
4070
1215
4951
1058
1362
1136
3592
1277
3149
1899
4627
4627
1489
2520
3251
2993
4738
2412
1289
1656
1433
263
2514
3691
2175
4924
857
848
4544
3680
3028
2628
2139
4232
2976
3678
3482
2933
92
4192
2808
3673
3527
314
1700
2694
3984
4713
1331
2831
670
1001
2319
4084
3127
3196
4598
973
3653
3960
442
2779
955
3276
1348
3536
4748
2309
4678
211
226
2987
2482
3666
656
2209
3494
1828
741
2668
4319
2456
1359
630
4620
3253
2758
73
3945
1793
116
2553
3363
2627
399
1520
714
2241
2337
4893
4595
1072
4729
807
3659
2772
2475
2182
4788
2740
4097
615
3158
75
299
1440
2068
3398
4956
4264
3087
755
3508
586
75
2263
1961
3655
457
3855
4794
2610
992
1445
1749
1657
4147
2121
673
3801
1308
3836
4837
4744
177
3664
1796
3181
1783
4948
1435
4220
4346
831
404
2671
1594
3682
809
719
684
770
2220
1882
1193
3957
518
4423
1820
3525
2394
4003
4389
2686
4400
1771
4184
3815
1150
1591
1273
1925
1314
1157
2946
1349
787
3149
2500
4505
3924
4503
2304
642
1747
33
4151
2731
1861
277
2085
932
4542
1241
2144
3045
391
866
3396
4408
4879
3985
2757
3833
621
969
4998
2140
19
744
2265
4963
2121
3956
4465
4728
618
1876
2805
4427
872
513
4705
1939
3650
3438
204
2637
209
3326
2456
18
898
3523
204
332
244
38
2829
4839
4605
3193
4483
4567
657
2958
3934
2765
2695
2453
4322
2563
160
1174
2557
524
1648
1384
2821
4441
3165
1527
916
377
2158
511
1989
1766
3805
3116
678
1306
1086
3269
1935
1788
3316
489
4147
4877
3136
1245
3002
4797
2416
2438
217
98
135
4157
1188
1523
2065
4299
2700
1748
871
1946
3443
1846
128
4515
933
4560
4032
1366
4747
4657
4581
595
636
3565
3979
4385
4629
1847
3905
3707
935
595
2518
853
2444
2107
4292
3216
3630
3826
1600
1256
3768
4514
4394
1068
4312
4994
3331
2017
1978
815
4485
4114
1673
1948
452
716
1762
2992
3896
4504
4313
882
997
316
4357
4555
217
3517
40
4243
1781
37
368
1179
2068
4699
4669
3292
516
4478
4849
1865
1974
4350
2666
2157
3143
1621
4547
4263
3383
310
3451
1629
1942
4778
1736
4028
3946
3718
659
4930
3885
3583
3812
1889
277
2038
4106
2707
1517
227
2380
739
666
2723
4182
2282
2314
2051
2858
2402
1289
819
377
4327
4520
3490
3055
4032
563
4785
1436
1808
1963
4648
859
1453
899
3661
3010
345
3270
4801
1177
1564
2420
174
150
919
1947
399
4108
3517
3495
2412
2958
444
2812
3779
1817
4111
1516
3950
3341
81
1294
156
3826
2931
3968
3873
3532
3194
2353
3886
447
1458
3193
1141
1307
243
3125
3166
4137
985
3001
4475
683
2759
3114
1201
3420
3929
1962
2776
4980
659
3451
3206
3033
4274
3763
237
4473
49
4305
671
3359
3220
26
3835
3102
2193
3038
4335
2711
1689
4261
2379
1447
2987
4642
1928
903
2452
3864
504
669
1800
1203
710
523
3248
3743
1896
4746
2449
1187
2101
318
1801
3102
672
3665
3553
4918
3422
116
3576
3634
2323
122
313
1239
4744
3531
2765
4971
495
2227
4099
1963
3048
2441
2207
2457
3819
1816
4946
143
1661
4923
3184
1456
1458
1565
377
3166
614
1095
263
459
3697
172
4226
3302
272
3598
1989
2636
2020
4459
1828
1455
792
4618
534
2761
1100
1376
1738
45
4063
3762
3872
4516
2612
1908
3115
693
3586
4481
1825
473
2539
1680
2639
4223
503
4865
4212
1452
359
4462
191
565
2537
3928
2358
1266
4730
4797
3760
2224
2508
3387
3426
458
2321
2870
2717
634
4096
2433
1306
1850
3748
4887
2203
1754
1672
1086
2085
3444
1190
1133
4769
606
3584
2407
3266
3444
254
726
4556
4200
3445
3191
85
2558
1449
3480
4478
2810
4317
3725
1387
4553
3880
20
3324
2533
2641
357
4911
4674
4553
3496
2298
4613
2171
2106
679
2072
2628
3732
95
3086
1507
2499
2569
1002
2019
3137
1014
1318
4020
4931
2807
986
2781
1712
1418
88
1330
4593
3267
1656
3586
2896
3140
233
1402
1605
110
375
3722
1254
4204
1509
3265
65
2669
4604
2238
2882
4524
419
3152
1349
4161
3806
4662
3571
3536
1010
3490
306
4888
3355
3600
699
4072
3404
2235
3820
924
575
4927
2383
2188
4662
4159
2010
4813
4918
1286
245
1801
818
4751
2652
456
4981
980
1592
1413
1200
4279
3141
3725
3540
2605
2007
4989
2385
949
242
3460
2185
4487
3369
404
647
333
4136
4564
1435
725
4655
4530
1791
218
1310
4994
2971
4639
4600
1684
4401
2292
1730
1250
4798
1805
4037
319
2217
518
1483
1348
1586
1769
63
4524
4912
3449
3221
4601
3668
3167
1747
992
4548
3492
4860
349
4928
2848
4251
3302
1120
1483
3806
2379
2949
4116
1586
1172
2221
1350
552
2673
1318
4553
3415
1508
4033
167
4212
2892
3585
575
2277
3035
797
3888
1244
2010
138
250
2900
551
802
3357
551
2135
3558
539
2548
3436
2229
4232
3789
2138
3474
4222
4848
421
1486
511
3573
4321
438
532
556
4628
115
4862
2650
4079
1024
4140
3802
3757
1144
3953
1241
88
1475
4830
494
3337
2299
1593
4412
1004
4709
2139
1143
3758
2787
3375
355
103
4414
394
2607
947
3748
1924
820
2085
2395
1487
498
3017
94
584
2979
4405
4823
3963
516
1312
2906
2658
4454
48
2741
4861
727
3679
4769
4293
4279
738
433
3171
2506
1768
124
307
2795
1995
1171
553
116
4856
2258
213
329
379
3566
44
854
1125
4430
4141
1934
3774
2115
609
4698
3661
4673
1796
2202
2242
3698
4028
1952
4103
3708
1885
2338
4040
552
2098
330
4031
4647
882
1164
3160
4346
4315
3608
4929
4938
1250
86
2779
3206
1310
1291
1136
2766
165
4659
1387
4822
4492
2987
925
3992
635
2996
1690
1294
4825
304
3811
3523
1674
3033
4042
400
3195
2456
3103
2688
208
3022
3877
1391
2069
2738
1208
3217
3178
2422
1016
3454
2213
1937
254
3672
948
3667
4597
9
3848
2723
1949
4813
985
4214
1588
3659
3382
4799
1855
225
3361
4410
2442
2480
3006
545
1459
1565
476
72
4388
4151
1572
2894
3522
4649
2866
4510
4470
3091
3175
4680
2430
3322
1901
2849
630
2773
1957
3268
294
2
2431
1597
1718
3607
2743
4143
1629
850
2969
183
1551
1796
1110
2687
2218
4923
1573
3056
1333
3320
1955
2392
1188
667
4029
3011
4842
398
3379
1455
4802
4284
1117
1765
4464
1351
4821
394
4549
1550
2801
928
1234
4886
243
4801
3020
4251
814
2715
1704
4037
1790
1611
3934
1398
1651
1317
4889
4368
1811
4552
1999
1925
4373
4289
3315
2353
4436
4784
2276
2421
1069
4687
1361
2093
4230
4913
3553
3400
3537
2884
976
3782
4129
3583
2060
3906
1478
1680
1654
4524
4488
1210
1714
310
4678
909
4011
469
400
3321
1670
4428
1712
2666
4614
3043
216
1859
2311
356
2769
1859
3340
3560
2677
3778
4809
4464
1314
2662
1410
1933
3380
2401
2252
4499
1221
3652
308
1245
3002
4203
1872
806
3473
4119
178
2254
589
1938
3207
843
2133
3101
1097
1054
3843
2437
611
956
4928
1085
3052
1378
3078
725
3271
2006
3654
907
2910
866
4747
4438
2271
3507
4861
486
2327
3400
3475
339
3155
3131
67
760
950
3396
3920
2264
2940
3402
3981
1090
901
3103
4380
1611
3629
1133
1022
1508
4808
2727
429
2220
2331
3016
2583
2429
1029
2997
3668
719
3820
4849
1834
3180
1294
2830
42
1227
1851
1477
51
3638
2525
118
3222
424
1351
4669
2521
1249
3826
4807
4877
2963
2844
3832
4040
726
2199
3778
4258
4411
3501
2966
1693
4708
2942
2674
4608
2201
2259
3291
2216
1169
1652
503
2998
1287
973
2777
1197
4949
4518
1599
1054
1572
4885
2179
3084
2024
107
983
4333
3709
2750
3829
558
2110
3743
452
678
4192
4601
1729
1296
2755
3826
1356
3090
3365
541
2159
4758
1416
4795
4836
4840
1554
4050
2072
2437
2302
213
2574
782
86
4033
3589
3396
1585
4304
1702
411
2582
444
914
1181
4142
3446
1383
2229
2393
3637
134
2558
852
4544
137
1198
2607
4989
3327
3462
4024
675
471
4086
483
4997
3847
3803
1931
3514
4402
3542
4839
886
4279
3746
4659
3851
1748
3431
2402
184
4546
4380
3161
1484
1451
4605
2212
4426
3147
955
2134
3114
4719
1872
1673
365
2114
1716
406
813
1719
2626
4446
2709
3009
1995
540
4054
743
2521
4260
2640
4826
950
969
3436
4761
2875
4827
3726
431
3745
2201
2857
777
2970
188
3726
2415
1700
4729
14
2069
1684
2604
4398
759
3596
3519
3782
248
3441
2151
3304
4024
601
4266
174
3954
4680
4495
3244
45
3919
570
803
515
173
1608
2387
1177
908
2708
4774
2744
1727
1996
3865
1902
3656
4712
1947
12
476
4146
4062
745
572
1275
2971
3407
4904
1759
3014
2631
737
1620
72
2741
4106
4751
3740
3114
4634
3438
4856
3235
2146
1338
1599
1099
3378
735
3681
3482
4447
235
2598
2469
3266
4925
1174
3125
4954
1433
3474
2657
4169
253
1938
4634
3242
583
216
3852
913
150
1667
1714
1041
4136
403
622
26
2616
927
223
2522
495
4634
2391
2823
2972
2844
2387
4626
2565
902
3540
4221
1555
595
2581
1189
651
1773
777
2541
2279
4229
3626
3325
4127
4698
3256
2071
214
1531
2209
1682
540
4037
80
3734
2936
2226
3891
3337
3765
159
3878
2467
2426
437
3946
1943
4346
1741
839
894
3444
458
4403
3671
4118
767
1107
2169
1743
1683
1789
4516
2657
1421
4422
2007
1864
2540
3713
2876
1262
339
2056
2832
1934
1503
3348
4736
3468
3777
157
4185
4824
4676
1921
2847
1284
3255
303
3181
1416
877
866
4368
4881
3284
3618
241
4518
863
3131
4417
4137
1625
738
3654
1089
3606
1614
665
2584
895
1633
3948
1257
666
43
4304
1633
1362
3580
4730
1352
4442
1737
2061
2707
3887
3896
4736
422
811
4848
833
3867
1091
1744
1520
1614
4659
2523
1162
2061
2021
4528
4281
2971
3405
3454
4867
3458
2889
2573
278
1996
4820
3130
1342
2567
593
46
4396
1741
2276
1568
2033
2758
4968
2741
2531
4181
4764
3810
792
4378
2536
771
4774
1298
264
326
1354
4761
1981
2631
1644
1350
4876
4258
2547
4281
2829
1016
1838
3479
4037
4860
1912
686
3498
2489
3222
2563
1968
1198
858
1662
1029
2747
4883
31
3135
4450
2653
4785
3337
3866
3807
3178
3115
2735
2196
4397
4820
3037
4481
765
587
4925
1918
4380
3378
4894
2932
3143
2652
949
594
2449
4106
2180
2619
445
3416
3963
2503
2894
1436
2929
2555
1267
2790
40
4762
4640
151
277
3161
752
1283
2358
4494
571
4898
290
1452
3885
4603
1316
1075
2391
51
3763
3013
1795
2505
3983
743
948
4081
4027
832
4429
1515
3900
2581
4793
4226
3172
1684
1875
4593
1352
1822
3522
2166
2466
4676
2016
1810
614
2463
3860
2792
2983
496
1159
4975
808
984
2755
3953
1100
3977
2503
4190
3655
4363
3014
1131
1948
1993
1413
4529
2548
2833
4152
329
4420
446
78
3347
270
2484
1144
308
4298
4880
3346
4317
2161
3155
2277
2640
972
4410
1567
4218
2920
976
4879
1721
3167
232
1255
1201
1131
770
4163
3523
2838
2334
3503
3985
4171
2126
904
2067
2049
4072
2718
880
3833
3660
4406
3386
1637
3287
1548
4636
3070
2937
4271
2990
116
2343
2492
1148
921
4275
1291
4290
3748
803
3142
1536
1715
1823
1733
916
3904
4225
4920
4544
3249
791
2429
1736
2502
1899
2580
364
1838
820
2
1378
184
1310
248
3465
4699
4286
4149
611
463
44
4641
166
103
4695
4354
2390
417
1720
4496
2503
2542
3350
3839
3444
2452
675
4014
3151
2886
435
4394
1332
2563
2441
1538
3859
64
4234
4961
2265
4781
4362
3727
1443
4849
838
2828
2090
405
164
1672
1836
579
610
4056
3013
15
3539
3630
999
2826
874
2667
1849
2450
143
2153
3655
2422
560
4038
1686
620
4104
3268
2874
2483
148
3692
2444
2657
3153
3416
2041
4735
400
1613
129
2772
154
3954
3678
2610
4506
2317
2319
3044
3107
3127
1699
4277
3816
4698
172
3931
3301
449
1833
3919
855
1221
814
2222
1063
716
746
4360
2787
2122
3496
2261
1754
3321
3491
3579
3417
357
236
2151
3461
4921
4367
3788
838
4746
2466
3112
2104
1484
2920
2756
1639
2444
2009
533
2756
290
2454
127
2933
3256
2031
2088
1070
4508
3400
138
4292
2862
2792
788
3778
4711
1415
1972
3611
4191
3292
1987
976
1707
1700
2243
255
3820
4824
4654
2159
3151
3053
4327
3281
1025
380
3883
730
4744
358
3947
3636
1556
515
3545
4291
569
4932
2822
2603
1868
4329
3429
2841
537
3734
2996
2429
4625
841
517
3676
4609
4821
4074
3316
2279
1708
1683
2712
3235
1918
3082
1756
347
2923
457
4009
1622
1241
1136
3324
723
3642
1881
3648
4295
515
1062
4624
1429
2358
2074
41
4365
322
1078
4306
2130
3899
2858
811
567
3588
4983
2421
69
2401
641
1629
882
4439
2774
1276
4872
2760
1478
266
328
3961
4388
676
3247
1920
1770
4101
2851
4297
997
2038
2585
4744
715
3700
122
946
2292
3035
4954
4473
2350
509
1758
682
1938
2661
4538
3304
4971
2392
1345
793
3206
1437
2347
1452
2180
1048
1179
4339
2048
2703
1759
3652
2329
2889
3239
4585
3352
4733
4906
873
1688
4164
4453
378
1864
2456
3341
11
3834
1579
2063
4577
1103
2121
382
3701
4276
3898
2014
2064
1889
2066
2255
4540
4668
1291
477
2279
1268
2062
509
4084
598
4568
1210
557
2114
1552
1661
4843
1254
493
2482
3189
4325
754
2003
67
1997
752
3969
4836
3501
979
4782
2187
28
2400
680
3437
4491
1948
4251
3088
752
1770
4288
3932
372
1253
4519
1213
1231
223
413
3348
4082
2175
69
384
2725
4045
1468
2164
3871
4989
3517
909
3754
4513
2090
2511
343
883
3779
2964
4277
3145
3052
136
4570
4149
1257
4162
4161
1858
3062
3447
1364
2892
2779
4521
3840
3489
4278
3288
2089
3754
1544
2412
3190
4252
1535
4337
4062
1855
2087
508
1261
204
2725
4860
4085
588
249
1075
3027
719
2944
967
3291
4231
893
365
275
3506
3241
3815
4175
48
1349
240
2276
187
3580
2165
4418
675
3114
3905
1651
3779
3053
3581
3974
1132
164
1705
4353
4444
1139
2494
1685
610
129
4535
839
1321
1951
2226
4169
2321
4010
1344
1072
1277
3139
833
1272
866
4987
4812
4115
1527
1195
474
1887
4151
3679
1049
1164
3688
3931
2058
1129
1371
4
4852
2853
997
4880
1246
624
4926
1037
1336
79
4647
972
2512
1
3843
1612
3073
2089
3673
2959
1833
3937
1928
3440
3608
4828
1294
619
2880
4989
1531
2023
4505
1719
2793
1223
4134
73
1502
1131
3904
4809
266
1563
902
3230
675
3141
3265
4823
3497
1591
1685
3875
4697
2429
3931
1235
4288
4359
4280
681
1664
2384
3410
4833
390
1062
1912
538
2097
162
2426
1700
4331
2215
19
2033
1869
609
4364
2086
1923
4052
2718
1970
3563
3397
3341
1753
233
2890
3407
2581
4024
3174
188
3068
2845
2762
4676
4094
2919
3101
4114
3638
2183
3530
544
3000
369
3659
1709
3866
2816
1243
565
1573
716
4837
4729
683
2269
2909
4024
2767
3359
4603
3830
3435
4438
4208
195
657
1015
1079
1088
1148
775
4509
4622
2779
3867
351
1846
2086
2209
2851
1346
3946
3645
2434
3698
132
543
3043
2124
4770
93
4132
429
4669
4631
4943
4122
3560
587
2036
4243
3487
3571
4529
1056
3455
778
219
2155
4607
3024
2046
4573
1019
3954
3835
2716
3206
924
1465
1053
1096
2332
798
179
1800
3461
2335
778
4092
1465
3437
1338
4233
2384
1969
461
1225
1212
2218
4005
3265
4032
1475
4993
2419
1580
884
114
2901
4377
1357
786
2073
573
4046
2340
3446
593
3793
1201
3905
4158
398
3741
2864
2105
209
4684
67
2901
3726
1018
421
1891
2474
670
494
66
3851
4406
1421
4167
1300
1478
1338
4326
3534
3372
3763
2578
4869
3576
2496
1888
141
2678
1774
4565
3267
2291
3476
324
4984
1161
1534
3537
3591
1945
1273
2017
4394
2743
1181
3492
4930
4787
1578
4345
3423
145
3868
197
2426
3002
1219
4057
3843
1720
4011
2339
121
4635
4588
1771
3897
1627
3881
10
3606
4447
1450
4296
2418
3602
3119
2981
1122
928
2198
1939
3048
2567
3810
1315
2348
0
3890
3966
2322
3702
4088
659
291
4849
933
564
3891
2504
3426
2154
3402
4037
4790
1457
1931
2932
2814
3857
4391
4539
4866
4596
3215
4294
4420
4118
2793
1978
1059
4336
2136
4070
4842
1478
3296
4509
3502
4487
3756
1424
3751
879
2316
1721
783
3336
3079
3487
1442
3340
1718
2995
1447
2967
3718
1301
2258
2534
754
4915
3928
2677
1210
875
1904
4615
436
660
3890
2453
4959
2940
1800
4237
1137
3279
3386
3815
3394
3565
1845
2484
61
1
1580
3834
2167
4548
3117
3246
3532
1444
1102
278
297
717
1367
1791
3739
160
1648
1306
1309
2268
3863
2276
1230
1969
2248
4455
4855
1635
1649
117
3722
3253
4009
4011
89
3242
147
2869
4796
2739
3583
534
960
3890
4931
1186
2764
1306
3057
4946
866
2404
4548
4197
2984
2032
3084
1665
912
3300
2219
2817
2839
144
1415
647
712
400
2859
3788
242
1037
4774
582
4970
1567
3314
1279
4725
2984
4424
2607
1863
4516
1267
1860
592
3196
4884
2156
1468
1781
4118
537
616
2070
404
4519
4929
2589
1989
1091
2383
2612
2548
2943
479
4072
1556
4842
4332
1943
1018
1901
275
3038
91
834
3424
920
3278
3992
1708
1558
3042
2238
3687
2368
58
1354
4890
3998
2019
54
1626
949
2123
3372
2643
3970
4737
3513
3891
3962
2564
4203
353
4720
3110
3799
3927
4174
2385
2211
4500
3032
4526
463
3119
3739
36
4096
4497
4700
1163
1378
1640
3695
1941
3811
2591
2823
500
949
2033
4620
2148
2898
570
4519
3394
3436
2904
918
4592
1257
794
3357
3886
4568
4945
360
1902
3366
2121
2160
1869
709
2875
3428
1981
2730
3826
826
4882
4766
4288
165
3045
3537
1753
3352
4874
612
3758
2432
2682
4336
2457
3240
20
159
4172
1897
56
2068
3606
2359
70
1623
4604
3270
2755
4867
1968
335
3259
4901
1950
3220
4521
4088
390
4038
909
836
1482
2611
1120
1500
767
633
4318
4503
1988
2376
699
2749
4756
2391
1664
2839
4259
311
1330
350
1333
333
587
4492
1302
895
2628
188
1400
1907
4925
4949
4929
3401
3738
4419
3075
2804
4949
981
2638
459
2237
1173
4165
3020
1414
2781
3554
281
4067
3451
263
2121
2169
3348
881
1996
4639
4430
3505
2938
3202
881
4248
3666
3602
2294
3079
1726
3388
330
2952
1921
1325
205
3103
167
882
3884
113
3556
4165
1220
4385
1950
4154
3403
4081
4856
4697
1985
4306
3941
4809
3597
3336
454
3402
4349
4295
3519
3868
1186
1818
3199
3345
2484
3021
4294
2499
2113
947
4469
1542
150
528
4534
1610
4802
2111
4806
3398
3457
4235
49
2702
3310
1874
448
1832
1834
1010
2644
4348
1569
948
3098
195
1619
3426
514
2546
3812
3573
4756
177
470
383
1021
64
2858
2011
1179
394
1755
4329
3750
515
4879
3286
2434
603
2980
910
100
3190
2322
2967
2188
1971
866
1294
1403
4469
3982
1924
4840
313
2262
3932
3043
2617
4625
1708
1844
3795
4213
2501
4616
4112
659
347
2843
2520
186
1007
2504
1212
1390
4797
1415
4897
138
4912
2950
1161
1427
2455
4555
2779
2839
3530
3712
3973
2148
2257
3636
3604
1002
151
3764
4752
1302
1131
953
4496
597
612
3239
3967
1039
226
1129
3948
4533
3803
2212
3699
3358
3564
3832
4762
4781
3730
926
264
1900
2739
4306
4338
3009
4114
1700
4976
4694
879
2412
4147
3628
2772
1261
928
2487
3034
4158
1310
3103
4711
920
1798
818
2854
1848
1031
481
2164
1354
2251
4902
521
749
4007
4816
2403
4554
86
1985
4348
309
1020
1340
4162
1758
3253
2889
2794
3928
4346
4316
240
203
3766
2487
1874
2590
1648
360
4635
1531
2258
4530
2029
3553
2624
2392
13
4782
895
3898
3376
2006
4249
3545
2769
693
180
4609
2821
3391
3612
3768
881
2052
1299
3814
527
3014
3413
770
815
1400
905
3930
4740
1416
3901
3404
1190
1210
1989
596
3959
795
127
4707
286
2041
1548
1028
4199
3406
372
2736
981
1808
4797
3550
2540
2476
3689
67
4394
1636
4934
3488
1413
3275
1776
1201
4453
2326
894
4385
1603
204
4649
3132
1501
2870
3531
3980
980
2236
1390
3225
2500
3315
2417
4744
4154
944
4030
2931
16
4394
129
3406
2448
4250
252
2579
1966
2166
3177
4520
701
634
3454
4087
639
790
1374
3204
3548
2334
2293
435
4376
384
1152
3746
4773
4314
3113
877
1049
4161
3402
4018
1793
1100
2795
559
3122
766
1092
1135
4438
1415
4968
2242
810
909
715
1354
49
4986
1619
4087
4122
3610
3090
1756
4883
4491
4479
4761
3053
459
2886
4414
1753
3697
1016
2262
3258
2074
689
661
436
166
3475
3386
889
2118
292
4315
1290
1563
2135
1867
4851
4469
2679
153
1793
2630
1652
3317
4663
699
4547
835
1349
3733
3084
2254
2915
2865
628
3740
4915
4414
1373
1076
1786
1491
2285
312
2988
568
4730
4706
470
4212
2476
254
1648
1620
3437
3900
666
4024
4160
1590
1404
3296
1654
4465
2889
2419
2901
1761
4633
980
1897
205
4225
1439
2244
3633
3929
830
2751
3798
1856
832
3355
2841
1162
72
1852
1990
2577
3835
2754
1775
3945
4282
743
1051
3906
4489
4822
437
3670
4633
2758
4354
1800
2378
2620
4365
3600
4482
3161
3954
4043
248
2631
2216
559
4679
1370
931
4928
4053
1538
3586
1871
3336
170
4384
1928
2908
267
787
4330
4128
4055
1749
37
3104
2438
2930
4446
2329
990
1184
755
1738
4737
952
4995
2784
3150
1318
4940
841
4468
3400
4064
2472
2407
1292
4498
1208
3067
3990
3936
903
2639
265
3237
3060
408
4107
1160
2262
129
2221
2716
1239
2521
2354
1295
3783
4313
143
4151
3541
1531
4756
2739
4699
3439
214
3950
2815
4512
4699
3728
4384
1948
1398
2869
4599
157
2070
177
1723
3416
1727
2448
3576
1573
4472
1615
3686
3353
249
1362
239
1270
833
1631
1627
4300
1902
1303
518
3135
500
1629
2706
2629
2854
546
421
1889
2484
772
3352
2382
4094
3248
414
1343
4343
3041
3294
4253
1480
3526
1410
3608
4646
3010
2358
1369
3329
388
618
1161
4678
33
1236
432
2913
844
3509
964
4763
2634
1413
2658
1635
4354
2274
4079
708
2406
2818
28
3033
1171
4320
368
1505
4262
4475
901
3008
1263
2797
4354
2861
723
1823
3088
4464
2201
3400
1550
1748
769
4966
388
1510
252
3591
4138
3361
289
4030
4767
702
4629
3554
2876
3576
4421
4055
404
1293
1054
2843
3179
3605
4605
3663
708
1494
2841
1217
2826
4
1589
4384
4482
4565
3102
3555
3932
3551
2823
3100
2530
3477
1063
1334
4191
617
574
3223
2104
4748
4594
3345
4849
1256
3567
4862
4269
1658
2610
3493
879
3213
4334
4320
3884
4565
4907
4064
2175
2866
4723
1260
2548
3887
4336
4614
3111
996
3280
810
660
2305
3662
95
150
4241
4838
271
535
1405
2164
729
23
2087
2341
2629
2937
767
2056
2729
1221
2872
576
3698
3361
230
4741
4598
4473
1128
1680
2264
2071
3965
124
3886
1843
1488
1498
1602
1848
4708
3462
2899
795
3557
2841
3621
4604
3034
1124
2403
2551
2834
612
1208
589
3651
4629
1744
3730
1603
3944
3317
3299
4877
1625
2324
4937
862
3560
1781
2462
1944
4105
1943
3611
4837
1412
1088
1387
3107
186
2621
4941
370
4710
802
2617
209
4381
3466
1250
55
2065
3435
3686
3712
1760
3815
1660
3410
2179
733
4220
622
3903
1359
4759
1173
1577
3261
2519
4975
318
3216
1791
2076
4855
2910
1295
1512
3807
4612
3575
4059
1192
948
1309
4632
4847
2523
3054
2322
4338
3860
4300
3632
3495
1688
2617
754
3302
644
4088
3037
1481
1209
2751
328
918
1403
1935
3084
4264
328
2683
1564
2580
3374
1444
3347
4241
1129
1780
1733
3658
1600
3289
535
910
3393
396
2732
3988
3387
1121
1850
2995
1287
1090
4197
512
3880
4480
2360
3270
1331
1254
4056
4968
1660
386
3303
894
3343
1444
526
4739
894
3793
1347
3209
4407
673
1128
3007
1410
1921
2299
2244
4790
59
4367
514
2893
760
3255
602
2616
875
678
3132
2028
1020
1597
4832
2762
1811
248
2894
4377
1731
3226
523
2318
4129
3004
4017
4642
2264
362
1674
4040
4853
4596
2389
2594
355
158
1005
3812
4835
4252
1637
2700
4732
1232
4584
2319
4874
4023
4325
2520
3497
2785
1594
2625
872
254
3000
3813
3456
3895
855
963
3243
1824
2397
1397
2709
4054
3239
3163
1882
2982
1014
1177
4129
4315
1361
1235
4907
98
4822
2286
647
1020
4882
3765
1975
3555
578
501
4827
1629
4117
3236
2749
1464
930
951
4961
4402
3172
4881
2030
4942
4155
1574
4268
1650
2006
1283
1957
3346
990
2403
3609
4718
602
984
3662
1521
4382
3736
2452
138
2303
1198
1700
3045
4404
864
3867
263
1566
933
86
3766
4313
866
2744
4952
88
118
4706
846
2592
4890
618
181
732
1596
4417
2725
346
1793
459
2830
4346
4413
4847
943
2029
559
2098
306
1917
45
697
4477
1024
1819
3280
2562
4920
1736
976
455
1890
126
3066
458
4376
4909
1770
4720
3993
776
4010
4413
1182
3752
887
715
1564
4752
120
4090
2004
1677
3822
4438
2148
2066
490
1406
2827
4908
1183
2431
3939
2390
2901
746
203
2266
4244
2594
2661
3527
562
2784
2890
3749
3201
4999
365
109
4759
3624
446
4894
4986
3429
2721
478
2986
95
2610
4216
2448
4828
857
4135
2499
985
4830
4185
2303
3060
3333
1846
2954
3839
726
1309
244
4931
2171
1426
505
4988
4219
4260
3662
2775
331
1470
2851
1208
2758
2503
3692
3413
149
3352
36
3949
2305
1609
3989
2006
937
3746
1952
2222
3410
2195
4639
4522
672
2055
4111
3187
254
4890
4324
314
4563
2242
2940
3151
255
1175
4996
1297
4808
1273
701
19
1085
4080
4646
2848
1465
2080
3266
1735
3003
1043
2685
3620
4639
4004
731
1201
1479
4352
633
830
2216
127
2322
1542
2535
4987
3383
463
892
2705
3758
979
1269
1473
3987
2191
3394
1448
2522
2762
2907
2378
4834
3221
1797
4918
4950
1415
129
4912
4444
2763
4315
1584
4063
4007
3449
1669
864
2318
4831
3978
3081
440
1420
3575
2420
3779
2510
3149
468
1738
4200
2464
2708
4383
3618
3163
4702
2538
202
4954
1881
285
3555
4572
482
3529
2821
4313
1503
4467
86
1096
2609
1920
1524
3517
2307
1972
2453
3097
190
2115
1345
714
1076
3178
4069
1209
2
3547
2822
4213
1494
3625
4497
272
3172
3627
4469
4415
1424
821
2583
1254
1979
1094
3419
267
4764
3258
2524
663
77
354
41
1670
394
1644
3651
683
3266
1389
4799
2524
3224
713
4033
343
926
2030
1868
4023
552
3047
854
1060
2431
378
3799
1050
1869
195
2268
4927
4864
2112
1939
3950
4771
3789
1587
710
3998
3734
4081
3405
305
2294
1819
2560
2494
4595
2046
1999
970
3207
3359
2376
3092
1730
1233
1753
563
3484
799
4541
1122
1749
2127
1812
1024
2701
2835
3574
3802
2034
4977
2661
3224
1459
1801
1402
1134
2367
1182
1540
2752
4037
572
182
2259
760
4609
1417
4098
1386
2763
4016
1770
2438
2708
29
651
3115
3180
2850
949
4694
4480
1234
2008
1695
4621
300
3486
4420
4629
1133
2199
1228
3393
209
3576
1231
455
1031
831
200
4727
3121
4653
2004
2674
3032
562
1912
2093
3366
703
1066
2559
1520
393
1327
1834
2053
2100
2658
4320
424
3626
3339
3629
3923
2661
2993
4556
3307
2444
3739
2249
1505
415
2817
2810
2692
2575
188
858
1865
3905
4856
652
2723
3007
1835
2000
4569
2598
692
1153
4699
3726
4611
3689
1900
803
3500
4451
2164
3681
1412
726
4780
3681
4528
3894
2642
4032
1039
3386
3192
4741
1924
1918
4978
4206
3663
1439
2149
2605
1688
2854
2926
507
230
1587
1127
102
2973
1445
854
4253
3588
527
3377
2971
264
3016
1443
4942
4753
1251
189
3283
4926
1827
2625
4428
4818
3039
4393
67
4194
4801
1164
1646
1062
2515
1051
3768
1189
1368
1872
3392
348
1471
3524
4976
2817
1036
2235
3311
4071
2419
1635
262
3138
4523
202
2777
4676
1117
1179
1964
3724
1324
4777
202
2957
3696
282
1847
3616
3545
1172
745
3071
3135
4367
4093
491
3508
1386
4891
1118
1054
4492
1118
275
3875
2209
3133
3875
2552
4414
1256
1785
3637
4727
3621
4267
4585
1625
1065
2128
1308
3443
4287
1788
4896
3155
3561
3079
871
4625
1027
3877
1182
3833
768
107
1198
2189
2673
2061
1523
3353
2811
1664
4873
1208
4
3810
4091
1328
2611
139
4832
958
819
2695
1092
3934
4362
2979
212
2946
550
852
2382
2247
3664
346
3298
3236
1202
1690
4978
1070
1872
1736
3645
2351
1152
2860
4214
2195
3924
3985
2165
1131
1379
1011
4398
169
36
4717
3414
1831
1656
3920
2553
3933
4335
4644
3146
1049
1127
452
1461
2741
4066
915
3639
3542
1416
4337
1727
2006
2435
3866
3954
1506
3735
1272
4805
4182
3403
1705
1999
1198
2564
2080
3401
555
3449
4712
4032
4301
1888
2711
3171
4691
4647
1710
2953
2062
4684
1588
1915
2291
2538
3103
4548
4541
4559
3536
759
4854
3452
3293
3324
191
4422
275
3632
3958
97
160
3724
4692
3611
765
4573
2603
1151
2856
1516
4514
4523
13
4039
2536
3701
941
543
2490
2414
953
566
3447
4384
1458
1844
1898
2231
4693
800
831
1676
4876
1576
2405
1526
1496
4962
2609
4337
258
2922
2017
2525
4731
3690
497
2035
3302
3482
3431
4812
2571
959
1092
1765
1617
1275
4258
2602
3039
2245
4452
861
3162
4260
2470
1544
2764
1466
663
279
1674
2992
4276
164
1256
664
2451
1785
3201
2553
1013
192
4327
792
3242
2055
2221
71
3782
2055
2004
2780
3478
4823
1328
4987
517
3288
3788
4634
489
0
2754
532
3622
2716
1522
3875
1506
2184
2101
1976
4621
4998
2027
1605
4723
2831
4715
1346
4196
2171
3278
4890
1950
2161
3474
101
2543
480
2919
665
64
331
3625
1067
1642
3905
1366
4625
4350
1273
7
4410
1526
1394
788
552
2097
453
4342
4256
2660
1289
740
3111
70
4427
60
4893
195
3122
3068
287
2682
2507
3449
61
2322
3309
1802
4560
417
174
2429
4972
70
4153
1642
261
4267
2931
3811
2008
307
356
3405
2532
4849
3842
239
2040
756
2830
174
1533
2632
4817
9
1328
4137
369
1718
458
2696
4057
1994
850
4398
1188
1254
3209
915
3400
1135
1321
124
1947
4068
4682
3825
3967
2638
3717
3837
4095
1398
4861
2582
2034
1789
3591
2496
4728
915
4307
2499
506
866
3736
4559
166
3097
3625
2682
3108
2592
4881
1284
2104
1878
2547
2784
3476
3741
1792
2899
1153
3570
2543
4305
1980
2596
2446
1088
1949
4777
3377
1311
4869
994
1149
1529
4312
920
1309
2705
703
1374
2054
271
1065
4492
2617
3656
562
1928
3464
3589
513
1876
720
4029
3051
4120
1575
2700
986
1318
1087
4192
469
960
737
3639
3795
3863
4514
671
913
2148
2838
1407
1246
1067
4182
350
1512
2381
4778
4364
1604
809
1424
3118
218
3020
4316
2277
2948
2660
4358
4698
577
2253
1947
525
1582
3042
3835
1608
159
3940
2693
2749
1416
3929
1492
4856
3488
4138
37
1437
1989
1888
1337
106
4418
4160
773
137
950
2178
2244
3148
727
845
3741
4909
1079
529
3671
4733
4639
2199
2018
207
4441
1549
234
2040
2080
3034
1596
489
4872
132
3237
1007
4096
2417
4937
2574
1483
3761
3118
4184
1339
2170
4646
3690
1695
939
1658
2033
2396
1302
601
1786
1303
3299
4760
399
2198
85
2132
4671
2612
1445
392
653
1106
2241
3826
1345
3739
1477
1914
3507
445
2896
2838
299
4080
4505
4794
2374
2640
1919
1133
487
2664
819
194
1844
2942
2697
4305
1676
1344
1902
3395
4066
3039
458
3131
2224
955
4359
71
759
975
1387
518
1380
4395
1874
896
1836
2977
2294
953
2467
4518
599
4659
1826
1168
720
4374
4648
409
4090
4608
3196
784
3656
19
515
2398
4499
2527
3403
1013
1777
1
431
4581
1119
3876
3075
3432
1175
4395
1485
4345
1912
132
1481
4009
1026
4048
646
2990
3625
1472
4353
131
4742
1639
4458
4007
1718
1973
2972
636
2909
1805
3915
14
2458
1943
3359
1365
129
3304
1821
2991
2560
4093
3673
4496
1186
2193
3229
803
1300
2155
3434
926
1635
1615
1374
945
3413
3782
4424
4629
2989
3099
164
1738
3656
4837
1437
3128
4872
1994
1947
2489
119
3776
141
4487
2829
3571
4592
782
771
3717
1654
3360
3680
956
1187
3034
2045
2655
3440
1146
301
3894
1905
516
2623
3659
3034
1057
2809
1759
704
787
3008
2040
1806
1655
1000
919
2673
4286
2439
0
312
1341
76
2551
4351
3546
3311
890
956
1456
1425
3580
157
1281
4626
3306
1296
2165
121
301
3768
2342
4229
3792
3844
2564
30
4432
1488
1711
1648
4353
3903
2245
662
3241
1141
2767
1284
221
469
1051
2584
3850
1613
2420
2158
1892
331
1558
3200
3374
4275
1871
2884
2706
2369
3678
912
89
2837
472
2740
515
3599
1069
3022
2817
1378
4269
1493
2764
1502
4263
4096
4989
1292
3093
3961
117
2864
4557
728
4540
616
1241
4787
2490
4805
629
4834
3051
2101
1958
4197
3508
4492
465
471
1503
4623
3905
4480
195
775
3944
3799
4901
3007
588
3540
2654
2340
1723
1929
2730
2050
840
60
2376
4776
733
4449
2260
3055
3945
2315
1710
549
1301
1695
1119
998
870
2704
3114
4264
2681
2517
442
4297
4421
4768
845
1492
796
2931
1630
429
2631
2049
780
3409
3346
3983
1419
1647
4147
105
268
3965
2404
2451
3669
1420
1223
2667
2107
596
1952
1389
2347
3661
3693
194
225
3510
3090
2764
2227
3172
4063
1124
4046
1631
1010
2212
4562
2775
1815
1314
3722
4654
108
4156
97
274
4087
805
464
3289
4181
2760
2815
96
2546
1512
3266
2228
3511
4789
3301
2894
4939
4054
4534
3349
536
1203
2085
1566
882
855
4554
586
3965
3717
827
3884
2775
1867
565
4050
2363
374
502
3602
3713
951
1966
1241
4998
2021
921
931
3633
1502
572
1641
182
4791
170
3987
4319
608
4367
73
4265
4266
476
851
1994
2744
2586
4200
2727
62
2894
2090
1709
3602
354
2770
2057
3419
2064
3349
4173
1921
3305
382
1931
716
4432
883
3490
4041
1316
678
1981
61
3422
835
1756
991
3406
3475
559
1432
4894
2447
3309
1585
4282
1751
2311
71
3817
3094
311
1442
3590
2126
3347
3703
4017
3024
1440
393
1384
2910
4561
1570
3376
3482
3890
3980
3958
3284
1503
2022
2124
0
817
3148
1725
1742
2396
2343
4971
3145
4052
1624
1447
4409
43
2408
3971
1530
3884
2489
1942
4362
3491
2884
1742
1034
226
4429
2228
4821
4911
4355
3243
3544
1896
787
3420
40
2710
3234
4588
680
272
629
2638
286
825
862
2164
3158
2375
4262
4160
2986
1237
3426
686
3790
4179
4069
2996
26
970
675
3512
2919
2295
1338
1743
3036
1734
80
3450
1932
4038
2707
2037
4558
1724
3916
1217
1814
2440
4794
646
879
2134
1462
1481
86
2739
4539
2408
1573
4341
1167
862
964
4360
2637
4223
1032
3157
2243
4816
895
2297
3871
113
3578
1877
375
3325
3210
2902
4080
578
2426
4809
2766
4153
4027
4436
3438
3859
4249
2899
832
205
918
2021
4903
3164
4983
184
892
285
2183
4005
541
3552
3818
67
2132
2829
91
925
3442
2225
884
1315
4926
3570
2438
3966
1887
1113
974
3765
4233
2354
2931
3910
1451
3689
4641
4314
2492
3238
172
2516
3058
2588
169
1366
3134
1719
3803
405
1690
711
3726
4825
4006
443
1398
3901
1309
1732
922
54
1432
1977
3095
3169
1953
714
626
4056
452
1728
2073
1713
826
122
4892
3457
2790
338
3566
4623
4828
3616
3508
3205
2338
477
4751
3644
2797
1075
2238
4677
2627
2908
1542
1621
2768
1765
4793
1772
3943
2454
3704
1033
1269
3587
1199
3185
1906
1990
3604
3668
3505
2788
1357
3650
659
4486
2635
3070
2757
3388
2576
3348
1544
3063
3263
958
4487
2829
1659
1320
4074
843
1748
323
4478
4038
3855
3666
3806
4235
2839
558
3420
4430
1522
1189
3607
4682
2827
3086
3739
2225
770
20
3764
3859
1025
4841
2210
3974
189
1767
2912
1021
78
1931
4247
4720
3882
3173
4819
2373
3847
3513
3957
322
2264
2838
1446
1449
1583
1651
423
3473
4492
4785
2847
1186
96
4161
2722
3785
3429
2700
714
2205
246
3681
2336
100
4080
3983
2257
917
1242
4793
1612
2633
3804
1240
4433
3897
1607
2225
4662
3619
183
4389
2626
3983
1465
707
3591
4784
454
2172
2030
3819
433
1992
29
524
4350
4167
3012
4553
693
4652
3469
1682
1309
329
2560
2869
2171
2072
2899
1733
3226
2444
4773
3207
4543
1403
518
3583
4096
1384
455
4726
54
4749
4791
3541
24
226
2871
1008
3455
2017
1696
3856
2371
2080
247
2851
4014
3234
4640
3159
4547
801
2503
4870
2667
1394
3936
353
2018
256
3321
4348
3508
3675
1363
1575
3666
4577
450
3131
2649
4650
231
1067
3947
4730
1031
4657
0
781
3513
1364
1338
2861
4123
1253
1181
4922
3202
1903
694
4941
4080
4270
4320
2332
1009
4793
914
2579
798
3339
3778
1580
3479
806
2744
2826
1405
4260
2584
1479
2299
3075
2873
3725
140
1920
2164
654
1871
3903
3069
2398
1271
1462
1540
2697
4328
3949
2269
689
4351
4515
1969
2366
395
2779
3663
540
113
4811
3625
3870
2852
2017
2675
2074
2551
4241
3146
2756
1033
3905
3924
1278
1184
2164
1311
1328
4960
2209
1010
2519
3017
2555
51
3986
1830
2625
2582
742
3017
3100
3936
1660
2877
3291
502
3455
4007
1022
2036
2562
1845
1052
533
1656
4711
4964
308
4616
4620
1064
3647
1172
2121
2891
1283
2195
1620
209
3907
183
738
357
2993
4357
4905
3032
4619
769
3676
806
28
645
3427
3171
4176
369
4177
3768
1052
791
1962
4364
504
3495
517
3074
293
477
4034
4831
2166
2794
2644
5
3101
1524
4346
1560
2210
3946
1936
4010
4645
2503
748
2917
1211
4672
2490
930
1044
3846
3272
106
1899
1913
2322
947
420
4572
1838
4440
4152
4765
1011
1180
2484
2790
108
3556
2270
968
2456
4920
1806
4262
750
3637
612
2653
3596
4631
268
700
127
4691
4518
1615
4161
883
1765
3273
955
1087
1830
3458
3537
4905
3893
4280
1730
3812
241
3024
1482
4321
167
2756
4399
1326
1659
1921
228
2300
4245
3671
4016
928
3066
4838
1114
4411
2857
1703
115
895
2383
4000
4960
3469
2630
2555
4374
2227
2381
2439
8
2105
3725
1924
4161
595
2440
1191
49
1298
1585
4096
4574
1262
1911
1867
4952
2618
4731
255
2286
179
3846
3288
239
2913
2975
3820
1382
2650
3727
958
1042
3734
318
2558
2686
3368
2658
2934
3010
1005
2039
4523
1212
787
4714
115
1740
2000
1102
3016
3351
2824
3505
2112
2802
4808
2997
1241
4514
3365
2065
695
4508
3530
418
4398
2051
4371
110
1432
3836
3164
2615
3676
3179
2391
4964
3913
126
3776
4302
2865
2417
3221
194
1397
4645
3832
2651
4527
4552
691
521
610
141
4334
1244
4886
782
3992
2297
1769
1464
2202
1934
772
2596
3945
655
3371
4410
2588
2606
1951
642
3965
1516
2540
3480
2636
4478
2696
4907
1473
784
2027
4133
1028
3638
2063
1236
1465
1435
1777
2124
2509
2164
4974
4965
842
2117
1850
2793
4753
2706
309
3027
2083
4894
4075
2955
2633
4446
3822
2220
1894
4963
3927
1259
1052
1150
965
1544
2992
2941
4705
888
27
1325
1746
4435
612
2466
1537
2793
3562
564
366
3860
4061
120
3299
4886
634
872
3218
1021
3617
1610
816
161
1524
860
3795
1948
4013
1904
735
2185
3497
982
1453
2215
2923
1558
1419
4119
4580
1507
3529
1759
1047
1910
3869
4728
1197
1528
1250
2730
4277
2759
1118
1531
4717
4634
1629
198
4686
583
3395
2974
4577
395
1609
1868
1729
3751
3947
2588
1982
2857
2178
2450
4025
2449
4993
1954
4229
1248
4566
3149
1942
3462
80
1234
3318
4549
4366
1445
2967
3546
362
2065
3207
4737
859
3959
4455
3274
3996
4444
276
810
860
1912
4890
4341
739
2660
4255
199
3117
1012
476
3100
4165
1574
2590
2266
3971
140
1289
2660
2508
2645
75
1395
604
420
3593
3739
944
549
751
3163
4215
3975
87
2155
3782
4092
2476
339
4837
553
2544
1069
943
1215
3436
4169
207
2561
667
504
2200
4420
2420
4741
1305
2494
1684
3446
3365
1562
4405
4985
3544
1984
82
295
2965
1485
2843
351
164
1264
3755
3579
4536
615
3667
2965
3721
1850
507
1748
3702
4053
4597
2711
61
2685
1948
560
2030
1261
284
1144
4925
3629
4050
525
2285
325
1924
46
2931
4371
588
3233
2875
1516
3675
1955
4028
4752
3993
23
1626
1445
4222
855
4395
1694
575
2868
184
3363
1667
2111
818
2485
37
2660
1626
4228
1004
4915
2475
2670
4231
3850
4390
245
3209
934
4677
2703
1526
4101
3292
2133
3518
2647
281
2175
2146
391
4364
3679
2458
3862
1939
4416
2568
3858
1117
4634
1652
4985
2242
52
3795
311
4972
2011
1519
440
37
18
4166
1781
1127
1905
336
4
4752
2066
4179
1579
3532
3384
4565
3919
494
1279
3558
4300
1958
2559
1819
4240
1442
2721
585
1957
3722
2057
2851
751
1632
4003
1488
978
4355
3762
901
4595
1991
2120
3975
2947
2077
3349
1527
4571
568
3332
2386
4831
2507
2641
4605
2663
4132
1476
1900
1429
4406
2848
4151
4844
2299
4084
2781
1334
1281
3495
3137
345
3965
1804
1061
4999
3668
434
446
4426
1000
758
2015
4203
1339
1402
3241
4238
1579
26
1418
1977
1504
4923
4841
1499
4801
4545
3811
259
3616
1182
4475
3028
950
1622
1655
1066
3500
451
4818
2519
2277
455
75
2281
3394
3052
4100
1958
934
3909
1323
1031
3024
3550
2828
3471
1636
2819
3875
2668
360
1715
2319
4539
3144
350
4529
4530
2121
1106
396
57
3719
3725
1286
2384
4959
2938
3152
3492
1300
2288
915
4894
3792
1561
4506
3107
3662
2876
2651
3726
733
4716
3202
1727
1372
247
3082
537
4007
1334
1717
291
1936
297
3970
2840
1397
4249
1741
897
169
4321
3557
2729
3751
2903
4363
3708
4971
4389
1671
4752
2960
1721
1406
3434
977
4003
2639
2806
1928
176
1043
3155
856
4053
4904
3488
1835
3400
1710
1891
2743
1427
3023
4195
4251
3272
2936
1103
350
855
1940
1503
1262
3447
248
195
4496
4546
903
3701
4834
245
1210
1627
3098
4786
2618
4127
2049
1576
2226
4604
4842
2348
3067
667
826
2194
1868
1650
3854
3032
4897
3081
1416
512
1916
4225
3703
4203
572
4266
1942
4306
2712
3842
1811
266
1680
3819
2703
3545
3508
3346
2901
1317
1055
475
3302
2525
2651
3519
4856
4217
608
2868
3800
3651
4793
1528
2903
4746
3683
2083
2976
4406
4252
4763
1365
2942
1444
360
794
3308
803
2206
3487
2347
736
473
3874
1942
3516
497
1283
148
4555
1563
2298
3644
3891
2297
2496
4933
2167
4400
122
3795
1601
1046
4756
871
1595
3402
4370
1477
2602
4879
4968
3492
1561
2766
4364
4294
4100
1587
749
1873
4437
2352
1468
1874
3202
2701
4658
4822
5000
3048
2842
1989
3126
3838
3951
1178
1440
1079
2788
1012
2923
2024
3939
367
258
477
52
907
974
173
127
1045
977
3099
133
2646
2506
3825
229
3404
4928
3751
795
2871
4285
4565
3388
779
4039
1909
3565
1593
3880
3264
4036
3683
2386
4166
3576
1940
1255
3897
4141
1564
4119
1006
100
3372
4978
1717
1027
4998
2226
3716
3051
3215
2790
4043
1197
4206
1717
3331
2667
273
981
1372
2611
973
1899
4551
1569
3160
3783
528
941
889
1520
2695
2665
4003
3454
1050
2000
2854
1168
4630
827
1315
535
149
3967
1884
1906
3341
583
4872
2600
4329
2366
2677
4310
2977
758
4564
1572
4873
2046
3517
1945
1152
2378
4218
3623
1414
4295
126
1189
3401
1944
4509
242
264
4998
4825
3217
487
2580
4405
835
4
595
3092
1343
4563
3120
4565
300
229
1767
2986
3731
2845
4895
165
146
2108
317
196
39
3770
4387
228
1593
3963
1848
4628
1205
1539
3275
2260
4818
3900
3471
3822
4148
120
608
1238
2553
937
2301
2552
1685
4473
2151
3184
712
2362
1377
4127
4048
1585
1840
1024
3457
1674
1999
64
2223
2884
4164
2718
4092
2876
1145
1767
1006
999
3919
3240
1647
677
874
1040
1879
3632
2374
2132
790
4358
2981
3954
4481
3978
3943
2979
3676
1851
2931
1231
4944
912
376
1742
67
1796
1377
1244
4305
3839
1525
3889
4473
4552
3362
2555
4078
1359
1925
4351
4526
2247
3938
4983
4879
2627
2725
1729
1586
1743
340
1435
3846
685
1745
1550
3361
2988
688
834
2461
3109
687
712
1181
1809
4481
1501
898
1008
1399
3684
2957
4572
2071
314
798
1153
3183
3920
4325
3802
450
3899
3639
332
3670
3635
2252
2689
802
2855
1338
728
1970
4053
1431
23
3044
3271
2732
1579
336
2822
3029
1676
3743
2473
4148
756
3550
4870
1970
3215
897
1396
3774
431
3606
4256
1843
2074
4602
284
2100
1656
291
2511
3528
573
4674
3745
4327
3740
1723
4186
311
1694
2356
1151
3544
2843
1598
3664
2649
88
3232
4015
4070
56
245
4496
199
695
295
4438
3371
1902
1806
555
2955
3098
4911
873
322
1136
673
2613
4930
2674
2089
4345
4938
1226
1004
1158
4569
4641
4362
60
633
4637
4048
2744
4457
3600
3228
3772
234
3458
1465
145
664
1362
1310
4191
666
3195
3092
2954
807
1630
2733
3981
4844
4613
1360
2231
89
4692
3581
583
40
2049
4285
2576
2171
3235
316
3226
1462
3391
4083
1265
2704
1230
1128
3815
3759
2860
4351
2896
1686
826
4057
330
3087
4185
3251
4351
56
1508
4961
1427
4529
724
972
3104
1118
3265
2
4697
1142
3168
4320
4102
3680
515
3397
2547
3649
221
897
4657
4143
3336
3886
2345
1659
2759
4808
2265
2998
1434
3891
1211
2733
1107
3293
4513
3804
2418
2362
955
2892
1761
1075
1756
4009
2048
4034
4391
4501
1369
3905
1224
1015
3348
3026
1484
4196
2766
1862
4360
842
1055
3662
4669
4221
3283
290
568
1117
2654
719
1783
4590
3007
2954
2533
3220
1860
4043
2805
4540
4134
638
4716
3497
3210
2153
1741
2666
3523
2143
2222
1116
3280
4626
1303
3770
893
4154
4547
2075
3398
2026
4761
3241
752
4084
1060
3328
4686
1574
1296
1573
24
4381
3753
1355
492
2882
1471
1433
1794
3050
3352
1571
1426
4089
354
1690
928
16
4002
2828
1672
1430
2314
1477
4092
4550
3994
1837
4982
2832
3729
3835
598
2520
1665
2382
2234
569
4857
1062
3800
1064
4409
3796
1551
570
2638
4917
1249
1055
3698
3175
1864
560
3028
476
555
4788
161
747
246
1721
2479
2867
4523
4182
1773
911
3152
4988
2069
1561
4478
694
748
892
4147
2081
4790
706
3462
3505
3262
4713
3648
2993
2670
1143
1223
2930
462
1627
994
2915
280
4806
3120
4383
2140
2737
1654
1812
822
1833
3542
4302
896
3077
2596
2733
4500
1848
3783
2633
1707
2407
2286
2561
9
3380
2924
1382
2454
885
3120
2341
3363
1821
590
2191
706
2366
3045
2316
706
4336
451
4615
3373
4775
1032
1225
1020
4366
4916
133
4439
3433
3631
2736
1002
4833
2180
4826
1218
4552
3251
3274
1698
208
661
957
3996
4265
3255
4605
93
3027
3643
3670
3370
2631
1409
1639
542
1364
1537
3398
4452
3598
3838
2836
1230
2406
4841
1233
629
3558
4965
243
1963
4753
2592
439
1479
785
2463
394
4634
2020
3826
4591
1535
3407
1124
2359
572
4198
2255
3855
4485
97
1967
3870
378
3559
4918
708
1030
2507
4531
1113
875
2601
2160
3080
4509
4191
4204
2362
972
3159
2385
2507
4147
833
1276
3753
403
796
318
4047
4541
2241
3104
2333
2809
4126
2462
789
432
2151
2439
861
1542
2067
829
2153
3828
2164
4459
3200
3677
1547
923
234
2508
4700
344
952
1364
1242
3591
839
3002
2361
2090
1988
2171
2600
3599
4303
1652
3925
1204
2808
3727
4778
2552
3447
3204
985
1699
3567
91
508
3644
3217
1119
1968
72
844
3382
4989
2022
4232
3219
352
2894
723
4455
3306
260
4787
3750
2179
4402
2651
4081
1131
1096
2589
2367
4379
1132
1306
3112
3274
4860
2184
4205
1891
3587
256
2961
1342
1113
2739
642
4090
4216
500
3272
3912
401
3499
406
4170
3872
1198
4090
3038
3238
2301
2585
3722
2248
3500
318
1431
4813
1626
924
1693
60
4820
3206
3730
2599
4946
2252
2972
4091
1114
1576
1588
1082
1918
4961
4298
2499
280
4359
4677
2926
2917
4488
2192
1971
2628
541
2647
4116
562
447
772
1270
4302
4956
2467
1295
2308
839
597
3606
4098
4414
3075
2691
4154
495
2097
64
312
3944
4215
1243
4338
3070
4026
3142
2417
3201
3242
3354
1588
963
1539
1551
3292
716
1398
2385
3281
728
3232
3168
4636
1763
1223
2096
132
1928
3854
387
983
2591
1449
3283
3332
1852
3652
171
1228
3222
823
430
3727
4730
629
1400
4050
1808
2904
1868
4699
4774
3407
3407
2718
3652
2256
1194
122
3235
2960
845
539
1274
153
387
2363
1480
2606
392
156
3478
3500
3152
2121
4166
4898
1345
1632
952
2777
2326
1119
792
812
2458
3658
103
1313
4285
4482
4330
2289
2642
4869
3952
460
3687
3002
622
3816
4308
1995
2227
4839
4908
3759
597
4167
3685
3567
4844
4711
2380
4576
2191
706
4468
2756
2470
577
602
1532
531
2009
1294
3585
4867
2170
1959
4875
2062
4958
1768
4196
2326
4041
2847
3795
1355
756
4170
4855
2095
2831
2042
3979
3450
3964
2851
3759
3791
4180
4219
292
2433
434
791
917
3562
4182
3006
2069
3041
4113
3760
304
470
3447
1452
264
1078
4335
1399
984
2713
97
1469
3275
907
1251
2541
2681
3579
2128
4224
4477
1912
3619
2225
4113
3897
570
522
3143
3829
3771
622
1448
283
1105
1909
1840
4672
2865
3522
2540
4088
2621
78
3446
2203
2222
4829
622
3828
4191
2216
2822
517
1298
3254
2139
4480
4223
3243
294
4831
2247
983
650
1813
3182
221
454
2626
1302
2849
3930
3112
4705
15
1467
529
2734
1936
332
2064
1935
2135
1221
3941
3355
1636
633
4102
540
4995
2940
159
655
1640
778
1639
3734
1589
4685
4593
1433
2949
4140
1322
3040
3004
4204
1737
2736
1394
3862
4858
3545
3874
2086
1020
685
3024
517
2976
1555
3834
1948
1503
2254
1681
1010
1333
4539
4623
1263
2747
4321
1212
4929
3291
969
1862
651
4905
4511
270
1134
2020
156
2591
455
3431
1404
1209
1584
652
2730
1135
4151
409
2601
874
1504
2159
1727
1362
1683
446
1075
4185
2846
2813
2764
3542
3908
1076
968
4658
2738
2338
2423
2774
4036
723
2092
472
1424
4378
4763
4161
2045
4942
1702
4546
4473
3415
4265
4766
3632
1378
1595
4354
4567
267
1490
4
1690
3618
746
2849
4765
4885
2872
714
907
45
108
1101
2515
3043
2805
2491
4348
4756
922
3279
774
1075
768
263
117
2052
4272
2646
2113
2850
2832
751
2551
639
4969
3290
1353
3674
1721
4032
4266
882
3206
3699
3706
4508
2184
4895
4419
583
3129
2053
165
553
3022
2432
4079
2997
3265
1766
448
416
846
4758
1500
2652
472
895
3024
2707
1710
4421
12
1914
3431
3276
4466
2022
859
4085
3059
813
2823
588
2635
1999
2233
1668
2539
353
3960
271
1503
1826
2355
1988
3695
2277
1143
4715
439
4528
1220
1405
1477
4622
3168
4634
716
3195
2151
3713
1210
2627
4301
2616
4665
4551
3080
1501
4290
3045
3743
4420
3032
1399
2278
4350
3743
4150
1782
4082
1636
661
2017
208
2026
3883
4779
1011
97
3941
4398
3345
1668
2395
2088
4970
1772
2246
1222
2493
4374
4070
3907
102
302
1898
3725
573
91
186
921
2384
4969
4231
4799
3881
2083
1752
3538
406
1269
4320
2514
1998
1110
952
2155
4333
2157
2591
127
1553
3648
2413
1282
4018
3150
357
1935
4799
3051
3395
3284
2488
1876
1995
183
18
1710
4906
2748
4800
3704
3180
962
3756
2336
3092
2651
192
4306
4447
1312
196
2847
1299
2492
3528
586
4849
578
1418
1431
3723
661
3163
1451
123
307
4263
3317
3018
4525
4485
186
3483
3970
2003
4037
3702
2418
1518
3552
3830
2358
4371
4228
2679
4478
1547
4695
36
2331
2807
646
99
2143
273
1037
3796
1867
2618
4839
4702
310
4291
4687
2895
2945
3866
3711
4913
645
309
3563
3484
4005
2730
4784
620
4817
1256
2097
4024
4494
4824
1675
1532
2071
538
4804
2047
124
2027
18
4222
2342
2630
1933
415
1054
1777
3226
444
3312
3887
4489
4059
2525
4904
1694
1370
2781
2460
3744
4739
4037
4716
2728
1351
233
3409
3872
1519
2143
239
2121
540
4629
1212
435
2866
4928
390
3487
2032
93
4038
2366
4040
2638
3500
4093
4664
4103
4880
3895
1419
832
3948
3387
4456
156
42
4953
1476
94
955
254
1647
2586
662
4438
1571
2656
440
74
2029
1002
760
314
2378
3378
4007
3895
3116
4372
1734
4731
473
978
1632
4563
421
74
293
4035
3814
3056
4712
4291
1751
4366
4324
2766
4988
520
1181
833
4929
626
2119
605
3385
381
174
2168
3696
4876
4873
4638
1709
3471
4574
2932
4549
4328
4151
1218
2314
3927
3991
571
2385
4619
4117
1815
1888
1224
4286
938
3080
555
1664
3079
1519
2782
669
747
3115
1719
4420
735
4984
4627
939
3988
2998
1049
257
2667
1482
2773
4738
480
1343
809
2763
3409
350
4802
3861
2322
2806
892
4702
4188
1884
4730
4759
1178
1277
4551
4159
1342
935
449
4109
3546
505
4963
1526
78
2919
1288
4562
2972
1790
4023
2755
2840
776
1734
3218
4584
2205
1891
592
4157
3221
84
1813
2714
2531
1491
3071
91
2051
2913
1310
4593
1099
1435
3471
3363
253
3385
1109
1423
695
4285
3014
4370
1976
856
2495
32
2072
653
183
4114
1087
1939
1575
2902
2097
1819
480
2922
1113
945
730
4431
2399
869
1284
1808
4825
276
3232
4165
3114
3603
4994
3672
1359
1488
4841
2834
4055
1750
1154
2457
3813
2518
4695
1313
3037
1275
515
3043
4838
4251
2274
4832
3678
311
1727
4749
2487
418
4587
1909
1116
930
3134
3002
1508
3031
508
4480
3667
1394
986
759
552
4844
683
2224
4775
928
1164
2106
4583
1051
3337
4548
410
2753
2643
239
467
1698
4604
3376
344
1839
195
3400
299
4439
2356
369
734
1867
4637
1031
2279
4650
4673
3788
4488
2943
4319
4139
2311
995
4599
2183
2298
1656
4085
3832
346
4715
2773
2409
4523
3308
3651
3464
1617
4290
428
4395
1599
2408
355
2801
1494
3384
2752
3467
4310
1179
802
260
317
3466
3316
1459
2777
1196
437
869
1792
696
4125
4732
1866
1428
3874
1695
2271
4314
3352
4738
4481
172
758
2611
3607
3249
2216
2215
1998
2612
4633
1481
1096
3836
330
3396
4268
3197
3221
794
1748
1651
3648
3559
3738
2103
2313
3629
4577
1322
954
2831
4150
3594
2291
2833
2083
1410
498
4716
2029
3672
3516
1102
4662
343
815
1156
953
2943
240
4231
1316
4641
1426
4705
2357
243
4265
2026
2017
1678
381
1460
4073
130
1752
3244
2630
1826
3388
2136
1694
73
4973
3515
2372
1243
2575
1057
1700
2009
3686
557
857
4469
65
3053
583
4411
729
2255
3549
1728
1042
3448
25
1493
1627
1588
2320
4349
806
2122
390
2130
4809
3515
4563
1370
347
2291
3206
2025
3152
791
4259
873
4328
89
2663
400
3463
2394
1012
3913
4425
3752
280
2508
1000
4695
3771
700
1248
893
3881
890
963
4982
1889
2639
805
2924
3406
2776
2736
1470
436
1734
3967
3151
4816
131
219
1342
2569
4259
4500
4203
4242
1910
3216
520
484
3129
1139
367
2315
4460
1456
1722
3261
4854
928
4546
3651
3663
1295
2467
3690
746
3566
2039
2303
4429
2014
2003
4653
2230
3494
1132
4161
1856
172
4438
3650
2826
4983
3905
2413
997
1021
4941
1136
1835
3524
2192
4659
3906
2892
675
3066
1022
4571
3743
4916
4350
451
2295
3322
981
221
2942
3528
4223
4301
463
3358
1882
270
2934
3210
3083
3276
289
4596
3
4288
3365
4189
3132
3960
3181
2106
192
354
3745
1830
845
133
3707
3
747
4377
1916
2294
2128
3543
226
917
3684
3325
4741
3249
4662
1814
842
185
1628
2859
3593
1194
3083
983
4282
1189
2685
1307
642
4232
4815
1798
398
4913
1009
3204
1465
3728
2646
4065
2204
3754
2947
1372
4928
2365
2020
766
2805
2612
2980
1973
2015
1512
1390
455
3126
2663
2156
3275
1021
4781
2108
3513
1349
2865
4031
2802
1918
4085
650
3999
3517
2863
4596
3911
2260
263
2843
1583
4818
4894
1965
710
1092
4323
322
3859
2711
397
876
728
3209
2448
1023
781
1831
2596
2591
223
4457
1105
3465
2957
3061
3835
412
2745
4703
2539
1130
3311
1460
28
2344
3357
4126
1447
2458
3031
1556
4223
3424
4671
4765
2238
368
2162
333
2096
2307
3057
4123
754
3199
524
3040
1859
3165
2416
4639
15
4389
1609
2929
2131
1877
828
4326
3449
3773
1991
407
383
4167
4294
698
946
3412
2802
3752
3426
873
3235
4269
3012
225
3312
3878
151
3695
2652
4295
4666
3634
2419
4458
2185
3398
949
4254
2471
4046
956
4389
4661
3001
3640
248
98
3003
4247
3260
2625
1027
3448
3373
4085
51
3483
2893
1489
2834
1317
3035
843
2173
4008
3390
1201
626
1450
261
3328
432
3935
1191
24
3268
3690
1693
3519
3520
4104
666
4439
3056
3028
12
3328
4856
3746
2828
324
819
1403
1901
3321
4628
4853
3796
4451
959
1746
2053
4328
618
527
3461
399
3296
4515
1478
117
1523
4446
3770
1340
3550
4416
3802
673
3281
141
4103
1047
3309
1399
2127
2638
1407
425
4199
3557
509
585
2309
2228
3456
4893
2153
1291
616
2028
2864
1026
781
2322
3292
4768
2177
181
3724
3950
301
2645
4856
2069
4664
263
4413
4705
4436
2147
363
4532
3869
3864
1761
2417
2014
620
4539
1866
387
96
3369
1109
786
2969
347
3835
3235
614
1208
1649
996
1521
1644
4200
4834
1644
575
2761
1875
4039
476
4575
602
3902
4576
765
1079
22
3965
3315
4637
873
918
4674
1995
1171
3512
2185
4127
4643
3641
1458
3924
1690
358
1844
2863
2754
2101
332
3101
2116
3437
1059
2422
529
228
149
3653
638
2325
313
3274
1653
1074
2500
2601
4848
4198
1387
1703
2452
3429
2636
2735
2895
4645
3057
2026
275
3178
1717
2362
843
2710
422
3781
3625
1078
2054
2039
1772
3981
2605
1919
4021
2920
4311
759
4647
1057
541
216
1071
3996
3807
4901
4957
4504
1498
2584
4873
4928
3424
3131
3229
4235
917
4151
818
4154
3739
240
933
3474
355
1087
767
1255
2032
2624
3130
1846
690
3778
2974
147
3388
3530
863
3217
3074
2360
3159
347
4410
100
2519
1066
1717
4872
4404
3206
1220
1236
2696
1385
4615
2825
2001
522
3850
1568
1388
4536
1783
2893
3064
1370
3003
2563
4618
896
3871
1792
265
242
3833
1767
3429
1248
3129
2416
4196
4826
4117
1388
660
4555
1605
2247
792
1497
4815
3321
4005
1461
1055
418
1624
3500
2854
3814
1706
1343
1212
1057
3387
2425
4679
349
3806
284
2760
4252
4352
3121
3787
4023
547
111
1068
1152
1756
125
1548
133
4481
1970
2849
731
697
960
909
403
3192
1755
1839
700
1602
2723
2010
3050
77
2647
109
629
1578
2933
306
1494
36
3481
1457
2470
472
4107
1873
4011
2005
517
562
2877
3671
313
1252
3358
2306
28
3717
519
4061
3700
4425
3401
4707
4334
1999
1787
2503
4960
573
4951
3980
2095
3672
2472
3819
2301
2267
757
1308
2103
1828
2732
1694
8
4291
3005
2016
1670
341
3222
4144
1372
1559
1450
2027
453
3588
2521
840
1709
4067
2352
169
3416
331
3283
3210
3176
3448
2765
1496
3621
1079
627
1718
3772
4531
1634
3551
1398
2624
2737
2902
4234
2236
1032
4486
3536
2329
4996
2952
2784
914
3836
4237
854
4839
3052
392
609
4266
565
1915
1882
823
3422
3655
3837
1048
3098
315
3714
2194
1105
4302
4653
2794
4346
2155
4470
1030
3199
4303
1805
3308
741
431
220
335
3495
571
1197
1488
741
1079
162
4966
2728
3227
685
2525
4472
651
3695
3385
4763
3635
1211
4388
3397
4842
1028
463
2587
2669
734
1710
1786
529
1617
769
1874
3405
260
514
1086
2751
1183
3849
1974
2825
2016
4459
3370
1963
4655
3834
4251
3167
2443
489
4433
2899
86
892
2503
4249
39
1464
2742
1527
1192
2568
3042
4966
2495
3757
2868
2327
578
406
3361
2216
3168
2000
1508
1135
3972
1813
1699
4368
865
2847
3717
2681
3261
2485
2800
3379
2151
2875
3152
2069
3313
280
1896
4706
1777
2232
961
3271
4734
608
4068
4604
3583
4818
1176
78
4631
2339
300
2137
1950
1404
2469
2581
4066
3944
4021
298
4256
3881
1086
801
3838
2206
2123
4886
1579
944
2311
186
518
3231
2170
2044
1235
3074
1353
4800
4368
3146
207
994
1184
1053
3127
2617
2455
1970
1886
1659
1303
1127
3791
1665
3762
720
4054
4834
2875
1034
2210
1660
2230
579
3667
1532
2373
1815
554
66
1040
4437
3728
256
494
2317
4662
954
2025
1339
4383
412
3475
4471
2199
3290
863
770
2091
4156
1656
2392
546
3498
2852
2458
3941
2792
2491
4332
1549
3956
3561
2085
3775
1446
3393
926
1004
867
3259
3555
1373
2503
2650
4805
2279
4942
4509
3635
47
1963
4731
3038
4346
4611
4985
312
3176
1016
1284
4284
4279
1763
1425
272
1006
2841
976
990
4538
207
2515
1940
3938
3849
2217
64
486
2926
1568
2767
1975
4324
2452
2531
4972
982
1944
1782
3010
1244
3177
1920
432
3883
4409
394
4783
2820
3709
2184
2458
3986
4636
2416
4056
1812
518
4501
2741
4260
2220
4082
239
2688
4890
4539
4330
1897
2303
4092
2707
4818
2420
1523
1118
3821
3064
2017
3408
869
2812
3887
1231
3688
2939
4093
1580
2739
3763
294
1837
3980
4750
869
771
1808
1699
416
1250
911
178
2148
241
2161
126
397
1863
3805
105
4713
1546
3413
1375
1365
738
623
115
4563
600
4763
120
1655
2154
1732
4547
3137
2258
4464
4370
4272
4894
4207
2320
1487
4082
2819
1616
980
4732
936
3527
757
2410
1759
2709
2957
1458
629
2628
2395
1567
4958
1932
322
141
4882
4991
782
4549
4135
4146
4871
2175
3923
2687
3577
2685
4951
2783
1336
3807
1718
3127
1932
1086
4817
4988
3906
403
519
1589
1805
1048
2355
4226
2507
2992
2064
3628
285
2801
3599
4440
4860
2088
2908
1199
1655
1556
2484
1641
38
4189
847
2755
3482
1795
3684
1189
1401
3885
1609
1043
4557
253
3354
717
799
2858
2260
1709
618
3357
2338
2110
1248
3227
2337
912
4210
2408
4608
585
2090
2630
2226
2998
1247
2196
2682
2354
493
2672
3905
277
3466
2667
2192
3747
1024
2671
1857
4117
2857
3216
2028
1136
3018
2486
3709
952
864
2643
2559
2380
4589
931
4993
2064
4734
4172
2140
1459
158
2207
246
955
2865
1233
2340
791
3730
4452
3712
1439
2625
3503
2804
4227
727
1178
800
4431
879
3406
4776
4933
2735
4677
3419
318
4642
1072
3599
492
3779
2436
2641
562
1245
2645
4796
856
2054
1282
3786
3101
1074
1377
4778
4821
1115
153
2863
2453
3278
4639
4974
539
4556
3715
4650
3578
1485
2040
1670
4489
3076
3211
1058
4800
3744
3388
2994
4047
3161
4205
1125
4868
4785
1764
4583
1509
4618
4223
459
3068
1321
3501
4193
1132
1776
3286
3447
4196
3261
4530
1955
2366
521
2334
1076
3088
1940
4882
4281
4377
1409
1362
4151
1548
4037
4861
4642
4890
1451
4225
3717
1362
1411
4125
4613
3203
3627
3891
954
41
4992
4778
163
1693
1533
4913
2191
2206
2389
4069
4145
483
291
802
1511
4684
4426
465
4906
3587
2295
2412
1966
469
2938
4498
185
3151
2347
4528
3775
811
2772
509
3242
2779
977
1236
2647
3750
2778
3817
4448
729
1468
4472
4771
4696
4366
1371
1087
4906
1960
3129
1816
2582
3648
4157
2642
3585
4203
4905
1675
2626
2730
2688
4828
1334
2134
2101
3952
3903
1368
1800
3848
2465
1537
1671
2405
4711
4197
184
3117
3982
1749
2508
1866
2527
106
324
3350
3461
2253
1533
374
2455
4061
4791
30
2834
2826
645
2696
3654
4959
2464
875
285
944
4644
3879
4608
2607
2379
1476
3609
2606
2260
4700
2551
1941
4519
4807
3050
153
4827
3248
3124
3499
4625
1588
2008
4606
2335
2536
4822
4536
3976
2372
710
639
3971
1292
4793
1514
3406
2726
3750
2954
1230
2496
1191
3643
3491
4787
2078
2307
3632
3725
4379
2309
757
1749
4306
1822
2160
99
948
4631
3483
1196
1532
2980
3365
374
489
4831
1845
2599
1539
3312
2720
4924
3066
1901
4016
3982
3969
1153
4313
383
741
4051
3842
4712
4677
2096
4190
2965
3892
4531
983
3356
4331
4294
3137
2584
2213
787
3047
63
645
4367
828
846
3691
651
3031
3110
4511
4018
2567
3377
377
100
2103
185
4186
4584
911
3348
953
2565
2167
1426
461
478
2685
2047
2525
3494
200
3773
4468
4853
814
3708
3635
3629
639
460
1653
502
1536
1375
2831
3375
1045
1337
977
2219
1185
3416
3323
3755
3163
512
4896
3010
4803
990
3702
198
2307
1995
1196
4347
2829
3189
3438
1023
170
4639
3085
4723
2818
3918
2292
1482
1517
267
4087
1120
2341
3161
2271
3924
4860
2831
3682
2519
3642
4445
287
3341
2434
198
2693
2428
2687
1915
747
4863
4849
181
2839
2714
3806
1959
1404
115
896
2060
2458
3299
3462
3515
1487
4139
2522
2401
3620
2474
4383
1104
1232
2441
3956
3279
4023
2800
3344
1914
4151
2288
3788
2486
3909
3612
3286
2589
1290
880
1007
2303
2235
1927
3434
3078
3711
763
3238
4668
4066
4721
1191
4462
3077
207
510
2268
2036
4400
4798
4203
4941
2483
1120
2437
3432
57
4013
588
4839
1638
3773
2925
3244
1665
3364
1639
4789
4386
2862
4989
4835
4486
2858
3194
2533
433
3728
3926
975
107
3804
2801
1956
4397
1353
705
2289
4041
4402
2894
1969
812
4592
1096
2392
3357
605
2933
4075
3471
2813
4376
1885
1377
4712
2868
4914
2990
3910
4976
4989
571
296
1509
2138
932
4729
1950
4743
1332
202
1663
2351
880
989
3467
1413
3180
1118
2060
2161
2918
1549
814
2915
4182
4615
425
4869
998
4876
1577
1872
1597
1542
1324
3849
4355
1846
2710
2794
1259
1111
2896
1921
4485
4462
88
3057
1563
2963
2389
3377
1567
695
4533
632
95
2457
1932
860
4605
1063
4785
3114
1192
46
4567
4893
2737
3581
4546
3315
1692
4982
4603
121
1660
3837
2169
2660
3200
2191
3364
3806
1712
3273
1516
693
4284
1461
1725
597
4154
4392
4373
2001
259
2924
2945
3254
1747
1478
1905
1693
4465
3798
927
4275
2405
3385
4967
4816
2853
3394
4243
3618
458
2415
367
3232
4084
1101
2517
718
524
1544
3150
1367
3123
2947
2209
2317
3623
3133
3915
3964
4451
1409
2303
2733
3287
2108
3812
128
4298
4999
1558
78
4723
491
686
4941
561
4287
4203
1573
642
4133
1641
1964
4310
428
4533
4507
4987
4228
4849
3211
3661
4515
373
1380
4320
3212
2334
2382
621
223
2211
3830
2805
1942
835
3355
906
1680
4445
1311
807
1286
3956
1607
4578
428
2890
1341
2241
2427
3051
3248
4064
4552
495
4734
4152
1580
1385
3484
1240
2691
162
3356
556
1100
3177
1559
1866
4492
3657
4790
2045
4700
1292
1947
3184
3040
4157
4120
937
2016
4330
1220
2149
1015
2814
3805
3835
3787
1413
1491
4827
4225
637
2743
2902
1613
4425
1577
3421
2445
1298
500
3264
2372
3502
3809
1316
3588
3241
1122
3796
3052
1476
573
2008
2506
3888
2484
4766
4581
2382
713
1260
3204
1242
1730
587
1207
988
1763
3021
3957
1137
1438
1989
3439
3159
2657
4536
1690
308
2606
632
2804
2974
3812
199
257
3607
3352
640
1799
4817
1512
1927
2941
852
2053
3838
4693
1040
3802
1063
1456
2699
312
1939
881
514
438
322
3440
35
400
3513
2523
174
4496
1212
1927
2560
4501
1360
4025
3363
2460
4123
736
636
2962
2017
1956
4778
3692
20
2927
3755
830
1742
3904
4095
3254
1734
3784
4646
1465
1423
2544
1287
4328
214
2063
4674
2758
3739
355
3069
2267
4881
147
4780
2139
1961
3274
2588
4799
3704
1419
3161
4406
3761
2775
2216
1767
1117
2960
1270
1779
3873
4787
194
3060
4907
3542
4297
2065
3612
3302
1903
3182
752
3448
1557
2753
3581
670
3210
2700
2298
953
2509
4786
986
2164
537
773
1734
2876
3352
3216
1380
4871
4784
4773
1361
1423
3434
3047
310
3197
3228
4611
3194
700
1140
2618
2125
598
3234
2885
3253
1625
1846
3995
1321
4335
2532
4129
3032
219
3548
3300
712
2008
2875
1894
1347
683
2912
367
2029
1491
2618
2007
3396
1200
2054
4073
3796
4195
320
2171
3923
2062
262
2939
1057
3592
1491
3474
1281
3502
1458
3872
580
353
3742
1438
1560
4045
150
24
3250
803
3523
4912
1448
133
1809
3252
1117
2288
1644
3385
4874
3238
996
2606
4915
4529
37
3605
685
2420
127
2883
4432
3597
3539
2419
2859
2951
3930
3724
2005
1799
2645
4340
4874
1157
2056
3683
2064
3059
954
687
3214
2505
2466
3122
3492
4923
701
1938
735
1700
1277
1696
860
2598
2137
2340
1512
3887
1076
2292
4445
1797
348
4622
1558
2263
115
494
2167
4608
3658
2369
2589
3473
2438
3953
1519
583
3472
4679
4792
3223
4807
3239
1351
3653
4874
2196
4815
4168
1379
1826
1134
985
203
1727
1200
341
3926
1641
2163
4654
2323
796
3400
4125
1650
3151
2411
2711
3209
3467
3178
2934
2436
786
4042
80
3353
4256
4087
433
6
1600
1499
3339
1388
3924
4402
4361
3792
4282
664
3483
2212
393
1482
1019
1881
1170
4353
3112
4939
3774
1834
3387
869
4264
1003
1193
292
114
466
1299
1589
1770
900
2529
613
477
2394
1097
2264
3802
1507
3026
1573
4855
1940
4361
193
4793
3023
3613
1981
83
1453
1246
97
3596
1402
2844
214
2296
127
100
2580
4722
2924
4240
4182
2896
4036
2072
1964
4190
404
665
2797
179
4505
3748
4942
4953
795
1943
2644
4755
1920
4046
3548
3744
4344
3215
4323
1977
3990
2991
4016
3701
1458
3679
746
1107
2626
1134
739
4960
2819
167
3977
3628
1225
4626
2393
1635
2476
2
1524
3356
4875
4696
3257
4018
396
4312
3677
2789
2976
361
1389
2598
4979
3533
2000
2488
1421
3865
2101
3334
4560
4286
4096
2710
1452
2623
2758
3994
3830
3494
2752
4615
4287
898
2448
4065
4508
2061
3629
3894
1851
1747
3841
1582
587
1734
1835
3469
4498
1075
4656
468
1410
4084
4831
806
4581
2096
1576
956
155
950
2023
4329
88
2216
3683
4530
533
158
4447
431
3845
2477
3023
1423
2372
4754
1401
3366
3027
2988
433
109
2582
2595
91
3098
2888
148
1106
521
381
1230
2257
4614
3856
1502
187
1005
2551
1088
4032
732
1384
1340
1619
4431
4729
1719
3379
3928
4452
1953
2197
3631
100
3649
2516
1581
4868
3704
4674
3244
405
1935
2875
827
3412
3526
3375
2149
4590
3038
3641
3366
3623
267
2537
1733
4427
2792
2042
136
3789
326
276
1125
652
3210
4685
4315
81
4087
3035
2437
2067
72
2428
1295
603
4582
2686
3416
2777
2003
2989
4978
4904
754
28
2841
4873
3985
62
708
3423
2532
1262
2290
1647
3310
1819
4343
210
166
3111
2751
1946
1397
2198
2523
4947
2543
3385
2721
4118
879
879
4232
1420
884
4569
4840
1245
790
1362
3225
2647
3452
272
3711
1210
4431
4217
4950
1819
4754
2220
623
3903
2625
3013
1361
1128
744
756
4471
2771
2732
1796
763
4911
1779
3464
2266
3540
2680
406
4291
2128
2777
629
4222
3397
2304
280
1473
79
4017
773
1637
3920
1054
1903
1323
720
2002
1551
3468
2298
1657
825
2587
122
1939
1882
2039
4686
195
4602
2865
4906
3879
2633
4554
517
4173
4557
3307
134
4948
46
2216
3192
3003
1866
2532
3879
680
696
2013
1098
4679
1836
1814
4877
4455
4412
549
1434
2864
3902
4794
2145
1557
2421
951
4976
3503
177
3971
1673
1156
2554
3710
4484
1624
1527
4789
2228
1057
111
4435
1037
2304
4942
3357
1789
4361
4159
4942
1861
569
2675
735
4236
4952
3549
647
3817
2068
2081
2751
1653
4438
436
2328
815
2893
1926
3978
139
1653
1872
3758
4286
1748
2799
3234
749
4452
3211
3541
1544
4092
4436
4524
2980
4215
3385
999
3689
645
120
727
3366
2712
1869
423
1486
3627
2239
966
3715
2746
17
4845
4829
619
3828
2901
396
1350
10
1660
4579
1185
3806
2801
4069
2716
3907
3093
3699
1889
282
3476
1421
4991
4190
1281
4036
3289
4261
2467
4865
445
1703
4544
2636
1930
2284
3438
2618
554
2818
1132
556
3206
290
3493
3128
2461
4484
4777
4668
234
1993
3155
47
736
4259
1616
4846
3715
3321
3847
3946
931
1621
1007
3918
1334
1367
563
2835
1305
3308
3120
1977
292
522
991
2551
3084
3427
4519
2866
1868
4369
2223
762
1603
3910
2096
2837
4124
3417
208
285
3176
1378
670
2652
2091
3843
3755
2036
1845
798
2324
466
291
4548
585
709
4678
284
4537
4368
1193
1139
4526
4384
2670
2623
267
1825
4590
2930
1688
878
3182
2518
440
3158
2978
1360
2842
512
2979
3291
4850
908
1794
1534
1815
836
436
2012
2445
4089
2925
3570
3761
3240
3034
2459
4326
525
3971
629
1828
203
4668
2604
4701
1260
2313
1498
4087
394
759
2266
3553
3619
4516
3298
6
4113
1831
1741
1631
812
2954
4159
2867
1456
4272
3394
2167
3378
3318
1748
55
3436
2615
2645
1692
4408
1740
788
1406
3908
4827
243
1417
236
4828
4032
1596
789
3908
2260
1978
1013
2234
525
4431
565
1399
3100
2645
3536
2732
2196
498
1865
388
2773
461
3604
3692
1828
2402
774
2504
4685
3545
3871
1379
3045
2570
3279
4365
4975
844
2677
1654
2585
2872
3332
3625
1199
3664
4186
2525
4097
404
1599
3435
4138
2606
4491
968
1358
1553
1464
1729
3982
2916
4980
1
2690
1422
2307
1098
1681
4416
2524
4840
4155
3171
2191
2766
1914
4824
3688
2722
2270
1961
3796
1089
3328
1668
4918
1428
4311
4584
4497
4772
2444
3772
478
3646
3311
2765
2448
3165
1605
1786
3538
117
1512
4126
4134
3832
3024
1194
2255
2380
1557
3927
3909
4826
3942
1874
34
1829
4370
3968
496
599
3140
1727
1942
1159
4371
4130
3941
2422
7
1103
2357
2588
4462
865
4261
4262
899
414
601
667
2149
1714
206
4909
2710
4177
3483
3159
2909
2155
2249
2366
2938
2761
2685
2234
3544
3319
863
1237
4485
3381
4089
4036
3556
1659
3516
412
4741
1808
2004
911
322
1219
1800
3617
1119
1392
1605
856
59
3052
1214
2034
2371
4597
684
1105
1437
118
2142
2903
2368
2157
4408
3250
728
1797
4103
2252
1877
1869
1408
3048
3021
3484
2977
3445
4662
3001
3227
3427
2482
4282
4884
4559
4520
631
996
1630
2018
2509
2681
3434
2882
1163
1095
2181
1453
3110
3764
2180
2933
2336
1420
4013
375
3716
2026
4712
3217
772
1466
100
1251
1032
1115
3036
2228
4643
1404
4117
194
3205
1808
2045
3459
4985
2208
1206
1336
564
3278
3142
4600
2956
1747
4047
4316
2854
1649
2861
3929
2853
2729
3989
4648
803
2268
2277
2310
4771
1507
33
4886
1724
3586
2277
2891
1121
3130
1580
2681
1777
1102
4912
4092
319
2777
324
4660
520
3857
828
2257
4991
1671
373
4861
3163
41
2335
4518
4932
4662
4608
676
4258
381
2740
3765
2705
4474
145
1248
3323
4259
3810
1110
3257
2174
4003
4327
384
3816
2674
4855
1543
1987
4458
1983
4069
571
177
4238
1205
1935
3849
798
3178
1663
4860
1644
3679
2521
2104
4489
826
3518
2715
2971
2719
3715
3094
686
2246
754
2045
2527
4435
692
4609
4656
2173
1673
3077
731
4454
1277
4904
3065
1294
1652
4330
3055
2026
417
1068
3020
3526
2596
1676
1835
1838
1699
772
2120
2408
2614
4223
3011
1727
942
3878
2290
170
2455
2589
4335
3907
3864
3597
3250
2770
1100
1342
2036
1463
4515
4886
3141
901
4825
4673
2679
2485
455
4453
4244
181
1681
4668
439
2089
2220
4323
1060
4813
897
4576
1383
4223
72
358
3166
1912
523
1618
4857
701
1311
4592
627
1086
936
1205
23
2679
2468
1929
681
1055
1542
4353
4883
1559
2091
2685
279
1865
3512
3524
3859
4500
4822
1387
911
2494
2190
4653
2226
4530
3008
3233
436
836
4627
1644
2757
2216
3039
4273
1351
703
2884
3016
76
1426
3335
4476
3656
2784
3896
1761
2478
704
296
166
4827
926
3037
843
1881
715
4199
763
4469
1865
289
4945
3345
3804
1232
4481
517
3263
302
427
3933
1629
1429
1803
321
2552
1485
4508
4690
4463
1430
2333
2162
1563
639
4069
3892
1012
4575
483
664
4731
779
3416
1170
4721
149
4289
3165
4544
3503
1467
2990
159
4144
823
4992
1479
4176
4835
1568
4400
3905
4030
4043
4547
2440
668
3121
4142
2297
1211
4956
566
2502
677
2720
4402
4419
2054
4111
1248
4529
502
791
1576
1727
2485
4865
1374
1220
4117
453
4463
467
573
3969
2840
4986
344
2906
1907
3367
4201
1586
2509
2366
162
1459
1991
1995
3925
3569
4281
3455
4603
901
849
2266
4830
3861
4289
4540
533
2415
2736
4022
4148
3540
2898
4375
1815
1424
3182
1304
4022
398
955
996
2337
3965
3922
2339
1720
2184
634
141
4057
560
2680
4829
2272
3793
3807
4968
3847
2358
2572
3560
3743
3201
2526
1517
4006
1938
1044
1729
3995
3927
1497
32
523
4995
3270
2238
4628
2235
3597
4695
3484
345
4431
2203
2590
3777
4271
646
535
1367
4129
935
3478
1662
3882
4825
241
420
153
4096
3157
865
2420
4473
723
4997
1514
4799
2681
2796
3368
3239
4781
621
4011
24
775
4124
4134
4332
4096
235
680
1784
2009
4501
472
4262
1267
4261
2297
4815
1216
501
2864
3114
975
4929
4546
4528
1302
300
418
1585
449
3821
503
4811
1837
520
3980
2490
1527
846
4584
910
3280
4781
288
984
4827
1613
4381
1409
2993
202
462
3533
4454
1843
3319
138
3449
3385
4020
2580
705
1002
4006
11
4319
2807
1206
726
4761
2720
4677
3821
3457
2139
4515
3834
4955
4801
963
3905
1490
2255
3344
2093
3724
3940
1145
687
2558
4315
1499
1670
636
1683
1813
2971
4858
750
215
3191
4392
558
811
4428
347
2088
1805
2900
3707
4410
3584
1192
4459
1396
352
2144
4876
3212
423
1362
1344
3632
381
593
3117
480
1106
2451
2626
2643
2095
2335
1195
3607
3164
840
4399
1373
4458
3910
4864
2677
1653
807
911
12
4887
1000
411
3418
1661
2225
4738
3317
2364
2332
1141
229
1571
2011
4563
332
1744
4913
3281
660
134
1455
290
2402
3473
137
2419
1562
2782
3815
4803
4664
1301
4809
146
4632
2881
473
2050
3498
702
3030
1219
2696
4749
923
774
1801
2968
1363
3092
1164
196
1838
609
4663
4405
614
1900
3413
3711
1592
4500
342
3089
1751
422
3206
1935
2230
2880
3500
4637
3725
2893
3505
2933
763
3074
3736
4978
1914
3373
4929
3383
1466
2918
3775
3947
3555
146
290
2613
549
4630
350
4966
3462
3421
3618
3966
968
101
3751
4302
81
2479
2944
4864
4204
496
4506
2458
2901
692
2983
4735
39
3304
234
4004
243
4985
61
2289
4303
1074
2445
3533
4236
4896
4787
4985
2829
2498
4353
4083
706
1820
4614
4051
4939
3867
3505
1703
73
2242
4009
4807
1612
106
1413
2923
3837
3543
1007
3955
442
204
1045
1645
1571
787
4649
1740
1385
3419
2875
2949
2669
1753
1780
344
1724
3739
511
262
1598
4256
2736
665
2543
1504
4132
1321
3920
116
3471
983
1508
3552
2987
1541
942
3629
247
4073
1186
2212
2319
990
760
818
2330
4625
2104
4142
4714
3121
4000
542
3473
3949
4931
2275
1333
4900
2382
4570
3651
2343
1212
1044
3347
4965
4970
1557
1081
3611
1231
1919
2460
2410
4258
2907
2170
929
4491
4261
2337
2461
4283
430
4614
3383
673
1049
181
3365
345
1887
2198
2934
3178
2561
2661
3959
2188
54
148
4499
4469
3053
1692
4168
3499
1947
3971
2971
1242
3705
955
2212
400
517
611
4116
2314
2700
1289
226
4159
1005
3478
1406
4173
2280
2615
4716
2342
1911
3720
3961
2492
4938
187
4065
1727
838
2325
2999
3731
2145
2949
3117
830
1030
686
2649
2660
4388
3947
676
2712
3802
3637
4057
1252
96
4409
2993
4014
35
4311
387
1297
4392
2731
412
3964
1156
4468
2338
3779
1275
112
4378
184
1200
1857
2086
4200
215
829
4208
3117
3468
3551
4471
3981
941
2055
1044
4970
1982
4279
1266
4298
4447
2982
3396
802
103
3027
3205
533
290
3098
3214
785
2096
476
3645
1803
2732
35
569
4231
2215
3056
3344
719
1317
3487
1841
4701
4689
215
2098
4595
3100
3757
3018
4228
434
3367
4306
664
2614
3018
3870
3995
3137
35
2974
556
1628
2013
4610
3569
3252
3506
2351
1015
3682
170
1543
933
3455
1322
258
3386
1037
4278
3114
1679
510
3880
4414
3739
2370
3727
209
1211
1028
3351
2336
1112
4215
1596
4092
506
3339
1102
2468
4285
4390
725
1007
3123
2359
2831
4340
3301
1152
2074
3626
4048
3010
561
3237
2466
2931
77
161
1963
3169
4608
1804
4494
3688
1164
2627
3459
1505
1306
1132
4402
1663
2148
1009
1141
830
679
781
3680
1013
4139
4268
445
2844
2300
3571
1318
2757
511
3644
4800
2382
1954
901
2182
3584
2640
3643
2617
2282
4747
4520
3014
1637
4893
3735
3942
4568
1134
1215
633
3222
4490
2414
3258
4334
2545
800
1293
2741
205
3611
1839
3288
3724
2348
1823
303
3548
4131
3134
918
1487
863
1162
2667
525
422
4235
563
3180
10
3263
3303
2571
3935
2883
2912
1454
1634
4561
4828
2350
1264
619
2816
4687
4868
3073
3561
140
683
2289
3276
3871
1408
2230
3901
2355
4074
3899
2638
535
2429
1432
4328
573
594
2446
2157
1609
2700
2934
3797
1511
3882
3389
3292
1608
1179
173
4063
2760
3677
347
2360
1711
1750
1082
1850
1189
3263
3139
4874
4255
1801
2746
4888
2761
2493
907
26
4756
407
3468
926
3330
2647
4333
3771
3471
3786
4029
658
3124
1770
1681
2296
2020
3357
3083
1159
3160
738
1201
2202
3788
3019
2869
3424
4248
3457
4955
4914
317
2913
3710
1895
3874
1908
3044
4550
3829
716
4239
4342
407
2103
3921
567
2746
4293
1301
1946
1986
3726
3477
131
2928
2176
4264
4060
2923
2993
1787
2240
3433
3374
3981
2208
3662
4573
796
3860
3379
159
1298
2680
1780
2368
3994
3495
461
4048
4529
2603
2997
2189
2764
764
4434
3438
3003
2247
1404
1900
248
3030
2016
1499
4542
4485
967
4323
796
2774
3515
4694
438
2324
634
901
1823
1650
3469
3243
4189
591
754
2204
2183
2507
116
3032
516
3819
2326
4213
3237
713
2235
4538
2336
1685
3903
3739
1133
1920
453
140
4012
1050
4599
746
4990
347
2125
174
2499
2749
2477
2503
3362
2037
2329
3910
2967
3997
1380
210
4324
2161
3518
4605
1452
4955
4527
2545
3192
2112
3387
4766
3978
112
421
4239
2222
620
1280
2733
2260
1147
4855
548
3395
787
2104
4489
438
2202
416
1990
3603
2993
1957
3861
4426
1238
1547
3160
2783
4504
2840
4940
1857
328
3577
2857
1250
4968
1449
3126
4241
3213
829
4918
1673
2101
25
3747
3038
2072
3509
3390
2177
3699
83
148
1005
331
4642
4638
3100
842
2250
2670
1115
1710
4538
4130
3379
4494
3583
13
1762
4427
1309
1578
4659
479
2318
1317
184
3736
1373
1174
4844
779
1791
2940
2306
2099
542
4347
244
3606
2792
4484
4680
4385
1990
1262
554
3229
2202
3357
3088
3026
4084
653
1614
2346
3302
2083
1937
2373
1406
235
4179
4363
2961
4245
4541
541
4970
3685
2298
3315
4121
1691
3765
3805
3691
636
387
4643
1826
1980
590
3281
4905
2321
179
18
2273
1192
3084
4704
2371
1002
1571
2176
4064
1947
939
429
2488
4736
988
3567
1583
1937
4468
1846
1539
2009
342
4656
1524
4572
4448
1260
2317
1370
4012
319
3162
2793
2596
387
4267
2812
496
960
4845
3975
1168
4721
4955
2208
2606
1727
3353
3169
1932
934
935
774
4148
3097
2891
2482
2256
3393
900
2669
203
2656
2046
3409
3858
4150
2929
1610
734
4707
867
4009
4600
4031
3366
2892
4556
2244
1156
1624
412
4874
2058
3888
919
3610
1855
338
1810
1863
113
2973
4425
3145
4366
3752
1458
3475
2801
2476
4970
2719
1905
283
4398
2322
3809
174
74
437
4182
1490
1397
3017
2415
4529
753
2143
4222
211
4977
4409
3133
1723
4873
135
2201
2405
5
4959
2417
1737
4516
2518
474
4698
4176
1502
3626
1376
4758
3237
3439
3939
1234
352
4559
4743
3754
2214
506
3720
4786
3918
2573
905
647
2015
3656
3344
745
3767
4746
1927
1637
223
1194
2126
2301
4980
3675
3216
688
3736
4536
156
57
2733
1707
2015
3856
796
2009
4774
2573
839
2805
3947
370
684
3079
3750
1844
3961
4589
4514
129
1357
2380
2434
1946
2100
1553
4809
907
1538
532
3901
1248
2562
3225
2133
2653
2304
3331
4362
1709
669
1780
1788
3437
2695
4747
1106
1486
2388
3134
200
4831
212
715
4757
2215
4662
820
4825
518
1940
4908
2666
4879
1612
1834
514
2017
3228
1406
287
4209
440
1928
4480
3488
9
3812
4258
1099
3823
748
4512
3421
2652
4646
2109
313
1518
3078
3549
3777
1855
1748
2574
2117
2915
119
648
3589
4958
3829
2617
4194
4913
3600
618
1523
4613
3987
1315
4390
1847
1322
912
4547
1964
2589
3659
4614
425
2291
4393
1292
3652
2686
4702
4721
3614
2661
297
3634
2835
1346
3361
620
1931
3981
2777
836
861
196
1787
4916
3301
3037
201
1089
1370
1202
2923
408
4675
4615
4382
854
4466
1686
2386
631
4490
512
4098
3846
1957
2222
730
518
3202
1871
4009
4916
1295
4946
2959
2354
777
3143
450
4273
2512
1583
3451
1597
45
3228
3322
53
3696
629
1465
1702
2625
4865
2884
3951
4405
1011
2900
4670
2475
2635
3283
3431
875
3704
1300
4987
3390
1892
2924
4718
1429
3628
1495
432
914
2177
3065
1957
2851
2250
4498
4281
3319
696
519
1751
204
2699
2467
609
861
1771
4535
3270
1407
4932
626
3046
323
3374
1368
2034
3347
2202
3523
107
4495
4322
1028
3695
2135
3136
4618
2580
925
320
1901
2546
1392
2116
4138
1150
851
518
1696
1896
3247
35
127
1647
506
1359
3552
1157
4217
3918
3102
3625
3589
450
170
946
991
3016
3493
1466
3064
434
531
3005
2610
850
1281
3844
1603
3413
2881
2271
139
2484
3744
1449
3269
3518
1259
1866
4730
4665
2193
4830
3644
3482
1313
1199
823
3374
4927
3434
2111
904
3416
4215
4793
2604
4902
425
578
2918
991
1680
508
2122
2181
4009
3921
4818
1127
1162
2586
721
2742
332
2139
3127
2379
4270
4111
3799
1296
4604
2882
3349
2696
3806
2966
1911
3646
222
3404
148
1187
2665
4642
4171
4681
1890
2568
2436
1316
161
2739
1186
1469
1113
1134
2531
3521
2580
2764
202
889
3161
1812
2593
1861
751
2363
4702
4481
1881
4635
2887
3701
1157
1315
4784
2134
738
4306
2536
4141
3185
3028
4549
4465
1836
2132
3460
4523
303
3727
4683
3222
3372
1318
2897
4698
837
3490
1256
4865
4506
812
117
4585
4085
4188
1667
1877
4539
294
2784
2736
4835
3170
993
1859
1275
1193
2006
2680
2431
2540
2744
3182
3351
4487
3416
3043
671
2636
2014
4322
227
2823
4336
2815
2467
3288
2840
919
1732
4874
264
641
2203
4091
3651
2718
4381
3561
3368
795
2658
4584
2210
4925
2731
3048
2082
4166
3281
1993
3144
2991
4862
3993
1962
4865
1386
4245
2796
1453
1182
1824
3157
4951
4084
1334
1115
759
1239
132
4427
2523
2179
4082
4198
2817
123
4520
3634
590
1760
2585
4789
4282
1810
2215
404
4854
4075
64
2896
3110
2688
1524
2149
2956
1069
990
299
720
1942
4627
2230
3299
4863
2670
438
1072
2930
4355
2401
233
2371
2761
1885
4329
3884
2245
4659
3757
4486
2340
2456
2064
2843
3907
3054
2490
4535
357
2332
1775
2272
1137
2223
1774
1062
447
4072
1503
1195
3211
1361
4335
4774
3263
3232
2523
1642
281
220
3570
4742
4441
713
3765
4843
868
1688
1162
1079
1844
884
1378
2306
394
4557
472
3126
2045
4246
1637
462
4557
2155
78
1483
3523
1956
4354
4475
1490
3956
4688
3535
1008
3014
2993
1194
4439
2149
1791
630
1722
2058
1792
4677
309
3202
4476
36
3950
259
4139
3425
3715
2694
431
4905
20
3992
812
613
2624
119
4562
1039
1108
1194
2624
314
481
186
2970
1017
4889
4046
4379
2694
895
1050
1272
758
1021
4282
3574
804
557
4461
2322
3526
1672
853
71
3137
3380
1204
2497
3746
2203
4610
3724
1560
594
3172
2383
651
2461
214
570
446
1716
4283
511
4434
2634
2874
4334
4896
646
1009
1367
4371
3222
4755
1923
1487
205
94
1764
4604
2586
1848
3925
533
2158
822
3603
4337
1244
4466
443
2682
4472
4989
2282
3403
3362
4292
400
3979
4531
2196
3383
4448
1979
4069
638
2863
4921
3252
1309
2044
363
2797
4875
2485
3567
1288
4766
681
3617
830
2974
4985
1187
669
1314
2266
173
4670
889
2388
2285
401
3143
1136
3639
1111
4562
2272
1957
2434
4673
2563
3046
4481
4411
717
212
243
4567
575
1948
1124
3717
4644
3321
928
9
269
2092
4353
232
4214
4469
1675
2406
1002
3688
2363
970
2536
739
767
3936
1448
1314
954
1195
584
610
254
3817
2080
1774
2722
3543
1625
1114
1766
3637
759
3534
4386
589
2641
4518
329
3108
3375
4101
3514
2949
3897
2838
4409
4543
750
3446
2725
2714
3079
1444
2006
338
2252
409
2464
2361
4749
4701
3131
4416
1318
3499
1989
2438
2522
185
4931
44
3958
2948
2221
3757
147
3149
1182
4084
2621
2939
705
767
1581
4646
4288
3409
1735
4612
3919
584
2772
3325
2181
4972
2364
1770
230
4244
2754
1182
1716
4624
1429
3384
1079
3874
4505
3055
3378
4998
121
4280
153
1944
3699
833
1255
3898
2357
3758
1855
2140
2623
3688
1778
2350
4110
1220
4995
3727
694
485
462
4303
3669
4630
2779
4188
1240
764
2327
116
2162
2545
4025
2058
1124
4480
967
4536
2535
1529
2736
2014
3724
3680
4997
438
2257
4139
3579
1888
3094
23
4027
1568
162
892
1395
3849
3384
3882
1874
1538
4217
2444
2473
2066
3330
2985
3138
3820
2741
3940
435
4451
2850
2213
2681
2490
2841
1383
4917
4443
396
4625
3383
3720
4039
2002
1548
1212
3209
644
851
2946
4316
1442
3544
689
4460
728
4544
3495
384
119
378
376
1595
3564
3270
2338
3031
732
1028
1086
621
3881
1766
2154
4147
460
3598
4105
4139
775
1573
4094
640
4392
2860
189
1739
3462
3238
4634
3635
4558
3179
4307
3106
1145
2981
4072
3549
358
4488
3256
2759
4913
223
773
1268
846
2613
3892
1104
564
648
1885
1931
4644
3456
2764
1400
586
2295
1108
4963
929
4125
3562
3108
997
1989
2819
3589
222
2941
1806
4662
3614
588
2764
90
830
3395
1014
24
1468
4033
1857
908
1184
4962
2536
2691
2892
4930
1173
4836
114
393
63
4645
522
123
4012
7
437
1188
3292
293
29
3640
905
3778
1582
3216
4243
3317
312
1944
1997
2666
3062
2928
3945
1676
1740
3819
2602
691
670
4754
4339
4380
3430
2296
2515
1795
2200
142
2063
990
4818
4602
4150
4417
4572
1451
1094
537
891
461
625
3185
4542
4906
872
2102
4634
313
2131
1132
2756
1735
2200
693
808
2253
195
2239
382
605
3428
170
137
3776
584
2245
1
3309
4946
4004
3577
4675
3065
3631
1921
4226
1762
2303
4340
1668
4034
3352
1960
1188
803
4922
3138
3341
4353
1265
2674
3690
2544
593
3663
4606
3910
1874
1222
203
4605
2379
3958
1065
1890
3592
3913
2412
4472
357
1699
307
2285
2181
3927
4029
2518
2622
144
534
652
516
3908
4280
316
908
3110
921
3041
4490
3395
3067
4480
3644
3491
3653
669
2332
2623
1151
2831
4706
474
3168
3165
2601
4107
4212
3807
1873
2723
3848
1053
2531
4381
389
2406
3432
3840
4362
3734
1677
802
1165
4861
1677
2877
3843
634
1748
745
1126
3641
3157
3696
3134
259
287
4153
69
2766
4808
4151
4845
1132
3750
3454
2403
2188
2751
4133
3074
4224
2491
767
3274
4139
1021
1906
2108
3632
3667
1470
2677
4825
3965
807
904
371
2947
562
3348
2499
2495
3942
4720
4505
4870
2503
3984
3888
4256
4215
1547
874
3358
2388
4922
3622
4489
533
4451
4436
3467
465
658
2212
2075
719
2865
2473
1830
4925
59
1868
4064
1680
1211
808
2240
796
2015
3427
237
1430
840
2855
588
2171
1477
4402
1588
1460
4087
1363
484
2635
875
3985
3049
4159
245
4956
3851
2174
4237
4968
3493
21
3343
2901
4835
1403
2453
3986
1424
4586
2813
3292
2414
3385
3951
2792
275
4840
4543
1161
3027
2369
1943
4302
3553
3986
2790
618
3621
4008
3000
2494
3515
2061
1091
4825
525
4771
1715
2852
3473
783
4339
4939
705
910
2733
3589
2238
4093
3560
2656
2710
3423
1359
2706
1063
1805
2773
1476
2411
3135
2794
1386
4171
948
370
1183
2146
4111
2121
2384
2491
4613
1309
1650
730
856
353
3033
4188
1958
2526
2881
35
2706
2539
3351
3626
671
3702
1295
207
4163
3609
887
4646
3014
3414
4650
3953
2075
2515
2038
1118
1417
210
2611
4910
4613
560
350
2945
1039
4257
1761
4787
648
2881
4640
212
3479
640
147
2723
3310
2061
3645
4640
1270
215
3510
4926
4935
467
2224
2799
2127
727
4489
1285
4078
711
4642
1421
1962
1673
121
3413
4499
1885
4995
2667
4161
3232
2589
1270
1757
3427
1655
3251
3202
2039
1562
4027
1591
1597
845
2362
2835
3662
2698
1698
4887
1826
2880
4215
2935
3625
4237
1417
4855
862
984
4667
2475
4282
1417
1133
2500
583
3528
441
1694
1545
1903
520
4322
4222
3632
1761
1113
1827
3562
499
4053
3115
217
1646
3124
4672
3723
564
2097
3181
828
2985
905
3245
3114
1781
870
1442
4843
2561
857
583
2355
968
2947
4239
4245
1181
3434
2381
4816
4553
3429
522
3156
534
1080
4714
3488
4882
1216
4458
3711
3063
4101
246
218
1131
348
412
4584
2183
2269
3773
625
3931
703
2745
4484
4948
2430
746
3635
3894
1205
2040
2345
4690
1080
3940
3580
4478
1243
3967
2294
2244
285
4314
3860
2824
3085
2623
767
3168
2547
1781
955
1904
4072
2683
2765
4354
2140
3526
3690
4433
2788
4147
347
4692
14
585
3259
976
3131
1188
1777
1256
1312
3041
1862
190
1146
2937
1389
2931
3252
2065
2452
2061
2312
660
4664
2145
624
1450
3195
2285
1679
1146
3507
2156
3277
1075
3697
1763
4506
4265
2244
2151
444
24
2603
4926
2835
1376
2771
378
142
3360
2134
4822
720
2567
4874
4065
4689
2414
881
3575
2389
1845
1312
2506
938
4903
4641
2779
2776
4773
406
1818
2140
2005
3519
1529
1399
889
3739
3037
3489
489
570
3810
2019
3638
4230
1211
1516
347
4561
2347
2953
1305
4219
4157
399
2073
98
2971
2526
4287
3652
4753
1021
4629
1146
2535
2568
3307
829
4719
218
2901
2338
1267
2991
2938
555
3658
2836
1032
1481
1528
1236
3919
1239
2323
3731
1605
2030
3680
3414
3405
1688
4953
3997
4016
1808
4389
4892
1236
1755
1136
4353
2929
909
3859
3349
4771
1346
1544
2601
2644
868
4414
4875
2215
2028
4757
827
4000
4779
2972
2865
4554
2740
1975
4178
4077
3724
3366
4013
2693
3051
1435
3122
627
2458
1670
4200
3197
4718
655
2691
2084
743
713
1372
2489
592
3757
863
792
2885
1379
3300
1876
1401
3507
2720
3906
815
2352
4570
4695
1097
4770
2087
163
4270
4303
2455
3791
3277
4585
4534
2566
2098
3515
1708
1857
4858
3084
3860
1178
3736
3383
1447
170
2158
364
3196
4619
3527
2
4766
4526
146
1871
3807
2068
4239
1236
1556
4947
4479
2574
1795
3124
2184
4888
1710
1093
4148
2604
2454
3869
4214
2986
2167
4732
2429
2076
2786
934
267
1761
3996
2102
3320
707
3709
2307
1354
1962
3764
1300
2742
4865
4942
4766
4909
866
1525
3489
857
3170
2354
4140
2048
601
186
3719
904
3827
2867
3132
2729
501
3115
1237
2107
1857
4369
2997
1721
3434
2962
1281
1181
3340
462
373
1142
1162
1589
3983
4061
2290
4621
3836
3723
1200
4348
478
4834
716
3946
830
3826
2067
4202
3579
4957
4466
644
3906
4231
2664
2523
4748
3361
4370
805
3642
487
1930
1209
1388
2686
445
2547
4186
3449
1167
1658
1402
3051
315
1843
222
3363
1384
2559
2211
3700
3916
4488
1861
3314
2966
250
2869
488
4413
4774
3602
306
3418
1539
1986
1115
1540
2228
867
4743
4744
3428
4421
755
766
3672
2858
210
3524
116
596
873
3105
1486
1970
398
1722
2485
2442
1387
1318
1712
4640
1530
4720
4706
2798
2962
1153
1925
2398
2720
4584
3658
2316
3455
2453
673
3500
1367
2286
3326
4060
4509
2508
3706
1442
3432
2375
3760
1587
1192
844
3889
2801
1479
1599
3512
1513
4518
2224
1366
4306
4382
1653
3855
2607
624
302
371
1144
4274
3100
2837
2910
1120
668
1691
1892
3121
3555
4820
3757
535
1554
4008
3351
2835
4750
1884
3563
1725
2811
2733
2724
2481
4237
3716
2822
3404
2785
1509
2124
149
560
249
192
3638
1636
4101
3729
1720
650
143
600
3518
2875
715
3162
4389
3017
4367
4604
2063
1395
2769
257
4019
862
4817
2352
4732
164
2252
3009
3014
617
4223
175
4620
1752
232
4251
4452
4786
4372
829
2551
700
2690
946
2546
4627
4601
1451
4709
916
2886
1226
3940
643
740
1084
4097
505
164
535
4571
4207
2198
3392
3554
2019
4115
3032
3616
4592
4661
4499
282
1444
580
3947
1891
4051
2238
1017
4870
3059
822
545
1841
995
4941
4645
4169
3926
3616
4100
4117
1216
4587
4258
546
206
632
650
2677
2581
548
2007
2759
60
550
2115
2963
3228
488
3609
2925
1332
2594
160
537
4581
3103
4549
858
2608
4923
3613
1279
2095
4019
2368
935
340
2822
3622
4050
1766
649
1300
2756
115
2773
90
1085
4431
2486
2916
1059
3364
4199
2171
976
748
3632
944
2192
2290
3849
416
4157
4482
2036
2664
1446
3193
2736
2228
4473
149
4086
140
2433
158
1466
819
4952
1764
1326
1324
3944
1361
1872
3366
7
1146
2244
2869
1209
2063
939
1838
2105
3540
1389
1032
4169
1839
1378
2244
3065
2829
4096
1549
3626
1278
3525
3839
1115
798
2105
2901
4358
4249
1904
4165
1850
1563
3651
2125
3534
2691
2438
2647
2765
2759
390
4026
3414
3893
1465
3522
2870
3004
3306
1969
2190
4847
780
4794
2515
3306
4282
403
3727
3776
2293
4061
3953
4738
3893
4864
4554
4225
2741
3477
2841
3147
4898
887
685
2012
4605
4307
1992
561
4186
4373
2441
3711
1624
2194
151
3752
4739
4351
340
2961
4337
2096
4088
4551
3887
4468
4136
102
4180
4872
2475
1081
2786
2978
1601
1588
2189
1098
3579
432
1131
4223
133
2790
152
3054
2196
4145
2022
612
1892
2694
3285
2582
4760
1604
4182
3936
4110
2927
1410
2649
2050
842
2365
1203
2559
3578
1386
3891
1412
4669
4607
4397
1052
3891
302
2057
1749
4863
4832
2780
1132
1102
1580
3971
1861
4360
2972
2173
1026
3380
1815
1152
9
1817
2130
2372
1887
1542
309
747
1355
3570
527
2581
703
4012
4602
2293
2885
3332
1413
2638
1896
2816
613
1065
1115
4707
3919
4108
3918
964
2145
2278
3814
4014
393
2670
3297
1586
2947
3578
496
3143
4577
1103
3909
2955
4516
2631
4400
1696
4985
1819
2474
2685
3141
619
335
2771
3690
4493
3867
1921
551
387
2182
2300
2015
990
1613
112
4724
2176
3962
3837
2313
596
4278
1691
3991
4899
2651
60
1824
2060
525
4757
2297
2122
2319
2909
3198
4007
1985
317
4949
1422
845
776
1050
3872
748
3236
3293
571
64
2984
4915
2102
2917
2026
2468
1642
4543
2003
494
702
2542
2194
527
3439
3438
211
809
2042
574
4922
4406
2225
1834
4818
1118
3803
4380
2547
272
2559
2207
1547
4991
2961
187
786
1088
4268
3174
955
475
1145
1474
1137
1159
1788
4567
2281
2383
1459
2807
4197
3391
1831
643
3425
1849
4404
1888
3099
3277
599
1058
2520
2649
3749
65
578
2940
4932
4909
4027
876
4203
1271
3808
1553
1790
3325
1598
2805
1948
784
2404
3540
333
4894
1326
2391
3001
693
215
3323
4162
3214
4734
4524
2686
4828
4624
1470
1534
1388
4929
4262
3212
782
4225
4969
1890
2682
4512
2723
1696
3911
1601
1256
1032
100
1630
1903
3835
947
2924
3812
700
4194
3482
71
2850
103
1136
2307
1484
1668
4470
2835
1042
961
2664
1601
1612
275
4211
1869
4262
916
2198
460
543
3826
2746
1897
4728
2214
3427
2770
360
664
3234
3527
4892
1235
257
1568
4619
1818
860
3615
1633
533
7
2214
3155
1199
1372
3253
3644
835
3629
1943
3360
2688
4153
1075
4590
3108
3976
2077
1604
2670
4911
3070
3535
1046
2959
2753
2190
4831
1895
4996
1814
1882
3682
271
705
4292
2401
1696
1996
3460
4822
4326
4105
3138
214
1517
1241
419
1902
1600
4579
4256
1008
4504
3288
3270
2378
368
1437
4675
3285
4365
3722
4575
683
4794
2592
1443
3648
2601
3502
2500
3329
2301
952
1041
2044
3528
2836
1095
485
1653
2222
2732
4986
1760
2381
3673
2688
2039
3037
4529
2486
4894
798
3404
4540
4695
2436
2755
3543
2886
3989
1248
2649
425
2302
980
867
4859
3454
2181
4928
3346
295
4753
3942
3600
3004
3965
4145
3601
4241
2095
2249
195
3818
4532
699
1618
2035
4433
2832
164
3323
3389
372
460
1544
4659
2154
1595
3319
4872
1859
911
369
1684
4662
4026
1935
4623
16
139
3160
4590
3056
2343
4517
562
3923
2998
4781
2404
2441
2021
374
4825
4985
2550
1664
2996
4928
1016
3403
4699
2717
1880
3483
1322
1573
4833
4614
4784
298
291
2841
4932
3155
4294
1546
1020
3809
3814
2601
3337
2541
700
4673
590
4708
3496
264
2951
4455
4149
1195
2400
360
3335
2503
272
2111
1621
3085
3200
2582
4112
4197
2914
1714
1057
200
4312
2778
3181
870
3465
1997
1801
2779
2705
4150
237
3920
4038
4775
2113
4357
2593
3857
837
1730
1571
4754
3404
2241
1839
2473
640
390
1351
3637
774
3528
4543
305
4645
1832
4516
4932
4155
63
2792
3559
3259
3961
568
2620
1095
1901
2953
722
1786
237
1071
2361
4830
4672
1018
80
1602
2330
4240
1068
2239
2925
1002
4424
4106
4769
404
4410
4963
3310
3531
2804
3297
4207
1961
1869
1302
3921
859
4036
2020
4144
4024
19
2697
2531
748
4353
510
1352
2120
3071
56
2791
1518
4548
1433
115
799
2353
216
4896
4769
1511
3781
1078
482
3016
3321
2492
1236
668
4419
4057
3328
2468
1790
323
4950
4857
520
3115
346
419
1554
950
3988
1065
1662
4020
2982
408
4272
3257
4028
4570
1653
4249
638
3971
278
2940
4012
767
984
228
1623
2286
2431
1791
4940
1505
2070
1040
4194
2593
2202
4351
2673
4539
4770
337
154
1314
819
3736
1034
2250
2619
52
2987
835
4671
4262
3438
3383
2576
323
3752
2343
4207
1134
1952
3566
139
200
3450
4608
2209
2793
4536
3525
38
2132
1665
2275
512
2988
2912
634
645
3365
4740
136
3352
1820
1730
4419
4533
3374
4702
2729
1333
870
147
3552
2498
3578
2535
4379
2210
2841
852
3506
3042
2642
3546
2847
4092
4640
1545
3023
1051
1609
4193
4984
809
4471
2462
4862
2682
2620
3226
4787
97
4913
3092
3802
1841
12
473
4380
218
292
187
2219
4509
2122
1470
308
1045
126
3862
4665
1045
21
1396
1806
1448
967
4158
4815
1465
716
791
736
690
3439
1836
3179
1732
2801
3594
516
975
2346
2607
2634
2738
4285
4523
894
1686
2742
4132
692
3695
2630
376
4994
1940
43
1645
3217
3858
3712
4991
1093
156
582
429
1605
1669
1471
1290
923
1882
3375
767
3758
4779
2874
3618
4631
2266
2847
3502
547
369
3530
4989
132
541
2131
532
851
2455
2813
3067
387
1530
1185
4814
3701
1591
2390
3125
3345
3436
4173
4958
181
4793
1074
2782
2176
4497
1685
3355
1761
1759
747
3263
3569
2411
1199
1350
4569
1500
3133
4005
2863
2316
2385
3789
4314
683
1750
2623
4018
1972
3933
3064
4370
101
1823
470
2694
1599
4173
3267
2614
1230
478
4967
3391
3792
1755
4911
3529
3912
1077
172
1604
3534
2222
617
1071
3921
4332
260
4251
4842
424
3301
1655
3998
2110
1713
158
2237
4167
1652
4408
3083
3736
1219
2177
4206
4375
4308
530
1385
3531
1920
2066
2764
288
4802
458
1908
1403
3649
3024
4186
1777
1300
1129
847
1436
1940
794
2637
1941
3454
1672
846
4574
555
3926
654
1680
4056
3612
2055
4245
4114
1504
999
1645
259
4064
4170
1339
2017
3505
3535
3090
3209
4583
4607
4602
4797
4788
2129
4544
1630
3903
2760
1229
4127
4900
3793
225
2037
3965
3765
678
3789
4346
876
877
2605
287
133
4611
2653
3661
2043
350
1132
4476
3656
1100
4628
3588
4029
2474
929
1371
1039
4596
2363
746
4312
582
2759
2603
2982
2343
2596
924
450
4462
1452
4683
3124
4022
4499
74
725
4755
2828
1946
2455
1726
1436
3935
4556
1664
2907
2145
4989
1317
3702
1724
725
57
579
2707
1405
2402
3525
1249
428
4877
3360
1294
2547
94
2398
4191
3907
3639
3843
1067
4680
4213
560
3039
2469
1405
4071
4051
135
3757
347
4016
962
4388
529
1033
1525
3884
111
1324
645
4449
2328
4706
3711
544
1758
3220
738
4913
1910
273
2870
2581
2972
848
862
4036
3766
2613
3207
2133
2768
1466
2535
3127
798
2264
2732
2195
3014
2331
185
4578
2329
4446
2078
1287
1262
4164
820
407
3181
1548
4632
1006
2682
1806
1884
2989
796
4672
1587
1356
953
38
3571
4663
2001
4972
21
811
1340
4624
1409
2069
1918
1715
1434
4900
649
1736
4990
1836
3360
210
352
2939
657
415
2895
1062
1458
742
1337
2422
2953
1775
3883
3333
4370
2463
2582
3727
2240
1920
2628
4271
2714
1795
4792
3737
3426
1483
2983
4961
4273
1249
3303
2714
2614
1321
3782
1613
1048
2008
4141
2729
2958
4944
295
2227
2418
244
1381
4012
3838
2309
315
2990
3641
1832
1893
3393
4624
3927
22
14
4341
1765
4852
2319
758
1795
2177
2177
483
2846
4556
3808
1511
693
1903
3486
2049
4662
4437
4435
331
1197
3122
569
1708
1937
2915
2113
2969
364
4793
3142
3982
3658
54
4520
2314
2504
2942
4911
3523
2132
4430
1200
4614
738
4207
741
4917
4722
2496
906
2049
3111
4209
3625
2196
3351
2626
835
3641
4525
3982
2936
3354
851
4393
4756
2780
3719
2436
510
438
4135
2918
769
4424
2984
637
4557
507
3372
2354
1780
3584
1478
2743
2880
4358
1005
252
1658
3749
4561
3279
2984
2622
2140
496
27
4622
4067
4089
1410
2827
2436
4181
2666
3968
4489
3978
3204
2792
4231
2767
3373
340
4710
4802
2213
1875
3290
2369
436
1191
1191
589
103
559
2047
4537
2698
2109
2422
4399
1130
82
1878
3689
2450
671
4279
1428
3627
2517
3697
13
2593
4207
3737
4458
3277
3291
1508
3001
4757
2061
2318
3604
393
44
4125
4749
862
3060
2661
2099
2022
2850
4401
3288
2872
673
1451
1352
4668
1733
2024
1108
113
4135
4618
3146
1502
3283
843
1665
3973
284
4664
2656
2089
2822
609
2049
3968
1084
4468
2663
2672
3675
3131
2709
161
2299
128
2616
819
989
1876
3500
1754
326
4236
1827
615
1712
3286
4736
3946
4476
607
1565
1936
3964
3042
421
1269
1253
1485
41
600
1518
4417
514
4979
1930
676
3641
3101
4707
4102
4139
2761
2031
4483
3830
1907
1047
4179
1728
3697
2066
3408
3862
4411
206
279
1124
3242
3743
3517
3023
2118
3637
1871
1710
3272
1500
2763
2697
4126
3634
4770
4041
444
4842
784
2901
3592
1194
4125
2231
2224
2994
2345
1560
2354
3331
1501
2528
2113
3826
3083
4932
358
2037
4571
2306
4781
4500
682
3826
4566
1849
3658
1590
4979
943
4822
1057
4765
1821
1260
398
2740
1522
2512
887
521
1241
3349
2130
2264
941
1715
403
176
2051
2539
3824
1411
2120
1705
2484
2797
260
1877
319
254
3661
4260
793
3864
186
3630
4686
98
717
967
4471
2382
1838
3211
2217
1619
334
4775
2420
4927
3380
1608
2048
3770
4783
988
2017
3185
4641
2764
664
4479
284
692
485
4134
187
500
4389
414
3136
1228
3579
852
1882
4339
2939
3825
753
3513
4550
2939
66
3474
453
4310
4895
1032
3027
4274
2237
859
3635
3746
4484
4475
2501
2089
4688
426
520
1766
4276
4671
2774
2426
96
3163
1115
2802
4400
31
380
2794
3679
899
4495
196
2274
1864
4233
316
2440
3526
4205
4559
845
877
1888
3777
4829
2387
4896
2566
2291
3966
3323
3551
1615
1892
3444
1270
155
2502
3088
1198
4777
1180
1894
558
3089
1337
4423
1933
4587
2736
627
2287
2800
4629
633
1930
1147
1480
1552
4515
4045
2609
1832
4774
2932
1537
4929
924
4250
4376
3531
2070
3690
1709
4497
2003
4156
3952
2648
4394
3239
4115
19
862
152
1661
1891
4314
191
2837
1771
2174
4391
3992
2046
4835
3539
4670
357
2435
3347
2973
2448
2628
2424
4216
4319
1808
3489
735
1826
2431
2926
4515
4778
2191
3787
4171
2682
2731
702
4935
3929
517
3367
474
375
2727
4868
1306
4903
3046
4436
3428
4708
4329
4563
638
3632
3788
519
4013
287
2477
3493
564
2882
773
1198
2469
4636
716
3086
4622
2370
2453
4490
3935
2651
2229
424
594
3842
4915
4971
939
2979
3580
349
4436
550
3684
3764
4639
78
3260
2487
3793
756
1284
369
29
3412
348
2640
2485
4523
1195
3051
1774
2797
4763
4932
1413
3913
1115
1066
370
3932
1741
4279
3256
4312
3152
1061
3228
2432
2578
694
3438
4064
2237
13
4312
3227
2128
2473
3057
3287
4999
3827
2232
764
4168
3582
1475
940
2648
3849
4224
4724
1980
111
2936
2900
1909
454
2605
264
2538
1047
113
4465
843
1896
373
4987
2258
1505
82
855
4690
3390
2283
1929
603
2567
167
344
3603
1159
2762
266
2206
3161
2131
3120
423
488
831
441
578
1668
4804
1074
1749
673
3471
4042
2755
395
2928
3531
2467
1614
1411
4289
4202
1105
539
3663
259
847
4166
3015
4592
3071
4828
4465
2064
3391
476
1096
2665
3604
1814
2796
1127
4062
755
3685
3596
4235
2026
4632
2339
1722
2778
1518
4416
3942
1126
3143
1711
2013
1680
499
3117
319
4762
814
2401
2331
2232
103
2594
1829
1976
1647
4778
2586
724
3892
1652
4471
3506
829
3940
198
1087
3448
4404
2080
1469
3919
4291
784
2756
1562
1143
24
1714
3011
2697
1301
3088
1843
4106
3981
2325
1351
1976
4784
4362
2340
1893
2217
588
4508
4911
4669
2242
2760
2845
4916
3893
3765
641
3696
4214
2361
3552
3671
2932
3320
215
2318
4585
1325
1617
3575
4572
99
2346
1826
3322
4020
1817
825
4146
3179
728
2905
3265
2381
4564
2478
1052
802
2792
624
314
3151
4252
295
3335
3487
1192
4319
3379
4204
574
3613
2379
851
3513
1619
4937
3068
1392
1137
1593
4070
3150
957
4006
2730
3700
1999
2795
3508
4810
3275
815
2142
877
1992
2985
4838
553
150
2301
27
4078
2252
1883
1196
1260
1819
1461
641
3110
944
4493
2326
21
266
4684
2944
2168
2847
3685
288
2401
1805
3321
3810
1226
2658
2168
2500
3038
3310
4544
4685
194
4051
4070
1704
4369
1773
4781
1646
4948
4481
796
4398
2508
1143
3898
4094
1121
4260
1829
2254
2826
21
4908
4911
731
2284
1573
833
2915
2318
5
1413
979
1804
1519
2073
1605
4203
4841
3376
1958
2919
427
4444
2031
3801
3672
2301
233
1009
3710
4158
1744
2931
2078
1102
2206
125
1268
1846
4966
2192
2951
3528
1947
3370
4799
1644
4415
1797
2798
363
2909
912
372
3835
2914
506
2787
1083
953
2179
3385
4862
611
112
3286
477
2331
470
920
2760
4398
1026
905
1677
2658
480
2613
1154
1645
4501
1420
3406
1797
3150
2273
1055
1360
956
858
115
4871
343
3269
2010
3380
3424
2234
3005
3209
1509
3411
75
3042
57
2394
316
293
4855
1798
4802
3109
4803
828
4169
450
1553
1357
1669
396
217
3288
1563
2860
4550
4247
33
2155
3592
2502
618
668
836
1976
335
3424
3093
107
4468
1489
1494
4116
437
250
4969
918
3558
4297
4720
1605
397
1368
1
716
4311
4455
2578
4407
2931
2637
3882
703
3078
116
4189
3195
4258
275
1274
4188
1879
2164
3806
1853
3474
4168
610
4638
2315
3846
4294
2480
1834
2716
139
1302
3830
4913
3484
2708
1825
570
784
3084
1501
1290
4984
3003
1021
1359
3069
4277
2467
3394
4951
2246
4838
2607
1588
3358
2476
2741
3896
4489
2402
4348
353
2013
3801
423
310
2438
1037
2407
234
4450
671
1687
1438
168
917
3768
2953
3193
410
730
3927
639
1737
3073
770
2558
963
1145
4229
3789
799
3783
2050
3605
235
1221
2390
2981
1675
2964
870
2613
2417
3536
2695
206
545
422
1918
2512
1406
2071
1597
3632
1609
3518
4655
2446
3853
2937
494
3637
3282
2966
3283
3160
3710
837
3707
4888
2869
1244
3696
4733
2411
3292
3978
1865
2280
824
4908
1456
1111
1675
4584
752
4346
2102
616
4790
3692
4091
2676
2217
1860
4
3500
74
4253
4254
1710
1834
2187
2549
4730
3254
2025
4129
891
3431
110
3571
4312
1912
3249
1354
4843
1944
4314
4755
2173
4024
3252
748
1317
3544
1747
4316
3467
1144
1966
3688
3945
3586
2340
261
1729
1430
4134
4905
4683
2040
1884
4769
637
3150
1723
3573
253
2111
2656
3551
2798
3948
1718
2060
4432
997
3872
2189
13
2819
885
1422
20
2102
4861
4517
3628
4809
4438
1666
2079
2183
2197
3032
1086
935
4178
4610
4779
462
1629
4079
1255
943
4677
1480
71
2328
2431
3331
4723
1588
3219
4706
1330
1332
2175
966
2321
553
8
1375
2388
3993
3801
2537
1821
2190
219
1355
1949
89
3988
3164
4155
4140
3730
207
234
3130
4309
3276
3470
3537
2320
3044
333
1948
1676
32
4897
3851
2797
1721
3012
1498
2129
4405
1943
4858
170
4141
3731
4003
2351
958
1331
3820
4479
3971
1984
2655
2003
3059
3604
1427
4584
2593
3360
4028
2004
2825
1583
2667
1577
4971
1826
4298
1153
3702
2954
4140
4099
2572
2226
25
2407
4603
3471
989
2780
4487
695
1815
1798
4367
1571
591
4965
4461
4195
169
1292
1424
3294
3085
2228
2603
617
4782
2951
1880
4553
4136
469
1615
1129
3916
583
4840
2396
4701
2692
2311
3449
4039
4171
105
2379
1347
1781
3590
1522
3275
3462
843
2478
4528
2631
2501
3281
1687
4915
4999
1753
2894
962
1499
564
172
2818
3161
1464
1459
3743
1507
239
2212
732
4682
4679
3731
2081
2393
120
2980
4914
4153
2581
2739
4438
957
2415
4089
4486
1955
1112
2432
3185
4320
256
157
4948
2683
4366
2088
2516
4377
4509
3581
3082
318
504
4315
380
85
1285
2997
3152
703
1414
2501
2873
642
1898
2105
83
4913
1297
3428
3853
3802
1167
3140
813
2169
3206
45
161
3050
3024
2180
411
4506
584
4064
4555
3190
1031
1472
3833
3166
2247
1037
1247
2831
935
1409
2022
1083
424
4598
4460
4313
1163
2243
2397
2768
889
2118
1895
2902
4483
4583
4474
3027
553
2824
2097
3173
511
2332
1428
3866
3930
1780
39
2584
2519
4674
1981
4872
282
4109
3843
1059
1804
714
4761
1457
1916
2567
1054
1533
688
2532
4189
3179
1127
1821
844
986
1473
2332
682
3493
4335
3018
3205
3830
2452
2185
958
3335
3973
1188
3495
1849
2332
4276
2955
2911
4182
3022
2710
4997
1860
3014
2441
4707
1849
4477
1670
666
3407
4996
4060
4036
1191
4415
2441
2752
1024
179
4479
700
4672
2517
1852
3820
2969
1026
308
2278
2702
969
2353
1979
4368
4545
1885
3766
4139
372
4731
2798
4145
1796
2864
2256
3288
2050
1557
3300
2786
4585
2865
2814
4365
1240
4372
1574
2093
2468
1630
1492
1526
609
938
810
3793
3353
3474
2904
3665
1435
4445
2321
2946
1792
3827
1839
590
1026
3782
2010
79
2378
4046
2966
4513
4131
3175
3579
2194
434
1195
3866
1701
1346
2121
4927
4891
2139
2338
2101
3868
2041
2482
213
1903
572
2310
4376
1440
2309
1672
4773
3392
1522
3498
1822
3709
3995
3457
3063
4185
4894
2219
731
3539
3646
2216
4091
4112
3988
1322
3478
3115
380
3185
3054
3345
468
1104
709
4968
755
3977
2188
3382
283
4605
2564
4555
1115
1462
1722
2120
1049
324
3035
416
1165
2862
2043
4881
4949
1830
1579
2540
4761
4021
1467
2790
76
1374
1330
1418
1463
4264
361
997
4704
100
1842
1818
4874
3211
4197
1450
4297
2018
187
2134
158
2019
982
4731
3383
3441
365
2711
2050
3868
39
4943
4583
571
4593
3409
1386
4324
77
1899
3850
1772
4925
775
425
1906
2896
2032
3100
3142
913
545
490
1653
3732
299
2058
4184
2563
419
4910
1149
3615
4125
157
3844
3116
675
3358
4954
1465
3820
1607
1938
3817
764
3681
4193
2965
4752
1194
629
359
4397
2956
495
0
2430
3808
2133
4892
2001
1888
4702
1588
2089
353
3959
499
4088
152
280
4837
3282
2092
4860
3326
3162
4047
942
3844
2733
2018
4093
4864
3938
2297
765
800
3401
1223
819
3878
3491
2570
1969
3310
2707
3649
217
2347
2421
1818
4832
1907
1499
3192
3805
2431
3948
1687
1181
4766
590
2435
2817
3865
2461
131
122
539
3151
2178
3266
2026
1217
110
2209
637
4112
1828
116
3743
3535
2438
3006
3891
4968
2802
2499
2960
2189
3698
4220
2700
2783
2421
2973
2471
130
46
2220
4826
2921
3314
1079
622
3390
1599
1472
4710
1072
2581
4501
3435
4042
4109
4568
2589
4896
1305
1383
4315
4939
3070
4971
684
1740
3419
2902
4899
1615
441
4977
4064
4528
1591
1207
500
1513
1528
1360
3695
2859
2990
3520
3500
4393
73
2917
192
3996
313
4712
2160
4353
3919
2102
2936
3428
3548
3497
4605
1622
932
3878
1742
187
2580
4489
4471
992
3146
2913
3966
2830
315
2638
1762
3120
4252
4945
1441
627
4446
3294
103
3031
2735
4264
143
519
2081
416
606
1989
1977
4947
869
19
1834
3085
3565
303
1357
4349
3282
1948
3622
120
1188
4080
4396
2461
1155
2036
3810
3322
1764
3434
45
4461
712
430
4603
1624
2868
4203
3284
2283
1441
3005
1315
1378
3431
531
10
1361
1043
1042
311
3095
3866
1003
4264
2357
3990
3969
2613
2204
1272
1254
4185
2730
609
2138
749
2773
2975
1013
2015
194
4763
3531
2814
1655
3494
3969
4893
3660
3972
4770
344
1338
109
952
152
2353
401
4144
4499
4284
440
2401
2638
1374
4256
1181
3605
4163
2266
1357
999
1834
1039
1998
1222
4099
643
3040
4117
1139
309
3692
3768
3870
1171
800
4233
921
1485
1260
4053
2253
1501
1146
2002
1018
4980
4380
1116
11
4052
1537
2333
2303
1054
921
4612
4127
668
620
4208
3881
4680
1976
2155
2571
4512
2032
1286
1603
2499
3518
1749
2839
1467
2707
1278
2507
2122
1025
1089
2448
516
3482
1918
2050
3307
4653
2166
1358
3824
3398
4910
2573
4104
2256
4633
3557
4805
4930
1447
4154
926
3784
4127
3313
4764
2063
3663
1397
82
2519
811
523
570
4350
656
4511
4125
1539
2683
2811
1322
2006
2637
4747
3580
1820
647
869
4083
1134
3762
4191
3333
4376
469
1342
4642
4186
2691
2379
4079
784
3526
3640
2196
3335
2845
858
4183
730
1093
3349
4470
2072
2088
4114
4914
4589
4036
4913
2549
4462
2938
83
2163
3903
4804
1386
4077
2272
728
943
3949
3208
2555
2633
1005
1051
1812
1555
672
921
4432
3341
1058
3608
4519
1885
816
2382
1546
1824
4918
3495
1527
767
1342
777
4624
285
3671
393
3192
4565
1870
1534
2514
2989
2681
4937
2351
4426
4186
135
2723
2662
3735
3555
3226
3623
1787
1835
4426
4969
4262
2545
4152
1196
4737
3613
4423
2229
2435
3834
904
1011
1114
3786
2761
3915
3395
184
1408
1033
1041
4522
1853
1437
3433
1387
2095
1987
4576
1647
1928
274
3305
602
3966
1387
1942
3924
4906
994
1594
1308
3553
1629
3978
3744
3491
1788
3436
3849
4913
1120
133
1679
1324
3029
1241
4683
1740
2011
745
2557
3693
2068
997
4720
1188
802
480
3154
697
1554
3133
700
4821
846
1355
4475
4035
1011
1151
1403
4002
1459
2166
662
988
3520
2052
2371
2994
3481
2444
3993
786
2098
4633
1619
3346
3225
4402
1972
49
1557
1035
366
3878
150
3993
1605
2830
2784
4975
1753
1631
994
3717
352
4606
2666
2738
338
827
1503
3143
88
3167
2875
837
1631
245
3363
1396
1431
3523
2981
1132
2732
2259
3079
2946
4229
3699
4562
421
4669
107
4879
3394
3584
4701
532
3823
2918
3186
2355
4744
3907
4843
1327
4376
1142
3484
4384
3748
930
282
2263
765
676
624
727
277
487
4361
1235
2470
4183
2989
3092
1755
2137
1927
1615
4736
4547
4181
3940
1477
3120
3220
1199
1141
436
2394
2679
3915
226
115
2238
2253
1605
3431
1695
3358
1428
2965
1987
3683
3113
2152
4577
4081
1367
23
1612
336
4298
3939
1014
2555
3651
3911
169
845
4479
117
425
1496
3252
997
1947
2972
2721
600
3417
1056
2721
2343
4262
4937
3974
879
4246
1909
1948
4760
3746
5
497
4847
4180
3848
3667
3841
3033
2714
4021
2868
157
3821
1594
1463
3753
1917
2274
1411
4819
2922
2680
868
326
363
2324
3132
3935
3040
1610
3139
3014
4378
934
4386
2912
14
3778
1403
1887
1607
4822
3366
2586
259
3904
3765
1999
4988
2454
1973
4963
2845
4574
405
1012
2102
2728
3483
3896
2785
589
1101
1321
1124
2215
1169
4050
4287
1960
4755
2544
1229
3423
3149
4256
1260
3521
3540
231
1975
3426
281
528
2948
3187
3706
4615
3667
2847
4738
2068
1966
1220
4014
2529
3948
2220
4758
3781
4782
4533
1216
1650
4530
207
3127
3505
3522
1045
926
667
883
2710
268
721
2130
558
360
2307
4048
1308
4877
2062
33
666
835
455
3443
3875
2013
328
3010
4537
1791
1097
3749
1882
2340
2424
3575
2701
1904
5000
1906
3239
2000
4166
2692
3143
3698
357
3351
1280
372
3851
746
2349
1753
1388
4074
2728
4206
3648
4567
3529
4590
4389
3775
4266
462
2915
1395
2770
1304
3929
1946
2753
9
2709
2152
3963
3818
4368
1049
4494
40
4003
172
2322
971
4427
1976
1185
3912
1853
2025
4257
1895
556
1671
3170
2211
1317
3002
4897
378
1531
1220
2845
3368
2522
1425
2792
2021
3948
2539
3421
678
3115
2057
3520
855
167
425
4046
3719
4466
3021
2265
2705
3493
1221
1529
535
244
1650
4941
2168
3071
3647
3986
2091
4872
3462
2387
1905
3414
3145
285
3570
1505
4328
33
1985
2303
274
2547
2187
512
2643
4417
1572
1235
4441
199
1899
1019
3769
2392
240
1192
3108
1670
1388
3621
403
2134
2791
2457
1209
4996
1170
2851
2946
4089
4611
4564
2215
1128
1271
1479
1083
4172
3878
2145
4074
1003
3473
3746
3015
4136
1788
4236
1184
4019
3277
555
1209
1971
616
542
4078
568
3856
605
4430
4408
3037
1211
348
4274
3502
4513
373
3034
3538
3542
2394
1139
2467
4708
4831
342
1407
4334
4506
4183
812
2661
4293
3555
2671
4024
4406
886
4018
3895
180
1997
2308
1512
3770
4641
1329
2748
182
1995
400
3241
420
4228
3755
917
1899
4089
367
1090
4051
2381
3219
3884
2604
1015
457
3686
944
4434
4851
2048
4185
4263
4915
4988
3651
964
2017
4530
1607
2851
245
2795
2250
994
1331
4343
4575
3517
4139
3197
3719
1521
583
2715
4198
3355
893
534
2498
3064
2510
3135
4714
4266
2153
56
2853
39
4093
3787
2425
908
1019
2032
4382
1654
1269
2613
2428
598
2204
4534
429
3642
3453
1334
1552
2570
4940
2778
3668
1767
2320
3748
2631
1321
4688
3938
312
3816
3711
195
1727
188
4611
4857
2573
3426
3907
613
3079
775
4906
2388
505
3103
1215
4021
2757
2595
2969
1645
4739
3322
4759
3625
3493
2589
998
4833
4157
498
3036
3624
2211
2393
1363
1136
2297
1464
3224
1442
4935
1384
3546
344
4519
1617
4702
4764
3443
2679
133
447
3772
3851
709
335
4865
34
1847
3324
820
4641
4677
2432
2316
1348
426
4986
1233
250
3259
2813
415
2497
2363
1202
1809
1338
4195
607
1878
1566
4086
3275
4981
2906
2415
85
4057
1752
758
1298
2042
567
2709
1201
4004
712
836
1142
4220
628
2730
3238
4803
4798
3789
798
3271
3274
4022
1752
938
508
2
1870
2102
3243
1361
1429
541
1534
1298
1680
602
4588
1408
1459
1727
4285
1799
1460
4724
439
760
1262
4071
1807
3579
4249
2104
3032
2225
1572
3734
2862
2366
3664
4723
926
754
900
3764
4153
4568
1036
4316
497
2271
1028
1820
1953
4887
3621
1879
1303
2305
4741
3138
397
2698
330
1042
4920
1089
3370
3053
4004
4681
4718
4313
2211
451
5
3395
2921
2551
557
3549
1661
628
4402
210
3520
971
683
3825
4584
2323
2323
3537
4929
1359
661
4077
315
3052
1266
1006
1283
1104
2702
592
4572
3194
4696
3399
788
3637
2409
1973
67
3506
4042
2563
2210
4583
3990
65
4220
1002
907
3823
4509
1650
4208
4795
2227
3140
63
3191
135
2241
1721
828
1228
4258
410
3354
3276
3678
1314
1285
3666
2005
4050
1790
3531
1704
2419
1032
561
3192
987
3242
678
2242
2994
4769
3550
4555
514
4792
4876
2119
2737
4297
4215
2830
4995
4109
1307
4663
267
4598
4896
4461
4858
863
387
1503
401
4462
3077
1332
4620
2089
2270
4118
4082
4180
131
2517
4671
4122
1670
2968
2579
346
3546
1831
124
2872
1825
1495
3229
2319
3716
4127
2
1430
1265
3368
2638
1976
648
2883
559
1554
296
60
1320
1691
420
4896
1160
4857
441
4070
4651
3503
144
2431
1282
810
1941
2699
2764
1450
1202
2501
1108
3703
2672
493
4194
3921
4152
4486
2506
2007
3569
1554
232
378
4972
2753
1333
2557
3700
4817
4241
2918
4066
3908
4093
644
2615
4651
4971
2588
1100
2506
2575
543
152
893
3788
3148
1905
2977
1258
4343
2206
3658
3615
3083
430
2873
3043
3586
4913
4271
3849
2469
4013
3120
4428
1048
4867
1014
4010
3126
4538
474
1823
2059
949
1285
3035
4801
4792
3782
1734
3068
2666
2731
348
2531
3440
1341
3544
4813
1672
4741
4817
2386
2707
1516
1826
4286
2994
815
3609
3698
1542
235
842
4280
3818
4550
529
1461
2069
4383
3083
4295
1928
1387
4817
3237
389
4327
2190
4263
4866
2847
4203
1115
3289
3281
1968
3063
427
1095
1924
739
745
2337
80
3518
763
2367
2196
758
4922
4083
1350
401
263
763
3494
4783
1894
877
3159
2831
2605
3732
4009
3857
4000
4259
1663
3644
4211
1206
4337
2948
4511
4110
2115
4776
4415
4153
4241
4716
1370
2089
3889
3711
2734
2148
4104
66
1434
4043
4997
501
4887
2356
396
1507
2563
856
4856
586
3253
928
2830
4803
1111
742
1063
1
4694
2624
2414
1824
3898
1601
4937
188
1267
3890
1673
3585
341
1777
2031
4472
3397
1272
4636
3709
3404
3815
4774
3582
1428
2534
1240
2113
1196
3547
1773
2998
790
3985
4853
3143
3531
4919
400
2434
2719
1839
4533
2290
3410
3389
482
454
261
3865
805
2179
1274
4146
2165
3942
1410
4396
4943
1556
2769
1997
525
4748
2692
2829
4352
3855
4364
2517
4734
3086
4477
841
2906
2171
4496
4911
433
4882
4966
728
4422
732
732
1769
514
2421
2178
3768
3829
1758
4412
710
4830
1289
2451
3167
924
4973
1951
1708
1425
2621
3208
1205
3966
347
2223
575
4030
1500
1273
3475
2891
235
1920
4630
2030
1673
1237
875
3112
2112
312
3298
3867
1802
4270
1022
1107
2019
1367
3197
815
3964
4175
616
789
1168
1545
3193
2306
1513
188
4186
406
1235
988
4172
3963
2124
3098
1659
4729
4970
3486
1741
3249
277
2773
3957
2509
1191
2137
4938
2984
2821
760
544
4068
2221
3683
4906
4379
2803
2928
3169
4325
2945
2290
4485
869
921
2406
3081
2881
3679
871
1986
4549
1678
1244
1540
4954
841
621
869
4596
686
1526
470
4998
2670
3794
4874
2171
379
288
692
3220
4670
3190
2661
407
1456
2520
3266
4272
599
2552
1778
2287
288
1164
757
2951
1095
2098
1981
1943
2618
4601
4205
4584
151
3949
4459
3060
3383
3370
2456
3051
4269
412
2833
607
4806
4664
360
2554
3222
595
1010
3944
1279
2998
2943
4694
3216
2712
2584
2830
2881
840
1888
2399
113
392
2254
1831
4812
4325
2075
4513
3857
990
3023
3976
1494
87
1330
2646
1049
3817
4601
1723
4107
2638
1166
3503
2646
3889
2500
1275
3785
1746
3622
2006
4307
3436
1137
1248
2236
2575
749
3284
137
722
4704
2013
3799
1137
1520
4903
3384
2055
4888
936
3999
417
853
4817
4325
3504
2558
2648
3939
4467
3303
4574
841
3103
3564
1090
2240
947
2581
1891
1387
2518
387
38
3840
893
759
4287
3971
3750
2150
4752
563
3889
274
3970
3301
2982
4722
1394
4218
887
1494
2039
1659
1021
4595
296
1183
4445
1977
1649
1461
3491
4277
2607
95
746
877
185
1345
1358
1063
3599
466
3292
4917
397
1674
2808
546
1746
3164
4118
1236
265
3839
2131
3909
3738
403
1782
3768
4620
4724
4180
932
2050
4888
4981
3340
3591
3738
778
789
4919
4570
3290
3490
316
4230
1218
2436
3344
3603
1330
3491
3637
1320
4710
2171
1578
1170
243
1716
4837
3288
938
3281
4056
2030
2519
1621
3501
4060
2862
3229
3876
3412
1639
4649
2216
4009
1927
197
1199
2674
79
2068
2464
1835
322
102
900
198
1119
1125
2355
2523
2664
1408
83
2782
386
13
3857
1208
3636
721
768
2551
2147
3074
4355
3881
4130
122
1364
234
1354
198
4941
3660
4298
2984
3591
2792
2623
513
4976
455
3441
1867
3151
1628
1741
1148
4629
618
3059
2803
932
1170
813
3958
1266
2092
4696
1863
4566
1458
3570
848
1889
1341
411
1505
2116
985
523
3371
2496
2728
364
1612
1179
4037
2968
1182
1168
576
1929
2269
613
1605
1414
4874
3822
139
136
3224
2872
2042
2990
4286
3820
1126
1806
1493
1510
1063
482
810
3588
2153
1609
484
2722
2399
3946
289
1658
730
3929
1272
2477
3838
300
2953
572
1782
3197
4600
934
4957
2971
3072
2183
1753
63
1113
1171
4789
4790
210
30
431
3334
1983
399
4100
4366
46
1312
3363
4124
1369
1043
21
49
1148
1426
4422
4479
4647
1995
785
359
4628
1051
2369
138
3959
4038
994
4527
2977
2468
1425
4062
1537
4066
4806
4632
1305
4671
1809
3451
957
1174
4553
3775
1461
252
1741
815
3848
3924
2188
1549
338
3347
4953
4539
4018
4311
2009
1594
3478
273
1991
2822
2686
3861
4515
2063
4653
4962
4958
4589
538
2898
3157
959
3828
4422
1330
4666
2508
2748
3759
1432
1520
227
2034
784
3303
1298
513
2056
512
3069
341
19
3
1589
3495
175
1373
3375
1776
1117
3916
1381
1798
2981
4964
4959
1805
555
1199
2640
4117
2913
4594
3847
2330
190
279
257
2205
1462
4709
2537
1458
2228
185
2698
1788
4805
2735
2506
501
2045
1965
2983
4773
1720
1222
2271
1968
96
3115
3047
3627
4266
4269
3584
1814
1940
2512
2169
2226
2825
3725
2309
4254
717
4098
1623
249
1403
525
559
802
2104
2742
3945
2288
2134
4016
4294
3503
1183
2183
2458
946
12
1265
2621
1229
4336
442
4644
4906
891
3129
4390
3732
1788
3697
378
1465
473
4531
4339
1820
3538
4872
132
4629
1786
4070
3992
1840
2294
3341
4680
3001
3321
2398
206
2833
2839
764
397
1492
3281
626
3245
637
3150
2019
4676
1480
421
1515
1607
4353
3729
2841
3362
3176
344
4724
2947
3673
685
517
3648
494
106
760
3065
1911
4684
607
966
4386
4761
2700
1631
2313
714
192
2623
2117
1255
455
137
4396
4046
1885
732
192
4747
422
4357
3393
659
4096
2152
4477
1996
681
4272
3346
2839
4774
4451
2556
2981
2647
1063
4998
3155
4165
2201
4337
4840
2686
2111
549
34
4466
1891
2538
2032
3991
2282
4077
4066
2079
1810
1250
2019
2297
1400
2767
1684
1229
4973
3956
2479
800
1025
3253
1485
3063
4007
1427
1344
4746
2393
3311
83
1076
1165
4575
176
2887
3200
3547
430
3624
2103
3146
4673
1855
3507
1852
4802
4853
414
3329
2394
3105
1655
952
1829
3527
1297
1179
3323
276
4811
2053
2912
959
3477
2650
4841
3962
531
2657
3230
1120
2746
4523
276
4604
4642
3194
4416
747
4607
410
1042
4997
4202
1992
1829
817
159
4049
1688
2045
3598
2932
2933
3588
1186
2469
4437
4349
1683
3197
682
2265
3703
360
2389
3333
3906
3921
207
4158
3548
141
2401
196
2117
669
2096
4459
1771
2523
2063
2769
3328
1331
128
2438
3465
3471
1363
3259
2550
2997
2172
1300
1870
2488
2969
939
3678
1362
106
3810
2864
3808
1093
4879
937
1799
3046
156
2281
3879
824
523
3482
3279
1251
146
3498
2283
578
4913
4169
4228
2522
2327
4042
2164
1000
733
810
249
4095
3434
4712
4066
1322
3557
1356
2453
3638
2919
65
4686
4925
2688
3794
1572
4215
1954
859
3453
3702
4714
3590
4984
12
4079
430
573
3296
1509
183
2847
1635
4401
1251
2780
2484
1608
4362
992
1500
230
3720
3202
56
3102
3929
1766
3150
3929
3895
1033
1463
1992
2410
87
1748
3354
3038
2662
315
1606
4255
78
2863
1207
3385
2031
3101
2281
1010
4023
2486
3605
4697
4829
1076
3245
2082
4287
3524
920
3332
3982
4431
385
4640
4447
1940
1898
1432
1374
2043
2840
2483
2927
4448
4184
3577
3630
3665
3120
1653
2469
2315
1646
3593
4119
2528
4678
3412
1165
2496
1472
2837
4053
1359
1080
1899
3818
1622
2832
3881
4540
4032
136
634
4745
3007
4977
833
1307
2563
4450
1501
2139
4003
3996
4518
4935
501
843
4437
526
1712
4823
4003
2086
3080
1
3893
935
2429
2266
195
2168
1240
4710
4609
3013
4800
135
2631
4859
2776
3525
2900
3041
4515
3129
3719
5000
2449
2609
4042
2402
479
1190
3976
2405
2626
3375
3361
3146
2770
4508
3042
3668
587
2488
2204
4271
1736
1280
4235
2661
985
2861
303
1404
1301
444
4777
993
2372
4293
3412
4072
752
4067
2096
118
3772
3484
3558
4673
1502
4575
801
1635
837
2488
103
62
28
1780
2211
2387
3473
1378
1759
2036
248
4139
2021
3545
2972
3816
2963
4004
3198
1277
2562
3757
4903
4619
1355
4662
1226
1294
1726
4517
2242
412
798
2763
4057
2860
4183
4189
1156
4789
1404
2007
1283
3013
723
3975
1119
1057
4701
4008
1357
4679
2504
4863
1848
1648
2524
2329
3516
3232
686
4068
1598
1551
4130
210
2284
4904
4522
4164
4508
1577
1723
3816
1209
3118
1538
3185
4004
4039
2194
3634
1679
3956
705
3604
3027
1995
1862
1532
895
2828
3811
2680
1217
3041
2284
1995
4528
2672
1540
2702
1137
1617
4738
4013
1163
2740
4529
3815
3373
2057
1068
3363
3682
4429
3541
780
2701
2881
2962
3637
2943
911
4446
3865
1803
4949
3364
3096
4972
676
1609
3062
690
3859
1520
791
4856
1829
2500
4919
3606
2121
3136
1056
581
2161
4105
1814
2586
3138
602
4544
4703
1666
4238
3032
72
4815
1612
2746
823
1628
3635
4899
3592
1657
415
170
4648
3089
443
3972
3528
3150
4205
4842
1917
1024
2200
679
2972
971
2366
3218
2810
1417
2588
2676
2655
548
356
361
3544
1214
3344
388
3295
1172
2953
3807
1971
1770
2540
1800
1699
1192
1968
3895
1880
3455
2735
2328
4319
124
4152
3355
3887
4270
3271
952
1781
2720
670
824
3505
3306
2194
3858
590
2694
4417
1713
702
3981
655
2272
4371
4945
2327
2987
4349
3287
1840
1109
4437
1755
3198
833
4630
4088
348
475
2592
3387
2091
4032
2912
2844
284
4383
595
2761
1069
4364
2527
1847
2536
2794
3703
2529
5
4531
324
4110
3624
3002
3666
3324
3350
4591
2089
765
342
3718
1784
380
1295
4097
4505
1796
3297
697
366
2177
1014
2483
4120
1283
420
4278
2638
2271
255
3220
2785
1838
89
2903
3443
876
2574
4025
4388
1045
2726
737
3780
3595
772
70
442
3012
1354
3540
1712
4526
2857
4387
1896
3849
3110
4676
3103
2170
489
2626
1455
4328
2448
4460
2959
792
1298
1661
790
1049
2582
3002
1954
323
2039
2489
1676
4119
1140
2425
2054
1066
2550
2702
1046
3371
423
1292
1805
4905
2880
2103
3335
228
4942
1956
32
2092
952
535
2946
2574
4932
1178
3384
1146
1497
4744
3417
4518
2520
196
2014
3923
3141
4112
4074
177
3635
1913
2594
2903
600
3691
26
4431
2651
2766
3511
738
1333
4418
4208
141
461
141
877
1632
2548
4169
2272
326
4701
1291
1070
4589
2357
3441
3265
1882
3259
678
3506
308
1305
1264
4643
11
2778
2326
578
1780
4825
3791
998
462
3028
3092
94
1325
390
1420
480
3454
805
1850
761
31
1735
2589
2439
2065
3600
4710
3969
2213
1784
1380
3657
1464
2812
3019
1109
1472
1867
2945
1921
3200
3502
285
2874
1668
1844
4816
2123
4450
3196
4476
166
1018
144
3268
857
2023
1071
3597
4666
654
652
4164
1844
3767
125
330
3777
1021
637
740
183
598
4911
3571
388
3136
1108
865
2339
582
1439
698
2884
2768
4749
3494
585
2287
113
1079
2510
1173
2454
3266
2262
365
4684
4915
174
2669
3627
1678
4737
2804
736
1198
456
571
1755
33
4898
206
1335
4607
4577
228
4119
342
2649
1777
2736
2387
332
1732
2493
1234
1366
3967
4908
2760
3514
3064
3046
2347
1295
3443
2011
2637
3505
4759
798
2681
4865
1460
1856
2293
762
666
552
3591
3882
477
1774
448
377
4407
1969
4107
2948
1810
2935
3415
1600
2219
4196
1674
3603
2396
3357
2448
3663
75
1510
3587
187
49
690
1417
4563
4537
2934
748
3755
1916
1359
1503
2617
4552
1975
1274
3321
3847
3585
416
2793
307
3879
4122
1673
4964
237
4195
2488
720
2289
757
4322
3350
4335
1328
1375
4457
3292
3869
2647
3378
2076
298
4693
3775
1548
1583
4907
1431
3754
2312
4969
4883
4796
2123
1243
498
1727
4223
761
1878
2418
1779
789
2471
728
3862
2570
3726
2631
2234
3518
2788
1
2917
3705
3242
2697
2181
3478
4351
2285
1316
1061
1393
2201
4874
2547
3887
2807
4017
26
3230
908
1649
3402
2743
1238
3494
4169
373
4127
518
1740
1714
4113
3730
1085
3899
1233
860
4531
1680
2924
2335
3195
900
1526
4706
1164
459
3291
2982
2123
2012
1292
4750
2718
1497
4189
2925
720
1868
3977
4295
4097
3141
3966
223
4630
3947
1169
4156
4368
1053
104
1070
3873
2644
436
2288
2322
4641
2846
4343
4774
2263
607
604
3638
157
65
2844
4470
582
2274
1556
4135
2352
4565
3554
1430
3104
4828
3590
636
1008
666
1227
4654
153
4914
4851
1898
1165
4445
52
2577
274
3525
3499
1435
37
2741
255
4244
2208
4151
1672
3306
4291
379
3246
4102
2897
1680
1881
1369
1506
1606
2603
3007
3603
2252
3595
3644
2291
4448
4712
1553
275
3891
3091
3717
3863
2799
1765
2356
1027
3239
799
2098
4955
4078
1164
2238
4542
264
318
4581
2920
2748
3254
3566
1477
4204
3063
1093
4595
1213
3186
3502
1851
4843
3795
1273
125
4958
805
499
1809
963
1426
2899
4949
721
2402
4091
3786
1506
1561
110
4125
1000
2546
3919
952
1578
1799
824
675
2590
871
939
217
105
1061
3655
4678
972
388
4431
2098
450
4801
4778
4901
3659
395
334
1557
3298
973
3665
1543
569
742
2119
3553
4103
281
3329
4257
1669
1162
468
1096
669
2918
2634
4564
2447
4165
196
1266
2370
4541
1156
664
3170
2362
2968
3283
1224
2452
2700
4258
2883
2468
1147
709
889
4629
1742
3403
204
1361
2917
2760
3224
724
3514
2587
1471
3168
4353
2520
4273
3599
4545
1385
2461
2076
963
216
2513
157
1598
2063
327
3329
1810
3291
4944
2839
4067
2525
1373
3676
4996
2070
1120
658
2748
1292
3408
1844
3760
4547
670
2444
3386
4060
106
3070
1269
1434
374
1382
4194
1337
3861
1393
3559
3256
1174
1543
798
1469
4860
3154
4440
3350
1324
4867
3610
2713
2510
4331
4473
725
3828
2132
1101
3636
4913
3905
894
2209
1802
3360
97
1293
226
4705
2722
3898
4743
210
3902
2557
2098
3587
3714
4733
440
4274
1964
1813
3226
4836
3729
4812
750
3771
1169
4244
3313
4288
1689
2192
2989
676
796
2201
3690
2753
4233
3530
3912
4129
4496
2322
1470
3645
1529
3495
1819
951
4525
2785
14
2330
725
1120
4522
165
816
833
1691
1111
2092
1344
4896
4393
226
1945
3340
202
943
3481
441
2165
3829
950
2184
4075
2772
1132
1530
2568
4228
1451
2680
455
469
2152
2960
2998
1842
1816
2166
3010
249
966
2928
1375
183
3633
2432
4478
784
4780
4880
4161
4611
2481
509
2829
1742
2024
1626
4218
4086
3055
2643
1998
2542
4607
745
508
4331
3946
1379
3103
266
1451
132
1485
4556
3602
3501
3564
850
1640
723
3102
3109
1464
4280
1860
2616
3360
3542
2249
4071
54
3877
4804
3514
1707
2719
3505
1580
3925
2442
309
44
2807
3860
1050
4244
1570
3152
1500
2618
4507
2823
1006
2194
4821
3756
3614
587
3667
4757
4963
2427
2015
2105
20
32
1932
4828
2827
4343
224
4636
3305
4374
1715
3687
4111
4662
2831
2225
3335
3811
156
365
2234
2238
1693
267
4727
2015
4748
129
3574
2891
2543
2930
4194
3779
3561
903
3523
1731
207
4857
2564
4309
3653
1247
199
4961
4778
4487
2547
3843
2322
4870
4703
1325
4903
2383
253
333
4604
1943
2661
126
3173
2489
3281
3707
4158
2399
4269
3037
2162
4935
1491
3731
4750
2309
541
2191
4519
1143
3983
840
3070
2293
3248
1368
4845
2343
1683
4382
1038
4823
1061
3099
1461
1901
4512
829
224
604
201
3553
1606
3267
33
792
4217
2234
3950
3568
1514
1563
875
2239
2172
3306
1102
4551
1822
2090
3600
1736
643
880
2855
4640
4303
1053
2677
2944
2882
4661
1065
2248
1322
139
1176
157
3776
4959
4391
2898
4421
784
895
1067
585
3370
4527
1025
4048
3372
4650
3284
3036
343
4718
653
2030
1671
2713
301
4302
3565
1494
3927
3260
2738
3263
613
3519
4807
1111
2875
4857
4884
4185
3
2408
3251
1597
4648
2693
924
4555
55
4922
3172
1974
2107
3204
2465
3849
2044
4251
2008
4306
4348
1906
2572
3942
1369
1918
3015
4429
1483
1490
1756
3910
2013
2105
249
478
4304
3390
3525
1719
4762
1634
2940
525
214
1062
3238
1279
243
2364
3116
2497
1103
3436
2105
4019
2506
1130
138
3467
923
4120
3835
496
2812
2558
2238
3171
2996
3744
2856
4833
4915
573
3236
3121
3231
946
3587
2948
3263
2604
565
1099
529
3966
2780
4158
3002
2008
4588
309
3508
4070
1385
4900
2160
4907
485
928
3578
4265
401
484
4286
4993
4181
3555
2624
122
84
281
2324
4915
1522
824
4582
3731
1883
2994
4885
1416
2812
172
901
3242
991
492
4818
2267
3034
1770
2512
3028
4893
2941
2366
1942
3809
1481
2585
90
3097
1708
1099
4553
1840
934
2301
3114
1714
437
1176
3026
2369
3021
319
1824
4522
3408
4484
2881
3246
347
2274
4559
1373
4038
3977
4670
2610
381
3778
2900
1241
1578
837
3253
2040
980
1232
3491
1124
2538
2626
4211
4967
1519
59
2057
588
3000
3420
4710
3131
444
2587
1375
3570
4865
363
3894
747
3304
4515
4498
1468
4263
3468
239
3705
4367
363
1874
2175
3842
3582
3751
984
1569
2135
3704
3198
1110
2782
2333
4873
3351
709
2810
322
279
1612
347
1796
3973
2556
4252
1685
741
3375
585
2433
4486
1535
795
1560
989
4732
4562
442
1839
1696
3812
3355
3490
4222
3259
3157
3650
899
1254
57
1945
4210
419
2875
1839
193
2989
2677
1842
1273
3562
311
4349
2375
4560
57
927
1161
3966
2466
576
563
636
602
4268
3735
401
3819
3951
3509
3574
3137
3195
1443
3140
1108
274
4038
537
1593
4321
2699
3158
3343
2914
993
1287
338
678
1442
4941
4665
3916
2343
2582
3092
23
323
2700
901
873
2523
3150
4818
1535
3780
4411
2474
3992
962
2714
4522
2934
1955
2094
3612
2882
3657
2053
347
1674
2050
4139
531
3920
2196
4210
2423
4261
1532
2277
1690
3212
777
4154
1713
3743
4739
4460
464
4751
2619
4544
4051
386
2619
3242
2929
2918
823
3657
2678
665
447
4347
3462
3861
1281
4317
984
1633
4603
2766
1798
627
3511
4800
730
681
3040
44
1590
569
586
3586
1932
2162
4273
1934
3791
2637
4370
4363
3985
2039
4462
2146
3633
3566
2131
2158
1833
4522
3300
3739
267
2238
3605
2578
129
2519
1339
793
3387
1857
2803
1033
1315
4518
185
1541
3001
1272
1006
1000
4840
187
4812
1876
960
1860
1257
2347
4436
3520
660
2784
4646
105
2823
2906
4740
2275
4822
4032
902
2413
2469
531
252
2229
1399
1059
2023
419
2933
3864
1732
1129
2830
166
3934
1716
586
1724
1349
4083
4678
2856
2746
22
3738
3489
4476
4361
63
1318
4115
194
3556
2236
408
2812
3512
2509
204
4987
572
3116
4150
3990
2154
3245
1807
1763
1737
1684
1562
2985
2525
2936
2417
3720
2184
959
4235
2022
1225
1877
3052
1955
4490
357
2665
1279
774
151
2747
3762
3564
3331
1037
4656
4216
3390
4918
620
1727
4446
4477
1364
1139
2709
4131
2525
3296
3041
771
4629
794
4572
1923
470
21
3422
4892
3038
992
2518
4839
1974
2277
3527
3199
4358
4417
1182
3249
986
1934
255
2698
4868
1222
2205
175
564
2643
4257
285
2600
4864
3419
3169
1686
4013
1891
3993
1084
1482
2613
4971
1752
4019
4496
1941
4339
518
2251
405
403
1633
561
88
530
1143
1500
800
917
4913
1874
2097
1727
1667
1852
3087
2657
993
2625
4091
1014
1283
2557
2421
110
1437
4122
2557
3871
790
4257
486
4557
3040
1536
3579
2870
1009
1753
2670
1251
1540
2976
1122
3074
1669
4017
3498
2571
3245
3813
1273
1019
976
498
2811
4493
781
4951
4520
1039
454
4935
3382
4144
4601
4599
3563
4581
194
4721
311
1968
1390
1471
969
2616
4578
3080
320
344
4146
3836
3838
2558
2612
230
588
800
1742
4221
4034
4087
2458
3943
1599
940
256
3316
3106
3605
4076
2999
3216
2968
3745
4252
4415
3707
4553
1528
4824
1763
2433
1627
3480
3973
1174
2578
3693
4274
4936
4786
2091
1908
3066
4065
887
4972
3772
1702
2431
2596
4211
1931
2519
935
1700
4503
3869
412
3061
4883
1679
3689
1767
1967
2958
2941
407
3974
500
860
4087
3882
593
3101
2753
961
1236
1098
4659
1462
2832
2223
2040
4117
3124
662
3543
2468
3312
644
4882
3265
3957
1998
4684
0
1249
2201
308
1407
4783
664
4162
1878
1759
2595
2194
1056
736
3692
962
1312
3513
660
3147
1204
4683
3116
1447
1160
2749
670
3446
192
4904
187
510
1188
934
203
2544
4018
1872
3579
4483
2393
4186
4481
210
822
4480
1002
3819
4641
5
1314
201
4082
2383
4907
1052
3727
2569
1719
4456
2227
1279
814
2969
3861
3139
3353
2548
3194
2002
564
4970
2752
2419
1764
4756
3777
1885
4973
4416
511
4221
3775
2787
1866
1494
2116
1647
1919
4746
4710
1453
2571
1419
3090
4989
4434
4010
3026
2565
2273
4295
2362
1087
1707
4329
4607
2753
4304
4703
3951
1736
3121
863
4724
3205
4774
405
1899
1627
342
1082
2058
3352
4631
4947
725
208
4311
973
1749
3278
1241
3354
1931
274
80
5
3106
3212
2508
2999
884
1161
2295
1922
2179
4618
3388
499
1619
2044
2755
531
3888
1624
1792
1554
549
720
2039
1953
1071
3948
3708
4280
3868
1108
4729
4760
28
4964
1064
4588
3495
2128
2450
4383
28
2990
4255
2444
2886
4871
1735
4348
1015
4794
3451
1886
2039
3394
4977
3288
3563
2305
799
4539
981
2895
1179
1420
2386
4876
4185
3007
4688
2670
4377
4161
4131
3078
2406
2830
4595
2496
1218
1498
4208
2437
4628
3492
840
2975
1054
1266
1183
1331
3957
178
4869
3866
4915
1843
4774
2858
3506
1306
2738
3663
4783
4626
2902
1629
3705
681
2981
184
1224
2421
1317
1155
1306
2246
2874
2801
2480
4094
2044
7
868
345
4138
1451
4540
2238
4303
3332
3528
1623
4697
249
3953
2620
3089
3769
1320
2181
2854
760
3664
406
2971
3680
1281
3192
4429
2366
1254
4193
4764
237
3428
2392
416
3400
1997
1567
3909
2376
3105
1526
4100
1039
3542
2335
473
179
4300
3609
2462
4699
1587
4824
1837
1497
4242
4716
1976
4503
619
3922
878
1998
4143
1835
494
779
2366
3040
1880
3153
4480
3829
1509
47
4199
2503
83
4088
434
4275
3350
296
3068
378
356
4084
1401
2515
4260
3362
2578
2710
4751
1450
4488
886
3993
4855
2509
3216
4523
3090
306
4428
3574
3937
3494
2462
706
4469
2449
2673
4267
1643
4761
3030
5
4758
3902
4379
576
4704
4001
1480
514
19
1527
4797
2926
920
3220
4878
1586
4053
3415
1517
605
1010
4117
591
3751
1538
2112
2381
4754
739
1327
2506
3962
3764
213
2558
3848
2615
3832
437
577
1789
1714
3120
1979
15
1630
2457
3744
297
1410
181
4940
1016
3003
1061
3639
4237
3203
3501
2953
4057
2327
2013
4127
1203
343
4680
1692
3751
1719
938
1380
3249
4378
692
4121
3674
3965
4953
1722
2436
3582
3314
3646
3073
2331
4717
1932
1042
1953
4276
369
703
3439
3663
4350
1144
1855
2947
4830
3268
1385
127
229
4035
2131
3946
96
1409
2484
4619
1234
1183
2029
3875
3929
2329
4563
769
3032
4462
1936
856
1332
4714
868
4810
3988
1136
3632
44
2181
3033
831
2897
2898
2144
4444
4348
1847
1905
789
4495
3879
3681
567
4029
1524
499
3809
2643
3739
1133
671
1996
4344
1282
3714
3597
4849
3651
3339
2470
4841
2586
1282
1970
3812
1035
3556
1448
1541
707
217
1376
810
3425
3840
2489
3302
3854
2703
1319
614
2962
4670
3030
402
90
3363
1755
3348
2182
3750
1486
533
3456
3051
3467
2949
2081
176
1968
2803
4931
4649
3585
3928
30
4851
3613
2554
4945
1491
3002
2996
3207
1494
212
4653
1131
2761
4100
4536
1803
3994
3234
1106
3383
3795
1236
44
2163
2978
4652
2383
1843
500
982
4215
4219
1304
539
2718
3360
3000
1317
3078
2003
4641
1284
2116
3325
2814
23
2455
3418
2515
521
1847
3469
2144
4620
3390
4813
984
4727
247
4303
425
4110
1063
4220
4647
1817
4228
52
506
2172
329
4430
4069
3256
3877
3685
2764
3403
4974
4886
4143
3393
2795
4291
3555
3674
1823
2433
1311
863
2864
135
3517
4337
4949
4055
1536
4844
3704
2028
2994
547
478
3661
730
1268
3581
859
3382
2596
4153
430
4833
4406
292
1200
895
173
3012
4168
2521
2078
4952
4529
2141
1560
530
1001
3717
4795
3809
502
4812
4582
3856
2038
4983
548
231
3205
4418
862
4676
1696
803
1428
3332
358
709
1424
1508
2162
1574
4205
2719
2357
1270
4028
3617
1911
1510
3069
457
3726
1947
4013
4439
4904
1671
1302
704
1586
2799
4345
4551
3638
1368
4516
132
2321
687
2565
4698
4581
1464
1819
2092
2285
1148
790
1242
3445
4048
2914
747
4248
1659
1806
181
2046
708
1406
3945
456
4837
1752
2259
4785
3597
3565
1453
595
3974
2456
2982
3152
2583
2115
2161
90
224
1872
3642
3105
1079
3370
106
2521
2713
1460
57
2599
2998
2684
801
2088
385
2168
2894
3992
2180
1784
905
1191
2382
1623
4595
162
1050
2159
202
2657
1468
613
515
711
3750
906
2695
2661
1783
2677
3354
486
2979
3829
1618
109
4923
2633
507
2548
2966
1189
2593
2143
3515
4706
3935
648
2908
4555
2432
2407
4946
1432
2912
4798
2978
4566
201
1880
3097
4312
3150
470
2492
4384
1907
2224
1839
2878
4161
3524
4055
4268
4586
3084
1731
2422
2267
2340
4622
74
3679
769
3361
4597
1750
1156
3731
1801
4252
3802
4811
2722
2031
3962
2742
1097
1844
1803
3234
2243
3415
2190
2996
2529
2750
2943
552
3197
3877
2950
2935
4683
3806
847
3874
3015
2769
2265
4473
1409
803
899
835
4555
2667
1282
3072
951
4519
789
2002
4237
3236
1345
1992
3664
618
1252
1838
2246
3689
3468
2158
3779
1119
1674
1546
4279
3054
3720
3756
1043
3808
77
4547
3296
4757
4115
2052
307
43
3668
507
4031
3345
2109
4836
4087
1923
3081
35
2540
4922
2182
3278
1782
3156
3819
353
3885
4805
3211
2987
1741
743
2007
1013
264
2454
561
3103
2672
3184
4089
3435
368
4269
1228
2765
2637
147
3952
892
3939
3787
690
1538
3253
1339
974
703
3810
3453
1192
4267
2106
2390
3191
2977
1719
4111
184
1363
4804
2810
551
591
1074
4684
2321
1080
983
2377
2064
2179
2075
745
170
339
248
1778
3432
4031
607
3559
1379
1950
4004
1810
339
2126
499
1917
1894
2530
134
3112
1246
1284
873
289
4828
4946
3025
1662
295
4452
2491
2195
2693
4872
3319
1202
3700
2089
1288
297
3773
3548
766
3296
2504
3837
1103
1596
4308
4469
147
3511
4512
3883
490
1028
206
4451
2448
4898
2937
3325
2015
4354
1683
4521
4323
222
1538
2912
3944
3654
3087
1973
1810
1044
2087
3292
1092
2070
108
613
4664
4344
4481
2959
2682
3485
204
250
4195
3899
3703
1040
572
1725
2468
1902
699
368
628
2067
1395
4817
2028
2480
4377
4911
1727
2554
1910
804
4062
2419
4746
1531
618
1787
4669
854
3759
2388
1097
2438
2601
1492
3660
2248
4894
4688
4929
4454
1098
3983
2448
1987
271
1625
3619
2072
912
1778
4561
3973
1092
1426
3530
1662
1717
3950
1088
2854
2998
978
2253
2655
4418
3684
2881
547
4954
4994
2347
1305
1524
4767
1731
4225
1284
2343
1976
1703
4575
380
359
2191
2744
842
4825
446
4714
3086
1119
1211
3678
4395
3735
2175
4204
4771
2440
2631
3247
3713
178
2029
1485
1455
424
3331
4619
3947
309
2166
3135
256
278
3574
196
1160
1533
1847
3230
4223
3836
1907
4297
1929
4526
2380
4073
4132
4541
946
3039
1623
432
20
457
3438
3812
869
918
2522
1318
391
2009
1199
2396
4536
3401
2965
2579
1973
434
3863
2013
3989
1203
4062
3190
4908
2128
1711
1615
1478
23
3383
3949
4657
4451
2074
839
208
4079
3327
4974
4633
4332
3534
1047
309
2811
2808
2207
2358
1466
3484
1353
4277
1943
2490
560
1149
2960
2458
1593
2176
3357
475
4752
3116
1590
3886
2544
949
3061
258
545
4370
2502
3717
4409
2855
2635
248
565
1465
3212
4211
4220
3312
4950
4538
943
1416
4936
1624
4544
4440
4814
2678
4608
3692
2543
2749
596
1929
230
688
3636
3693
3840
2531
2632
846
1313
4509
2947
3178
446
3187
3468
4780
2786
646
1580
3739
1282
837
779
617
2239
4399
582
3533
2676
3790
1598
3042
570
101
221
522
2576
787
4041
3286
4519
3648
3221
2070
1508
3080
402
719
555
3897
1780
4782
1376
2071
154
4880
169
2552
4186
3871
301
1135
2
2774
3158
722
4070
1592
3350
2350
4518
919
1284
4953
293
4296
2856
1588
1951
4695
1862
325
4461
1688
3675
626
1573
4626
4694
4197
4694
776
1734
2235
3016
575
4700
112
4521
3167
848
2173
4817
1715
1795
3758
76
98
713
2589
4230
1557
2165
2436
88
4774
202
4364
2049
3338
4534
87
4759
320
833
1028
2430
4299
4727
3320
1244
4853
733
1394
3503
3621
393
1621
810
2674
1467
3058
253
2583
1262
4042
4534
4938
2019
3019
535
510
81
4480
595
4756
4015
2124
1807
595
1827
781
1757
3804
500
1459
1836
3437
1178
3559
4115
1763
3904
124
2250
568
1628
413
2118
4090
3709
1372
578
385
1287
2058
3809
2849
2472
3560
99
3691
1303
358
2614
919
329
1433
2489
3131
2918
2840
3541
4933
1225
1348
3623
77
4269
2159
2725
3729
1789
3222
1659
464
4909
763
4488
4270
2442
3562
2600
2103
4383
3501
386
3008
607
597
642
3326
849
4124
1016
355
3544
3373
682
3834
1566
3594
2663
2804
1101
1577
1667
3053
1042
2155
3382
3415
179
4190
1160
2454
1603
3468
1495
3814
665
4869
1746
1895
3565
3847
2604
3392
3311
2059
219
4943
2440
606
1521
1334
2791
3033
1595
3474
939
1950
3483
122
3431
3418
2454
3692
3934
2692
4501
624
1917
1058
2608
5
1756
3759
455
3768
2141
1536
4617
3273
4974
4916
3119
2277
2575
1558
1860
656
2090
4601
135
3537
2812
2450
1055
3602
3545
1572
2453
601
2706
1690
4972
2824
4951
3198
1781
2990
2454
3652
3884
2686
1141
4901
1345
206
4102
1001
374
400
224
1740
1333
463
2826
3945
4894
3277
4423
1367
3069
1059
389
1793
4505
758
194
3676
95
936
1652
170
3207
4196
2827
2200
789
4219
4988
413
35
3762
236
1150
4389
4299
2598
1613
1545
4830
3545
52
3285
796
3546
4633
1456
508
740
2665
1315
2957
891
1167
813
4730
2133
2858
1966
4635
2893
10
2941
715
2842
1670
938
822
3292
4468
1272
3881
1560
3124
1815
1075
4473
4989
2922
2847
618
408
4141
2120
2179
4317
4996
2534
3730
4429
4749
1343
829
2926
1912
3315
316
3894
1341
276
3059
3958
473
3603
3150
2481
2296
4923
1727
1710
777
3274
4167
2047
1742
2243
425
40
4383
2575
4401
1350
2658
284
3171
3910
1922
4748
2059
1364
470
4626
2949
1072
2579
2269
4771
1765
3891
3815
1470
199
1543
1732
3000
1214
3754
2949
1208
2358
647
4669
4369
3220
3562
4250
2081
420
1155
2644
3137
2679
1711
4623
3935
2141
1959
3099
3845
3437
1578
2037
4639
2016
4003
3379
4749
984
442
769
4019
4724
2872
608
1451
3697
3634
991
2946
2715
4969
3773
798
4199
3501
3428
575
3905
1357
1613
1632
314
3793
959
552
354
1240
449
1366
2842
1605
3822
4441
1539
1965
702
2909
3997
2627
2401
1749
2356
1878
304
2118
1733
1839
1661
3040
4007
3570
98
1332
2414
3682
4974
755
3570
2706
1648
2540
4953
3847
2487
2586
3720
2142
2569
1182
846
330
2657
3184
493
1358
2258
4997
4787
3814
1914
1076
2695
3273
3295
1905
4005
2571
4147
2127
2498
3899
3404
1472
632
1733
2820
632
4814
3549
1359
2430
4295
32
1432
4213
4264
4696
1159
2777
2209
1640
590
1393
4900
4817
2165
3804
2864
4715
4473
3154
2620
2600
3603
3810
4356
1581
3572
1786
3726
462
443
2056
3226
2116
2620
4505
4754
3962
3707
981
2812
4432
3707
3253
161
4289
322
795
1305
1281
2434
2112
4196
2681
2504
4910
2871
1291
2463
1211
3981
4847
932
1602
2615
2442
4163
1863
2595
611
2367
4443
4345
2268
3868
3661
536
2805
3006
2689
1556
2110
1708
4717
2576
635
117
1960
689
3275
616
1851
344
294
2282
1042
2893
4251
697
705
3312
1990
791
4275
1615
4336
3327
3458
1897
483
3616
567
160
1464
3550
1507
3312
151
4763
2039
266
609
3020
275
4100
2025
443
2792
1501
4555
1561
1107
991
3204
1961
825
1239
3007
3615
4475
2328
3522
465
4386
4256
2281
3364
4682
4304
4193
4998
4297
1195
518
3581
720
4934
980
1661
2123
3963
4370
2402
2549
4148
4401
554
3542
1695
450
4685
340
2676
1735
2536
3608
3650
408
2280
2995
4476
1168
4429
4293
870
4464
4154
635
1585
3627
3828
3433
3487
2372
447
3977
1580
572
4905
4064
3384
4107
706
3001
2605
2489
1226
2715
2518
3425
405
972
4307
4770
3289
1475
1411
1133
1507
3490
821
3445
4055
3823
2252
2531
1600
4546
1041
4822
3905
4865
4593
4649
1100
4006
2569
1332
3950
4616
4543
4658
1536
2139
616
2589
3982
3056
1414
3085
1811
2308
4109
4616
91
4392
1007
2491
1771
3135
1731
3859
2243
3743
1057
4870
2705
199
2243
3790
3554
4333
1021
565
2342
3223
73
905
2905
2727
3518
479
3303
1194
3772
4550
566
799
1949
675
1616
1459
3268
209
1019
1100
4345
2872
298
4606
1939
2777
3678
2935
4958
2344
3018
3273
3120
36
3698
3064
635
117
1250
1357
1067
401
3511
2572
4273
366
2292
498
3330
4764
647
3711
321
1443
1097
3314
1114
338
4299
3398
1063
2419
1279
766
4502
4562
3013
2543
948
786
114
144
4866
4413
2192
1632
3284
366
15
4441
2634
2990
4803
3372
4048
4000
4632
4169
367
868
4774
4510
3187
527
1093
1614
3223
1812
4819
148
2600
3598
209
22
2577
3052
1645
430
244
4050
4338
1473
4125
4488
3266
224
78
3598
2641
878
94
4069
1772
1210
1354
2709
3798
3934
4649
1376
3914
4856
1316
216
4523
2106
4048
1413
2814
4619
1347
2952
4682
3837
104
4255
1531
3232
2357
3075
3737
4424
4737
662
2096
908
4606
713
4682
2182
1299
1101
3467
4586
1245
4864
1007
3978
621
3592
1487
3186
612
3010
411
4057
2987
659
2848
176
3189
3808
2632
4681
4607
2742
2271
3088
1014
489
1210
1591
973
2036
1140
4864
1082
340
56
3473
4133
2758
594
4006
4340
1185
118
3685
3550
37
3068
1614
4031
4920
594
3703
1292
501
2826
86
3644
23
4436
87
4199
2952
1049
571
3649
1191
1814
2669
4112
3731
4879
4798
3123
1259
1819
1742
3085
3620
841
4827
4304
1608
197
3535
1884
3913
3577
1819
381
4963
1146
2230
1883
2582
180
1419
98
4118
1329
1805
2766
2725
4606
4167
4337
2033
1794
3320
4386
1865
1228
1295
3215
299
206
412
734
3663
1139
4359
68
3221
3467
3966
1248
3165
2587
2333
3591
4511
2515
4610
3134
2291
4376
3287
4374
507
3981
4968
261
801
3988
1738
1288
3525
4788
3897
3427
1187
674
3645
665
1313
1197
2469
2305
2794
2767
2338
4104
911
2308
1336
3502
1743
2509
4944
1674
1414
1644
1193
2436
2202
1903
2095
4724
1988
3530
3153
1141
4915
1892
617
3528
625
791
3027
3780
2661
3971
1346
5000
3386
1271
3157
506
3956
3803
1042
3712
4270
2046
4337
749
1651
569
4609
4766
524
114
4496
2680
1192
4437
1520
417
2545
1445
661
4793
1091
2860
1381
3593
1407
2951
3809
3018
2666
1933
4881
2310
4427
655
4780
4222
3942
353
1506
3597
127
2126
495
3293
2399
2176
346
4490
4467
3968
1045
305
2241
1876
2542
4269
2735
530
929
55
2926
1782
2445
376
1053
4592
4893
400
2773
1735
3991
2755
2047
1870
830
2762
755
3108
929
1007
3687
1326
1000
1357
546
258
3297
2487
1256
1707
775
3237
1269
3750
3622
4039
1766
395
252
138
1205
3345
3463
3538
4056
801
4845
4673
746
4291
759
4037
4661
4281
3888
4655
1757
1387
660
4219
962
1355
4332
1513
3208
3575
2245
3819
4519
4408
3959
2758
2928
3438
2329
3529
2122
2514
3844
645
1367
3953
2044
3852
4209
4000
1020
603
2669
540
1055
2784
1734
836
2234
1625
3371
2285
3484
2208
606
2865
4735
3584
3917
2315
4278
3935
2748
1287
1100
848
1726
1796
1657
459
715
2693
288
4521
2996
2581
1316
2842
2088
144
4715
4957
2748
2847
2572
818
1782
1383
1916
970
4461
3955
4809
3272
2386
1004
2684
1728
2648
4313
696
346
3354
707
1814
995
835
2681
1707
4894
442
1709
2692
1884
4886
2029
3155
1565
4744
2477
2844
827
2899
3723
1083
2509
1837
2063
3697
2820
756
923
2604
2908
4723
4590
1227
3571
4773
4902
4268
3036
653
3797
909
4093
1814
1092
4061
1914
4155
2313
3798
4699
584
567
2353
1206
3415
2795
1726
3875
3188
4380
2237
1512
2517
2075
1103
4078
430
54
851
4040
4522
2021
4774
2340
1397
4457
3911
3040
1894
2192
1757
4213
1698
1223
742
1147
4559
4009
2849
3067
3924
3229
650
2612
2615
495
4983
943
1272
2563
3864
1632
3635
4585
4615
3951
2025
1134
1779
4523
4852
1087
1697
4151
297
641
3469
3520
4105
4167
152
463
1621
4510
21
4712
1042
906
1893
3722
2260
821
1833
4688
3530
4176
3747
250
2694
4664
4650
4191
3593
1934
642
4742
3350
3814
3404
3536
694
2836
1206
1989
823
3259
328
2234
1562
1700
2306
3770
2521
4096
2906
687
2014
1461
215
2329
2662
4000
558
1125
525
4777
2545
2309
3837
3629
1594
689
3183
4132
247
3569
1459
4414
1689
4101
2657
2559
1989
950
3438
4548
4798
1585
4949
815
3273
4772
4532
1808
3199
1875
879
1494
457
674
2327
3399
4937
743
4065
3890
665
1676
1408
2161
3232
2116
3870
20
2259
4498
1852
3849
4042
4142
3715
3036
3457
2180
4925
1193
3760
1957
2916
674
1960
3209
4513
4981
2658
607
3316
420
681
4476
3329
2263
3902
1578
3527
785
6
3081
3286
2422
3941
4109
4822
4209
1004
18
4795
1181
1507
2217
1210
698
4083
1526
2761
4878
3352
1395
974
4973
2104
2961
3778
3236
1542
4472
1230
1465
3092
2227
3461
1800
923
3204
3880
3683
113
224
500
4176
797
4913
212
1494
1027
2488
4367
4063
3590
587
2431
246
420
2030
2842
2019
2858
2194
2257
1679
4568
3397
2925
2319
4532
1597
4207
916
2880
1987
655
3686
2599
3091
1806
448
2174
2923
2162
4199
2331
4869
863
3902
1928
844
3987
4999
1384
273
2680
4327
803
3158
4276
3481
925
4041
3970
837
2749
4725
4833
3185
1723
1702
2109
3565
231
1436
3102
3555
646
2416
2163
1355
2902
4494
3632
3574
838
1583
2801
1821
4575
2970
857
3639
1013
302
4878
723
1774
916
975
4486
2398
1854
2465
306
2323
4627
459
2203
471
4655
1796
4959
3888
4349
1687
4213
2585
2764
2488
857
2659
4133
4037
2035
3754
2616
4182
1721
1693
2616
2533
2538
747
287
1094
1063
393
4318
1873
2843
4519
1785
4381
3033
4588
2315
4210
3662
3497
1468
2141
4260
1468
4315
3540
1778
3090
75
423
2098
1813
2463
1942
1942
4335
4698
12
473
2952
4046
3086
3378
4583
4386
2144
1746
4416
2547
1645
3776
4706
4850
42
1918
2362
4633
3177
2999
104
852
979
2539
321
4583
2479
2706
3011
765
4541
3943
2181
3192
823
58
4986
2010
55
3833
100
3985
4355
4144
2695
463
3836
4301
486
1256
188
1300
4014
3883
1153
3187
2468
2860
1408
4311
4579
3148
2539
1788
3375
3221
2015
4203
1466
2753
4721
2313
4183
1024
1003
1642
1806
2229
953
951
1345
2099
3357
4263
105
2144
3276
2275
1898
4138
4769
73
1260
1516
542
2209
3906
1969
3121
370
1576
1711
1939
591
2387
4254
2077
950
970
769
4364
4929
4212
1393
4305
4803
3387
1519
3030
2688
1826
2817
601
4826
73
120
4267
4993
916
1188
2184
845
2257
2151
4402
1399
1688
549
3983
4648
1608
508
1816
525
3645
1550
1642
2420
4064
3562
2589
4535
1967
3132
3849
2236
826
1988
3408
123
2979
2141
3108
3629
2699
2322
4691
732
1022
1930
1389
2305
1776
4138
4372
1349
2673
4303
2982
3099
3796
3819
3880
2416
2905
4682
3347
183
3988
2669
2370
877
2791
239
2582
3503
2928
420
1554
4325
1855
3768
4850
2452
2739
3685
330
2105
2956
4656
653
1838
2039
3722
3426
68
3325
3519
4140
2835
1455
504
4672
3650
4474
2175
4560
862
1401
3972
2779
2701
1306
2663
103
1588
2962
2104
935
2693
3987
767
2345
2192
2898
2457
2665
1947
2550
2261
1866
1018
3706
559
347
2604
2510
1652
1750
4768
4583
3982
4555
4043
2244
2685
1138
416
1186
4735
4687
3883
2008
1043
2372
4735
242
872
3559
4928
2926
2380
4994
4022
219
4513
4834
3226
3639
1771
4126
539
863
71
2701
1495
3886
4532
3323
598
4449
3698
1344
2909
322
4269
1871
362
2173
2062
297
3005
1307
4401
1264
792
4255
1746
3159
1519
3958
3417
3610
608
4797
364
3835
2627
3425
3796
2535
276
1179
38
4748
801
187
4994
4140
3244
4481
1503
3255
2808
1412
2958
4908
2235
853
94
3127
2760
338
4663
4225
1443
3381
2936
358
3580
3573
4103
853
1566
1514
242
4688
1717
2970
1553
3853
1193
2352
4001
4016
1389
2792
4095
506
2589
3002
1944
1392
1914
2490
3694
3120
1372
173
1848
4560
304
1011
3096
1369
3291
1302
1928
4835
642
3585
2502
4847
3659
1691
2437
1399
2796
3761
4941
4891
432
2188
3568
3843
2701
1485
4624
437
1449
4057
3391
953
1281
3872
703
3016
2748
4394
2501
667
1130
2055
3922
4551
1747
1301
368
48
3665
3585
2527
1888
3940
4157
832
1510
2886
832
999
3186
3064
2099
3055
816
2146
1509
436
2043
1512
2958
1011
2600
1582
1248
4991
2569
4975
4730
4328
4924
3018
2931
998
4059
4194
4206
3633
1765
3957
1153
920
634
393
4297
2886
3680
2112
3534
3063
4552
4038
1223
3854
1195
422
118
1818
2523
4900
3330
1210
2492
3887
2725
3899
1610
758
277
2040
3820
2048
104
4461
4098
3752
1968
1878
1941
1650
2332
1351
3524
1032
409
3331
1844
852
2157
3145
626
1284
2676
1941
3837
1691
4858
2548
2400
4423
920
50
2563
4503
3094
2660
3554
1997
456
4556
4650
3680
1753
2743
1266
353
2959
1687
1026
2115
4515
4493
4897
3978
376
2967
4529
3045
653
1324
2589
4856
2584
36
1079
740
2713
4741
697
736
3580
2130
3833
4779
4325
3342
1343
242
3998
4254
3569
1343
2852
4573
892
821
209
3228
4384
3349
4113
4545
4632
4342
954
1086
3655
3180
1481
4074
2328
3152
3489
2767
1257
3093
1137
4425
2191
910
1628
3094
4348
2871
3479
3280
4885
1354
3424
2393
4671
1443
57
1519
3300
4833
3385
190
1709
3802
160
242
2384
4354
3097
4256
3686
44
2813
2881
1470
4531
1368
3695
1847
3396
2091
401
4394
1323
4934
72
4190
2543
4952
144
4381
3876
1739
3031
4509
4415
3582
3482
2685
1906
3537
3663
273
3420
3708
1030
4869
4828
1330
2197
4799
3443
1287
1027
264
4687
3288
4725
4186
1872
2248
2293
1336
1732
1890
572
880
1520
4584
825
2989
1340
1566
1305
2967
4495
163
72
2880
2770
3849
888
4394
1784
2228
3586
3564
4806
3884
1954
2553
3908
911
4285
1052
192
707
3372
122
2781
3727
3202
2786
1942
283
2262
4247
1956
1148
912
4772
4358
671
1376
1346
1336
3457
935
3413
3868
4187
2538
3632
1548
3207
3648
127
2079
2052
1733
840
1706
1600
887
4390
1152
4860
1995
1924
968
303
3052
4661
1874
1047
4783
1595
4048
4340
3971
4347
2378
4832
4795
1922
122
1769
2779
4357
4605
3505
2349
3886
3131
2840
4595
2575
1512
4258
682
1954
2805
589
4338
1941
3343
770
50
4180
1218
1574
3900
383
3147
2536
4079
3340
4306
2957
2880
2308
428
2678
1169
4122
1032
3228
2461
2801
4521
4947
4804
4610
1349
1745
741
1551
1521
974
3622
932
1894
3185
1570
4268
2044
2125
3198
3158
3337
803
2282
4970
2016
3414
4263
3727
4376
4053
1114
3622
3907
166
949
4426
857
4154
1335
4421
1324
957
2423
2330
662
2910
3964
1764
1917
427
2621
1388
3030
4116
215
1636
1700
238
4159
1808
4543
1610
2263
224
3587
4883
2450
2888
4631
2375
4283
4188
1961
3097
126
815
3706
1538
261
2131
1298
2798
3399
4252
2737
85
186
2638
2503
1157
3042
2949
1992
4840
3651
427
1110
554
2264
2926
634
4968
1068
1067
240
2018
4859
2317
1410
4225
3977
2438
4569
4722
2631
1236
471
2263
3616
139
3176
4745
3544
3418
2259
1277
1813
1830
3838
1853
4604
1207
3571
496
4703
2842
1488
18
538
4697
84
683
2523
975
1180
1488
1019
1914
2399
4759
3417
686
3564
1474
1268
2683
1431
4311
3293
4474
2363
2747
4740
4090
4975
2792
959
3460
1846
1420
4780
4845
1259
1462
4244
1127
1535
717
1342
2112
3705
549
570
2913
4987
3592
713
63
3781
2091
2784
1968
2934
1574
4791
1352
4308
2620
3800
3972
2215
4051
1800
3136
3255
1068
1268
0
1194
3962
2215
261
3470
1601
2966
2361
3952
3380
1981
1708
187
1917
924
2183
1340
4513
2218
2263
3609
2954
3521
1195
1382
2998
1394
408
1871
1199
4618
1205
4233
1664
565
146
1622
4861
3436
1296
2497
2998
3356
1872
2652
2581
3718
3621
1548
1177
3836
216
2785
4649
4616
715
524
3550
1525
2354
3812
333
1966
4916
680
4172
3225
2504
3405
1301
1933
2854
1423
1939
69
3175
3659
3135
3272
4073
1120
1051
2307
3605
1883
1
4898
4070
4776
378
2355
2924
4905
3368
4579
4750
446
1436
2062
2655
1707
1144
1671
3976
42
1293
4118
3722
1346
2918
944
335
1819
4000
4607
4056
4784
1425
477
1427
4332
4294
3250
3734
1211
4003
4984
4195
3083
4195
4034
2240
3179
1639
4327
2252
3424
3308
1387
3225
1681
1744
4996
416
1348
4721
762
3542
304
4936
2978
2629
4208
4673
4640
3609
1065
929
1724
1601
2132
3879
477
1396
3674
3204
4519
2210
4015
3613
2225
830
3041
4115
3472
4608
4395
815
811
4057
2560
2604
4776
2949
2187
3589
4148
862
186
4163
4966
2414
668
2823
2102
4266
1205
2530
4814
3733
4230
470
2853
2702
2570
4138
2437
3642
73
421
4181
281
3765
3314
3269
1302
2000
4562
4539
4608
2253
3614
4615
154
1432
1536
597
4883
4327
3020
603
2553
3238
25
2996
4429
3256
3777
3014
2749
4345
2832
212
3882
3907
212
1736
2004
1330
1830
4814
1072
4216
4303
4135
3041
606
4535
2453
2914
3521
4368
2114
4791
3418
1111
1754
2868
1348
323
732
1800
3558
464
4903
2607
2495
2573
3847
2493
896
3693
3861
2729
637
4980
2225
2407
4831
961
2316
3046
2894
2166
2744
4338
4377
3820
3904
1746
265
4503
1858
3298
4110
3368
447
1402
2919
4670
3483
2221
1739
1068
3719
3482
763
3552
3266
234
210
1811
4476
3591
2996
91
4904
2669
671
4297
1666
48
21
4316
4235
1956
1029
630
2733
2438
4359
4823
3579
3264
970
1134
2629
417
3927
1338
1999
670
4284
1497
3242
3744
705
4553
1110
4245
4863
866
4702
1768
2122
698
4861
1237
4010
2989
780
4325
3424
45
715
377
3737
3562
3889
4906
1852
2043
940
957
1620
791
2777
4172
2667
396
804
3480
4234
4350
2783
2559
1201
528
1808
4193
426
847
3341
1629
280
860
3832
1126
1689
2564
4706
4293
294
4616
2282
4640
5000
3540
365
371
3255
2274
4866
3247
2915
4291
4263
3455
4646
1884
3989
544
1250
4835
4659
3704
3806
4804
588
1256
1520
3178
1058
4047
3440
3961
4561
1581
174
2684
1039
3112
3387
4643
246
2587
4082
1340
4208
4614
3836
2632
4037
4728
3518
2813
3868
4126
489
4258
799
760
2730
2971
3767
4346
2114
2481
1545
1331
3804
2890
1114
3341
2552
2984
1604
1466
4657
3799
2459
2472
1131
1473
2557
1258
4679
231
765
2988
2373
2028
3965
1723
4787
1336
3596
2846
3802
1528
2879
679
867
1229
1651
1759
3722
1197
4333
155
1994
248
4640
3545
2594
4302
2560
4844
1650
1922
2606
684
2897
1272
395
4593
4191
2783
256
1610
2655
3937
1852
4190
2101
2418
4534
2400
3525
3566
4469
473
1348
2381
19
2388
3163
327
3908
2404
3089
2364
305
4349
672
2569
2400
2437
3260
2862
1857
3369
861
904
2289
1937
1425
1495
2486
694
1788
2249
165
439
3844
2252
3098
3888
4757
3827
3089
3587
2542
2676
2687
4540
1139
591
712
572
2597
1735
4296
4798
442
1031
4443
808
2960
2701
3128
2317
659
313
4999
2787
3035
2965
959
997
2477
2262
3414
563
4026
1125
1959
4616
4945
1870
4767
1846
726
2473
80
2513
1758
3433
3177
2681
3842
3411
466
3211
4791
2393
190
3703
1392
3294
4026
450
1188
3573
312
3075
912
4460
514
791
1311
4901
401
3654
3564
1218
4033
2714
4555
2652
808
1175
2661
2307
65
2080
3483
4877
4037
3370
4307
2849
3445
1286
1278
3092
40
4582
1620
1676
1539
2729
4561
3005
2498
2507
1366
792
3399
1373
543
2141
4403
1647
6
2144
4860
183
36
3664
4183
3100
1165
4920
1280
2231
3470
4176
245
34
693
701
4001
4882
1286
3577
744
69
3240
3476
3869
2071
4990
4732
3826
4711
1798
1408
317
2292
4756
2260
91
1089
1035
1651
4942
4848
2625
555
289
1495
2926
2387
3488
4273
751
3048
2377
3510
2540
1647
3359
2749
115
2188
4436
1792
4721
2750
4613
2934
2624
1793
4575
3514
2215
3103
2741
880
3457
2116
2145
510
3392
4965
3750
1166
1801
4846
845
3418
2352
227
4285
3301
854
2225
4824
1377
1063
1449
4711
4410
3708
2029
4715
4803
2109
1302
4651
652
2008
941
3334
4843
2231
2766
636
1049
1093
4513
3173
2184
1241
4692
4426
3881
4526
1530
2182
794
3539
4398
4990
408
4877
2645
76
1462
228
3658
2956
455
2851
2991
3631
3533
2684
1401
4436
3504
1287
3201
4427
4288
2700
4779
67
1877
400
1067
57
1291
3815
4948
1937
2180
2868
1764
4513
4754
1996
2606
4151
2897
1578
2696
2167
1706
3865
356
2940
4992
467
3269
4315
3279
1542
541
4054
2812
2831
645
4103
369
2529
3589
2410
3267
2408
2296
1104
2818
4780
3955
1761
2974
2922
308
1037
203
777
3925
0
1245
1729
2422
939
2658
787
3301
4587
4602
828
2644
1963
17
3255
1632
4500
447
2638
1181
1136
4516
1548
2405
3320
782
1989
2372
428
2559
2513
719
3109
2756
3412
1548
3988
491
1580
3295
3186
2475
1319
3830
4000
246
2002
3245
633
2170
3796
2668
814
4840
2228
4170
2886
3384
685
1173
3807
3111
4119
2766
2954
3619
2294
2906
353
3002
1718
3519
616
3330
2134
2195
1620
1889
2148
1393
3594
175
3747
4716
2071
2632
1034
2132
1697
3179
2824
3759
3814
2559
865
3001
1169
2074
182
472
129
1416
4787
4993
3730
3577
1504
3767
2068
3633
2291
3137
2661
253
800
1910
3176
220
1430
1489
4408
4175
973
3509
1899
3332
2704
1055
886
1176
3273
2019
236
3008
4974
1810
1481
4698
140
1062
2862
1947
3533
4646
2679
2051
1375
111
2175
3036
977
618
4989
394
2172
196
763
3743
4222
1221
3883
3667
4959
2051
390
2113
3462
3641
2362
4942
4055
4177
1833
4352
745
4210
965
1232
137
998
179
2126
1410
4919
1536
2076
4260
3269
4448
4279
3316
301
3742
4015
3499
4817
501
2803
4759
3955
2351
4266
1566
3998
4115
1638
2462
2099
4416
1681
2969
1366
2686
1987
2066
332
3205
3963
2461
1899
3400
135
1201
1790
2059
1645
644
4448
3473
3033
3496
1301
1854
1178
680
507
117
2896
3978
4909
4810
3728
1814
4394
1301
841
219
4396
1987
4018
3024
3482
1584
2882
2052
3135
1742
320
4919
3427
2328
2002
4147
405
503
1253
2646
4794
828
1777
2964
4912
3395
2329
4084
3912
2999
775
4085
4407
1237
3037
1257
3449
4629
4693
2798
3311
641
3724
3234
4645
1526
934
173
4065
1049
3976
800
3138
2443
3359
2916
2783
1318
4618
3835
102
1545
2845
1815
1305
2100
3635
4929
853
2795
3810
3414
1127
1276
3971
4134
155
384
246
4307
2657
1194
2313
2570
2348
836
4960
4658
401
1524
2751
4142
1935
635
2776
1775
3270
633
4332
501
1454
3860
4648
4814
33
2073
4473
4495
2205
4824
618
2861
2171
276
2072
3832
9
4441
2979
1827
1065
4044
1025
252
455
1274
2210
1495
1860
209
497
4537
993
272
4549
3193
4770
3912
2136
2831
3067
3774
2140
1921
2221
1326
2879
3111
4869
4322
3986
4245
3095
4653
3095
1104
3249
2311
62
4907
244
3258
501
3364
1348
2715
597
1489
2191
1230
991
2643
1330
2249
3985
242
1857
4942
2872
2726
2251
4678
4952
1329
430
592
4045
4008
4102
4850
2598
4557
1209
3703
4229
1829
1218
4237
1959
824
2343
4085
2287
4169
1056
1871
1612
3547
3997
4661
3793
504
3977
2430
4556
1307
1984
2785
2095
3858
4185
2178
1878
1133
4671
1
4676
672
2768
3244
1530
1339
3094
2590
1686
3938
2008
3236
238
2817
823
838
2269
481
1239
975
1384
4455
2360
946
3897
132
1933
4682
3826
3370
1359
3426
3349
3976
2681
921
155
1304
3254
2753
585
1718
247
2562
1864
2330
560
2102
3495
1904
4626
1956
4611
1776
2032
4713
1002
824
1087
312
4853
2176
1453
3308
2636
3861
2675
1414
3866
2060
825
4269
3678
3256
3573
2712
1137
1468
4041
1768
2268
1611
357
3461
568
227
2068
3106
2917
2477
912
4583
1099
4302
3512
4271
4813
1282
4649
3904
3974
3286
4167
874
2635
2679
3154
306
4534
3668
4586
1725
1050
4140
418
4940
4661
438
277
692
2060
382
3184
55
100
2851
4494
4422
3055
4241
374
973
1666
1193
422
2910
3665
990
1537
1050
4737
160
2301
3606
3022
1397
1597
4362
2416
2943
2566
46
2077
122
3487
3724
1203
276
1363
4953
3683
1363
4097
3179
4177
4213
4719
245
2364
2108
3484
3479
2807
3955
2668
4440
1883
895
4671
4210
4826
2119
1693
239
69
4631
4521
1396
20
2667
1874
4099
3559
4014
435
524
2239
3535
2967
621
883
3738
160
4424
1011
4334
1501
3927
4054
4388
2805
4405
4834
1460
1615
752
3515
4911
3334
1408
2546
1552
4893
2832
435
4341
2186
3960
1761
2434
2845
1328
866
1169
1867
695
4904
791
2024
2720
840
1459
1231
1580
2634
2398
2509
3076
3414
1047
2545
4658
3305
368
4690
4362
3469
677
1505
2198
2633
234
2614
2446
1910
2948
2963
2988
1851
4055
2519
4618
4709
187
2061
1832
4187
2538
3992
3803
3665
3169
3477
4560
1491
2391
2021
2236
4438
4793
4539
3620
1287
3631
1998
2215
2090
1023
221
3791
847
2773
2579
1236
1317
1436
3498
2520
1003
2172
2949
888
2876
2135
2386
3131
2033
3299
3808
1760
1153
470
3412
2907
2121
548
2191
1913
1879
1066
1320
4024
4674
3321
3658
1560
2347
2779
4648
3207
835
2429
898
1163
3340
451
3316
1375
1986
1411
1159
1179
3771
4419
2830
3300
4403
4283
2716
394
4243
2706
2848
877
2092
1680
3455
606
1444
4812
273
297
2838
4379
4742
2300
736
2186
2552
1003
420
690
2538
3308
719
623
4736
3514
3131
3606
1474
4274
4459
144
685
519
3406
4803
1307
3717
2536
1481
2800
1191
1010
2575
3631
1422
1420
4128
3057
2359
1635
4754
2949
1759
2884
3104
1391
3067
3340
268
3208
1658
1880
3878
272
4812
4327
3272
834
755
3034
1967
4667
1268
436
1583
123
624
2459
3067
619
3022
26
1507
961
2311
842
1519
880
198
4603
1499
3834
281
4161
2327
1098
1799
2184
3395
970
415
1773
4745
2534
2902
3774
276
3046
1486
164
1757
3267
2743
3669
182
1515
246
3673
4283
2939
1019
1159
1495
461
294
2030
2809
3513
1199
352
3792
1491
1443
970
2183
337
3052
2968
3651
4197
3091
1506
2460
3685
1940
2258
2763
2301
3306
3794
4806
3351
4282
3802
3376
1290
4533
2725
1131
1858
4567
1184
1827
2039
4818
3522
4232
816
1909
4998
45
3467
1411
3720
1472
4949
4732
3459
3399
3661
3402
4682
4169
2446
4811
3602
1042
4927
1852
2006
3001
338
595
982
1552
2505
1748
2188
506
3388
3227
1707
1347
1874
3359
4669
1674
2248
1384
629
1983
302
1481
602
2159
1812
2367
526
4401
589
1974
2161
1689
3246
3693
1291
1872
3165
883
4246
4522
1967
585
2251
3618
639
1856
2695
1046
3452
4290
1984
1378
242
4088
649
82
3679
3840
3973
1979
3120
1141
327
4089
3248
2486
3794
957
1856
3148
115
1387
3744
503
2759
1035
4324
4757
4371
206
3978
764
713
3372
3435
1145
4134
3946
464
4170
3128
4559
3298
1163
4733
3331
2866
204
2064
2577
124
3590
2343
4484
3989
262
3014
2680
4108
3845
3362
3043
2896
3993
4532
3112
2734
4769
884
2214
3088
4850
4181
1017
2582
951
4234
3043
1252
2756
690
408
4212
3491
1784
4152
1540
4771
2196
583
2631
2919
3123
119
3857
3045
3378
1073
2543
1479
776
310
4024
1310
1416
412
2451
2901
4540
1726
3637
4833
4393
4466
1095
313
4088
3953
4276
640
4693
2370
4343
4587
4061
383
576
3130
4291
2186
2307
4948
1923
1027
960
13
3599
2400
1404
626
1604
761
1136
1542
944
3966
4858
2019
4909
2076
3970
3608
3498
3320
4866
676
182
4886
4487
33
3875
313
4020
4303
4247
2770
1920
1993
702
2646
3484
3239
3614
4810
3197
3116
1459
238
1893
3969
882
320
848
1072
911
2188
2868
906
718
3671
2310
856
118
818
215
1769
3880
2797
2308
4098
4889
71
1163
1328
853
1341
807
3959
4428
6
4094
1528
367
1249
2399
3594
4256
2657
347
2808
1152
2415
3862
2908
1217
1184
4578
4752
3609
2386
442
2062
4156
316
3158
4650
673
3562
4420
2512
4204
3215
2412
2681
4388
1004
4821
1536
4517
545
3976
3520
3175
2989
2280
3097
1692
3113
717
4615
2756
1566
2190
4391
3178
2635
2689
4945
52
2931
4800
2413
4112
349
4438
115
324
4594
2503
4874
85
4425
4941
1888
2217
2577
4022
4204
1807
848
3064
3628
3158
80
355
3819
3645
3347
1151
2650
3700
1805
3119
2901
3887
968
1044
3054
3511
1398
1336
4213
552
805
2030
171
793
1060
4519
3778
1903
1177
236
2446
1096
2181
4314
2652
3524
639
4758
2033
4837
1926
463
151
1880
4945
27
1250
3650
218
393
2235
3679
1428
1889
3712
405
3161
2302
894
1562
1724
1486
3710
811
2782
4669
46
773
733
167
707
2620
4958
2416
748
3783
4014
2481
156
3776
833
3837
3502
633
1550
1671
4218
4783
166
4497
2702
4657
1049
4942
1682
3762
4412
2657
538
2151
1137
4648
2690
4116
176
4440
3560
2175
4556
1134
1356
1151
4456
1636
3785
2398
2948
3599
1405
4843
2909
2422
279
2991
4787
3510
237
3516
3418
1052
2817
779
3
3553
177
962
33
1046
1757
2470
1599
387
938
2457
2380
1602
2243
4349
545
2995
2876
281
950
520
2695
509
3797
3857
1145
2985
2710
4280
3860
697
3278
2735
1423
1185
4121
2045
1889
1535
771
1568
2153
1782
3590
3750
3316
583
4257
3471
3893
1021
1945
1833
3809
96
90
2252
4730
1038
2763
61
1014
4042
3507
1770
2178
1777
2061
3151
2919
3975
2392
3430
979
1705
1434
3515
4987
3991
2113
1758
4541
3095
2822
4237
3994
3258
4903
3803
4986
1282
3811
3182
4813
2087
2281
2355
4815
1236
3523
2249
2941
4946
4219
3564
685
1991
4192
1666
2092
1817
3864
768
3745
4718
1156
3777
3388
3882
4657
469
2555
4014
3227
1062
15
4563
3802
1615
768
3999
2384
49
4097
63
3253
3692
3123
3597
466
4457
1217
1744
4397
145
3644
4250
2559
1415
4785
2257
1259
986
3035
2563
3020
3405
2976
1491
1289
3332
3392
2710
2562
1383
4673
3178
3958
1965
1150
819
2207
110
4919
987
2230
2359
1798
3932
3721
2449
4974
649
1776
3817
1616
1547
2524
4114
1303
4358
3703
4063
1591
2016
1285
4212
2334
2443
3638
780
1877
948
3408
2706
3207
358
4550
4993
1437
2819
1406
3933
1809
1988
1839
2037
3481
3712
1571
3007
3549
690
2026
4427
1270
1257
3777
2543
817
1381
4945
1618
873
623
3930
3436
759
1176
3580
5000
3500
1645
4553
2049
4710
743
0
351
2122
2382
1001
483
3854
4699
2925
465
2780
1525
351
3454
2388
4685
8
4297
1658
3256
195
1297
3253
2080
4122
1802
2299
214
865
1820
643
2932
2567
4795
3899
2769
1023
4658
2298
1412
3035
4135
2332
315
2483
3325
1988
4177
3584
2426
4610
4375
322
2108
876
3272
4803
4049
3314
514
2797
327
751
2066
4013
2531
2033
1796
4295
1781
1821
830
426
3893
2619
223
3735
916
4517
2277
2203
4077
3672
3966
547
1687
1787
649
4611
2264
190
2102
1489
3412
4584
311
4609
2345
3425
1953
3840
3426
3002
1403
579
4123
1879
2314
3840
637
4741
1156
979
2123
19
1073
1465
3009
3508
3113
866
3327
4802
2836
1312
2105
4944
1453
3905
4311
326
1089
3986
4197
3302
1258
3107
4845
4270
4425
4863
828
4929
2199
1900
2209
1085
1333
355
4601
3036
4129
4482
3895
703
4856
2350
1883
1192
3548
1123
3192
61
4864
2840
4842
4263
2098
2307
3957
4789
4251
3275
405
2616
1757
3143
4000
1878
1245
2996
3849
2713
676
4777
2919
4227
4065
4439
3818
3296
700
3806
746
1121
3170
4559
2430
3439
3801
3242
3130
1756
4344
3572
84
3173
109
1348
610
794
3279
3198
2601
2968
2401
2051
3956
1325
4083
1944
425
3875
2501
979
4264
3486
1798
3859
2405
1267
2252
1702
2907
1295
4582
1239
4629
986
2803
525
2414
680
1531
1247
4166
1665
4210
66
4551
283
4322
4851
649
1366
710
2318
3525
2506
1669
1687
1420
3448
1998
1153
2020
1734
1634
390
3558
896
4648
2884
4245
1422
1864
1300
646
798
371
3541
2244
3674
1976
1173
4503
4396
3493
58
1004
114
610
2610
1375
4743
1428
671
3316
3534
1733
2802
780
659
80
3097
1302
2229
4721
2038
3742
1543
3192
1730
4085
291
4660
1373
822
2972
2068
1386
2090
176
244
2486
1941
4566
2735
4405
83
3261
4409
4201
2504
2482
4054
3875
3050
2
2763
509
1135
2890
3003
4489
2114
1229
323
1096
1289
3199
4660
1052
1262
3205
3242
1563
269
340
3746
2563
4534
3446
982
3244
4817
427
4716
4679
755
3288
4744
719
1644
1463
4005
666
3169
4298
4849
3249
4516
1114
1355
1640
1438
3584
373
57
1227
463
820
1113
298
3769
4949
2254
4465
2687
2747
2569
2876
4005
58
216
3888
3714
4502
4157
1923
1036
2398
4449
1662
263
3200
3103
785
3246
1240
1335
3604
2701
3734
3795
4713
2202
4010
2395
3996
2398
4107
696
2172
2416
1770
4183
4355
777
3456
3952
2284
3979
1442
4985
1441
1590
3448
182
496
1014
3134
1424
1692
2497
770
1906
533
1167
1814
2662
4426
3708
2253
2740
2912
1946
2100
461
3391
1471
3659
2546
3331
497
3018
1018
4571
4152
1698
2598
354
1289
2799
3030
4040
4704
341
182
1596
254
3263
13
2504
3782
4965
1756
816
2888
1705
114
509
4320
2252
1611
3397
2559
3917
3560
4458
3156
4646
2082
4048
1806
2553
1052
2114
2814
1850
1263
1143
1145
638
1152
2347
755
1604
787
356
2470
3612
1097
157
3742
3511
4376
3355
3237
1537
3838
1571
1437
4235
821
4400
4140
4647
1112
3820
4911
838
4344
4458
4610
3482
3227
2681
3582
1837
3783
2839
105
1016
4626
1797
4638
2083
1191
2618
1677
3051
837
4894
4115
989
2614
2930
1276
790
1925
252
350
2722
4410
3824
3625
2286
1048
2345
1819
877
951
4959
3954
2482
2957
4337
2595
535
1110
1264
799
3533
889
3880
4090
1889
3604
979
787
1850
323
2650
1949
2656
2352
219
484
1230
399
4761
4822
1706
1671
4124
4307
2303
4180
4867
2935
2204
2148
1147
4000
1724
1202
2036
368
3521
726
4110
3591
746
2706
4134
3628
2808
2763
733
2194
89
1447
4742
4916
2020
61
421
4132
3314
1464
2162
4523
2639
3254
1961
1962
691
4191
1607
4880
365
3188
4527
3817
3495
857
2183
2568
486
1887
3851
4455
4981
2006
1399
4549
713
2631
859
2992
2182
1006
4789
4837
2595
1806
1008
2112
1416
59
4004
4201
2243
2700
987
2385
2448
1881
2415
660
971
1099
104
2918
4504
4179
3931
2154
1100
1156
1692
2837
4246
4289
486
1182
3059
2821
189
888
875
3402
4685
442
3866
1983
1394
3493
1273
686
4045
839
2389
4856
3316
3864
4242
3480
2315
1218
2323
4115
1579
1353
4345
2979
1087
2137
3283
4829
1159
2309
446
2725
3583
2624
718
4089
2892
3390
2774
1836
1022
1017
1364
3792
2767
1696
1177
2979
4362
4352
609
3817
2726
810
3422
1243
2930
2085
2595
2258
4547
310
3648
2481
3263
143
3379
4972
97
3996
3442
3731
3467
1847
443
4895
4071
158
1927
3927
2161
999
2161
4108
1210
98
2385
3719
2473
1575
987
2364
2513
1300
2125
1628
1781
2602
2108
1537
652
1431
3043
3433
4707
4947
2102
443
4129
4807
663
4784
4562
3818
3371
4591
1629
3161
819
4062
1510
3264
216
2932
1093
2429
1750
2115
4953
2505
2120
1792
4917
4949
3778
701
4628
528
4986
520
4932
1466
1376
2449
3767
4599
1138
740
1122
4712
2018
2974
1584
1394
3886
17
90
2791
1917
4800
1389
4155
2039
511
2718
1256
4819
2195
4222
2209
1253
2690
1033
1813
1505
3075
2285
3696
456
966
2116
1253
1749
2745
4066
867
4149
2127
94
1837
2671
1771
962
3304
200
3838
955
3020
3182
4418
4792
3156
4010
3527
4242
1387
1025
4363
2287
270
1870
1251
316
3761
2952
877
3508
4824
2352
3392
2973
2621
626
4959
1784
2668
3221
524
1999
1145
4187
1330
3762
931
3343
1988
2238
2123
1649
2150
1104
54
544
4302
34
1421
2928
1559
3036
4904
1697
3933
1515
3255
1976
1510
3665
4441
1095
1088
970
3110
4337
216
4400
116
1535
661
4781
1572
470
4738
775
4887
2622
3107
1652
1048
4790
2845
890
405
1195
2564
779
2002
4099
2542
4108
763
1623
4135
4459
3796
4094
2487
3941
861
1239
1628
1620
4818
652
3860
4472
4431
626
2700
552
4981
3051
1922
232
4719
162
4937
4377
4337
1632
3111
4380
4372
958
4207
2030
4589
759
522
2216
2909
117
4807
4876
839
400
3585
3002
3040
2267
4036
534
2932
2098
4754
1560
3070
1279
3957
1107
488
139
2096
4715
2834
1964
2630
1164
2821
4395
2406
3662
668
4809
2461
2554
4066
397
4950
1966
4362
4263
243
191
948
4864
3007
3564
292
3797
1090
2322
1829
1835
1661
850
3143
937
3022
17
325
1381
2159
2970
4723
3518
97
3157
3480
3397
2782
4445
3126
2777
754
1803
3256
4092
2169
3478
2295
3885
4931
3771
534
1695
314
1780
647
1898
3675
2167
1733
2420
254
2553
1021
3813
3332
1265
939
4039
4346
2441
3956
2015
4539
1587
2801
2850
3398
3028
1165
418
1248
3240
4904
124
3750
2579
3570
151
1358
4311
3781
666
3349
4668
949
142
4456
913
2465
1842
2132
2908
3653
2050
2574
4423
4839
2634
3368
915
1630
4174
2290
554
3690
2822
4850
4106
339
1468
672
2311
926
4040
2924
2641
1420
1
1309
923
404
2140
243
4000
4139
890
932
2285
4036
3813
3718
3050
3015
3541
1940
4675
2865
4263
4307
3911
1585
443
2739
4609
607
4729
414
3844
1492
1802
2665
2393
14
4184
3114
1795
4520
4975
249
4853
3899
1569
4761
1640
1981
2468
1733
4375
425
351
3045
439
3947
3455
3876
3302
1843
4113
3330
4081
1934
3386
3699
1652
4581
4460
294
2575
550
4792
3976
1468
4471
1237
4176
1841
1537
2412
3056
1035
1282
1462
4343
3098
622
4668
2031
2152
913
2799
3871
1447
811
2098
4965
3943
3980
4246
651
4764
4976
1883
1510
1593
2519
4906
4655
3255
845
1909
2226
2671
1746
4050
2603
1657
3335
3079
617
3443
4092
3513
3246
3210
2602
3198
2941
1180
4737
1031
1021
2322
1280
4085
110
425
3543
4489
2816
432
1525
4524
4071
1873
1567
2804
4449
2973
4354
2696
1682
2082
1805
1983
3029
271
3894
2139
3115
2997
4184
3809
4289
1945
4188
3661
3406
4026
1940
2955
3384
1634
886
2542
646
2097
1349
1452
1241
1207
4008
4160
569
2220
1897
94
4078
715
508
2119
3935
4820
4417
2839
2883
431
159
1643
1150
3407
4289
4953
2858
1298
3230
2773
2338
3126
881
927
2497
3430
1683
4278
3414
1693
785
4595
4887
104
1220
2002
1823
4676
956
2014
4577
4590
3798
650
2843
4054
1090
946
797
4242
4700
4865
3659
1059
4196
2244
1990
3784
3909
3286
800
3581
3168
955
1181
920
2573
3778
4591
2259
4390
1985
4443
4566
3921
4484
1262
4311
145
3383
4406
2835
4598
1692
92
1609
3530
4166
722
2230
2113
4105
162
1373
4964
1998
1980
1330
1076
1589
4996
721
4244
3140
4218
1952
848
2409
2611
4974
2724
4141
2611
4539
4336
2607
1424
140
3928
1505
1169
3483
4580
862
2780
1086
1064
1710
658
4599
1972
2582
620
1377
1341
1810
4368
446
243
1275
2575
1087
1842
2910
1954
748
924
1692
2129
1042
638
1380
1843
328
3176
2008
2752
2363
1129
2440
3755
4675
195
2571
3737
3100
4819
3389
2977
3799
1819
2419
1377
4692
2693
4958
2237
3213
507
1989
2754
482
525
2200
3722
462
3343
3245
742
4421
1296
1561
3773
2843
2770
1165
4249
4752
3881
654
4825
4958
1732
2194
3544
2065
771
3313
1734
2935
2728
3929
968
3631
2929
1639
997
1245
1500
175
1702
3250
1555
4477
2959
1576
356
1360
1040
1643
188
4760
2115
4936
3222
3600
462
4291
3828
4850
3228
310
1767
3719
4050
1851
922
3150
1696
2556
4553
305
1494
2558
1999
1847
3062
1183
1297
1600
3524
4265
1058
1606
3827
4099
4908
1302
753
99
165
112
4690
2011
4893
3549
2684
1104
2811
4411
997
2115
4386
4853
4157
4065
2490
783
205
1733
4613
2187
3140
2437
446
3082
4649
519
3323
1625
1014
4833
4948
2765
371
1514
3589
1405
3940
1388
3361
4445
4100
4420
1386
3531
381
4812
4180
4556
4050
1728
2648
161
4744
3661
2177
4019
3152
4695
1535
3853
3643
4366
1336
2880
3297
2841
1188
3303
4936
4412
2626
4725
2244
4608
3830
2538
1723
2101
870
2245
2158
3963
140
3030
195
1810
2170
1532
4784
808
4351
606
895
676
4272
3286
3631
4397
217
2971
3758
1128
1302
2045
1861
4220
129
3911
4872
4616
2326
316
2067
551
2765
4826
2727
1888
4815
1346
240
111
2913
2894
2687
111
3102
2496
4726
2300
4702
283
797
3004
4085
3488
2695
151
1602
3394
494
2725
2991
56
3597
134
3171
2251
533
4816
328
4129
2774
2688
3290
3662
3813
1081
2337
3278
4900
2756
3625
698
559
4586
2759
703
3887
4047
2916
4916
39
622
4823
507
1169
3392
1033
4863
2454
4083
4272
2704
2807
3828
4715
2512
4230
235
2423
3918
3473
2889
2256
4438
2978
1450
4907
4881
4009
538
2289
1195
4524
3082
1368
4140
4785
3148
864
4661
4326
3020
926
512
1601
4824
2332
3341
1335
3708
782
4295
3713
3925
808
954
2989
3525
145
4693
2805
1681
1201
2523
2304
3479
3054
2040
1906
3468
1965
1143
1005
3508
3743
1242
3674
2329
151
3983
1177
2558
3145
2854
1898
1530
4222
2011
2882
262
2531
3098
1039
468
244
1492
3814
1405
1225
4652
2675
806
2908
1558
2548
4609
4385
4859
2913
706
4525
4548
4610
711
1755
2117
386
4211
4210
4999
4557
3929
697
3258
3338
3621
238
3798
2686
3292
2485
1003
4991
1830
2536
2861
1732
2544
901
3961
4553
1086
875
2960
3618
3801
1902
2389
784
1187
3555
1718
275
3223
4060
2194
228
2939
816
1986
4859
4846
3238
1018
4243
55
2740
2886
1404
4509
4124
2397
542
1789
4234
202
2432
4230
3129
3894
4464
4328
556
260
4002
2185
496
3204
779
457
3030
4054
1099
2197
2169
4553
3176
3596
3403
196
601
2367
3937
2168
4830
2616
3705
2589
2406
1621
4836
1266
1475
4549
4747
168
388
2701
3914
2111
2621
3885
2917
1800
2660
2317
3240
2838
4171
4212
4731
3849
3646
5000
1191
3322
3259
3414
3790
4318
2254
3781
1974
2533
4213
3396
4169
2583
1173
4535
636
950
376
4614
653
733
3852
2792
1092
2162
2879
3524
3519
2833
4537
1685
3824
4774
3698
2003
2253
935
1685
735
3419
901
2376
4151
473
1056
3834
4430
2130
143
1964
4155
1071
1407
1716
543
3384
906
105
3742
3545
3853
4786
313
2047
2156
2523
3491
4787
2465
4719
250
3403
1806
3120
4005
241
577
1395
1981
206
4269
4626
430
3701
2353
3693
1728
2369
2171
300
253
3402
331
1350
4716
4663
829
3203
778
1201
57
4248
3850
77
3748
4017
2803
4827
4269
3378
2783
1668
3227
3165
2803
2086
350
3947
4791
4072
3759
4907
2759
2073
3649
953
3323
3445
688
764
3116
2827
943
2071
4005
3910
1743
3696
271
1306
4651
2154
1654
4712
2473
3918
4959
2285
1023
4953
2830
1782
2703
197
4132
4905
1122
3942
1032
3186
299
3207
3561
4885
740
993
2436
4338
4951
400
242
147
2111
2533
443
4574
177
4540
3610
1762
795
1244
935
1753
103
4497
538
4190
3046
2089
3426
726
315
738
1825
3650
3099
1687
3315
876
882
4833
3589
4183
2141
1227
1716
2160
106
1365
4082
3096
4771
4311
4717
4410
4992
2484
4736
3722
3710
4242
1496
4716
1689
740
4538
1849
2559
3775
3584
4957
4627
1447
1656
2692
121
4986
2479
3957
3619
4784
3337
3194
3265
991
889
2565
3511
3007
2730
2618
3108
2884
2585
2715
677
2623
633
4213
3293
915
2600
1143
1755
2976
2042
4988
392
3208
3544
4329
2561
2521
978
1918
3850
1539
2656
2139
1116
3516
4024
3033
3269
32
2974
3434
2379
4574
3549
2441
385
4123
1210
3915
4696
2392
1271
1690
1834
2328
4790
3458
860
4995
439
789
1913
2352
1352
1687
3333
4241
3421
4317
4557
2844
3554
2065
861
1976
4696
4010
3688
2255
3912
3488
4368
2019
4633
4968
2725
2192
1911
603
2477
1787
3582
3518
4079
1416
2429
2207
2189
1599
3177
403
3630
4269
2846
4816
330
3219
3339
179
3858
3972
2688
3704
3305
80
897
603
4765
3776
1659
3167
4512
4391
3409
4872
4527
4884
3329
3837
63
4420
4855
3825
4826
3056
3762
4956
3552
2890
13
3719
2682
2556
805
1362
2448
3911
2846
1566
3750
3051
2066
4503
4156
1551
2436
2465
4358
818
2767
3438
4573
1162
4926
3442
1976
2050
3415
3621
1798
3362
4639
4010
2039
4449
4766
1412
3446
1137
282
3027
3872
3164
3840
2800
3158
2839
3300
3580
4124
2806
1604
2481
4486
657
801
378
4374
4100
1087
1978
4480
315
2638
1085
184
1038
1618
1751
4836
1171
2680
907
763
1192
945
3612
3393
223
2184
3387
698
2303
4233
1552
683
525
2362
1956
4221
4193
98
4662
613
911
3077
751
2327
3625
285
1752
243
1838
2147
601
4393
1715
1310
484
1147
4884
3971
1287
1780
4178
1881
3927
4186
3246
2840
2667
1037
1112
2616
1162
1579
3774
4053
4838
4705
214
3824
4875
1526
2296
2810
4278
3264
4257
2397
2007
3282
2440
3071
4131
2621
979
3973
2702
4755
4650
1775
1910
2262
4219
3161
4146
1812
1919
2838
4887
1231
3481
2414
457
1332
2173
620
4529
265
2924
1993
4142
2520
309
422
4257
1599
4521
673
790
750
1411
858
3356
3784
1525
884
1898
2794
4554
652
1910
3808
2850
353
1851
4197
2774
185
4894
1173
4659
3486
219
1525
2838
543
2096
2583
1605
3106
2916
3173
3585
3963
241
303
2068
1248
1974
1015
1427
622
1584
1386
4670
4018
531
3676
3193
2246
3642
4817
4858
2002
4356
4310
630
3040
2468
4919
4144
4509
3099
1650
219
1694
3668
3128
592
661
1673
4371
4985
3904
2062
4753
4957
2653
3099
3370
30
3549
4587
1402
2013
1956
4809
418
3545
3253
2462
2466
4271
757
1974
155
442
2080
1484
318
4059
2393
2264
4843
4966
1156
1064
959
373
4469
4813
1374
400
3792
4173
2400
3149
291
2816
2389
1436
3773
2216
77
4250
1138
451
2270
3942
2286
4634
3455
1027
3652
111
2626
3369
3995
73
4495
4423
649
3780
3793
284
4907
3002
1178
118
3885
2689
1834
813
3456
696
3933
4396
2158
4683
3587
4296
3394
1489
3939
1997
4544
754
2113
3539
4046
59
836
976
3572
2033
454
573
4200
1416
4015
3973
2633
3421
3284
6
3438
838
3626
2188
2329
4277
2429
2760
3435
596
558
3302
1496
3690
3302
2893
2675
2077
4592
2352
4438
740
4863
2033
1576
1053
1720
58
2492
3470
4595
1481
1039
3310
1432
2922
331
2346
2895
4761
1465
4757
4894
4097
1359
3337
3227
687
3258
1478
3350
767
4869
4807
4170
1796
3252
3298
365
2675
1593
2887
3466
2357
988
4089
1971
2090
162
1805
4256
2260
3120
2869
1206
2817
3025
1312
3067
2639
3830
2272
4729
108
3629
2850
78
625
448
3619
2192
2918
264
1520
1100
814
1184
3200
2328
298
1591
623
4688
3808
806
2923
2650
2126
464
4425
1729
1582
325
4512
1945
2225
4969
433
2643
3347
4094
4508
1535
1563
3202
413
3343
2240
3438
1
147
4212
3764
707
4674
3716
2665
3371
4084
3310
2780
4896
342
1916
4202
343
625
2595
884
4512
4775
1716
3690
2645
480
2052
3853
3685
491
3836
2891
3889
1986
3224
2597
4571
622
1330
3183
2601
4400
1969
4832
534
4019
1425
197
3281
2204
1349
352
4073
1208
1371
834
3126
2482
354
1386
2160
819
1455
1246
3195
679
539
1235
4476
222
795
1096
1206
2951
3895
1789
560
3933
3186
4999
1825
3635
3154
1336
1537
531
2875
797
3171
127
430
2900
3755
2107
678
1547
478
1065
1980
3161
4048
3247
4993
3298
2765
309
3800
750
4698
3116
3217
1285
2362
2695
2358
3745
192
1411
1480
786
911
2994
3474
647
2954
3628
2100
1308
3850
732
574
2490
4989
1462
1744
2412
4957
2716
1368
4296
1239
4708
3103
291
4887
2920
2786
284
3817
605
61
4302
913
4785
125
1374
3060
829
229
1044
1496
4596
4216
1826
3063
121
4249
2783
1965
3141
4462
3253
1820
172
3311
1197
1875
2522
1663
1023
3624
930
4297
4330
1590
3244
4917
1756
1920
4477
3149
2255
4612
1947
4456
3923
2817
2992
4375
4514
2388
3538
1447
4124
4000
2391
151
423
166
3059
1667
3109
883
3508
2286
3662
3230
3004
135
1618
4014
1345
2327
3650
2376
2630
2070
3293
3159
3033
1921
4780
1844
4296
2098
2387
3172
2486
3531
375
3161
3255
1183
4276
4421
1033
2112
1540
2191
901
2688
4411
4796
2851
4723
2473
8
1469
2842
1291
187
2690
3299
368
3867
2981
2289
3445
637
1412
720
2604
762
1218
1089
61
4380
10
3055
2894
1035
754
4117
3785
3355
3608
1121
1461
4279
2764
3752
1837
264
2804
1789
4527
2331
1008
609
550
971
4734
1108
3969
729
24
1111
4918
4764
2064
1668
2811
2496
3576
522
3544
2206
4437
2526
887
1482
1648
3509
1197
3657
3942
2482
785
3748
4635
3933
909
439
3000
2608
1908
4520
2360
4690
2300
621
1276
212
2635
1815
1177
1735
513
2305
4568
3080
3711
734
3574
1955
2926
1811
2093
2861
3448
3204
2945
3502
996
4781
5
4329
1024
4472
3593
3816
1312
4807
3945
3462
3020
2212
807
275
2531
1859
3232
1836
4570
3418
3614
933
1075
1065
2092
2429
4910
2574
3351
4483
1669
1922
2716
2920
2205
4783
4444
3454
834
572
181
4537
672
4280
452
1269
4090
1657
3086
2511
2519
2855
578
4778
823
2652
3637
4590
2989
1219
4959
295
4126
553
504
4965
1894
2594
492
511
1583
2705
887
3072
2917
3073
4138
1522
3085
2858
2314
2024
582
4608
2211
1121
2143
3608
3403
3902
454
2413
2788
625
3329
788
3212
3966
704
2892
4868
4751
995
4609
1215
3379
1617
4600
1943
242
2335
4216
2056
172
3320
2477
424
1177
842
366
4380
1832
1074
965
2374
3684
240
4292
4281
3073
1891
3351
1080
634
4383
4949
4114
3285
3029
4838
869
2737
4763
3515
3010
3774
528
2890
4184
3703
3674
2824
922
1713
3569
4703
353
2644
4746
1231
1369
2811
570
1189
1994
3048
3097
4790
2445
2726
3842
4751
4580
3154
1024
2845
4214
3063
152
4610
847
3263
2164
4653
2608
128
565
3508
485
4187
793
1817
3549
4930
2242
3086
3700
2057
4902
2091
3747
4819
3993
1593
31
1219
897
1317
3018
3367
4107
3034
1328
2493
2551
885
3846
3038
308
1197
585
2072
4272
1074
914
4124
4724
4678
4087
3744
1339
2034
4981
4846
2287
3541
3888
2426
2162
1371
4485
4333
4078
4709
3588
4319
4578
543
2757
2320
21
97
1251
2142
3817
173
889
112
693
4751
4082
1935
560
4298
756
1504
3533
2575
4358
1514
3099
2323
3142
4676
928
3672
4344
1105
2660
2188
2516
1979
469
4397
4250
4252
3746
2260
114
2666
4265
2043
362
3296
2990
4100
4627
3876
889
4236
1028
1952
2434
2639
3110
534
398
1811
3375
50
1520
3068
4069
3471
1167
4875
2822
2315
1122
1799
4880
4554
1534
336
2805
2836
4771
8
366
3269
7
2331
3457
674
4249
1093
331
2943
1221
65
3980
1251
187
1067
1355
951
1022
699
2521
3377
1855
218
4811
4843
2556
260
4850
238
2665
2491
3502
1532
992
580
713
4545
3038
3843
702
2841
4097
4974
2440
2526
3384
755
1237
4249
2313
1492
5
3030
289
2918
3005
250
4261
3538
726
1359
4036
3135
1061
2294
1298
2398
4186
1710
3715
1394
4669
4435
599
4906
288
4376
4455
749
4974
2646
1672
2851
1446
2634
3645
4182
3766
1220
317
1704
795
2334
2442
2977
464
1709
2426
921
393
1683
3425
277
80
2399
510
3396
2137
4829
3727
4872
1628
1715
2948
1832
2188
140
4173
3888
1577
1219
1705
848
1454
437
2410
4562
1379
346
2153
1220
3948
1329
1357
2674
4420
1098
1051
108
1679
2866
309
229
1790
4911
1318
4230
552
1138
221
882
855
348
858
2344
645
3141
1240
2013
3033
1716
52
4857
1859
1815
3100
4090
4683
1282
2264
2869
4349
112
495
1807
2713
2302
4363
4158
2417
4399
2037
4880
2976
3656
580
3551
4261
1306
4842
1735
3756
2664
761
1106
3318
2181
3616
1765
4353
354
1541
4713
3260
1207
534
1134
675
2146
1232
3304
3574
1912
396
3466
3590
3556
3844
1428
4174
1877
2216
1092
2894
1704
1920
2113
4572
132
4101
3009
1594
2577
2953
2225
3323
4793
2184
1052
1301
3577
2898
1310
3713
2748
1298
2590
2265
4453
2108
3834
3149
1137
2230
2286
1831
4409
3748
1940
4143
3186
4786
4458
207
193
2280
4950
2154
2754
2840
1351
3907
3833
2992
2401
1951
1274
4643
3259
4199
1656
1950
3494
3498
2391
4158
2876
3232
3408
1301
1595
1629
4305
67
3431
1603
1432
3253
4532
1837
2683
507
4293
2240
3322
2558
1141
3369
2118
3977
14
4374
3836
3031
4427
3438
673
4153
3258
4511
845
680
4651
975
1655
3592
1026
3242
1634
3444
2966
3771
3514
1846
1473
444
3425
2174
3061
320
2019
4506
4026
4788
725
2003
1326
503
1474
1079
2289
3040
1730
3030
329
4834
3152
3153
4493
2551
821
2109
149
2632
600
3383
1526
4015
735
1195
635
3233
4731
3678
1379
1865
3675
2917
3421
255
2042
525
2937
1894
18
2803
4581
4055
4422
3576
2632
542
2564
855
3379
3473
19
1568
3205
2990
2832
2699
1765
3712
4664
3100
2254
1174
4562
4528
3242
3267
398
1880
2012
1801
221
2036
4267
1361
2624
4526
1812
1275
3188
3441
2394
668
3003
4031
684
4194
4092
4589
2481
1915
1339
977
2892
3764
3476
742
3614
2956
3429
996
4806
277
330
2111
1616
1430
4786
4947
3019
477
1421
3039
3972
1153
3953
2643
2524
1613
4937
2439
2856
582
3269
547
910
774
3544
3312
3371
4722
3365
4883
4824
3140
3702
3762
690
4036
2548
3870
1569
2164
1951
1664
1574
354
4418
476
2303
2927
2181
3455
1528
4883
137
2682
463
2222
1464
3517
3552
3435
3585
4675
1507
2073
2870
956
1889
2671
938
255
192
3640
4151
2871
2873
3171
4376
3567
4106
689
2149
1207
1264
3459
1405
2917
1208
2758
1629
4766
467
4021
1107
1935
4524
1511
2365
3390
650
4611
1919
2209
4457
3042
2689
948
3445
3364
873
2421
1024
4337
4431
720
1833
3709
822
2004
1309
2280
40
1566
92
273
2802
133
1645
3830
3261
2654
2553
1036
3002
4504
3585
2477
1634
2322
2667
3752
3977
4820
4675
2865
254
3147
3401
2698
1679
4637
896
4630
4624
1186
554
2236
4748
2103
3673
2297
1688
315
3696
3306
3667
981
4014
896
4060
1153
3486
646
961
4833
2922
1073
2967
2910
4841
1465
2910
3200
1209
1470
2598
2355
2839
1672
2448
1701
2594
1805
1080
1596
3669
3900
1362
4752
2874
4320
3518
3554
2589
3733
4828
1090
3704
2736
403
2341
1851
3439
2208
1092
1351
3263
46
1674
113
2839
159
4257
3647
536
2589
2238
922
4018
3893
834
1119
3456
1410
2693
3718
1049
789
2355
547
430
2484
3491
2020
642
3256
1697
4483
4621
141
403
4073
139
1051
281
3606
4478
1667
1450
485
3326
3005
3412
4966
3825
4017
2478
2127
2967
308
4047
4448
2838
4165
3536
129
4067
4584
4877
2742
1961
1553
4785
1520
2089
4144
696
3711
564
3468
3059
4843
1377
939
132
2888
1744
335
4445
83
1896
3275
1724
4047
10
2527
1102
943
1230
239
1084
3783
1204
4445
226
959
102
1268
2570
729
495
4424
3592
4389
4495
951
135
725
3710
269
3360
1496
2132
1656
1869
1118
1717
1104
4579
96
1391
2285
3386
3111
4254
1241
3533
4629
606
1516
3511
4724
256
4242
4781
2560
1939
3144
21
2145
3961
517
1669
2159
1491
3244
2349
2235
1663
2537
3231
2392
2352
1131
2051
3579
937
1061
1665
4734
281
1090
208
2131
1384
1175
2707
114
331
1417
2375
1355
4478
348
2525
2115
1596
4311
618
2601
2686
4981
3220
36
829
260
855
3195
2118
3170
1095
3246
710
4165
4362
3752
2265
197
3333
4469
2786
416
3774
1592
1819
2696
2482
3312
76
4759
1535
1914
1014
1436
17
3368
390
3022
3993
1299
4948
2114
4475
1592
1194
995
1876
1843
199
781
1210
2870
3491
491
2374
959
626
809
1737
954
1388
4634
2724
3809
159
958
2602
930
4408
2210
3697
2561
4124
2600
435
407
1502
4034
2111
409
2055
1035
1545
1605
1410
4853
2009
3176
4073
1525
2612
1927
2749
3027
2073
1566
4735
3257
2778
3416
3547
75
3119
1906
2378
2365
1182
1424
2883
317
2429
1106
4555
2584
1888
1397
3218
2614
799
2744
4080
205
2799
1079
4328
3672
4761
784
4625
1730
1765
834
2118
2024
4193
4479
2394
2689
3639
3850
4252
351
3180
2416
4071
307
1258
4404
2882
761
4880
3106
3108
4544
101
134
3999
420
4486
3667
2072
2446
3622
1861
4989
139
3408
1125
4221
4437
948
3601
4378
4826
1996
1885
1337
2940
2220
2973
4997
1003
2973
3426
1689
3335
302
1933
1218
4528
4
3960
3826
4622
3809
1851
1077
3758
2310
1401
1572
4840
624
152
3539
3020
675
1930
3601
47
1031
3171
3620
2
1209
3791
524
2562
1313
1829
4737
1911
4042
827
3398
3674
2156
2976
2961
4931
333
4666
4716
367
287
2483
2309
2589
420
1481
706
198
958
4927
4241
2061
2555
4204
4310
4957
1362
4364
4766
716
1355
4797
3919
2362
2084
2072
1347
1945
2577
2913
3450
3774
2783
1266
2561
2160
94
1310
1754
4959
3156
1636
2202
2763
364
700
414
4518
2024
399
4835
3220
1776
4645
3591
3004
3392
22
2556
689
4937
3859
2275
3680
3852
3020
4597
2075
3269
4552
2571
4222
4074
2320
454
4770
3198
4199
2668
3309
2983
32
3306
1068
403
2445
3201
3672
3169
245
4789
559
3572
652
3032
3906
2132
3860
1478
1717
2331
3053
2389
3531
4866
4699
848
4502
2513
4111
758
300
1801
2847
2911
3413
375
2446
3466
1647
643
4763
997
1522
4473
509
2728
981
3208
1695
4240
743
4546
3553
1129
2764
3123
2080
139
3058
554
1715
3878
3761
2992
1483
4455
383
4001
3465
258
1756
712
185
796
4048
3910
2780
2820
1284
1012
930
4687
1627
1130
2964
1458
1827
2463
833
911
521
3026
3183
909
4916
3289
3554
593
3219
1129
1644
2012
3499
1390
2516
128
2431
4211
1195
1326
170
3359
1836
4071
920
406
511
3523
4976
372
2954
1553
4121
95
1746
3284
972
4132
704
1417
4395
4831
2054
3423
3752
3835
78
2146
3590
348
2442
1354
4247
252
1703
3157
337
2010
2571
2484
2534
229
935
3421
4414
3882
3168
3777
3854
2277
4316
178
4296
1736
3353
4384
1198
1336
4314
2683
833
398
93
2308
4164
2684
1596
187
835
1297
2637
2208
715
4263
3382
1875
3734
1159
1215
2206
3616
931
204
2186
2621
4748
1394
3643
203
1319
4100
4471
2776
195
3638
1994
3538
3713
1115
817
2302
4336
4153
2062
185
3879
1987
3283
896
1555
625
4876
2459
69
1386
857
3006
3253
228
2052
989
141
4473
1039
2160
3384
2801
2301
386
311
1786
4098
1489
3813
1050
3651
1222
51
2916
2340
2132
2216
3812
3823
965
102
2627
210
4133
4900
1575
1875
4239
172
3714
124
2284
2565
455
1653
1401
2625
2322
4560
3202
3734
1698
4147
2208
2247
2200
4728
760
2316
2874
95
4769
3122
3202
4617
1231
2628
226
3224
1550
3210
1274
3035
4735
4349
1414
2918
112
3418
4773
2031
3579
3738
466
2001
4788
1279
1254
4098
4289
4831
4339
393
341
3649
1196
535
1067
3195
4855
2570
1458
3273
170
2759
4685
2383
237
1272
3268
3008
2679
1124
364
3358
3249
4266
2829
4235
3623
282
4355
2615
4447
1152
3637
227
4127
2657
260
3645
1263
404
3834
4454
4151
2129
3385
4053
783
4809
728
4353
620
3127
1166
2443
1915
2280
4937
3653
2790
105
3766
4186
4257
2190
1684
4062
4635
889
2966
1727
381
4693
2413
793
3760
587
4497
2597
3059
3349
1039
511
1518
372
2650
3820
3145
2722
586
3632
396
1597
1510
3814
3394
3674
2976
1756
3363
504
2483
4185
1642
4131
2166
384
2658
1030
4906
3756
100
2807
4064
1747
1178
2702
4856
2273
2830
1749
2109
2582
4623
1386
4209
1940
989
2268
4303
2227
4039
3691
1295
4200
1966
1971
3130
2893
3854
1109
595
2293
4522
824
2105
965
1937
2912
2515
4019
4135
4609
2515
1567
4103
1932
1647
2170
2219
2993
1894
2107
2654
1059
3895
2693
3319
3882
302
2999
1588
3028
3050
4210
4548
2351
4580
2897
29
1468
2546
3295
1000
2699
4380
2288
4810
3508
3243
60
1771
44
1966
310
4484
3802
3827
1387
331
1207
2155
3715
4400
4015
514
1060
2337
1934
2791
2159
3663
807
1042
2868
1088
2262
2177
620
4673
3882
1611
2992
96
4548
2279
1530
66
3634
2088
3464
570
434
3290
1891
2164
3624
312
3968
1797
1499
4653
4295
326
2940
2712
3082
3760
1430
2097
3964
151
1184
4187
4344
1866
3075
348
2604
130
2987
1208
3359
3043
3796
2693
1120
582
1915
3384
3337
593
3105
3617
2675
252
1372
586
3083
406
3379
4603
1337
4882
4048
261
4675
1478
4305
3240
3030
4980
629
3180
822
327
2055
3039
2711
3463
1334
3300
1486
4120
4854
2784
4504
2435
1752
3284
2637
524
619
4180
2696
2469
2163
1267
209
2504
3776
3928
4206
1469
4697
4128
2342
4589
2032
2692
3240
1190
2835
3923
3204
4753
2982
849
3165
2014
4387
1237
4179
1278
2875
1585
276
346
2597
2487
2540
2168
2165
2216
2128
3220
3194
3227
871
4352
4070
716
96
3348
799
1425
522
171
2701
4219
3647
4418
131
2146
3799
4045
742
4136
1453
3906
3233
3243
735
1924
3110
2360
1822
455
3596
1685
4388
3145
3248
2515
3200
331
3759
1015
3688
3119
4722
2347
4941
87
2410
4160
1267
2269
234
3266
872
2087
796
949
4235
4763
4190
2997
4915
4227
4438
4315
4079
2584
4487
1602
4939
4736
3994
300
4197
2314
4908
1076
1683
1690
1519
2426
1637
4727
502
253
279
1442
3085
4136
3689
4252
3937
550
1652
600
3412
3573
1619
1716
1169
727
1023
1200
1541
3073
4353
286
263
2823
3281
1366
4131
849
1287
4633
3032
2344
4312
1772
2277
3972
4416
2750
2117
1267
231
3170
3669
4329
2833
4410
3258
3148
1738
923
983
1316
3688
4088
2885
2032
3614
4795
4909
2186
2828
1197
1531
209
2039
1681
2975
1156
4333
1724
2620
974
557
3487
2533
2481
2271
1075
3525
2363
996
1159
1682
2884
2305
1401
2168
2863
1516
2735
3365
132
2590
4715
4931
2322
3922
508
3737
1821
2916
4869
2312
3519
1868
1702
4013
519
2284
3705
2138
493
1486
58
2337
739
4657
898
3741
468
1130
3426
348
2459
4902
1067
1470
1372
1851
390
2172
1559
1402
2045
1379
392
2948
448
1705
4249
2791
233
323
1515
3345
1424
3960
643
2729
730
180
2248
4024
1182
2786
2919
844
3512
3258
3288
3373
999
4216
521
61
1941
2021
4983
1390
4965
3225
1196
3193
4179
3157
3161
1492
3162
405
2938
3464
4938
2099
3593
1537
886
2841
3363
3244
1201
3049
3950
3336
4512
3408
1856
1801
1619
2927
2764
4123
2366
3296
2487
3847
2252
2657
4018
452
2682
1547
4409
2237
2718
321
802
2852
1559
4642
1902
4510
2207
3788
596
3326
261
3173
3204
140
4736
87
1851
3920
3537
1919
3006
285
459
4510
2669
231
1136
1084
2271
2054
4005
809
1032
4733
2256
2738
4716
3568
3672
578
1765
3064
2677
4660
4154
1437
22
2381
2366
2996
385
3003
3235
2902
666
4589
2447
4719
2158
4164
4223
1215
2564
1729
2167
1871
3874
2311
2758
2924
2150
1027
3474
4335
705
628
2555
4655
695
1846
2484
3785
1278
1928
4149
2743
1483
1098
4627
4900
3723
1764
784
3402
501
3417
486
1034
3689
1111
668
3904
4026
68
2450
3207
696
2054
2746
2019
3159
117
4254
1129
3217
3646
2215
1487
1022
2894
1149
2368
4114
3139
1044
813
1373
529
4879
2936
3641
1975
4732
3005
1183
377
3758
1764
2934
3218
2146
3102
4003
4272
2559
3349
4213
1898
4091
3972
4970
1932
4148
3715
4897
1377
2264
3065
4556
744
1640
4188
2242
2888
1491
4191
729
844
1224
4366
4095
528
4408
2015
404
1192
4567
668
1123
4832
2798
719
1652
3621
1852
2153
353
2328
2836
4407
609
1804
4796
2214
4158
3379
2265
234
3725
107
2449
3511
1557
2234
2497
3992
4391
339
3317
4966
1358
1333
754
3380
4199
1059
3853
288
4443
4360
4086
553
2167
1682
3680
4934
146
1195
2110
4746
4980
4174
3386
3933
2322
4533
3400
3182
4310
1464
4384
3032
400
4210
28
1920
4682
417
3736
4093
510
3594
1149
1438
438
1573
4913
3451
1574
2824
2422
2634
135
89
1556
1829
3210
3973
2381
4694
669
2743
1710
339
2355
4931
312
3165
2214
1157
4272
4015
2742
2888
3796
4801
1631
1156
2841
4603
2342
3116
731
2680
4825
1917
492
706
1284
858
1160
3579
3061
3717
4335
3102
3303
3539
4098
3629
536
3650
3867
453
3796
4989
3735
4943
1019
1327
4206
4709
4760
770
589
4040
2316
4456
3824
371
720
3453
425
3528
2851
2188
4283
4926
1623
2967
17
2569
3587
4866
2981
971
4500
2380
4094
4772
871
4179
281
2752
3498
2445
2988
4412
3118
2620
4632
4920
860
4496
3771
4551
1071
4450
3131
3743
4416
4234
3842
3526
3390
3687
3450
2627
1886
398
1894
143
2896
703
3797
16
2325
927
507
4175
2914
3747
2061
4390
3714
1179
2970
1286
2344
1535
2910
307
292
4329
3164
37
772
2434
3894
4887
1334
4898
2653
817
906
4628
1878
2047
1544
295
1812
3407
2277
3105
1781
3721
4251
3954
261
4274
2712
2067
1960
4747
208
2375
3426
4953
127
3193
4062
1810
1581
3951
4423
327
4725
2896
219
435
4985
1898
3539
834
2892
1980
3563
3421
3821
2199
616
4529
2632
2687
148
2037
2402
2431
854
4902
3087
179
1729
2040
2161
2699
845
2253
3897
1421
3200
656
4502
1261
4426
2367
2285
3535
2721
2585
4941
4523
4807
4244
3967
2346
3023
1027
292
564
3280
3372
2259
2297
1890
3489
1793
4903
3682
4991
2721
2689
4582
4595
3544
2871
4313
1653
2999
3507
2011
4193
4475
302
4347
3645
1742
3658
4172
4977
2283
1512
203
56
2229
2990
3690
792
4700
2461
4172
172
1686
1251
2388
3234
802
4028
3880
1287
4501
1050
3966
4907
2906
2458
1600
2265
1677
510
2684
1809
1226
1806
2173
578
3370
4624
3796
3925
3949
4150
1273
3393
2505
4320
86
1898
2126
3908
3997
1882
135
3629
3906
2091
1627
3217
2377
3891
3507
3894
1878
2144
1243
445
1934
2831
4304
2301
2302
2616
3270
4051
4754
1655
4641
46
2294
1413
1025
2869
4801
171
2327
1540
1405
941
3405
2615
2848
4575
4933
3786
3706
1584
1804
788
4513
1177
804
2280
4112
2629
4767
101
4602
273
1549
369
4911
3422
4346
2680
2631
1154
3614
2962
3636
3637
1979
2433
195
4452
3248
3803
1329
2628
3110
3293
4858
4567
261
4322
3824
1249
3460
2898
4979
4423
2329
1399
4747
922
3727
4645
3186
260
1177
4931
4920
53
3912
2344
2464
3418
2720
4937
697
1769
2609
3462
1953
189
2691
3517
364
2390
851
4887
2099
4820
2368
3696
3628
2364
4054
1675
4859
4504
788
1132
3264
2450
1660
4200
2236
1033
2540
666
114
92
2279
1345
3882
1904
1652
4086
574
3989
3817
3101
3834
4095
1504
1425
3601
4133
2078
4990
3647
1943
2804
3826
1423
1452
1065
523
1820
2872
3547
2056
4817
1201
2524
2883
1526
4216
1492
3487
1212
2143
2913
2859
1567
2181
1552
4283
21
2321
3213
3751
2371
3314
1968
4097
1929
1830
431
2716
2285
3835
3436
4603
1345
4071
807
416
1904
4974
3041
2513
880
2280
2239
3266
3466
1546
3776
4413
3503
1266
4052
1585
3381
1423
2340
2897
774
767
3027
1235
2825
4601
2968
275
4793
976
2048
1528
3724
1035
3059
1911
2508
4740
1229
2194
3666
3408
583
4427
3291
2148
1325
3602
1374
3541
1567
4108
1755
1657
4986
1182
1471
3217
1083
499
4046
3400
893
1963
803
390
821
1250
4878
1973
2821
4402
3790
3706
2542
375
3190
832
1407
4734
150
4662
4478
3444
483
1481
1631
3380
1997
4584
296
724
2303
320
1862
2269
1440
2477
3419
1270
3868
4088
2812
1794
294
1356
1461
1057
3947
2713
1989
1499
372
4655
1980
3470
914
971
1719
54
4305
4990
1702
2791
3540
851
3284
3911
930
4562
4371
480
4984
2948
783
4440
1086
1156
3982
3154
1245
2952
2397
2900
1212
3397
3759
4387
1254
1897
3252
3020
1974
3182
4622
3342
4894
3142
4993
4791
2399
5
3873
569
67
4798
2280
2695
3093
1773
4486
2739
1815
959
4743
3911
3552
2608
1285
4573
3628
3884
2981
920
4714
4717
1811
4691
3698
4620
1475
1518
4618
2480
2837
4336
893
843
563
2149
3744
3828
696
103
3956
4290
3508
3811
3286
3883
3657
1397
3963
4898
3087
1327
1681
4154
3210
4039
1595
2993
1632
4320
4482
151
2413
4841
260
4236
4487
1055
3500
798
4506
1758
1064
1815
1235
2677
2521
2338
154
4966
2971
2930
161
2150
3650
3621
3658
2393
3298
2743
4825
3977
3490
1166
3942
494
3218
2841
1804
1101
648
1613
2480
406
4862
367
18
4251
1975
72
240
990
3823
3670
1566
4712
2969
1347
3583
2583
4042
3600
2482
4821
2534
2685
2859
1430
2580
832
3631
2499
2787
1697
66
4080
3926
261
4422
3159
4936
4585
4390
1043
2237
174
2068
2965
1788
2412
2555
2017
2640
1425
3133
4429
1793
366
1566
1200
4
652
4060
2713
1994
643
686
400
4750
1646
424
679
345
3406
1075
2835
1460
1669
2410
2896
3551
3475
399
4182
2931
628
42
3591
663
1012
4108
3605
314
2929
3944
310
1050
550
506
4228
4831
1564
4616
4131
945
2941
909
1652
2537
3031
4038
4149
3794
2365
519
4854
3218
3539
4848
1149
2724
294
3424
4605
2622
1790
3613
2317
767
336
1217
2904
1928
1485
3980
3382
4255
3167
4751
258
2576
3364
4307
1606
3615
2864
3200
4698
2090
4472
2198
1354
2001
1714
2774
3274
1808
3646
709
1200
3866
3961
3060
1294
3067
1748
146
4316
2036
415
4535
1327
3307
2592
2483
3174
1119
4255
4208
243
1648
4203
3957
4322
3100
1018
3137
2130
2015
1094
3578
2906
2087
4539
133
2964
1511
2825
2533
2931
478
4673
4106
4533
1563
1107
4984
340
431
4396
2813
2340
3409
3805
1991
1108
1775
2890
1734
530
2292
2448
3673
1349
2253
2500
191
3261
1130
747
3311
3544
3963
327
4458
337
3678
4398
3598
3081
3056
922
101
2641
1476
3009
2604
827
2773
1846
731
2597
2181
334
864
580
3158
2516
1653
4410
2370
3868
2957
3329
2129
3445
3460
1182
843
3421
4567
4103
1567
1014
349
3679
4918
1143
4260
652
2651
1997
4736
2730
2838
2922
4884
2783
3530
1581
1324
2717
4027
620
385
4830
4874
1481
45
1425
4982
482
3611
1221
4925
383
3488
2274
1704
4303
3501
1086
4860
3208
2499
833
2008
869
3165
979
3433
93
1001
932
2261
1469
2186
3100
1901
4463
3760
3230
2565
91
4879
2095
4234
522
3837
4471
4527
1099
3834
4932
3631
2914
161
1869
4082
1456
1056
1940
2921
3320
2749
4459
184
4367
180
2941
4531
761
671
2842
2721
309
2783
4300
575
1748
2432
2931
4111
277
1284
3625
4793
2486
2058
1658
2105
1603
173
3353
362
3451
3644
1001
3073
2274
2546
1756
971
4788
3238
2812
338
1731
3588
153
3593
4193
2024
2429
1143
2788
1982
3123
2336
3630
4445
4159
130
1330
1715
3022
1600
2776
1066
3707
4291
2265
814
1203
518
4029
464
3230
358
3485
3490
2756
3735
2842
3183
2693
1724
3252
1942
4301
4250
4002
2122
4319
353
2283
828
3870
4462
2055
1085
206
1765
2932
2893
1354
3519
312
3058
3663
4813
4494
4558
2795
3431
2958
1131
551
4810
3779
712
1399
443
3228
3653
673
2121
287
3333
2536
2655
1639
3675
1074
4080
47
3829
4311
3594
4761
3942
1361
2683
2835
1261
494
2538
4717
1695
2914
3954
918
1569
186
4069
1509
4657
1954
854
4990
2067
673
3457
2557
1097
2275
958
686
776
3952
4952
239
1650
4932
3588
1173
4767
3791
2682
3121
1159
432
2004
3434
3790
1479
4428
3545
2745
3383
4400
0
14
1560
4541
1498
3835
986
2039
2050
113
1252
1193
4401
1627
3321
3073
1450
1874
1094
1086
170
886
1338
4911
4050
4472
3084
552
2637
803
935
3953
2788
4133
450
4639
1678
3340
3513
3961
284
2577
57
480
268
2456
2172
4174
3078
4454
2927
4474
960
4412
3238
2572
3626
3123
528
3395
2280
3867
4857
4609
3182
4632
1587
423
1229
2236
2268
1109
1737
1136
3807
4929
81
1194
4348
3465
2516
830
3163
3053
2171
1823
3782
7
3966
3828
2450
2835
2986
1196
3758
462
830
400
2061
3502
4823
837
923
4411
1807
4669
763
53
3896
3680
3572
2415
1800
956
3726
4153
295
3295
1784
1775
124
2346
4406
3708
694
1042
3222
4110
3532
1913
841
4157
3412
4518
3152
3934
2548
1605
3910
869
1801
3564
2583
605
882
2967
424
1991
550
175
613
630
2589
3393
4162
37
2707
18
4425
760
1457
1551
851
3339
1300
3881
1517
2009
302
75
4580
3375
246
1576
1142
424
2606
2427
28
883
1137
4792
4025
4406
2671
2012
3036
2130
3611
1597
2889
2181
4502
385
3487
2575
2433
3010
2611
2295
3568
3840
2054
3855
2724
1885
2274
1181
2849
1672
830
4216
2378
3221
709
1435
750
3432
4498
2291
961
3987
2299
577
3378
4290
299
3398
3781
3307
2812
3491
4935
4633
2583
309
544
2007
4521
1710
2455
4319
387
3217
1109
3914
2430
361
2001
42
666
944
2716
405
2529
4896
2067
3306
4005
1462
2716
2882
1395
4691
4592
1885
379
590
4053
2408
2834
1081
554
2529
1430
446
657
2161
1257
3953
3455
3870
4398
3665
3091
4645
3241
3209
4147
1727
513
2904
4483
1728
2380
1046
4274
725
1722
3842
3420
2145
2466
487
4853
4826
2664
3387
2630
646
712
4746
1706
1380
848
531
2053
1623
809
3938
583
3567
581
2161
3166
2074
416
1568
3314
933
3965
1960
821
1644
3156
298
4562
2879
3157
2261
4207
440
2580
2630
3057
1409
3017
25
540
4269
4495
4379
4109
3752
836
3233
843
2606
2624
4531
3924
834
753
549
928
2868
4820
2914
4537
3929
2374
3500
4831
4771
1650
2004
4858
3731
2286
2686
1667
3573
2282
2442
3231
179
379
4123
2915
784
4607
1640
4004
3238
4979
4987
1160
1639
4978
2442
1983
4344
712
3647
1592
3131
3880
3121
3256
4037
4787
2973
1636
3078
2741
1751
1512
760
1097
3810
721
4265
2895
2113
4674
1240
4032
3455
1618
622
1862
1911
3926
2205
4189
2131
200
3502
4328
2472
3722
194
1527
1814
3839
1207
3809
2306
821
4311
4284
4953
416
1591
3337
4864
177
4128
1467
2877
4191
1324
3532
3826
1660
3858
1199
2423
4785
4384
1325
3036
2824
1295
2931
295
1478
1167
1800
3158
434
3196
380
2851
1793
1938
3891
3483
2796
2636
360
3108
2054
2841
791
656
2157
216
2082
2851
3643
4366
4051
4284
374
4453
4907
3218
4008
4832
504
4320
2403
764
3664
4378
4857
2319
3050
799
3846
2033
2496
4977
641
588
1515
1995
4177
1494
992
1839
242
3971
4888
326
4447
4249
1900
402
1092
12
1401
198
574
2775
4087
3147
4671
1917
1648
1205
2483
3787
1792
2624
1910
3388
4987
1928
2202
2747
3076
4589
784
65
207
4582
2611
3180
4445
3821
1980
3845
4032
1333
3917
4076
3877
3484
1932
3488
2004
2895
250
1282
1346
3890
1038
4113
204
1361
1836
3665
3028
1045
736
1153
2053
4763
1756
4891
3754
2553
1106
2020
724
2781
3276
433
4629
2869
1456
3284
247
4580
3794
3196
50
424
1686
1696
1191
2829
787
3952
4304
1126
4984
1130
3535
303
375
4310
416
3265
765
865
4028
869
516
4752
2153
584
2091
1611
707
54
1858
4373
2456
1019
4120
1448
4091
4121
2764
4433
3509
687
1633
1846
1877
2366
1316
3820
2816
4945
4809
850
2481
2341
2863
4268
2298
2556
4169
2971
1316
4333
4563
4895
1077
1584
167
1581
4278
4535
645
4279
3344
3574
4353
2271
1809
824
4327
4059
1869
2212
3297
3151
1019
4775
2967
2654
2602
1329
4022
2678
3496
3548
1376
2876
554
4534
1492
3351
4354
1557
1926
4131
2499
543
2226
205
1533
4100
2766
1419
560
4358
3492
4036
1847
110
3828
1282
2869
1765
3305
2045
893
2795
3027
2121
4886
3815
4862
1383
2413
1257
4654
120
3872
1834
4057
647
2586
2955
4343
1560
556
4407
4275
4642
1079
2462
336
3542
721
4476
3135
2456
2371
4944
3041
615
1721
2367
3703
2471
3704
4757
4772
404
2344
3841
87
2379
2697
1562
3385
2789
343
2458
3747
2293
3959
3569
1700
1915
1073
130
663
401
1094
700
4442
366
4606
2415
1944
2766
600
1205
4153
502
3807
1366
4167
1668
1631
652
4379
75
536
3062
550
3513
4777
3280
4857
1345
4920
3811
722
4837
3448
1115
2452
3282
4444
342
1181
1140
2811
2053
1497
1098
4526
2459
495
2579
1426
4742
3917
4502
301
4432
2177
40
1567
2855
3629
2492
1918
4028
3972
2976
1324
4202
4296
4979
4596
3025
759
2358
1732
2299
3475
2117
3082
158
2935
3927
846
1616
4566
3083
2303
2719
2936
2852
4915
2326
577
1024
82
4927
4291
653
1781
4649
3894
3062
2274
4097
1596
4976
3121
4161
117
4006
2642
386
4257
1586
3678
4524
1577
1881
1621
2069
3486
3395
1110
4143
4683
4523
2863
2464
4321
2617
232
4681
713
2637
3200
1782
1151
4845
3963
102
2920
1935
798
816
962
3517
4735
278
2745
4676
600
2792
2137
185
4375
855
3383
3737
1442
2776
768
587
353
1275
2662
2193
2783
4900
2707
4757
1393
4273
1499
2557
4311
4490
2204
1386
3108
1670
4803
4869
4575
1890
779
3193
1334
1704
4441
238
585
96
3592
623
4659
1191
3846
3148
920
2901
2268
2637
3835
3623
275
1646
3179
1076
831
3200
2277
2721
2529
3822
2041
3768
714
2270
2389
2546
2517
2946
4951
4833
3396
2492
717
235
4082
4796
2122
4322
3327
21
416
2764
3370
214
478
1340
1946
4696
4922
1066
37
1441
3203
2224
4164
2672
85
2884
4922
3857
2069
736
1454
449
4382
2128
1412
16
2219
3810
1133
897
221
4305
3454
2153
3042
1974
1949
2774
2006
2875
4362
2990
4186
4795
3166
3381
4061
200
4454
4375
1294
3531
2540
204
4134
3293
3007
2535
831
3388
4596
445
1870
3235
3200
4179
4648
3521
4538
3455
3919
2128
1821
4075
3375
3930
2223
1151
1701
2881
4074
1000
2649
974
3032
3329
1473
1479
786
4714
1719
213
3607
922
2205
2747
2210
3327
2247
1411
718
3819
605
3598
4604
4065
4208
1150
426
3399
3960
3990
2048
839
1411
3472
3491
1176
960
4243
765
2749
780
1307
378
4219
3177
4688
3280
510
2233
143
2221
2655
2026
4516
546
3347
2872
1981
2779
4733
1879
3206
4238
1563
802
2691
2017
4861
2366
920
525
1145
3152
4196
4932
1265
4110
2077
4825
4984
2094
4992
1391
3689
1953
3117
1863
489
752
734
4741
4027
744
84
2343
2177
3310
2363
2811
4187
2845
2094
2597
3714
2396
2165
2635
2991
3722
3940
4413
3501
479
1591
3222
4259
2862
3098
2218
591
3794
1517
2682
1155
4516
3237
2728
4573
3964
1168
3698
2707
685
3730
4084
244
3778
280
2591
861
4417
3910
1176
1865
375
4430
4817
4130
2989
4303
1129
341
4137
1741
1185
2111
2143
2356
4616
3191
969
139
1993
4243
3001
3979
1240
3931
710
444
924
1808
2858
2855
2842
167
3793
2838
3583
3403
3015
3497
4664
3970
145
4098
3785
1892
1931
231
3290
2785
389
175
3484
2350
308
4682
3002
1088
3504
1974
4831
2292
873
3307
3549
1314
3829
888
3406
4904
4892
3569
1486
2584
1563
4501
3994
1070
2967
3109
3127
1532
4113
4199
2809
4250
4541
79
2569
2552
3471
2681
967
970
2116
1451
513
4126
935
1110
2786
275
4805
2677
1695
1090
2619
3359
2800
4635
4429
2505
1782
2892
3245
1012
840
1412
247
4918
157
3020
108
738
1426
3300
1431
3237
768
4433
3094
1400
3194
2585
566
2058
4563
3879
2542
3132
3065
4015
458
4324
1509
1876
1628
2652
3066
2221
2788
1637
3409
3030
981
4639
1865
2666
1219
4526
4226
4298
3724
3513
1377
1122
4111
3537
4791
1222
4700
2502
4464
3974
2994
2319
1681
1936
2066
2720
4949
3564
680
3808
3407
2780
2967
4592
2950
2478
2118
620
1974
931
3233
4601
274
4435
1340
3346
2498
4456
1816
90
3061
2250
779
4076
1069
831
2649
1985
4691
1561
2947
1029
1949
2101
3110
1009
1004
984
3030
747
3261
2978
330
3522
4729
4157
3964
443
4460
2207
1208
604
4245
1592
341
4868
233
2195
4103
1632
2952
4717
591
2944
2798
1575
3613
1891
952
1918
3720
1488
733
3635
3938
1456
4527
823
898
3687
104
1616
1410
4203
4274
498
4921
1021
4525
118
1125
2285
2872
2323
2467
1429
717
163
2406
2221
1583
1087
239
2966
3158
353
3358
3484
916
2470
1254
2252
4009
2241
4490
3019
2198
1910
2182
3025
4882
4237
2870
3229
741
4500
1677
517
1598
4911
1328
2209
1301
3654
1064
1674
1557
2951
4227
226
2361
852
4679
1345
2941
1728
2311
2147
1050
2505
3408
1694
1153
502
2872
3008
65
1819
2652
2197
3346
2883
1242
3735
2827
776
3194
2272
2800
4347
2756
3279
2414
1093
121
1341
3615
3955
611
975
1282
3473
269
2719
2067
2380
3469
3563
711
88
4016
504
1073
231
426
4820
3095
1396
3587
4156
3424
4957
3865
2323
1292
698
3805
77
1160
3514
4633
2102
39
3312
1528
2625
1863
3079
172
890
4974
4719
1268
1665
2042
2634
3609
2476
2293
1352
290
810
3680
3190
1638
2860
2154
3010
2318
3324
4274
1583
1347
96
4854
2761
1702
4646
3160
4064
2605
1258
1688
676
2742
770
1135
1915
507
616
1874
49
4505
1826
2614
4862
1295
4554
1415
4903
4910
1339
4984
3389
3119
4854
2783
1798
2087
1382
4790
3709
2506
3406
219
3863
1568
4668
2386
504
3196
4805
1228
4690
698
1050
1717
1695
4484
277
2597
120
2741
3993
4180
1455
3940
486
2552
4639
4536
3361
3731
1780
2634
735
2089
431
2267
1870
1110
756
3260
3530
1660
253
4761
548
1164
3213
1984
1628
944
4476
2613
80
1468
2560
1496
2459
4803
3821
3351
3115
3313
2927
1593
1615
2710
3440
1501
4508
491
1136
659
3731
210
1357
4535
1462
4222
1942
4322
549
616
2827
908
4696
3395
1872
2690
1651
3798
896
13
2915
1737
2417
1831
3197
839
2811
3088
764
1573
1234
2278
4466
26
2265
688
2902
4742
3219
1752
1345
2278
1580
3247
929
128
1634
1837
438
340
1092
4225
3341
1950
3951
4792
585
1795
2918
195
771
1259
4129
4407
3571
3970
2351
3098
3257
3914
722
2043
3562
4255
3329
2035
4332
4841
3760
2763
18
1184
571
471
4987
3729
3176
3171
817
522
476
944
1555
4511
4796
4054
566
2061
1675
1374
1884
1807
4957
570
2822
4666
2702
882
694
4226
3442
4274
3585
4319
1728
653
1260
1856
555
287
2007
4934
4296
2634
984
1784
4264
492
132
2083
106
680
3890
2992
81
2814
3937
3962
2927
1507
2946
4281
1428
3723
740
2410
4845
4733
3049
2354
3817
4919
2964
910
4514
2984
1858
4422
776
1356
216
1771
4080
1586
4176
4349
4306
4302
4293
4362
1561
3808
1479
2019
3744
4845
537
1745
2958
4199
1504
4420
662
971
1055
4016
3315
2147
4706
3884
519
719
2372
3906
4264
4870
4454
1850
3302
2208
4787
4242
1906
3629
4124
240
2734
3629
532
3103
1094
3680
2540
676
3390
3813
3121
57
3413
953
3709
1156
1768
1045
4104
282
373
3267
3107
2582
3394
3527
251
1874
1293
3318
4523
4550
948
716
3506
4550
2558
2238
1063
1002
3077
4269
4244
1642
3337
2765
1057
1797
735
1972
1521
728
3913
4089
4631
3841
208
3244
637
1551
3723
1719
316
1566
1557
2058
3153
1396
4882
1169
4579
1966
674
1505
2158
4154
1897
886
3670
157
1983
4674
99
1402
3979
4126
13
3775
3004
384
4475
3142
1025
3837
1142
2320
1781
4075
4129
2356
1708
3854
2399
1345
3131
3410
4452
1446
1585
4142
3061
3217
2701
1675
1220
3487
4665
4879
3844
939
3789
2334
1320
1767
4348
483
2612
2030
3817
3343
1721
1918
3679
772
4161
1428
1923
3516
4187
3268
3507
812
4995
3221
1914
2441
1700
3003
1364
566
621
674
2314
3110
1865
1595
2245
4322
3168
1150
2734
351
4990
2321
582
1922
2568
4715
3764
3459
187
3310
925
1942
379
4680
3261
4504
4059
2637
1033
2657
663
483
1017
3266
2778
2416
3415
2830
374
1537
2322
2077
1191
4430
4214
3688
4899
1566
862
1908
3587
1191
4445
3309
2928
2294
130
1858
292
531
4593
3248
1009
4304
3115
2745
1673
1505
1569
108
1330
1509
452
4975
1381
696
1925
4902
1990
97
2162
2541
1962
3702
2782
3895
3445
3940
4926
4509
1194
3957
426
2653
2376
3461
3280
2993
4207
4673
4105
849
2329
4757
1009
2880
4263
2038
1263
4446
1852
2447
807
4836
3197
2201
4761
1381
4375
3475
2666
3956
3806
873
191
439
106
4827
4841
711
292
1966
2114
4498
3917
236
2991
1319
1462
978
3012
4314
2935
2477
1248
2210
912
3012
3157
562
4069
2404
4030
1954
4148
2473
1336
1835
3665
2864
1720
83
53
2304
4861
3710
295
1030
1566
1386
3781
2053
867
1498
2073
179
1052
338
1562
3119
3046
3663
469
4793
1991
3062
2941
2122
1058
3567
1339
4744
880
3237
4450
4969
664
1005
637
828
991
1956
4786
2457
1063
3539
2366
4155
906
1936
894
1979
2201
1130
282
2193
3721
2183
2181
4920
2876
3922
4647
3887
54
2266
3290
918
2065
2627
3896
4413
1205
3480
730
2518
4803
3112
3559
207
2578
4899
4919
4157
647
3364
527
1480
4425
2877
3572
27
4762
3852
2647
4988
725
2831
4725
3785
3525
2562
1076
2377
4236
460
1690
4284
2584
4781
4173
741
4613
290
81
4705
4590
936
1233
3487
1938
3052
1174
1299
1492
3052
3287
4113
3661
2700
3167
4500
2983
3506
1852
845
4755
1655
3445
280
3808
4462
4780
807
4905
1045
2474
2957
3631
3816
1469
3068
1833
4465
96
3102
171
2799
4139
4696
4746
821
4727
3065
973
2801
3042
4584
1123
162
66
4604
1090
985
2212
901
3205
1257
414
3246
4536
2203
1035
1138
1805
42
798
1541
4541
4427
4430
4014
2556
3528
3771
2706
820
1039
4367
1984
4243
3003
4397
1656
2210
4637
4615
525
1382
1994
1330
2917
3232
557
2625
2355
4867
4301
2206
1366
372
3531
1997
1628
3244
2263
143
3240
4764
2039
4167
1563
4908
1345
1457
4737
2554
1654
2853
761
15
3711
4733
3993
2453
4486
1373
1804
3576
4483
2674
4402
4792
1651
1719
1469
1409
3557
3518
2227
2066
3118
1031
3815
3435
1365
4125
4533
2309
2650
272
2986
792
1142
4818
1376
4738
3355
4278
933
1556
766
4508
2539
2501
2579
3772
1271
4495
2733
1335
549
3490
945
4838
4011
1713
4469
3732
1513
1627
4598
2837
1323
941
1137
2480
4650
4548
4840
4022
1664
239
4663
3696
2714
2981
1593
309
3205
1147
4896
2516
3968
1488
959
3021
547
3716
4086
3456
3401
1789
2072
4618
2793
4265
1949
665
518
1835
751
3151
4236
1738
3511
1133
3182
3219
445
1241
4490
2560
1597
529
4260
1683
4234
4138
603
1672
3502
4598
742
722
3412
2035
923
923
1737
1552
1027
4913
2498
3811
3818
2603
3360
1275
3222
1728
4120
4825
4221
1466
1336
122
627
934
3647
1093
1428
1671
4396
3092
191
1706
3687
2300
4999
3893
4489
2290
1134
628
888
744
4847
4307
4314
3248
1768
609
4600
3837
1555
892
295
3733
3247
2984
2596
2529
4035
3339
4820
1087
3727
175
3348
3288
2915
807
1558
3656
1537
3514
2942
4974
2504
2604
392
2832
563
675
431
4271
4895
2816
3475
594
2521
1159
4599
1842
1272
1314
4960
238
3076
770
4438
2795
4489
153
3386
3981
3907
3134
1679
3761
2726
3459
3989
1943
173
3092
3386
3739
2473
3361
1602
3504
3271
201
2944
1871
4679
186
3130
98
1220
2903
2860
3378
620
1893
916
3930
982
908
1768
3860
1336
868
1928
1984
4103
2995
3214
2012
1093
4794
2762
3250
3514
3351
4497
1991
2944
4840
1757
1924
947
4386
4170
279
2303
3727
4199
2441
3953
4813
4264
3416
4256
4681
1481
1211
212
764
2909
4866
2332
191
2309
2074
2362
2477
4760
4696
1585
179
863
1442
4373
969
4366
402
126
4790
1221
1522
2003
2042
3343
4775
4719
2088
4527
900
2942
1846
2701
3794
2677
1121
990
817
3854
914
92
2271
2555
4152
414
1866
2394
4829
4742
2751
1130
3155
4610
139
3475
4489
3428
2867
1708
4513
4886
2686
684
3130
4892
4074
2444
1753
2154
3767
4888
819
4861
2427
1808
3282
34
2698
4412
4117
2872
4253
509
494
1282
4587
3242
1899
2368
4408
792
96
355
167
3778
3142
1007
4677
486
3972
4175
3124
4187
2830
1968
630
3263
2432
2484
2063
2145
3809
462
4022
3545
4876
4633
3124
756
1811
3561
2126
2076
1953
1919
4365
1760
3985
4738
2454
3228
4605
2364
4760
4336
3143
2359
4586
1216
3311
4167
727
275
839
4741
4497
3405
3867
4151
4558
1205
4297
4454
968
1363
2602
2737
2470
2558
1099
4772
2177
1639
2743
3830
2365
1697
3626
2153
3612
4160
4149
3931
2969
1360
2888
4344
4792
2192
1352
3519
2936
590
2482
683
3
1172
3421
3581
4981
4557
4
1317
681
3719
4242
734
4248
2636
3184
584
3167
2047
11
421
3350
4553
4134
509
4114
3435
3643
230
1052
1081
656
3575
3529
660
55
4503
18
1706
3906
836
4114
4902
3255
2905
1936
4127
1097
4586
651
4239
1504
2674
3661
302
4105
3606
4931
3378
4144
1074
4210
2675
1730
13
1932
4844
136
40
758
1548
2773
797
4422
4163
2497
1912
398
989
1131
88
3287
3969
4747
2191
3549
1553
682
4379
4542
4910
989
955
4452
2044
433
4619
4207
2514
1311
3100
2278
4986
68
431
2819
4461
958
4871
1592
451
1994
4635
323
4643
3929
764
986
707
3146
1047
541
4848
1427
3018
576
293
513
4244
205
2664
4828
973
1731
4824
3332
3734
3590
2255
863
4046
4318
2474
3512
1863
3666
76
2952
4611
1417
3868
3302
1045
3453
3612
3453
825
2384
366
1311
3171
3399
3360
808
2203
2101
2020
2643
3523
3907
923
4159
2835
2855
651
1456
4743
139
3423
3447
2207
3084
4555
4796
1398
3604
3434
7
4066
3651
1168
4435
4951
2474
3912
2994
1630
4403
3113
1007
3699
1875
671
2453
424
3357
4203
4247
2628
1003
4537
2677
3602
2888
2111
4103
2472
1676
835
2202
1563
2625
1933
76
4989
2837
243
2549
3601
3996
37
3505
3407
405
3081
4511
1010
3000
2721
2472
3408
1266
268
2497
1199
351
18
4099
332
1360
2837
2860
4807
3631
3065
4847
920
212
1840
993
3195
4526
1145
3046
1841
2681
2183
3245
4514
1011
1628
3733
2468
2603
221
17
2122
4434
672
1441
3002
905
4983
2817
4606
4915
1023
2623
2290
578
1515
695
3780
2347
1613
348
4787
4947
2176
3586
333
3996
213
167
4710
4839
459
3024
4195
1933
4908
2851
2940
3430
265
4764
1893
1111
1848
364
1790
2807
3169
1593
1245
647
2086
2356
209
2601
1814
1921
422
3360
1195
3681
4673
2599
4446
3038
3712
2645
3710
3210
2963
4269
2677
532
2586
3924
4229
4759
1846
801
1384
4701
2331
1734
251
2797
3202
3537
4037
3495
391
2369
59
2132
2941
3598
2381
309
3379
3480
1373
2109
3512
3285
4801
3751
1889
561
2653
1000
3003
4758
2509
3467
1754
3195
4793
1975
288
1778
60
165
2871
3204
4709
2233
4259
1365
4740
3678
2478
1215
825
3810
295
211
4580
1410
4798
217
473
2691
4106
50
4112
3022
1961
3168
4209
1915
4154
4781
3947
1968
1884
3225
4920
1336
1514
2570
2802
2335
1405
3125
1177
2889
1281
4460
2512
2353
4482
4417
377
2282
4272
4217
2166
4800
2727
2427
2864
4994
189
487
3589
3194
1499
3299
3400
4229
2355
372
1941
73
4929
808
3760
4592
1929
162
2663
750
3399
1924
1402
953
3340
4182
1611
185
732
2856
915
791
4488
1082
1844
981
158
2452
648
3150
3457
4981
3173
2165
3319
2611
1276
4947
3446
2794
4309
2850
4912
308
1137
4131
2892
4314
2468
4730
4179
3992
2962
2798
636
4431
4967
3491
3332
1704
754
923
4224
4204
808
2165
3503
2807
4137
1119
866
2794
2139
158
750
2952
1391
3436
2615
1000
1244
1918
1644
2167
2964
2758
4107
2457
826
2551
595
631
4920
270
2338
2451
3845
3074
4886
4295
2352
2007
1415
3893
4025
2748
410
3895
4519
4774
2982
2106
4428
2682
3317
2260
232
295
3445
3051
3606
3480
2649
2434
2326
2088
1518
1204
2884
4117
2821
537
339
4307
4191
1621
2032
2544
3984
3247
2047
1804
2199
661
3755
313
1396
3141
2398
3378
607
3927
187
4635
2104
3853
382
2015
4593
1012
2612
2570
2204
850
3596
4987
122
2637
840
239
4303
3239
2699
754
4719
2601
2320
467
2612
3779
224
2087
3614
1665
3675
2573
2449
4903
1424
667
2395
1709
2021
4175
1432
3859
2782
278
2788
4749
568
310
910
1745
3718
2908
2770
3488
1062
526
2750
44
481
4946
3838
3674
1775
651
4992
4707
2775
249
2859
92
4131
1070
1445
1770
3762
2605
2410
3811
3399
496
2018
1946
4664
4272
2263
16
3205
2525
4330
2842
3907
4866
3654
152
2654
3332
874
3328
844
1123
1265
3112
64
397
2696
4697
4387
4271
3933
2933
3872
1531
1602
3601
724
305
1128
236
1197
3760
1021
2015
2923
3905
406
4415
4496
506
76
2584
2995
2290
4120
2751
3979
834
2773
2346
711
2462
4755
2145
3467
115
4687
2739
1598
3270
3095
4367
2883
4039
3143
215
3461
2348
3511
1000
538
1822
1492
1471
3293
3477
1246
2770
4011
2178
3391
1813
1481
3929
4287
2628
3180
4511
4061
2704
2557
2416
1672
2799
1626
2533
4608
2773
4955
4051
2910
427
4664
254
2151
4339
1749
3335
4336
4449
1872
1393
3825
2449
4874
3626
4714
1876
4844
3734
3885
123
1477
29
1530
487
2397
76
3231
959
3806
4672
1726
3185
714
3956
2847
4814
862
3663
3040
3055
4626
4633
4581
2100
4492
3132
3744
582
492
3181
1464
960
3543
4468
4992
3129
4321
4666
4143
1827
2929
4966
2245
790
4771
2086
2612
2169
1767
3688
4396
2695
4197
197
1625
1389
3536
4616
562
771
80
1437
2840
2662
1387
872
3515
2466
429
606
3822
18
185
1177
230
102
1513
3757
2443
948
758
4109
443
4999
2737
26
3477
3367
3854
3414
4553
3358
3736
3564
1956
3659
4904
2902
1083
2642
2444
1858
565
902
4286
3649
3673
1729
4762
4481
1648
4902
1115
1154
712
2197
4093
2251
2885
4171
4574
993
3124
3033
2461
2278
1359
2067
1784
485
4299
4853
689
2093
3134
3283
1091
3497
1508
2084
1321
233
1207
4587
635
4727
224
3389
840
1259
133
2822
578
2618
4741
4522
509
2958
4949
1155
4368
780
4591
1130
746
2068
287
4428
60
4820
2821
3144
3315
3273
1346
3310
2586
2953
1993
4887
1933
857
3951
3776
557
3290
3483
4641
2813
2291
4335
2168
149
4966
4551
2842
326
4283
1820
1247
2399
1230
1076
1831
2652
294
3148
175
4520
323
4842
2856
1262
1917
2394
3342
1782
429
2302
3297
4935
4095
1851
1840
1520
1987
3973
1190
483
1076
1604
1550
2760
4663
964
1144
4567
1951
2341
2506
77
234
4939
3837
3372
4965
3181
4036
1
4247
1008
785
3475
4057
4785
4707
1276
1196
3107
481
1400
4528
1754
4358
1640
234
2075
596
2867
1082
4333
3173
1709
3562
2834
2289
598
1935
895
2597
3534
3826
2019
1693
2009
4158
3750
1876
1969
685
1176
3275
4254
3728
2524
14
1817
1032
731
66
1269
1326
4673
4089
4088
801
2209
2070
972
3830
1373
2502
2123
4374
3186
2538
4820
3348
688
1590
929
2197
44
1167
739
2828
3409
3492
635
1498
4303
3950
3092
2348
2130
2520
794
1739
4852
3845
2741
83
4535
4790
2198
3560
3093
3130
3610
2722
2446
2241
3325
2883
3424
2923
4552
3295
2454
3802
3504
1298
4980
1518
4926
2449
3465
2269
951
1267
3797
4233
30
4967
1152
2617
3956
3321
2168
2050
2003
4549
2869
1152
3109
3838
2335
2591
4224
2651
4012
4559
670
4459
1064
3099
464
3130
3917
4264
3284
318
4786
1565
3821
3869
3721
3232
816
3276
3896
4537
1955
3608
1907
2
2762
2861
4236
1892
2604
2721
4441
3524
4973
2566
2247
3975
1272
1863
797
4429
123
568
4863
2386
1886
4728
4653
823
4720
1871
3448
2564
3026
4290
2123
4295
3782
1324
1938
942
1424
4458
2064
3658
4494
2123
3702
3503
1300
609
3618
4510
4482
4112
2898
2659
1242
3143
1172
725
3483
1627
1159
2929
2451
193
3500
599
1122
1236
1165
980
3827
4993
3083
3520
436
4079
4212
3702
2053
2683
478
4342
4026
2432
2279
2533
2188
3658
2925
3844
2156
1744
3594
4025
1374
2756
747
2628
1525
751
778
2418
2333
4668
2912
1189
2796
4035
324
3485
4994
748
652
735
1978
3142
2442
988
1635
2141
1203
2731
3189
4631
871
3209
786
3530
259
2977
3868
929
1694
4899
23
4507
4243
1823
4653
2061
1865
2475
4975
1561
3372
3014
1344
2293
2489
730
1710
1963
2130
3721
3644
245
3596
2183
3501
1281
3212
1090
2632
69
2281
3159
1314
4882
1010
4632
390
1823
2839
4780
3042
1681
585
2242
121
53
4067
1095
1576
4752
1032
548
2241
735
3027
2255
3094
3345
4666
2609
3660
4327
943
175
1489
107
2501
3613
2146
1614
1821
3342
179
1991
444
1949
4436
4132
1199
4416
3321
4575
1751
3762
4916
2325
1277
3117
2466
3376
1935
2404
4365
4892
648
745
1693
4847
2652
3644
2343
4100
1284
363
4908
3059
1733
4524
4639
3809
4176
383
2454
508
4361
2514
785
407
3124
4348
4622
2154
413
4218
612
3134
474
355
2072
641
4655
1502
2947
4673
2960
1795
706
4406
4893
3547
1383
3150
1949
4218
756
4692
1296
4293
2532
4883
4730
3292
3427
4042
4089
879
680
3451
4871
2582
2922
299
4310
2553
3431
1255
4379
3391
3275
1459
126
20
197
4577
4748
4282
2901
3445
3541
2878
2522
390
3709
747
4187
998
2629
3348
4154
1178
4235
1963
2560
1753
100
1818
2626
2766
3828
3862
1279
22
1592
1886
641
4981
2296
4822
1400
3941
3889
3563
936
165
971
2654
1460
697
3557
4557
4379
329
2964
1712
1716
1855
2520
2335
3590
4764
952
4054
1116
3655
1028
1514
2149
4972
836
2950
3981
4564
4339
4297
4624
1331
3407
2775
3770
1443
563
65
1634
876
2293
2062
318
1752
315
1447
3357
2146
4357
927
3831
615
911
4668
4853
4127
3255
2537
3871
3655
1132
3796
478
2141
438
4293
4455
2893
1274
2280
3660
2397
3334
3973
2412
2797
2255
3886
2544
2144
4368
4668
2528
1176
3856
238
96
3080
2295
2076
4681
147
385
3785
1658
2630
3280
2807
38
277
4885
1511
1264
3574
4679
2251
4713
4426
798
768
1026
1397
1022
2387
1519
2571
429
2967
4736
881
1342
4905
3074
557
343
3843
4512
1041
4227
2572
2105
890
4434
3281
2013
3603
2462
1028
2607
1393
4664
3424
1443
4877
4996
3713
4462
3870
1840
2013
1789
2278
1592
4467
4034
955
3542
3058
2167
441
4258
3480
1892
4960
626
2688
4006
1781
2498
866
3254
2817
1358
4318
2532
723
2956
934
1546
2302
514
3201
4208
1822
741
2787
266
1959
1618
2037
3031
3349
1982
1088
792
2319
3016
1815
4008
4759
2075
535
2721
1894
4755
200
4727
412
2885
177
2597
1862
4137
1580
338
1158
3767
4618
4234
1415
3543
1721
2753
1229
4160
949
4185
3795
2752
1322
3094
1659
4822
3577
3800
4439
1774
3405
2704
83
1968
788
2620
3574
3594
4711
2005
60
1466
1018
3121
3851
3278
4296
1683
4416
4926
4640
4704
4030
4738
3081
413
725
961
4099
2486
4280
3968
2467
4001
2061
3079
1900
2660
3553
4736
3773
2775
4934
1540
4813
2418
4843
1813
4989
1234
1615
1096
1340
3991
4953
2253
1108
1693
4797
2756
17
3967
4591
209
2097
2149
4601
2623
2881
1039
4804
2913
2361
4330
1506
2878
488
2568
4866
4192
1444
4707
490
2662
272
2833
4715
20
683
2777
2461
2630
561
1938
91
3458
1538
645
4000
2651
1434
4227
3074
3319
2293
4547
962
3221
959
1505
3382
3315
4832
804
4324
4090
979
1998
4323
717
3242
1146
679
305
644
2542
1077
2645
1660
4580
242
4437
277
4489
1893
2567
976
26
3235
2591
2671
1593
1227
3615
29
4624
2987
3697
2100
2958
2763
823
3824
1514
2133
4042
4993
1573
1552
3927
4268
112
1106
223
1587
3294
4591
4460
3481
373
673
628
1024
1686
2339
4389
3397
3809
3842
2442
189
1131
881
365
1630
2204
3303
2355
3492
2835
3661
1807
23
3949
4294
1979
3468
1939
2251
2758
4977
3263
3537
1159
2829
1506
4269
769
4273
3806
3970
1367
71
2087
2116
1194
3743
1646
4979
405
2519
3645
2566
1922
3980
2510
4815
3138
691
4309
337
1281
2742
2406
4998
2684
1932
4759
1627
2654
2555
961
2095
1746
1739
2006
4641
2462
1727
4439
4235
3981
4647
1031
4766
1244
3443
241
2056
17
1823
3119
755
2875
3733
1039
2615
2513
204
1297
1274
3782
2934
3006
593
865
1731
2485
3356
4315
3287
4840
1348
3121
4557
2522
4392
4216
4707
35
578
4731
1713
996
2899
684
219
4643
1062
4970
3848
2252
3413
997
3081
1087
4273
4904
2777
857
4691
3135
2636
2508
3137
3404
4287
1982
1496
1765
0
2298
4504
4346
1925
4237
592
2050
2598
1
3400
709
2863
295
4497
3737
123
2685
1078
2093
2298
3192
652
3071
4359
320
1245
4704
475
2991
1232
3355
4416
2362
3819
1336
253
2056
2165
962
3357
95
2908
1827
2488
1343
2076
3055
2354
4093
2723
399
3094
2649
2812
1785
668
2577
4683
4457
1537
915
2085
3321
4793
751
3849
2834
2328
936
3765
623
3289
365
2553
970
2243
1611
3160
4011
3409
2756
1934
1638
3004
428
2869
3665
29
4621
2671
3856
3700
4800
2132
552
1834
1839
247
2862
3007
2872
3546
1931
739
2828
4649
1902
4837
711
3102
8
3155
2768
324
4630
651
1322
2851
2730
3720
1592
1046
470
1253
4496
3782
1331
1352
1944
2031
3095
330
4101
1835
853
3888
4991
1721
2704
1390
2441
479
4178
4628
2083
3864
277
3538
2885
1646
4390
1216
4212
2703
2886
2201
412
4768
63
1634
296
1404
3732
2888
369
4722
2766
152
72
3485
3866
2233
1205
4092
2269
3396
2723
1384
3437
438
4075
544
4798
3169
824
3422
251
3977
2817
1968
3593
4073
1786
3468
4995
411
4323
748
2267
2192
3875
4044
2224
1563
4223
2921
890
3093
2367
2816
3873
555
312
1254
1609
2096
420
3278
534
4637
1404
3870
2383
4178
1689
4091
1689
4579
2218
3947
2594
1605
504
4657
2530
4292
1463
4890
4008
2022
3728
2226
3859
3027
4776
2446
545
4353
2668
4568
2613
4872
681
2349
4570
3049
2119
2093
2242
1502
3358
1930
956
468
3181
4214
2577
2667
2321
1314
4701
1163
2697
2137
3745
2555
576
3062
4111
1568
2579
2209
4151
1827
4602
1041
2884
2955
2803
3252
4886
2521
408
239
712
970
4363
1876
382
149
795
375
4857
1268
3384
4956
702
2075
607
4682
3104
3271
4895
255
4077
1192
623
1038
4328
2139
3649
2859
718
3732
2617
4618
1912
2497
3908
4412
2005
2667
2931
2758
3961
1003
2420
4595
2065
1379
3453
4736
4556
2812
2893
3671
1526
1035
2478
4730
4118
350
2293
3547
2588
3038
4232
853
3199
3725
2184
2427
4701
571
3465
504
2443
297
1730
4324
110
3408
1881
4755
4261
1308
1046
2011
4155
2170
2354
4915
2311
4467
997
4206
4899
4568
274
4281
1964
4196
3346
1892
2672
3095
3225
1818
2957
159
3881
2200
3176
2274
3628
45
490
4630
3190
3161
1325
4177
1606
1250
1056
2198
729
1311
144
2343
576
4485
715
4913
2884
1999
4632
4309
3379
4023
2767
2923
1814
583
4350
2210
1274
2559
2431
1768
4071
3432
2158
4049
1449
3986
4221
1704
1283
4945
4985
4308
1166
3121
3440
1666
2449
3722
2131
3352
2011
2310
2547
1057
1971
1555
1873
1993
1497
1558
2104
3544
1347
2796
533
4564
4200
1379
1138
2286
691
4252
1218
3349
3333
1256
4334
778
2566
4632
1936
4371
13
4636
3968
4092
4186
2661
639
1482
1433
598
1680
748
2781
4064
535
388
3575
952
3754
2240
3515
1569
4776
3855
2963
3264
743
2189
565
2055
4972
2863
2613
58
420
1013
2945
25
1343
3389
293
613
2659
3378
1360
3960
2983
79
4632
1290
3189
1740
3563
1887
1564
4040
4921
3351
3567
253
4426
4453
4187
3726
2154
4576
3533
4560
2913
4147
1634
2826
4204
3741
1805
855
633
3650
4490
1757
4787
3343
4082
867
3349
1214
2377
2790
4794
2421
3636
3483
36
4991
538
992
844
1082
3630
4119
3044
2933
2844
1170
3145
283
4406
452
2670
4791
1739
4652
3947
2435
4697
2813
54
4315
2067
3103
3733
3328
4156
2427
3840
2258
2941
2256
2005
421
1635
510
2483
2913
2248
1258
2072
3348
2342
837
952
2338
166
3401
2281
1396
2491
1416
3403
4778
1321
1444
1354
963
1523
1782
1259
1517
1472
3994
1639
2391
1653
698
1232
2209
1926
3347
4260
3106
3846
112
4488
2755
4272
2439
1082
4151
3945
951
1033
1035
4221
2767
4956
741
2840
4219
3187
1136
2511
1984
3868
2798
4116
1805
441
3274
2136
4080
4664
3661
788
877
3375
1119
2466
121
2249
1028
1766
2322
146
2097
4056
1168
1889
1962
4067
1641
623
933
3075
1648
2023
4330
3386
2475
4831
52
4236
435
3533
2050
3585
2247
493
2306
3113
3505
4224
3656
1020
4301
68
4832
194
2438
291
605
4082
2986
3550
2900
681
765
3880
40
1914
3370
3801
2598
1844
4963
2611
4412
3623
2748
2427
567
3018
130
4678
2498
1139
2100
443
2116
417
3220
334
3806
4954
202
1150
4838
1880
2817
4386
1937
183
4189
4225
759
3378
4876
4677
4966
2851
4795
1715
3940
2054
232
4166
781
1279
1004
3523
2044
3013
900
4896
503
458
1753
2440
982
4893
3091
1875
662
543
3383
73
4855
4652
1097
3103
1887
995
4691
904
4485
4709
4584
2335
1343
2510
4042
3061
2065
3563
2875
421
2143
1961
1500
2026
3882
4116
4762
2117
4109
58
1875
748
2440
4551
2781
1650
3351
3576
3684
1702
807
4928
1734
475
201
4726
4378
4964
3618
4967
813
88
4334
3203
1387
3872
82
2698
3725
208
95
3347
1258
2446
4428
2534
2481
3801
1132
3466
3600
511
2697
4448
731
4826
3557
3973
874
2936
3092
2550
548
1019
2743
1483
3785
942
248
4920
1071
4798
982
4841
3273
1491
3110
734
4685
1151
2462
3630
604
4515
3201
2515
214
628
1991
775
593
789
2222
4915
4895
2748
1
1350
2449
3838
1422
3720
3680
4160
3567
2811
4579
3824
937
1280
4014
4484
2129
3895
2534
3388
3554
4116
4769
3669
330
1539
1534
85
459
4331
1493
4358
3864
2742
779
142
1570
3596
1783
1652
3219
1666
824
3250
1310
340
1220
4699
106
1857
1901
819
623
126
2935
3380
4704
643
3199
1678
3605
1787
3597
1224
1059
3615
4134
1931
4476
1819
111
4068
511
4774
830
608
3154
2917
1375
1162
2016
1757
4762
749
3201
2274
2304
2275
1037
321
4280
3254
846
3321
4766
2372
3681
3434
329
4347
1173
4346
2736
2596
199
3353
3940
2306
4153
2005
388
4068
875
288
2851
2199
2359
704
1726
2396
682
4715
3516
2343
4564
2162
4708
1947
3840
984
3625
1710
3437
1388
2377
2491
483
3007
1366
180
504
2572
2449
4921
1079
4624
1172
3678
3898
1170
2774
3185
3427
2718
4953
2622
3640
4512
906
3925
2899
2692
3747
1881
2274
2667
2160
587
264
2445
81
1393
238
1714
2427
4334
3259
3096
2261
2298
2184
844
2419
708
1662
2419
4565
4935
2957
4005
1641
1552
3826
2105
2737
3316
2979
958
2381
535
4831
4002
2910
2240
4325
3210
4140
3509
1301
3251
788
1732
4222
2002
2674
2838
3481
1792
2917
320
2295
4639
1569
4097
2822
643
2897
2639
4353
4720
2685
3995
4363
3701
3505
3811
4468
3140
1077
539
483
2557
2346
939
3921
9
2817
3754
1589
503
2590
350
833
2788
2829
3431
2555
4515
4253
649
1174
1019
1940
4542
2118
4105
239
4096
1952
746
4372
3046
4897
2375
3007
1443
619
4977
1865
1743
1588
3097
976
3792
2722
193
1504
2966
3416
4476
3175
3935
3072
3516
2508
1761
3110
1198
4925
2922
4821
448
4566
2461
1019
2701
4216
3271
1510
3748
4939
1558
1938
1810
1307
1051
2742
3517
3886
1939
961
1880
3248
3836
2254
2776
4362
2606
1454
2424
2800
3509
4738
2752
1313
4689
3940
1302
896
4855
4451
1020
3443
2813
1266
4080
2767
3421
3563
1230
4671
1246
1111
1805
1420
3451
3846
1810
1874
912
2264
4460
2523
435
1132
4861
2306
1867
4010
4669
2505
2529
675
4915
2754
3522
4451
1964
812
3004
789
2996
1556
3417
2292
3056
4321
1176
2655
4270
733
3539
743
219
3473
560
741
998
1588
1708
3616
229
1444
1071
4626
122
1427
596
3915
4841
2490
91
3886
466
4932
1423
4547
1735
4245
1609
329
2452
4494
663
1165
1503
619
877
2978
1239
1730
1519
3601
2807
2866
419
464
3113
2727
1095
1360
1604
2416
3274
257
4929
1776
4196
3973
4372
959
2513
4541
1111
1613
4566
1035
4352
2043
1152
2525
3602
4879
3652
3018
1321
299
2760
1189
4636
3054
1091
545
4828
4538
3903
4863
1422
3784
3082
2694
2512
965
3300
4396
1308
1719
1352
2317
4285
4479
3609
3041
3132
4395
1418
3886
2672
1614
3536
478
946
1174
195
2385
873
3448
153
1190
4800
86
4183
4859
1658
2563
2991
3889
869
634
4686
4450
745
4346
378
874
299
4326
4221
1653
3831
1103
3208
3672
493
4797
1891
3105
346
598
3129
4949
1638
3554
2944
2787
181
3479
1536
423
802
1377
2789
1893
3150
4208
1808
803
2832
688
1471
2373
977
2111
1263
1716
2927
3485
4897
4767
2918
3780
3087
1498
3320
975
2251
2433
2821
2509
2670
3873
3347
3924
916
3709
304
4436
3237
1946
4664
4123
2497
1453
243
2587
1968
2048
1048
701
4425
2979
2194
2304
2023
2824
337
856
2520
4418
1295
1803
3839
3345
3302
1298
2413
1924
4648
3949
2475
1795
725
2942
4184
2334
2024
2220
3925
2614
1497
551
2268
2417
1873
4920
1453
918
2896
4202
616
2228
1914
3644
544
4708
3933
2513
4838
2145
3950
2478
4020
1495
3721
3657
1721
688
1727
466
2435
3424
1731
1301
3263
2716
797
4835
1486
2260
3714
4134
3613
1629
3626
2088
4659
2709
4323
118
462
2442
3843
2232
1118
4061
2726
859
173
3435
1466
3708
1394
4230
192
3101
387
3606
403
4259
4747
2835
586
1134
4255
1483
3620
4723
1289
2032
4610
3925
2488
3504
2700
4366
3580
1047
852
1563
3324
3225
46
2740
4351
2860
1270
994
2240
1576
2239
1350
3321
1982
217
3662
885
4377
4513
2676
1892
1894
2528
1360
4975
1919
4614
3971
4411
4894
3537
3255
1610
200
1800
4951
2720
3612
428
1965
1429
4729
4180
4594
1750
4190
1612
4457
1968
296
4956
4310
2171
3421
4644
4549
24
4189
1103
2001
1411
2299
1474
313
479
2621
1912
161
4649
1239
3979
914
2435
4514
3581
1652
3059
4860
1901
3615
2545
4324
2186
4623
856
676
959
4021
4429
140
1363
2205
3572
4245
2400
4491
2985
918
2548
3042
1658
1364
3792
2145
4547
3528
1897
3917
1746
4603
1864
1363
1525
4864
1488
1204
151
4502
2649
3159
4954
2395
2332
4934
207
1785
1128
2730
2811
3151
4041
4153
517
182
4215
4221
4871
3089
2340
3111
2692
4049
800
4985
3986
3855
4851
3420
4760
542
6
1860
4044
407
4211
1788
4339
3148
3564
248
2480
3850
2429
765
2489
523
4208
2400
3604
3507
90
4281
295
2714
1770
2042
555
4724
1187
736
4365
1595
1635
1981
2484
3465
4036
2780
2397
757
2182
361
1187
3008
4900
3496
4876
3749
4378
551
2383
3130
2756
894
360
656
2152
1910
917
4200
4088
1721
439
1504
3780
2209
4871
2650
4204
2101
2806
841
1157
2666
973
1994
1052
250
4709
3767
4427
1800
967
1334
2505
68
3446
1107
2137
3737
1563
4319
767
2589
3188
4218
2111
238
880
2030
4132
4988
3037
4723
3089
568
950
3090
2758
1691
12
4916
2273
1784
4970
1481
2293
3696
3336
1653
3206
549
4799
4772
334
4920
2879
1956
2801
2448
699
1877
4918
4642
2657
301
478
712
2097
314
1463
4418
4030
4115
2370
3447
4151
3634
2773
2102
1929
2677
4232
381
3613
3204
2769
3209
1108
1216
4532
2220
2311
2776
4328
4055
204
4832
548
3124
1394
1688
1768
2969
4928
3662
3283
4721
3367
3918
3539
2731
1643
2989
2060
1527
1708
753
3174
3912
63
2602
61
3709
172
1100
2033
1576
1160
1668
451
4106
1950
3294
1650
207
692
4810
4870
4388
387
2250
2893
3572
1271
278
4032
2961
1278
2966
367
960
4627
4498
1570
4876
3545
998
2311
2037
4928
2369
769
3193
568
1667
594
3345
3019
3708
4012
4214
3278
3663
3384
4611
4647
415
1200
4620
2940
2626
1548
4757
1367
2983
3699
853
2248
3601
1465
361
4804
1205
254
1774
3999
1364
1
2253
1727
3527
2144
511
4203
2446
2187
3945
4152
3096
1332
3833
875
3606
343
938
348
3110
33
3128
3589
3123
1929
1089
3333
820
2300
1395
147
2869
2064
3987
1175
2670
2532
2751
1014
4902
10
882
3845
3695
1985
4621
2171
3088
4773
1976
3516
3674
1602
4936
1165
759
3992
2035
783
1516
3502
3940
4598
3164
891
3038
2596
2919
1452
1820
3326
591
4335
1335
3038
1194
4823
1320
1256
712
909
541
2599
863
4787
3399
549
3877
1576
2754
1355
831
3803
2025
882
1653
2222
1205
4148
243
4217
4429
4179
1657
3545
4084
1396
3517
1599
323
4904
4511
4997
3786
563
2503
3315
3377
717
4871
959
2478
3422
4731
925
4807
1947
2830
457
4515
2030
458
1597
1702
2319
3696
3258
4733
4654
1019
796
4758
27
334
4022
3595
2934
114
909
2896
879
1787
2282
4977
3354
307
3349
633
354
3319
228
3980
1366
3213
1430
4122
4809
1584
2628
3481
1263
1832
2999
4189
904
397
3387
2515
125
3609
3738
1976
2979
3658
1126
92
4590
4516
2456
664
4485
2680
3516
275
4700
1300
3084
2741
1505
2034
1614
3218
3983
947
1827
3761
4642
4345
2675
4239
3653
589
1828
828
4694
1699
3181
4917
24
3458
2789
3152
1499
3408
3187
4794
3668
1353
3388
4420
4509
1258
384
2176
2991
4151
1117
2128
2457
3821
603
2344
1354
4670
4044
1726
2029
4002
4861
91
1351
1515
3829
2771
2828
163
2620
55
644
320
125
1166
2500
4398
3111
3429
660
3703
1338
4375
1189
3051
1367
3605
3021
4692
881
3659
606
3886
3867
1561
3439
852
290
1347
470
2969
315
2888
2257
4029
2478
3315
4576
2642
818
4584
1744
2635
424
2270
1296
1532
4506
850
4401
4871
3791
2560
3401
1104
3975
1568
1103
2148
2721
2186
1838
4896
3905
1630
1798
2149
482
1709
4805
369
1846
2545
988
3254
2160
1672
3469
3267
953
1782
1702
3288
236
4961
1123
467
1092
3197
4226
3505
4368
2281
884
2364
4562
1490
318
3068
1830
698
4839
4179
1727
479
36
459
3876
2510
3476
1072
2810
4341
3417
4995
4166
4331
876
489
1438
2312
2759
3123
4868
771
1958
3026
2449
2680
3196
2129
2411
4566
2223
982
3177
549
1842
827
4069
2920
3100
4389
1053
1877
3770
2125
4048
308
3325
2164
2649
2650
3538
4153
4085
2729
3837
1514
1467
3693
1078
3841
3475
2557
2120
855
1587
1658
3787
1568
1887
4425
4904
302
513
18
4420
920
4986
2382
354
4388
2536
4697
3471
2366
3721
3405
3234
3389
2404
1916
1139
3896
798
692
3624
4718
3490
419
2759
1652
2192
2262
4868
4372
2494
3511
2713
585
417
3785
1549
313
1128
4395
1728
3572
3860
3087
3690
4090
4397
2628
2679
104
3334
3257
454
492
2587
1424
635
3155
2445
3758
2976
1755
3756
2309
4099
1023
4253
3884
3065
3585
4427
791
1964
4753
1135
1952
542
364
1786
2401
243
4907
1161
1616
1233
3526
2554
4136
1848
2066
3924
335
1496
4842
3995
719
3331
704
2933
4761
2808
3710
3551
2473
143
2168
4621
300
4509
890
369
2931
867
4794
575
3560
3546
2341
3406
177
1584
4450
4401
1665
3041
1110
4504
3620
2013
1135
704
1963
4105
103
796
4302
1093
2729
4912
1087
1612
1784
2137
3384
2724
2551
4810
1648
2161
4814
500
1193
3948
2293
1314
609
3562
3263
2254
1994
2755
4522
1987
3808
4317
3283
4248
3315
4857
373
4273
1830
4654
3104
2292
4750
2237
4282
2114
4563
883
1123
4123
3143
476
3056
972
2743
4364
4036
3041
4746
294
63
3635
2814
2126
2601
4208
4573
2365
2458
1106
4531
1587
2836
612
3803
2259
183
4778
4372
2737
4447
4466
849
1146
3234
4899
510
4621
1942
780
2249
3000
3513
1441
4732
427
4901
4070
1002
4459
4861
1425
2742
5
295
139
287
3384
3495
138
3934
3458
4729
2599
1653
1688
4297
3737
3522
3911
395
370
4182
1273
435
2303
2356
1676
1415
3539
3898
2520
1706
1121
4838
1520
1845
3988
1606
3424
3457
2026
3651
3029
4304
1140
802
3213
3956
3905
159
2380
1069
2226
1603
1519
4804
3088
3123
2051
608
3214
3316
751
3490
2376
469
4562
3889
4776
1468
4442
4770
4623
3357
148
2825
1963
4713
247
3359
2631
593
287
2600
3837
2338
1345
239
2583
4034
723
1961
1979
263
92
4822
3071
186
1036
2973
1959
2970
3905
869
2251
228
4995
167
3968
2983
3162
1412
2889
4813
1664
465
4677
3621
3848
2379
1470
616
3473
841
2089
706
1601
4337
3758
1254
2596
3976
1457
2476
857
1272
2949
3175
4982
1131
3402
3649
3584
4433
599
2934
3014
2010
2457
1529
2662
3256
1506
4883
219
1629
1803
3683
3816
885
1797
824
4657
1765
3602
3516
1006
1789
3066
3333
3439
4188
3341
3720
3808
4243
1196
1169
4755
3854
4702
4763
3738
3098
4999
2702
1385
2002
3554
4186
653
2053
1378
650
2124
2773
1069
2749
3921
4495
2947
2630
3753
4873
3406
4649
4937
2178
708
38
555
2955
3062
1713
1805
2864
1981
99
2473
4093
1490
2540
912
4806
974
3120
3993
1669
4914
1454
3286
4815
3516
2952
1613
445
3272
4966
4042
1299
1706
807
2839
4992
3309
1415
980
1564
1083
1826
4830
1887
4141
593
4674
3319
4444
4314
2994
4773
3046
3102
4678
4083
457
2730
4860
1348
3698
1235
628
2999
584
3593
1940
3066
1294
4451
568
3335
690
849
4847
3087
4194
2320
857
3673
191
3227
3010
4349
349
3927
688
3199
2242
3467
3637
3001
1362
3968
3994
697
4033
4198
1610
2645
4368
3282
3353
4619
1183
2568
4356
4957
3428
1216
2039
4302
3720
4533
2415
1008
340
3905
4737
2652
3698
2627
1304
1448
666
3512
4568
1199
2362
4654
934
3525
2159
2100
1534
3448
3966
860
2516
2102
4761
4527
251
491
2326
3351
1750
2740
4124
1615
2388
642
4232
707
1783
1184
1125
3000
2160
28
501
4867
4769
4045
2240
665
2777
4621
4357
2766
2317
929
2031
1016
3375
714
4820
923
1571
4350
2648
2721
4020
3900
3775
3227
3145
1244
144
3019
489
4142
1733
1990
2940
270
1998
59
1594
1794
1656
1449
1932
4594
802
3461
1610
4217
2643
2311
2687
3118
2026
2461
1559
4894
2572
4046
3904
3002
3476
2582
1330
1835
968
4906
3382
4695
271
4422
2554
3633
3217
2534
4698
345
4112
244
3954
4297
168
4603
3859
2164
4660
292
1465
3400
4462
3363
2152
2039
4976
1728
4084
2354
3209
3046
845
217
4417
2560
166
1366
85
1041
305
4889
4390
2056
4893
751
4963
2351
2785
2141
3244
2627
475
2943
2841
924
4074
3581
3334
33
4777
16
4809
3064
1942
2024
2802
3099
3760
790
1553
2607
187
4556
2613
2605
2277
188
4533
2475
42
3676
4115
1126
856
4285
2945
2557
583
4998
683
171
746
3561
3850
4228
4466
2476
2981
898
1545
3672
3861
1143
103
58
1762
3420
2309
275
4425
4646
2056
109
3277
1959
3820
1270
204
349
3257
4358
1788
3014
908
2814
2547
2803
513
2760
182
494
2016
4303
3860
3076
4551
864
3786
551
2444
484
4317
1944
637
2831
706
2826
1729
2147
3163
51
789
2406
196
4595
4145
1712
3987
3456
3848
4462
792
4664
1236
3940
1361
2908
2920
3895
4634
3323
1263
892
4424
4449
3648
1610
3371
859
84
1357
1249
2464
528
2252
4093
1376
3107
3647
488
1408
2981
2526
3468
4310
3839
782
3997
932
4848
924
2638
1963
4173
3827
1327
1510
3157
61
3722
1738
3200
2809
1597
231
4538
2479
1867
3128
4753
4956
2775
4867
664
1725
141
1872
4635
1749
4312
519
557
3825
43
2894
1054
4435
4681
1764
1761
4869
2896
3204
1850
169
2089
1463
3551
386
3611
3242
1986
992
604
2133
4546
2925
3847
1626
2724
4814
815
2299
4444
1068
3932
3495
2729
135
3929
1013
2281
2934
940
2838
2768
3996
2712
4710
1794
160
4099
661
4554
1622
1413
4735
1964
1327
313
1548
1878
3483
3637
2337
2607
2399
94
3957
2668
509
1902
1473
2621
3235
3569
4830
4121
321
2875
918
1434
1895
3197
2225
3378
1169
641
4709
131
4151
304
2406
2827
4072
954
909
4599
4029
4587
2560
3634
316
1771
1277
4476
3404
1715
30
4704
4924
4477
3544
1663
4039
2331
1753
527
1157
4244
4308
3882
3910
4143
3404
4415
4711
714
3551
940
3408
1854
882
3394
2082
3517
1059
219
4298
1997
2371
141
3769
436
3329
772
2837
1492
2057
1378
3919
2397
2377
3970
2674
1893
1179
708
951
1495
1277
2514
1528
1356
2110
4954
2232
4949
2760
3714
2429
3117
3218
1013
1716
3042
1512
185
2283
85
3383
2477
4007
430
3306
4811
2033
4544
1050
1457
1787
4871
3703
2542
2743
2062
2839
720
450
340
3167
3999
4949
2909
4469
3745
4533
3299
2076
3762
4946
4990
4143
4454
4459
96
2613
1447
3239
4950
869
680
306
984
4766
1278
361
4092
1925
823
2840
4460
337
4062
4067
3554
3699
1394
3699
4393
1221
2530
3804
2180
161
2139
450
3845
2225
4998
2399
1444
1161
2074
446
258
2895
837
4802
2415
2142
3554
1840
4479
2235
4156
971
3352
4795
3788
1211
4495
664
2999
3581
2569
4813
1744
1496
2245
3412
3559
4853
4657
2712
1119
2878
2223
1505
3070
3651
927
3550
4154
1385
1078
1371
2449
3224
1943
4137
656
396
1868
3523
1643
2991
3526
1333
3046
3368
3674
3180
896
457
3533
2328
2587
1127
2527
1963
2940
262
2273
2394
358
3800
190
455
964
1211
3655
3518
3333
4217
829
3373
2702
2702
4167
4875
3530
1700
2226
1180
2481
2137
1834
1182
1406
58
4534
4456
4983
1066
701
1326
3600
4692
4351
2595
3892
2144
2492
1337
3349
1283
3037
4998
4307
4413
3682
290
768
208
3063
3845
2021
4504
261
2394
350
4169
4693
2526
4744
1602
4746
1751
1799
2529
3913
4907
74
697
1099
930
1727
2412
2885
738
3411
3296
3441
4176
4845
3227
2389
774
4725
339
2631
4259
3476
4525
1624
1590
3166
4619
3966
377
4918
3127
2631
831
162
3717
2305
3203
273
1244
1391
1438
609
3492
2142
779
2705
4584
1270
1040
1397
2103
250
1063
1803
2918
3928
3045
302
1703
4128
722
2182
4546
100
3388
3483
1161
1389
3731
3297
1405
2618
1295
2114
1011
1533
2257
4759
621
1807
4516
431
2786
2526
3217
4869
2270
1792
2014
3499
29
2699
2049
3849
1043
4410
3808
1821
2581
3723
2582
4454
3160
4879
3207
1607
2353
4447
4541
4523
4038
1331
1199
3497
2603
4331
392
1548
742
1639
357
3136
1240
2240
899
2761
3703
4229
730
4809
2873
1716
2130
2340
876
2431
193
2968
1238
4659
2056
3817
2326
3336
1702
1994
2514
1444
4563
2731
3538
3485
105
4205
951
4154
4193
733
248
4634
3363
3003
2667
946
4653
2333
242
3742
4375
4676
3026
395
3256
929
2456
2309
3855
3403
512
1788
2576
653
1239
3522
1259
488
4890
2
3272
4926
4037
4434
4053
136
3904
2237
1293
38
3835
1264
2737
3422
361
3512
4989
725
3565
1794
2188
2946
4587
2513
2126
4722
3436
2768
3067
2531
3357
3477
1635
4107
1395
4627
769
941
436
1948
4109
1581
4837
2018
1036
641
2687
2319
4202
3661
730
882
1921
2549
469
1912
1060
2191
1840
2780
1922
4651
901
4651
2038
2519
3512
4342
1323
3638
964
2403
3059
1312
1640
3943
869
395
2604
388
2535
4531
3210
1443
1336
974
2223
2313
1730
1886
2778
811
3597
4609
191
1766
1443
4031
2704
3758
1532
3408
1642
2351
1980
4781
3827
2435
3949
2166
2249
2541
4856
4054
442
4357
4607
3636
3479
3663
82
872
4328
2254
2357
2615
670
4020
3481
2785
3663
4333
2042
16
4395
4457
3914
2983
3186
722
892
2858
4235
3240
1166
3685
1006
2984
1806
1329
3358
2393
4012
2401
4919
2698
1307
4072
1916
2898
3432
4039
3362
4411
4294
4527
2001
2893
4198
837
1658
3684
2745
3615
651
2420
641
1169
1874
4167
589
1400
4243
3823
1878
26
2509
542
3161
2353
1393
1218
2740
4123
4187
1248
1455
4032
1247
2743
3296
3160
4073
507
1784
1495
3732
3172
569
2040
2383
612
1919
1734
810
1364
2778
4001
701
2751
4919
739
379
3192
4934
1222
1757
1759
2944
2895
3039
4553
2142
1306
3224
880
4916
3466
4412
116
4867
1309
533
4660
788
609
3244
3505
3316
491
2924
1426
4292
3375
732
208
751
3916
3322
1806
4380
4819
3271
3713
1469
4849
2473
1021
70
325
108
2468
4748
3457
1249
1008
4787
1842
624
3508
3378
4825
4092
3787
1429
2432
3487
3136
734
767
1586
3316
3158
1069
744
4510
4031
4648
3956
2093
3144
1588
1136
262
3338
3118
156
397
3815
4683
4987
3104
1682
236
1410
5
2005
1937
1394
3996
4461
4387
3061
3083
1685
880
3518
2095
3504
489
2056
2829
54
3774
2339
1842
4663
3256
377
449
3581
363
380
2722
3516
1054
4047
1635
3128
3905
3745
3242
3094
1881
1682
412
4543
2887
1376
1343
242
3615
4060
4590
986
1598
1083
412
3473
4101
3983
412
897
3077
3033
3747
1842
261
1290
3801
1245
590
1432
37
754
3489
2417
954
4594
2218
1962
3267
1408
3969
1199
3365
1654
1606
1882
4791
3708
4941
4434
1273
2183
3814
1199
2323
441
4377
3871
1425
1411
4965
2968
4391
3703
250
4231
2746
988
2150
1836
1378
4962
1767
2209
2847
1015
4438
231
341
4244
3997
1383
3131
3056
1174
4105
2668
1665
1387
438
1600
3122
4658
723
156
1140
879
1811
4451
401
2923
2778
4448
299
4635
355
2673
3560
208
651
3362
485
2993
4028
4821
2968
3336
1359
4568
2795
1294
1097
468
1093
2196
535
1469
4663
3700
826
804
4485
1368
156
3133
4157
2762
3417
3317
4677
3043
4419
898
4411
2057
454
1872
4871
4482
1898
113
3844
1999
2593
2266
4544
2598
2539
2732
3109
1509
4499
633
4639
3400
1856
3533
914
3907
1912
2801
3415
1251
409
4777
834
4703
4454
3927
696
1220
4952
341
1220
4039
545
2795
2923
4213
1032
4405
1246
1592
2783
40
1729
192
3903
1922
2436
3022
2704
3934
4172
4067
1681
3935
917
3958
896
1938
4213
4308
2073
4776
3652
1097
3766
3705
960
616
4965
2753
4166
4432
4794
4599
2048
4762
2969
1456
120
1995
2550
1195
2381
1872
4189
4932
2769
565
4430
3319
1753
1928
4683
2329
4213
50
3386
3593
4546
1389
585
2539
1256
4670
1466
1695
4315
3403
407
768
501
2985
4059
2844
359
4804
858
3495
535
345
4585
4914
3329
1980
327
2802
1365
294
3994
860
2679
424
1444
4240
2570
1207
3731
3191
1713
3316
3698
1532
4155
1470
4793
1847
705
2209
288
3715
4418
4515
4960
2943
4121
81
4317
4728
2544
3667
1169
1732
3729
3621
454
1436
1950
1606
4949
4931
2733
2262
3963
1068
4713
2032
4967
457
2678
3472
2735
1143
3537
3878
917
4314
209
146
2185
4825
2357
3837
1570
2493
208
575
632
2737
4157
454
153
437
1888
4378
3395
2672
581
1372
2600
4020
1099
135
3903
4114
952
103
4294
1957
3615
635
840
1279
52
3303
3884
3751
3060
96
4127
106
1524
737
1444
2796
2776
3151
1648
4585
2749
4802
3203
4810
1774
1306
4499
2364
4258
290
3084
1835
2633
841
1520
2058
926
158
2566
1427
368
4306
1059
2559
485
1217
4558
4680
2013
2600
4256
2242
3242
2846
1438
3712
1396
381
1852
256
1455
4913
3502
31
1545
1695
3815
1518
3040
601
4805
563
3733
4119
1703
3910
1319
4798
1047
4442
1937
3568
4101
3633
3574
24
755
4561
2639
2458
3364
642
63
953
1155
832
3614
291
926
1063
4740
4302
514
410
2369
4295
3125
2664
2850
4888
4229
1369
4788
4277
4198
3922
3008
2373
4493
1684
4296
1556
1269
720
4753
90
4123
1897
2596
1322
4761
4088
4457
870
1735
100
4671
261
673
2077
2239
868
1992
732
2833
2911
284
123
4941
4506
3682
2958
1087
4645
3010
2599
3740
3267
3753
3370
360
1774
1904
3032
2750
1271
2991
936
722
1567
831
3906
3677
1560
1079
610
4011
2733
4502
491
4025
4851
2460
4243
322
2205
2705
4442
1350
4994
4421
214
2294
579
474
411
880
4082
237
3492
170
1700
4753
2514
2817
1801
4592
2031
4026
2676
4600
3285
426
1217
1813
3904
1415
4381
2649
1118
106
195
4674
3850
3718
3690
1344
4485
779
2844
3867
547
363
2433
1146
3436
801
2831
372
2653
4288
3590
3536
3979
1706
162
3845
1079
1074
276
3473
491
3193
4163
1726
2267
3036
4645
4574
2896
641
474
1093
4866
1891
4246
4256
2292
1546
3388
1796
424
3885
1596
3271
1967
1990
1664
1789
3758
4841
4558
1266
2181
2749
4665
2625
2252
3999
872
3774
2011
1751
2483
181
2065
76
4871
3913
3157
3191
2123
2761
2996
605
3011
247
670
1599
4788
4909
813
2804
4363
858
2949
2085
0
235
4046
3625
177
846
266
2430
4045
4710
2322
1034
855
4127
4829
494
4930
1652
2818
367
4385
2338
4688
2086
807
3878
104
2213
3640
2972
1531
3288
3536
2051
3490
4013
4822
2018
678
1429
2658
1015
2021
4466
4794
1835
2715
4140
2099
3807
948
3846
3048
3981
3505
1451
2754
2934
2656
4711
4677
3020
3261
4183
3017
3177
4084
2697
1369
1437
4468
4970
1539
2980
1850
2178
3340
1736
3215
2405
964
1394
1095
1821
4659
570
2960
1421
4820
112
1138
2966
1460
2078
3395
4131
4626
1059
1923
1955
1199
614
1942
2299
2835
3605
4636
3631
3782
3749
676
2411
4568
4483
3979
2947
4488
119
2220
987
3203
3777
2904
4105
1506
4088
385
2756
427
2816
555
2609
239
1653
3488
537
1669
2024
4007
2279
267
4373
3388
2785
3834
541
4793
4001
3716
4720
983
3907
571
1603
3535
577
2308
3192
458
287
4066
3537
4135
4933
2723
4962
4316
4957
2430
2946
1555
2578
2331
862
4832
98
2359
110
2448
881
3109
3421
4763
1625
4433
2395
3885
2702
1215
3049
1530
4997
2473
4482
1096
4090
818
3581
938
1896
4189
578
3870
4324
485
1037
207
1324
569
88
4404
2213
2796
3850
876
3400
1257
1605
2734
3769
4876
2281
1
4939
2882
4112
2409
2568
1169
4026
1444
989
3798
1672
3846
4970
3611
1322
281
3648
1193
4899
4740
4764
4650
1129
927
1796
2650
1319
1269
3868
1991
3685
1386
969
969
4783
1908
4371
4098
4191
1799
4421
335
4532
1239
4498
2401
4399
73
1165
0
4743
910
4452
1734
3349
935
193
2506
2942
4776
4639
906
3035
4772
3176
1794
4713
4055
3248
4536
4718
2282
334
4385
4405
493
3610
1890
2333
1192
3971
4722
1346
3798
1082
2185
2479
1652
3393
2226
3563
3267
3030
3180
3706
4314
1043
4744
4102
4354
4280
886
3968
4903
1827
1642
1534
436
3652
2691
4723
2376
3369
3419
293
155
2509
4350
1409
27
4867
2603
3208
1812
3142
4745
1525
3726
3627
2979
2217
2896
557
4243
2391
3700
2472
4348
4772
3552
847
4209
2604
2171
2143
3352
1264
2377
619
301
769
1397
4418
4506
4690
1931
3011
1312
4680
3072
3764
170
3168
2824
3876
3679
1369
1447
1278
884
284
482
4483
3010
3414
1433
2991
3269
4430
12
4483
1708
1277
1873
2249
1534
625
4975
711
738
948
689
193
4988
4403
506
3997
2242
4306
1154
1531
1091
3208
3535
4099
4381
708
516
712
3063
1915
1404
3500
2188
1528
2024
2624
1422
1461
1390
33
1652
3706
1512
1590
4543
1962
629
4739
764
2283
260
913
4694
2547
3668
2905
1136
3926
3681
315
667
3351
1864
1637
4779
2593
32
1786
3934
1243
3807
1143
153
4937
2873
3557
4124
3707
4525
3358
1186
2878
946
1419
1103
3839
3085
3701
691
2727
1861
1647
2131
2718
1168
1582
4479
2449
636
573
4048
1700
1919
3821
45
3661
1010
2301
1393
413
1876
3419
2123
1801
1712
3950
2459
3581
3
2327
2207
1255
3860
4918
4833
1136
911
3174
553
747
1226
3979
420
3419
365
2491
1769
372
4437
3501
4328
2333
3223
1524
609
334
2769
2718
771
3865
2878
2937
4388
537
4448
3816
3240
4929
4294
2543
3158
1300
3697
267
213
522
3749
1749
3058
465
504
2486
3635
1797
3798
3758
4933
2313
1557
364
3687
1990
3304
4963
3780
1085
2015
254
2089
879
1745
3186
4625
2852
3565
852
3624
3987
575
4755
4681
1643
2767
1874
3944
1508
3697
1746
3645
1447
235
2372
2333
539
805
3118
803
3601
2631
4392
1738
137
4830
1168
2137
320
1733
4140
3773
1803
3992
1821
3561
2562
3915
4186
4336
703
3357
454
1348
1349
3873
2565
2969
4597
4323
376
3849
3056
1891
3790
2078
492
938
1950
911
272
568
3260
1758
4420
1030
652
1940
508
820
1998
1917
2255
721
69
1562
3676
1653
3447
3170
3346
3466
4638
1939
2641
75
4212
171
2366
707
2957
250
4883
3637
2592
3222
968
4260
1738
753
4074
3700
1978
901
208
2253
2539
831
2609
2909
2607
1079
4850
369
2015
3689
1357
3679
3580
784
220
3288
3888
4542
3018
3108
2443
1628
3838
3882
1459
3906
1250
1808
3323
4469
3292
2463
3902
2955
2628
496
2980
1902
1699
616
1013
1090
340
3078
4328
3823
4182
4063
1892
3398
946
1031
2798
4062
1631
3448
13
2039
3024
3156
4889
2383
4180
3130
4373
1972
82
3983
2481
3418
2700
4379
4440
4982
3571
3716
3393
975
3228
3986
1637
1361
534
2511
4494
3558
2693
3804
3966
3933
1256
3919
1132
1091
4959
633
3352
1575
3140
4504
1231
4308
2960
1321
1719
4289
78
1656
709
4061
2360
1588
43
757
2330
1353
2304
252
327
3647
477
3397
4134
477
922
3073
630
1566
4836
4116
1372
570
1354
3676
3264
1588
4516
2449
722
1900
2583
4659
4342
4479
4450
1952
4625
1257
3412
883
2199
4280
3322
3831
606
280
1589
889
3735
98
2337
806
1335
1719
744
4751
3591
3480
2217
411
175
730
1137
1457
1727
3726
1471
4484
4648
2123
2011
1033
174
1449
4713
4499
2205
612
4658
538
1846
4697
1326
4557
3217
2836
4131
1031
4832
4683
2174
871
3922
3651
4003
4598
3669
3238
3951
2699
531
366
1530
1312
1329
1592
2426
175
1489
4247
4797
43
4355
2395
1989
759
4509
2112
1168
3740
4208
795
2691
4797
3636
3565
1125
235
3263
4312
4573
219
6
1472
4858
346
2482
1975
1733
154
3185
1515
4371
2663
2341
4183
1086
504
2642
215
1520
1840
3639
2969
264
2618
2259
2177
2608
1386
2781
234
3745
4730
3162
4668
1785
88
4053
4200
1737
3016
1840
468
4161
2683
3666
4491
4253
4993
51
623
3371
697
1599
2117
812
1014
2371
740
528
3740
3115
1202
102
4161
241
3528
1204
4288
4952
484
3563
3529
531
748
3577
1046
3582
4083
1062
2057
1549
4001
1155
4717
1711
810
151
4229
4486
3026
3984
4204
2982
770
888
2165
3615
285
4805
3984
77
605
3679
1861
1666
4702
3827
446
2335
2101
1716
1114
1112
2747
4966
4106
2968
3245
2096
4183
700
4711
3824
2764
3290
198
4412
1189
172
874
65
4469
401
3267
1842
511
214
1177
3367
474
2599
3065
1621
2018
2034
3638
4784
4742
788
177
4903
1966
3315
3663
1642
1796
2235
4511
4613
2376
2665
1016
1396
1178
1026
677
3815
1960
182
1865
1727
4281
4529
4876
3506
1803
1606
4851
652
2632
1070
3507
4959
1799
2539
4778
4433
3432
4672
2537
4197
1359
681
999
431
2585
349
3520
2210
2018
2839
3192
2043
1926
4548
2429
3341
69
3276
3617
571
2137
4076
2106
1353
4767
3781
2851
1344
2758
1215
3013
1908
4298
3004
4417
4284
741
3575
1686
4223
4924
3653
2342
4920
221
4735
1188
4325
2914
3944
2402
1709
2986
485
1585
717
4949
1697
4362
1421
2998
1802
2515
2679
4169
3429
976
4917
1823
3940
3156
3130
22
4307
645
3563
3960
2859
3204
2420
1895
4465
1743
107
2012
1027
4403
1617
2920
4648
1150
4163
1099
2948
431
3636
2053
3817
3190
4543
2299
1800
1080
4313
3755
691
2655
104
4190
3955
4876
3069
4997
74
4510
2763
3118
922
3132
3282
3272
835
154
3018
4969
983
2268
378
4440
493
2485
2539
1572
152
4036
669
2822
4515
2944
2078
2796
3910
1700
4109
346
2475
2635
1737
2396
3715
4837
2634
3979
3159
4352
3635
1323
3438
3937
4402
4157
21
1812
3481
3494
4119
4725
644
3725
3352
669
209
3344
2324
694
1923
4003
4551
2681
22
1784
2051
1299
3141
4958
1302
4996
3054
57
2655
2858
4754
3672
3603
3264
3247
502
856
3539
2189
3608
2484
3259
702
2423
2495
2429
4587
3314
4901
3217
575
2013
3508
2252
4352
694
1965
1422
4449
27
3269
3454
1094
4720
2338
4355
1845
4306
4710
4538
2375
948
3497
3718
3540
1883
4752
243
4017
4842
848
1997
4042
304
4323
3170
983
2332
201
3819
4440
4753
3624
4757
2645
4322
3489
3987
4883
2957
4270
2961
2812
2554
686
1993
1476
3268
4977
1004
2984
3969
1745
1514
3271
3996
1003
3600
1315
4590
2586
778
2621
2642
2065
1907
3860
2214
938
2498
2252
2992
1907
392
199
2414
2191
3111
2546
1986
311
2188
4928
962
1560
2851
350
4658
2060
2065
1460
1446
2184
2719
1890
1861
4884
3050
4409
4189
1907
2097
3758
1327
702
923
3833
2230
2642
3612
138
459
4265
3311
1467
4324
3956
3070
1066
1885
4086
874
3093
489
938
4180
3730
4924
1955
2347
3919
3137
194
4749
4824
2148
4568
3813
2958
4182
4645
1248
2048
3573
2060
4051
701
1350
4473
3242
3196
4719
665
1760
1666
1583
150
2646
331
2299
3500
4680
1215
3017
524
3830
1281
3943
1933
92
1050
809
3450
3534
2885
117
705
3618
2636
3900
4146
2652
1663
4664
4403
2487
2426
4090
1218
599
2836
118
2594
3511
2373
3963
3450
756
4578
627
3964
1213
4785
747
3763
3845
4082
4350
948
2431
3107
4242
4870
2175
1737
1184
3386
452
2737
345
2459
345
58
2598
2221
813
91
3814
2045
3603
4917
3603
2389
4513
3157
4366
1926
4817
2209
167
2235
31
1351
4465
4305
2992
872
537
1048
4463
3830
1828
2029
1636
4149
4515
4878
2436
1640
1295
4832
1553
1032
3415
3701
3587
1903
3286
1054
2533
210
3670
3607
975
2644
3553
2062
4542
2665
4115
2618
184
4206
3267
4640
1457
150
3179
2002
3642
1070
2893
3948
2517
2622
2573
3318
4687
3430
1171
4553
2224
3734
2505
3644
2619
3140
2614
4798
168
3763
3409
1488
764
1762
2878
367
607
1149
2911
4932
2113
1024
4859
2208
2887
3686
3252
57
1211
2406
3559
2462
1164
489
4381
4055
1565
4767
46
351
2273
4958
4917
172
1504
778
3901
2729
193
1002
4505
79
2791
709
1631
3577
2232
1301
620
3773
4631
3851
4109
4264
1294
4666
3283
4359
4957
2862
3286
3636
386
2050
2500
418
202
2914
4428
2902
388
956
3561
1711
4639
2899
3250
4439
4602
2980
3849
1572
1118
1658
1023
1932
4916
1192
3189
953
4349
3425
3846
4643
998
1662
3986
836
3335
3788
3491
4768
3267
487
1386
1542
1137
1781
1523
4850
3982
2398
3964
1748
347
2406
447
2635
4314
3158
2349
2260
2025
138
2340
2893
4569
406
4200
320
1001
3638
3653
966
419
3319
2734
3130
2297
3625
841
3075
4239
4697
140
479
1551
1271
4161
79
823
4155
4279
342
1819
579
4888
1013
801
1187
1790
2380
1028
2008
2316
4928
3436
4969
4329
4154
2294
3498
433
1496
2264
3212
1784
3557
4889
2931
1459
2436
4203
2830
1853
4363
580
2017
1935
1630
727
215
4843
1359
3227
1519
4650
4648
58
1773
682
369
3114
2813
2809
831
3745
1731
3672
1119
2625
2380
167
4238
2618
2836
61
3056
1270
3637
1643
2032
446
3668
1313
2519
3809
3436
1328
4107
906
2291
3759
750
2184
849
3647
4785
2179
3797
4784
1865
1603
4835
3353
680
585
4502
1979
882
2399
2233
2156
4510
3124
1141
619
809
2238
3982
766
3709
4810
2008
587
4240
1665
4579
251
2187
467
1466
3170
1829
322
2480
1382
4553
4436
770
1273
3186
3739
1605
4829
4493
4002
1583
176
838
2047
3232
255
468
2126
4405
508
844
3867
2004
4723
3252
1182
4001
432
839
1190
1678
3658
270
3528
4643
3719
4042
1389
2259
2136
3032
2428
2289
4600
4376
1138
2714
3228
22
594
1835
2617
4979
4986
4559
4328
377
1850
3897
157
3749
309
4498
2530
696
1953
284
1672
3225
3304
4152
3726
555
1623
1157
1362
3326
2279
3696
977
3793
3635
82
4420
1477
1942
865
1375
2176
4232
901
3214
2221
3403
2661
4275
2494
3695
2707
372
1754
4699
699
1682
2482
4800
3742
3926
701
517
791
4723
1749
4881
436
4398
610
346
76
4680
3593
3981
2285
3136
2141
3691
3622
1305
3181
3470
4775
652
3723
2546
2122
3410
641
4516
2268
2442
1562
845
4965
3704
4968
387
4909
3878
3655
4826
4308
3733
3356
1611
4181
478
4118
2639
1155
1959
2103
318
176
475
2856
3188
2261
2311
4607
1833
4690
2334
3808
1187
1091
3050
4015
4281
3741
3109
1114
3766
1058
2496
4622
3712
2069
2297
2472
830
660
31
594
3256
3045
1518
2900
1934
4199
4538
1559
3451
1783
3992
1498
3247
946
502
3996
1632
419
3410
530
2028
989
2432
1793
1414
2854
3636
3832
2348
2731
922
1879
3363
4663
1770
3983
2090
1370
3823
1728
4644
2841
3502
3846
321
4127
1463
1480
170
604
2598
1478
3740
3757
3902
1988
755
3228
32
1961
3783
4802
4988
2744
1414
2661
1305
1894
1721
490
347
4673
4429
1246
4674
1410
1929
520
4594
257
3722
2638
4437
2349
1169
4454
1118
408
3224
1921
1392
465
4365
3559
152
4901
3279
4408
2252
2276
2484
2045
1663
4047
3022
240
2023
3389
2632
2833
4607
1795
3835
384
2533
3271
1701
4010
2160
1780
805
1626
936
1574
2228
602
3360
2621
1594
873
1045
568
2338
1405
4768
999
4872
2678
3334
663
810
2639
1009
2731
1512
4641
4091
3978
1490
1351
4423
846
2963
3806
1821
4101
4
786
1412
1911
4242
3275
2923
4484
4501
649
2188
4414
2057
3027
1263
3435
625
4948
2584
3752
4576
2158
4574
1690
2284
4971
2314
2496
3263
1065
3302
4275
4128
1056
893
3732
2620
985
142
3258
4492
419
4899
2121
4736
3467
3948
1192
2077
3962
2485
4087
1019
4345
4542
3578
1094
1969
3962
1612
2521
2381
2641
2640
1586
4163
2224
984
698
2225
3498
86
3084
4665
2667
3223
1147
1789
1984
110
1463
2482
3638
3410
2037
3700
4451
2624
816
2293
3862
3810
231
1700
695
1708
2487
3444
96
1457
1710
1334
4099
1916
1634
3104
4513
3669
3621
4326
3396
3935
4482
3025
399
4914
1111
592
3902
2424
4600
2014
2147
3880
4721
4356
254
1186
1960
33
4028
1041
4810
2344
156
1705
1812
2305
4070
4038
3823
4226
914
4535
3901
1502
1361
533
2964
3715
244
2197
1974
4531
2482
615
100
247
3342
1777
2609
3008
928
4356
4166
3571
649
1605
2553
956
4042
2252
1072
3448
3054
974
516
1911
2503
2029
1392
399
3637
3213
2233
2628
2430
1036
33
4732
3294
3087
1644
4424
215
1245
2019
4142
3518
1399
2219
2670
2387
599
30
3400
2963
3003
3903
863
968
1550
3735
4772
677
4990
1606
531
2002
189
3765
1088
2977
4186
442
1050
1116
680
2841
3799
4961
860
3294
2024
2146
2449
1305
527
2418
4612
2541
769
1318
1091
2877
1778
460
343
4313
1833
3489
4404
1730
3257
1542
1341
331
4763
1041
3635
4290
459
3139
1043
4307
4505
425
3249
2032
2118
3655
1871
3138
878
2302
4891
4538
3901
4894
4642
3933
1961
2975
539
4515
2127
4669
4975
2118
2038
3864
1926
1757
1166
3523
2685
167
4740
206
4482
2836
3643
752
1795
3134
1532
3579
4730
3249
2115
1057
4581
2731
3999
3292
4048
1483
735
2092
3042
1375
2663
3306
4835
1237
1744
2620
612
825
4757
1605
2642
450
2718
4046
4943
2743
3588
2169
9
4875
562
3567
2077
1458
2715
583
2142
1478
3348
32
43
4129
2142
4233
3475
947
4207
460
257
2242
3681
2727
370
3694
2891
4982
1302
4077
218
3596
3121
2307
2755
1509
2240
2582
442
3800
2558
216
2537
3999
2241
668
1253
4246
1396
2415
1591
3154
117
4048
3714
2154
2881
1747
4349
4728
3509
3610
904
1595
4275
3195
4945
687
2789
4031
3017
863
4919
2056
175
2347
790
4128
1371
3383
3197
2395
1507
4427
3014
1061
815
660
1276
3035
2978
1515
3970
4084
242
562
3973
3656
935
2893
4981
255
3578
4820
2825
4609
3943
3594
4425
2318
677
3792
3942
2892
976
2963
293
476
3265
1981
3179
1086
3240
493
4111
4988
1364
614
347
4696
2830
4635
598
856
4281
168
3775
1635
4524
3900
4662
3433
1704
2865
1956
4464
3695
2923
2107
3905
1732
4294
869
2463
3648
1333
3267
3726
968
1347
384
3660
3586
3772
3363
4326
233
4637
4377
522
2515
826
3367
1984
767
1185
2435
4004
3639
4866
211
2021
2175
2233
1729
1428
1917
3385
739
3823
2918
2223
482
3540
2267
1375
1263
597
1187
2014
993
905
194
2443
1199
1271
2258
3970
2844
355
1713
487
2276
221
2551
1160
4807
3493
3592
1942
3875
2335
1496
1655
3583
4324
2615
4981
4503
988
3514
3429
3530
4552
244
3284
3683
776
2774
3250
4882
1304
2694
4923
2900
271
3027
871
3879
4621
2859
4935
1978
72
613
2844
4868
4903
374
937
4851
3840
4751
2681
1244
4499
4824
678
2712
3135
669
3545
2997
1823
2204
4275
1290
631
536
2070
2209
2247
4227
1175
4642
2108
2246
1442
1065
3174
2597
4538
2053
3493
1281
1978
4348
567
432
2104
79
2027
443
794
4914
751
4087
967
3030
3195
1143
3362
4493
241
794
4029
964
3437
3071
1289
4406
2120
2513
1444
3959
2336
298
3139
904
1849
3113
3340
4435
3061
2203
2478
2050
2751
3797
4790
367
1650
1764
3471
1300
1153
1527
4935
3538
1258
3687
2986
3280
436
431
144
175
3365
59
625
3990
279
1996
3513
4076
2180
2862
4557
3531
4335
4782
1625
2346
843
1812
1728
730
2840
2164
4690
3959
2919
915
1086
3330
293
2774
1571
2091
1123
4693
1285
425
1419
3501
3056
2485
3163
1119
4498
4164
3272
3012
3397
1882
656
1753
3886
1974
3896
1424
1345
2887
2759
4446
4374
3114
1967
4168
2816
145
2512
1247
557
662
3133
500
3970
4259
4559
2545
3086
4860
4644
183
221
2128
1
2183
2679
1048
1891
4955
1346
2397
2409
1868
2133
4667
1043
4509
3766
2452
4291
3957
526
662
1876
1374
3606
2375
1592
1793
1211
2716
415
3881
2455
3793
3471
4246
4549
3557
3880
3980
879
64
1644
4110
3365
1171
309
4235
992
1884
1666
4765
1680
1436
1775
382
4261
3151
698
3198
798
1695
4083
1257
893
172
766
3476
3287
229
1118
2790
1550
2074
3236
4413
463
120
661
2469
1241
1742
631
1699
847
992
923
4138
4773
4957
4478
1218
4824
501
2204
496
1872
1695
4075
66
4162
4942
1402
2252
3635
3534
2833
2041
4880
3387
2645
3515
3489
3938
3729
612
1937
4186
3599
1908
4801
1909
144
4708
188
529
4896
2144
4174
4145
3855
2783
4045
3089
3402
3071
2940
4625
16
4227
3947
2739
4627
390
369
2264
3523
2246
1994
3839
3626
4461
1499
3627
3773
4735
4147
3059
2717
4847
3165
4039
1822
2954
2704
541
4532
2864
3145
1512
2469
284
2956
1963
461
1517
2220
255
1719
641
588
2781
4441
4682
748
3564
699
4620
3756
4345
3438
2243
4869
1615
889
4152
1721
1614
39
4105
4682
4714
4016
1778
3654
4474
1936
2587
4888
823
1976
3599
4005
211
1907
3191
3828
1963
3558
3034
244
3063
619
2080
4818
3076
4848
3133
829
4142
51
4069
3049
3662
4907
2455
230
3325
2387
3251
2635
1298
2317
4438
3499
4587
1634
4690
2598
4867
4
1157
4021
792
2450
3087
4830
3952
3692
2651
4089
4015
2298
2474
2111
4637
1275
4678
1032
3510
2626
4504
1694
2183
1781
4996
742
1267
774
4195
4903
1934
1516
1964
4783
366
2435
4553
120
3599
226
2919
900
1174
25
1014
1457
1079
793
2689
1755
388
2552
3703
2637
4713
4354
4832
250
3470
1142
271
3117
693
3883
2986
3570
1582
4393
948
1551
1886
3176
4324
708
4608
2058
4609
3986
1872
4574
3095
628
3999
4893
497
773
2430
4068
1889
3006
1336
2104
1206
2947
3705
4314
1122
2693
2682
1279
4703
4035
4920
4516
2210
3134
2673
1522
2586
4153
1845
1288
4573
3178
526
4443
2553
406
3188
1555
429
2116
1377
2332
161
986
2358
4159
3954
2496
200
1470
1578
4030
2781
2892
3341
3010
4536
3162
696
1313
1296
3325
117
4654
4058
2399
2317
1404
1807
839
3856
3031
3620
341
3066
1023
648
101
178
4308
32
3079
849
1741
2036
3515
3558
971
1086
1510
2156
4106
3185
1087
519
3350
2034
4364
3708
1364
250
396
4893
2399
2836
899
4331
2681
5000
1034
3541
3612
3706
2256
1974
2213
3574
4478
646
2105
392
4594
2817
3346
990
1212
2409
4546
2845
4800
1581
1860
1507
3559
3180
4533
3757
4706
1136
1158
4841
4006
3244
257
1351
4197
2998
217
1867
1783
3527
2389
4013
2167
3786
430
2499
4742
2803
2865
167
3713
3635
1058
4429
1676
3821
1868
168
691
3082
2367
3872
3752
1872
524
1436
3326
1932
2217
918
4007
1672
981
2949
326
4790
927
3957
309
767
1343
4866
3229
1787
4922
2369
3276
615
1326
4651
1698
134
503
2617
1566
909
3684
1842
1274
3549
4998
4330
2567
2040
3143
770
3481
1449
2690
2216
1482
1546
1434
2770
818
4798
1136
247
619
761
4762
2939
1101
1286
3415
4967
2781
4599
3826
2008
1723
1928
3405
621
4685
29
2126
4227
2204
4709
1845
1464
4774
2763
1474
312
59
910
2952
447
545
3778
3846
4028
3110
4608
2928
1805
1381
3857
1382
3901
731
2291
3807
2296
3263
1508
3670
4300
1064
4403
1051
4759
4707
817
4608
4845
1513
4752
3898
2707
3468
4307
2534
2130
3436
226
4200
3025
30
1880
729
3729
547
33
1569
176
2171
4089
2755
1397
478
4715
2081
3550
174
3355
1723
4602
4758
303
2343
2339
711
4490
1752
1309
3321
1240
3666
1299
554
2583
633
172
2601
4322
2898
785
2760
4958
3335
499
510
2838
1228
2691
4516
4677
3020
3718
1706
3668
3768
2991
3545
1474
1203
1875
2298
1398
4903
2128
1558
2157
1853
1569
3796
180
974
4314
1529
3045
1207
726
976
3909
804
1987
1290
4302
515
830
3640
63
1279
3657
3315
2497
2873
4027
1375
1579
1544
1998
2892
2238
593
4832
3851
869
698
846
4543
1523
1542
2459
1941
2091
1706
2234
4642
2514
4949
185
2243
4355
2865
1939
3274
2901
3831
2408
2192
2969
3999
3481
4695
3188
2384
519
3722
726
4469
1758
1394
4221
3371
1525
3506
3168
743
2495
1036
1762
3606
102
3803
2078
1640
4934
1274
54
362
1453
322
1411
2840
4831
1108
4017
4015
1959
3669
3823
407
156
3188
4398
3635
4459
2100
1975
1377
1674
1237
2664
3370
834
713
367
1726
686
621
4861
3411
2285
3034
3282
2762
4355
4178
2335
3449
4797
1074
2819
2857
3152
1691
1187
3102
453
574
2778
3973
479
3498
2210
4746
4710
3026
2928
2794
1277
680
1677
2499
3399
2227
158
3670
245
3349
1060
4383
1752
706
1649
4173
4745
2824
459
4704
3286
4754
3534
1175
2634
919
4137
1603
211
2460
1824
3859
3596
939
4111
4238
78
1191
4372
4343
1696
4428
91
3157
2542
4920
2681
3602
562
419
1539
3715
3542
747
4497
2990
1959
2619
2767
2557
324
3873
2363
2087
677
4284
141
534
355
3345
2658
2535
1055
667
74
487
4197
1881
2627
2104
3895
4359
1155
3193
3642
4511
1681
3001
2133
1517
3025
1722
4399
2902
2395
1197
1411
3249
4667
2440
295
305
4683
3285
1561
2457
2234
150
386
1683
4713
3917
1055
4566
275
4323
3699
4464
696
1245
735
4087
2158
3684
2947
1740
2608
3687
292
3027
3729
3731
1112
639
4870
4772
947
3631
82
1032
2274
51
301
4257
4232
422
3303
3828
3986
648
4137
2863
369
274
559
653
1347
3405
3537
2600
97
4838
1000
4205
2847
2026
863
3960
4801
4616
2211
3745
4541
1515
1924
3593
2470
1681
4161
798
1549
809
4980
3271
2220
1710
4149
885
1834
4022
4765
1587
2878
4634
980
1662
4267
1502
579
4245
4809
2258
2689
3819
2989
38
4945
1748
486
4278
992
3940
1512
594
3064
3722
1864
4549
322
2654
4606
2462
4416
3252
2204
606
3916
3889
2316
990
4980
1020
2685
2036
3307
2297
1541
2982
3841
3015
2531
1346
2025
3044
804
2508
2271
4667
1982
3419
2715
4857
739
3194
4182
2881
2231
460
4156
2577
1930
2375
3357
3595
4814
1746
1962
1872
1628
2459
3976
2836
1508
3439
1210
4447
1840
1261
1868
653
3066
2252
4872
1373
1365
4726
2738
765
467
1423
2391
1032
3993
2113
4318
1797
913
4739
51
2124
2388
50
3911
2108
1598
361
693
95
30
3101
4983
1628
1024
1131
1855
926
2405
428
2275
2902
3587
4435
4167
3899
1743
3486
1680
1925
3366
4624
4416
1922
4122
2709
2771
1434
1984
570
476
4535
3344
4485
356
3717
2548
3196
2680
2938
2299
3400
3119
3891
2753
4755
1833
4933
3992
4575
2602
2282
904
2427
4216
1395
1483
2336
4260
3458
4271
3312
4361
4024
4856
1880
404
1278
4579
289
2465
469
4987
3260
3160
2425
748
2039
1241
2790
1148
4021
2945
3477
4221
2475
3785
3912
2381
3339
4777
270
4927
1731
4354
3440
342
4843
3110
3807
1184
1173
142
2179
1114
3868
1898
3258
854
180
4928
2018
3794
2314
2994
3992
730
4314
282
4912
2318
705
1449
1467
482
3947
93
2202
2890
4311
715
1642
135
3645
1658
1019
3682
4680
1032
123
3866
3852
3837
3857
394
4816
3919
1090
4658
2295
1707
2650
3117
2625
2279
1504
1974
3532
123
2417
4106
1597
3966
2847
3215
1317
2143
2451
1984
2828
547
1558
2852
4558
1511
2648
353
412
4549
4261
4280
2536
174
1759
667
553
3173
2359
4970
2950
1254
3923
3525
1030
1321
666
3579
966
2571
759
3669
2251
4833
1900
3939
729
997
4911
2446
4925
3371
166
251
1635
576
3726
3205
2114
4563
2245
1339
370
1103
4745
2861
2653
2026
4399
736
3925
676
4069
960
4071
3331
1197
2608
3577
4608
3044
2879
3721
1750
2153
3200
2714
387
857
2243
4498
4109
2474
2907
4702
2259
799
3667
2048
2918
1364
1380
832
1582
485
669
3650
1818
2129
699
1983
3293
33
4628
4604
2634
2240
3861
2851
765
1494
1930
2643
3639
1563
220
1933
4499
3592
72
1119
1557
4552
1784
1766
4621
1335
4666
1655
2039
3649
4208
2305
1863
4716
2271
2571
2347
2822
1254
4306
4437
4583
1574
3355
948
4716
2103
1424
4694
1235
2712
4150
4618
1711
2644
4475
2270
2998
3037
3849
3231
3173
1177
1663
2901
409
3509
303
4963
2105
3186
1839
2430
2655
465
816
699
4757
1521
3677
1056
3657
4513
4907
2480
1657
1774
1386
4515
3033
1677
3451
4537
4445
229
116
3430
4113
1475
4885
915
4802
870
1326
2275
2271
504
1987
3426
934
4449
1326
4289
2359
4699
1486
4398
1
896
2537
4158
1215
318
106
1181
1361
2266
4371
4710
4782
4196
969
843
1186
2768
3814
2684
4438
1461
4700
2616
1835
4279
2466
4716
659
4650
3728
2017
1779
294
985
2823
1402
2260
4304
2442
3935
3723
4806
2911
4535
757
1098
1411
4696
1682
4242
559
2657
3273
2479
3957
2328
876
4693
4198
1335
1633
3402
3122
331
2278
1253
1774
4960
650
1352
2417
2145
3920
2172
1315
1378
298
3927
2481
849
1618
2814
1539
350
3022
1398
2724
2269
920
2217
4024
2878
327
2354
1820
1099
362
2171
1065
1101
2970
4140
313
2483
1016
3845
2639
3062
545
4403
1252
3588
3352
2868
2722
4612
4992
692
4331
2401
4331
3774
96
2989
129
2513
4513
304
2536
1353
1044
2571
444
4469
4374
1009
604
3278
1776
3941
4015
72
3386
1784
3187
2936
2173
737
4686
3977
704
2517
2120
4701
1398
3005
681
1772
2643
1463
1665
2053
4653
2492
1290
3386
522
1128
3305
582
4982
1264
2710
2535
544
4456
4076
2269
1569
1006
4625
193
3686
2707
2882
148
3333
889
4452
2369
1018
4418
3135
3638
794
4540
1027
4953
963
4613
482
2723
721
136
2033
1840
3589
2384
4912
1490
4558
320
452
3549
4686
600
553
708
2503
4389
2963
841
2147
1284
4387
3253
3820
1609
3614
1667
4966
2296
3122
4768
3667
1052
123
4792
137
1707
1397
473
872
401
2019
1763
2889
4219
1221
711
534
1475
3516
404
3240
3937
4783
2953
2538
1814
738
3780
668
269
3743
1088
182
4069
1773
387
1929
1984
2514
2539
1951
3561
4577
2634
1928
1573
3823
4182
3404
4121
3249
373
1197
3627
3487
4818
159
2630
3725
2275
968
1567
3794
1258
52
4430
384
950
3243
1008
4126
2783
368
566
2191
4618
2894
1873
1208
4806
1310
3963
4139
1836
2892
2155
2747
3388
3213
240
2821
1475
1964
2391
4890
4488
3823
4159
4053
3547
3410
672
4317
902
1594
2386
3867
556
3253
1147
3181
2879
4661
3653
78
1543
4422
3210
3804
1740
4851
3726
2729
4075
1812
603
4963
2260
3638
3579
2500
4859
4175
4287
4096
1306
4318
4587
2073
926
3950
3078
3954
4579
4276
4625
3438
27
4011
912
3442
3984
1098
1856
2067
2116
421
1966
1861
4523
2959
661
1164
3814
3432
776
2073
2817
1385
444
2569
804
1321
1618
1448
11
996
647
2308
1873
3452
1239
1192
4561
2238
3525
4539
1578
3545
1222
3743
1938
424
4198
724
4761
3915
4697
2706
4485
2761
4599
4837
4931
725
4957
1398
4471
2041
2141
4563
527
878
872
1663
4316
2821
4362
3135
3929
1209
2108
3321
2605
609
2521
3466
3241
1320
713
4726
1220
631
4544
2179
2601
91
3201
1746
1563
815
2015
4684
1538
4273
1653
4624
1243
3139
3860
3424
873
1021
1160
1125
3285
3591
4052
4371
3151
4128
1646
3272
1092
2491
4909
210
1723
1646
3103
302
1883
1454
372
1354
4835
1626
2360
959
2366
1327
1452
2140
500
419
1186
738
3264
2258
2628
2758
2217
3179
799
398
4704
2508
3691
377
449
2608
1765
1574
2563
4209
3259
2906
328
1959
1426
3968
3794
1226
3031
3995
848
870
4154
3218
3202
1397
1120
4441
773
755
904
965
684
3399
88
310
4033
1339
1352
4649
2149
3444
2406
593
2666
3948
1301
4713
2326
998
986
3265
157
1750
2572
803
3671
1753
2567
4227
1490
3961
715
4187
4793
1201
1205
3361
296
3133
1727
1779
2767
221
577
4749
2723
4675
1200
3842
2722
317
102
1355
1846
3454
3676
4534
3612
1222
4475
2853
4282
2757
442
4799
4229
677
3989
168
4825
3558
1040
2497
4397
2680
2554
376
2920
3378
2132
789
2039
4805
1540
4768
4793
4809
4083
1587
2139
3064
980
1243
4612
2582
139
4901
3604
2632
290
34
935
2124
4997
12
1363
528
1922
3057
4991
4312
1377
3641
3144
4098
2823
4005
578
2829
2844
4218
2030
558
3288
2750
3929
1746
3897
4998
3324
2488
4058
614
4735
216
2377
4282
2265
3194
4381
4422
4804
4225
1174
2431
168
2076
2453
4396
1020
1556
2554
1004
2580
3449
3282
4444
2141
4202
2017
3966
1576
2040
4022
2109
2427
2887
4807
3024
328
4618
2343
827
3706
391
4581
4235
3258
3815
454
1710
3334
2215
2629
3044
1273
2334
4741
2341
3055
1609
161
649
3278
4498
1677
4074
4500
2168
2637
3476
4736
2341
3607
1091
1397
3431
3663
2162
4594
3779
842
893
1257
226
4810
4864
2756
3684
597
2221
3546
4090
660
2858
2425
2070
3601
2552
3054
2355
3993
1405
1301
3871
393
4409
1994
664
426
414
752
3929
1660
698
1687
1722
4880
342
1712
426
4046
3705
3272
1603
3169
4265
724
2758
4820
760
4009
1141
599
4628
286
3893
1315
2117
2851
729
4997
3960
310
3420
4887
3921
4739
1949
4755
1464
4127
4169
1416
288
3211
4265
449
4168
1887
1093
1752
595
3399
2004
344
1368
1366
3218
262
1778
1689
854
305
2738
2283
2130
561
2343
1151
1430
2274
4296
3767
1646
3745
2657
2140
4265
1117
1767
4923
3607
1212
1215
3871
2574
2588
2947
1681
1749
968
2212
2793
703
2396
985
2620
4827
1537
1963
3828
2458
4527
88
3189
1267
3308
2696
3750
1185
3932
4995
2969
3132
1823
1142
217
1182
3147
2612
4741
883
2989
4658
898
3576
2525
2873
2372
1186
839
4552
2051
476
2327
678
2820
3342
4806
3527
158
3248
4273
1286
3681
4108
4681
2390
1418
3395
599
3830
47
4359
1283
1258
2640
3111
3765
1186
2616
1554
4008
2243
2107
3514
1466
592
451
2571
2109
3576
4642
381
549
256
4868
1495
3887
3735
2404
1081
3303
498
3604
322
4157
1667
4865
1755
226
3090
4233
3294
233
1824
2834
282
1367
1061
3144
4306
1025
3648
3782
1689
3348
3107
1932
3556
3796
3257
3623
4456
891
3806
1551
726
1224
2711
761
529
2730
221
3251
2790
1655
826
3014
270
2102
3390
2152
4627
4120
2306
3318
3304
4973
2901
2698
307
1685
1944
728
3405
2318
2640
4139
333
369
769
4873
4899
3393
3022
217
473
173
1797
1410
859
282
4911
4992
1214
2455
652
4912
3797
1275
2082
3642
2915
3484
3815
581
2211
601
408
143
4204
4215
3062
1288
1870
4763
1197
3541
4492
2889
2275
2378
2750
268
4648
1921
680
3862
630
3416
1073
1256
1478
3721
1326
2321
3819
476
1899
347
3065
1999
656
2410
4903
4589
2652
3826
3018
4200
3508
1400
4080
1215
3544
3505
4969
565
3497
375
1059
583
2524
1464
692
4638
4934
3477
1757
4658
279
1589
1145
509
903
18
950
3902
2623
1925
3026
4840
4158
4002
4813
1506
1053
2686
2248
4138
268
589
289
4979
1878
2068
2742
164
4498
4854
2253
4310
3910
1546
4928
312
792
1651
2514
1921
4528
2331
4032
4499
950
3855
4332
720
1166
403
3626
1045
140
61
4416
3015
257
3241
4913
300
3924
1299
2335
2106
4474
1864
4547
4097
1705
2974
3758
2544
2336
1457
12
3217
2909
4927
1089
885
3312
1293
3073
3205
2395
2207
4686
3161
229
2143
3436
4524
2481
1517
3792
780
2856
4029
4936
1127
3
4931
2550
4217
4991
350
1188
4778
3848
156
167
2136
366
4240
4122
3542
893
3873
4832
1289
1885
541
50
626
669
2649
2090
3866
2660
3543
2034
2890
1732
2669
3463
4931
1783
666
675
1722
183
1977
3678
219
3865
4238
3610
1515
3382
4273
1674
4148
4798
4710
2741
947
1857
628
3703
3791
3171
3866
4332
2715
770
3577
2651
468
3071
4532
4609
4776
4095
4499
273
1214
711
44
3464
291
3813
1393
240
2094
3876
4411
2363
2813
92
76
686
38
766
4787
1046
2920
4117
4786
420
4435
2473
1473
2784
1843
919
369
4298
2126
2584
4473
4673
2751
4412
4708
4850
61
4519
1857
1322
3872
1440
2134
991
400
4287
1734
4235
1997
1691
2667
3650
1012
785
3225
2246
3205
897
2531
2551
1795
2699
1669
4393
607
3792
16
3090
3790
503
2970
3498
2192
1954
3228
4293
414
4488
1422
3655
218
3114
2174
2880
2222
3271
2219
4720
1675
2810
3343
1650
251
3340
3628
1807
158
4621
4211
1355
4578
4983
3388
3288
825
4478
107
1887
3461
722
1302
2342
760
1395
4220
1879
1496
3119
4512
3101
3583
516
4738
2973
3380
4895
2081
1268
2696
3878
4152
2093
2484
3588
2258
3157
3577
3777
2013
1067
143
4195
3594
3616
895
4121
4876
278
4652
1171
4035
4297
2584
1565
4315
4615
3740
2564
4292
3964
3111
1780
205
2899
1200
3879
3667
4632
4611
2392
4807
50
4732
421
1960
730
568
3720
4314
2289
2828
1022
3430
1465
2382
2819
2729
788
199
456
3456
2803
731
2534
1337
3499
1129
2108
2896
323
4697
1701
44
3045
3623
2431
1280
3657
2580
103
3245
2771
4384
1467
2150
128
620
624
1837
3300
2098
3237
4980
1928
4686
1561
3982
890
4249
1052
106
3033
3439
4015
4678
3649
1558
3686
1963
1597
1165
2666
1281
1147
244
2054
3647
2722
892
2832
3778
1094
1274
1991
2580
2792
1926
4829
4559
947
121
3091
1923
3608
522
707
1080
587
2856
2716
870
1354
2112
4964
2550
1206
1914
1617
2513
947
3661
3108
4773
4663
3431
963
4657
536
2990
3750
4396
3732
2681
1332
3096
3112
4174
434
3895
1007
171
2372
1686
2372
2902
1169
89
4215
686
2675
477
107
2680
4546
2901
1068
919
1323
787
1987
3307
1964
765
3335
3644
1404
2938
1019
3797
2230
3278
4414
4093
756
4216
1626
2476
616
2181
1724
4156
3445
2222
1572
929
1485
4936
1395
2546
84
236
320
1219
2134
4684
1798
1912
1447
4668
2756
3028
4176
3285
2334
1259
4795
2828
422
2965
2650
1997
3681
202
4483
908
4532
4678
506
3187
1932
3963
899
3545
1419
4514
3185
3926
4253
2900
2814
66
4128
2824
751
390
4484
3682
3577
1491
903
1145
4166
4521
4447
522
430
445
2755
865
2907
740
3412
1012
1225
1418
2628
1884
1854
698
195
197
1080
1064
1799
1957
2534
1102
3568
2948
2050
3788
3371
4819
4772
617
2644
1899
3924
1632
3716
3573
1055
540
4878
374
1494
2766
374
196
840
97
1085
2546
338
1522
2192
1401
552
3075
4155
3035
1179
4124
1950
2794
162
731
1430
927
4470
675
1207
151
3090
913
4637
2865
3558
2274
2574
2132
2305
2329
1637
1500
1976
2258
4416
4735
3866
1097
3633
7
2895
3839
2096
1862
2689
1653
4326
2256
4853
3677
2660
1385
3003
4738
1201
1362
4525
703
4393
3316
3940
4189
4189
2518
4510
2430
2579
2203
4146
3441
3049
684
3046
4861
1900
4703
3325
153
2450
4942
2258
1182
3275
519
3019
1559
2714
2106
4821
2752
90
1868
4249
320
47
1798
657
3391
3728
2545
4534
433
2866
79
3538
587
1878
682
4170
2252
4413
1790
2176
4194
4319
1384
2508
4143
2050
4565
4703
4963
2456
954
4879
4808
294
280
1744
2116
4464
200
97
1331
4751
2222
1070
1133
472
2681
1105
3509
1491
2949
3423
1846
3390
675
3619
2044
538
342
4637
3741
3814
1273
4883
2198
2835
4570
3087
1644
4539
4521
4279
1433
1554
644
2442
1679
3037
3398
2325
1751
2769
663
4
207
226
788
4302
4686
3700
3703
1900
1838
2782
4330
378
1111
319
2514
365
2678
1010
4247
838
4846
4017
4825
1710
2025
1399
4940
4585
1274
1175
167
2045
3868
2261
1199
2119
2686
426
666
4441
4003
468
746
646
4945
2852
1835
2239
4978
2943
4027
3010
388
3689
366
3013
4690
1132
3843
4995
511
3917
1120
80
2193
2749
3332
3312
4531
1401
2267
1807
89
4493
253
1924
3030
1134
4004
118
3226
3022
583
3225
3291
3064
2866
4339
4905
2408
4548
1863
3677
2851
2116
252
2110
3446
4612
785
4191
2376
2671
928
855
4985
4436
1150
2635
3536
3652
3965
1208
3885
2240
104
1248
1503
4567
453
2466
1584
4809
3850
4899
4531
3015
3582
4351
3506
3415
36
3663
949
3754
1555
4422
755
3450
1770
4059
1353
1050
3131
1938
2749
128
4005
1302
2322
2522
1303
3603
1227
133
1458
744
4610
1407
4047
3679
3233
1227
4665
626
2328
6
3561
3819
146
4158
4823
4198
1162
3057
4486
1185
3247
4970
962
1688
88
3516
2914
925
1976
314
1491
4111
234
3300
269
299
2639
1500
4607
3008
3431
4562
786
4366
4108
2662
3106
4963
1629
606
2075
1565
1834
1825
2183
3406
4830
2343
3604
2899
582
2976
2819
3500
477
1968
4798
4999
605
1648
3045
3682
4391
2183
1490
2428
3785
3365
3203
1116
2168
704
245
3234
2419
691
2286
2356
37
1746
3691
3006
222
3569
3593
282
1096
93
2742
3897
1837
2554
4988
349
1482
4841
580
2407
2348
644
784
1128
4512
1156
3604
1932
589
3664
723
2222
2155
786
2316
936
2154
262
1555
5000
3196
3180
4991
3424
3665
150
4820
2334
2595
1790
2906
2769
1545
3467
2833
1072
1256
1036
2793
924
3574
3343
4330
793
1701
2251
4298
1804
1027
1301
4191
2195
4232
3044
4682
512
1983
1985
3137
1691
2051
822
1290
3695
4861
1932
2877
146
3001
2922
3829
3149
435
4793
1100
1389
741
2463
20
378
2966
2906
2147
65
1387
1794
3799
505
1776
1551
2115
2092
4419
2571
1570
2735
2406
1751
4770
2677
1461
3242
2372
855
3025
92
3562
1713
2814
622
2272
3589
3065
3703
4192
2277
2211
2061
1701
1357
3133
3396
3188
4142
3917
319
2425
2129
2679
3081
4124
8
3867
1774
1224
4685
2665
4943
2172
2957
410
4200
2658
1457
1941
715
3155
4661
3829
2125
3816
2422
455
1193
3788
1892
4516
625
2278
1736
2022
2336
2163
2804
3643
153
2156
4366
243
3377
589
1059
3497
1112
4873
4368
3306
4008
3058
3019
4552
2586
3867
4164
1331
581
1041
141
415
3497
3688
537
4876
65
1551
1255
3198
3539
3405
2933
3391
1988
640
2403
4707
4418
4041
355
4597
2647
333
47
2599
633
3876
2945
543
3995
4193
602
3646
2782
3482
3102
4772
3917
525
1445
3389
3365
3125
4591
4821
1856
2291
4135
4283
3583
3417
4674
3475
2732
2039
1613
2196
3150
3337
1338
747
4386
3095
2628
527
2717
1339
2457
4579
825
4992
899
1091
1832
1679
2786
3685
4015
4764
2379
4654
2831
1131
2297
1531
117
2801
4594
2514
1867
4180
1869
2622
1355
3164
1817
1180
3259
2682
193
2351
2585
1903
1950
3025
2727
4088
3366
2449
3838
2034
735
4151
1479
476
571
20
3163
2829
253
1433
412
3584
4671
863
4370
1644
4914
3582
1190
1511
3117
4643
218
3387
1083
601
1374
1876
3099
2667
3999
4206
4381
4686
903
1101
4680
2511
886
1
1045
18
2873
1649
1589
2462
2117
1575
932
62
3596
913
4240
1876
4121
2141
940
458
658
728
201
774
2949
748
2698
4347
641
1216
2252
1018
3271
2695
3939
806
2344
1830
1153
4768
761
1402
2606
2148
456
4434
4957
648
1652
2249
3906
967
1308
2016
4984
2019
240
3731
4982
3527
2078
4668
3715
3053
2142
2774
421
2833
2035
3862
3693
3270
1898
814
3174
813
3329
2259
191
3793
4341
4114
3993
3311
3916
583
27
4833
4968
4768
4706
3161
213
3021
987
3267
3702
2389
3618
3759
3257
4998
1958
2472
4741
2102
1838
3875
752
3497
4001
348
536
589
4491
4417
436
2996
2169
640
3767
425
2186
4381
4185
44
4145
2307
4691
4423
2396
4615
1053
3452
116
826
653
4130
2875
524
658
4240
4645
3194
4703
2567
4060
4199
3197
782
1706
119
3409
1396
4119
2365
433
1456
3428
2142
4364
286
2349
144
2663
2189
2772
4518
3462
177
1576
21
21
1846
262
2476
4114
2591
2167
872
1339
3529
1423
4213
4447
1192
3034
1357
3775
3987
2887
2054
3273
4043
149
2481
956
1925
4756
2090
2649
4301
689
56
2742
4290
2741
3157
3081
3837
2214
2593
1691
627
1331
2346
4945
4625
95
2136
2839
149
4445
3225
1666
4797
1571
1447
769
3895
354
109
4982
1159
4693
4068
429
897
2480
1529
1006
3260
1743
684
2809
1771
497
69
2936
3014
2611
3840
2376
3896
4561
1450
2738
2396
1905
1805
3316
3728
2625
1144
2639
2522
3081
3195
1931
1204
2441
4955
3633
3947
261
3446
4859
4190
3516
68
590
848
2806
3208
2886
462
3162
1595
4841
3011
2047
2353
3452
105
4195
1380
4487
1869
782
2608
1968
205
2749
1252
5
2493
1821
414
1736
1626
1858
1042
1495
509
3399
1488
2377
1500
488
2766
3489
4121
618
3482
1312
494
248
3270
270
3453
2344
955
3658
4570
224
2994
4569
1137
3699
3058
632
294
3210
4973
4524
1660
1337
3572
3127
2592
1447
4696
2356
3786
2557
3438
4185
2198
133
4054
3590
4024
2045
1038
1013
4207
1964
4496
3385
1794
4707
4331
4190
281
3509
1683
1126
3679
1756
888
1531
749
784
3267
3056
3877
1949
4405
710
359
1825
1645
1397
624
2167
1889
2465
4286
4802
2173
3135
4380
656
4774
3149
2423
2868
2819
157
1814
4285
3336
95
249
1243
2139
1541
2937
2712
3402
3993
923
3842
1466
1107
2797
761
717
313
2251
4228
2264
4219
2431
682
828
1601
941
1882
2246
275
204
4964
3594
4649
4032
3678
1333
4253
496
4971
1510
502
853
624
4213
4437
192
3821
3695
3640
3123
205
4281
3470
602
4407
4547
3398
3062
4436
212
1520
1218
2044
4690
1984
2197
1422
299
10
4465
999
4593
4450
4950
4079
2453
2947
2488
1088
4862
2135
703
3570
2829
815
1834
1197
107
648
3636
507
2134
989
1308
283
1421
2560
366
2541
72
2549
327
4863
389
1646
2163
249
1409
3422
874
2616
822
2991
1777
2649
769
853
185
4967
2671
734
4831
3115
585
800
353
248
3537
3961
1606
1462
306
4331
3014
2379
3088
4412
1616
862
1661
2274
4373
2698
1364
1337
2763
68
4273
2396
3780
1609
4034
518
4856
2955
1471
2043
2416
1044
2932
1500
29
2865
485
3482
4883
3054
2782
12
1384
4786
4686
4930
594
2174
2770
2818
1735
1530
606
1193
3201
4030
3764
4060
495
4948
2879
3562
1478
3554
1277
3051
793
4332
312
1930
1825
1754
185
3105
1646
2076
1512
2443
3913
3868
4592
1867
837
963
2076
371
1574
2048
1442
2145
671
2530
4207
3869
1928
4170
1145
1201
3850
4742
987
3209
2862
2095
334
2798
2614
2210
2751
4746
2200
1806
1530
2634
4421
808
43
1177
2921
4645
4135
1966
3165
753
4186
3011
4980
2850
1907
1718
1747
4372
775
3669
3622
3921
2026
445
3761
4797
355
4443
4336
3958
3292
4001
1746
2629
3545
2149
3686
4875
3405
3732
939
1209
2634
3360
4874
1787
1521
2693
597
1508
579
1762
643
1924
3527
2502
4010
4879
2913
1604
453
3633
3320
915
1719
1829
4435
3662
1180
990
4340
4018
2650
2806
1775
773
2967
1855
712
1813
1579
1910
4451
88
3319
4477
2252
4472
3639
1776
2107
2948
478
4463
2502
3825
2498
2916
1407
1851
3436
4862
1270
3463
1155
2381
358
2553
1053
1314
1219
1200
469
515
1004
3511
4284
970
1348
3097
2187
1351
1937
4766
1067
3461
1917
3278
2156
3937
2257
4664
3923
2647
4327
434
647
306
1583
4859
1718
819
1194
3771
1781
4419
3288
1440
2174
4722
3869
1168
2533
288
812
4203
3666
2210
3789
2011
316
4353
4485
1903
4891
4385
3544
4511
2222
455
3631
862
4140
3656
120
402
4174
3173
4558
3340
3548
1563
3550
3065
406
4063
4262
774
2415
2846
1121
1064
4020
282
3073
1763
3614
4530
1607
3010
3648
3048
4198
2025
3496
173
2995
610
2519
3676
2951
3130
1068
3872
1101
590
726
4279
2856
4458
3650
2463
1944
1310
2151
1747
3121
2613
2642
3067
4251
4464
4806
1016
2972
2935
1741
335
3928
1324
2008
582
2808
4357
3694
961
3324
1131
3787
1422
3022
1801
1517
2444
4514
3546
699
683
4332
3115
180
476
4573
153
4932
329
3413
747
1987
3555
979
788
1398
3422
2815
4976
1373
2180
1228
1446
123
2490
4754
3069
115
903
4638
2130
4137
2844
2901
80
4845
4787
2214
3963
4813
2761
854
132
913
1494
3068
1723
77
4096
1204
4801
828
1783
1138
4179
3445
1400
2479
1568
1429
4182
1838
2673
3238
385
4540
1890
4597
1194
3965
4714
3160
3739
2283
63
4104
1410
2578
2760
4951
4699
323
665
4847
1753
2558
1254
524
3214
3156
4250
3217
4038
1795
4802
2878
3051
1625
3538
2408
2395
3515
4661
2163
4614
2469
4624
2582
4302
2502
4140
1875
4874
4339
1450
266
339
385
2983
4860
3721
1375
4594
164
108
852
3431
3689
1129
4992
1991
3305
4115
3539
1887
685
1036
2411
30
3149
2516
3780
2000
3806
738
4145
4226
2052
3512
1070
617
1929
959
1697
4226
4226
4574
2634
17
1688
201
2924
85
4872
4828
25
1496
1429
4555
2049
995
3276
727
3344
411
4561
776
2669
768
3116
984
3855
256
2515
2748
145
4489
409
3509
2722
461
2230
3378
3941
4696
4531
2904
4052
4175
2960
3705
314
3071
4630
4662
3868
4412
1952
3157
698
1493
585
1413
1686
2136
2763
3856
3740
3079
2308
3906
1866
1622
2819
409
3967
2277
117
113
1485
3174
3039
249
2634
3385
2295
4279
3322
3367
4103
4928
3713
1835
2118
4651
2309
2881
430
1005
1891
4306
4480
4874
4518
2162
4438
4771
4515
303
33
4500
1768
564
4256
3836
366
561
3105
1714
2460
1767
973
1706
1706
460
2209
783
2731
369
2886
3785
2052
2858
716
2301
3037
932
768
2061
3649
2506
227
847
4652
133
1555
1293
4263
4020
3454
4634
370
3843
3329
999
1955
1948
3155
1755
4833
2723
2896
812
3163
3234
3102
880
4316
4267
4609
4380
4909
1001
730
193
3664
2551
1572
300
4757
2963
2172
268
3487
4599
113
2807
3569
1654
3513
2057
48
3505
1116
2493
189
614
3198
2906
3248
4212
3491
4593
4092
3444
564
1100
2766
851
3064
2928
3679
2239
854
3870
2944
2432
4325
2007
3941
4874
275
4764
4712
172
2316
1979
415
2803
2218
1340
2464
1286
4565
3035
1707
4526
2559
2806
4495
2085
402
2098
1643
1541
1952
2906
513
4540
4577
3319
4687
658
3061
4733
2428
2410
605
4152
2525
1092
2007
3075
4130
252
4591
1511
3701
4655
4563
833
2708
1661
1015
816
2641
4073
745
635
1841
3958
1472
1207
1319
4367
4830
908
3131
915
657
1525
3491
1935
1679
3441
3770
2307
2520
982
3137
2489
3851
1886
4989
2768
4900
399
390
12
1572
2857
472
1180
3170
2466
4690
464
1600
3651
466
1358
1149
4694
4198
2480
4791
128
4400
2366
520
309
619
251
4745
81
2834
980
40
1899
1441
3941
3854
1015
3100
1014
1728
989
2225
1657
131
2441
3243
34
1520
775
1887
988
4932
2808
2891
1374
4798
1956
636
2106
3153
381
4114
1058
4385
1988
2082
916
1610
1367
2259
4931
3508
3617
612
3096
2335
4189
4810
4495
1405
1459
2459
3285
1293
1981
2582
3115
1464
470
2934
2190
4545
4702
4358
4418
4925
2510
3451
4634
3332
2535
952
3748
4245
1394
1896
1675
2163
4649
1307
335
534
4595
3766
183
3091
1791
4752
2067
277
4955
2363
3658
2594
310
3697
2483
2409
2164
2522
2281
908
4507
4461
1031
1359
4096
152
3588
4881
4625
3408
4067
4228
4432
3391
2860
4591
4610
2374
448
3451
3631
1070
4743
1831
748
876
3617
4999
3349
679
1107
603
3941
4053
3873
3266
2323
4313
2542
1144
4497
540
463
1322
2358
4836
3595
3692
2403
4913
4687
3144
1699
2017
174
4798
2591
3953
2951
3261
937
1523
2639
1969
22
4566
2896
1588
778
3134
1696
3607
4060
534
286
4468
4943
2018
323
158
1422
2575
2721
3143
740
1994
2500
3879
3393
2632
3356
2495
377
239
395
4230
2178
1397
4527
2937
2525
4481
602
956
4785
4459
4499
3463
303
3255
2024
676
2454
4253
2125
2114
3287
4654
519
2823
122
686
4694
4478
3339
4498
4255
4312
3316
3257
729
1116
1031
15
4192
2735
1761
2727
2890
934
1543
2282
3638
4258
1325
3496
1071
1992
628
4963
4351
1081
3709
58
1655
2549
2399
637
2774
2567
1734
4066
4709
3569
4417
4066
1161
2977
722
672
3146
865
924
1450
4120
1957
1451
478
169
1049
3236
1297
3221
899
127
2321
4286
1589
86
1284
233
4659
280
3527
1256
3933
3562
3070
1256
2936
2579
1797
125
787
1244
2462
1173
1016
49
4817
3168
369
4710
2684
4965
3857
284
3542
585
1312
4906
1415
1722
290
3166
3472
61
1210
2552
4391
593
1117
4880
4920
3267
1586
1391
2459
661
2365
610
255
4293
711
3256
1712
2812
998
130
2498
4789
4864
4095
1484
4838
4653
2944
1223
732
1772
2306
3440
3009
2981
1157
158
1197
183
1699
3591
3812
2596
2627
1452
1906
3181
2831
2646
4826
1363
3049
630
2297
3761
581
1891
3655
3891
284
3755
2504
3028
1747
248
2696
1224
335
1122
1141
2465
3043
987
2134
3285
4410
3277
2101
4330
1193
3321
785
1296
1420
4647
4536
2238
2803
4839
315
3719
3538
820
4407
1375
4
4343
4588
838
2683
1444
3355
3873
2866
1783
1852
4352
3475
697
1234
652
3870
722
1014
2297
2556
978
1560
1500
2812
4741
4773
738
3746
3162
4817
1667
764
2971
4512
3049
2364
1915
2888
3012
2234
3356
1933
3651
3191
4822
4491
2916
2752
4589
681
3888
4489
293
1028
2902
2712
234
4505
1612
1133
2526
3333
3064
2357
3774
3429
2015
4032
4278
2429
485
1130
1288
867
4707
1773
2982
1868
4557
860
1223
1446
2707
1342
1409
1893
2023
3603
2490
3431
3939
3070
4661
2431
4262
581
4800
1236
2972
703
1333
4109
3504
2128
3635
3984
1051
2064
3364
4135
872
2145
1619
278
1497
400
1514
4048
2394
3349
1517
3899
2908
414
406
4757
494
3330
4968
4341
2302
1377
2524
3432
252
4387
2665
12
1192
1050
4941
4954
3433
3030
1329
111
4986
3183
4645
256
4398
1572
2043
1431
467
442
3325
1206
4590
4461
2394
4898
1074
4881
3570
2965
2685
4894
1908
2009
2968
2730
3400
3957
3397
1527
555
4889
802
2284
1599
4456
93
3584
2108
4251
4863
4062
3244
752
969
3863
4592
3336
4750
2237
4304
382
3979
2348
1341
2868
13
342
43
1508
4454
2586
777
734
4967
1533
869
3312
2384
3318
2664
1135
3930
1186
3672
646
3163
4742
3561
140
4285
875
1119
3541
3784
650
4925
4324
2635
3189
1737
3385
31
2104
2759
2565
802
4414
3121
3212
3420
2110
907
3865
2287
4106
351
395
2529
263
2745
4325
2241
971
4130
192
4971
4368
2478
584
4367
3572
1963
21
3062
324
4288
1389
926
4065
802
4575
3063
1215
4064
2799
3640
3267
3550
4976
914
4052
1216
3058
806
252
3243
1305
2993
2418
1970
2763
2982
4200
2632
4440
3637
2747
4659
2595
3509
2645
1628
1555
2543
3742
3959
3996
4128
3276
794
962
309
3025
1965
3454
4276
1838
2963
2715
3943
499
967
973
4103
4342
4703
903
1674
866
2069
1468
2281
1051
389
3157
282
4671
3647
2662
3049
178
4091
3141
1811
1789
2335
2060
2107
3107
2438
4130
1199
2002
4998
3830
849
626
3983
3366
1057
2589
3501
570
1787
254
3919
2565
4839
2503
1738
1026
1114
3931
2878
1559
179
1115
3781
483
4038
3016
1711
3247
4987
1125
940
4466
2778
4686
2113
3721
47
2214
1896
1483
1651
3568
154
1464
1648
1648
959
3159
918
1085
4867
2600
4539
1772
2662
3581
211
3442
3234
3048
1061
89
1639
4853
1218
111
3849
1102
2879
2072
1352
1766
804
4445
2562
4772
652
3321
2743
1151
4142
1981
3237
4386
4962
1887
3724
2712
1501
320
4229
3856
4855
1212
2514
550
2534
2234
4423
4302
4900
1381
2728
4381
3407
3283
4216
4907
848
696
3783
3348
2430
4471
1127
1959
1167
2016
3030
2845
3841
2826
4135
3903
1301
1128
107
587
932
1489
4227
1661
4695
3472
4550
776
3493
3536
2687
1225
2254
2168
2563
4248
1947
1723
771
251
2975
2114
2414
3280
2313
1773
2406
3076
4356
4335
1852
1628
530
63
4275
4691
931
2445
2530
2755
2387
2219
2031
3284
3716
1491
245
1361
705
4823
2909
4664
4174
3587
1091
1924
2957
1417
1291
3352
2375
2640
4263
4267
3679
846
3352
3233
4763
414
3462
4512
3375
4900
463
2557
4154
4386
2397
830
3898
3767
3776
616
2412
971
982
3703
3132
1301
4767
1285
1165
4022
2371
4916
2058
1854
2653
4375
536
4408
1736
3016
2887
4762
1911
752
788
759
4135
1686
1072
4357
1661
3388
3108
3506
3915
2336
511
1022
4761
3766
2588
3928
1104
4212
344
2947
3483
1889
4927
158
399
192
4701
4406
4075
615
4412
826
3680
1855
731
4036
2042
4079
2411
1179
4727
3175
2306
3390
3473
714
4640
529
3999
2034
2635
700
1841
3607
2262
3129
2512
4533
839
2815
2685
2693
4401
2776
950
4146
3713
3734
4328
155
4942
4291
4344
448
722
4097
4765
2850
530
2248
786
626
3102
3213
2990
2066
1738
2445
527
4482
1196
4016
4186
4826
578
1625
3817
894
3576
2542
4348
1740
4484
4730
678
723
3067
3767
2744
3575
3387
1303
950
4560
1714
2356
4756
2584
2928
4980
2130
4260
3525
580
3060
4900
3881
4275
2485
1344
4740
1197
586
1440
4179
1697
209
3071
171
1774
407
2941
4657
4217
4208
4815
1880
1944
1064
3722
3047
3734
3143
3559
4895
4526
690
4064
4906
373
3818
3250
255
2781
3933
1204
2439
1977
500
1626
960
4266
3990
3327
361
480
2402
3672
2795
1011
4331
2678
3421
3925
1540
573
4948
2260
1420
1780
46
2445
1115
2051
4032
3517
4159
2788
3316
1088
61
2891
2086
66
3516
4418
94
3079
2125
2894
2939
1295
1403
605
428
1381
2590
176
1965
3389
3261
2997
3512
4925
4755
4643
4494
1874
736
3540
2263
3312
1286
4461
2940
2106
2740
1245
4837
4389
4717
1843
1116
1039
1896
2571
454
2151
2366
1083
3718
3652
2549
3990
4629
8
3245
969
4140
4334
4111
2808
2353
4963
3334
3201
2503
2317
1442
2414
2279
421
2700
492
4651
3688
1318
1736
410
815
4783
512
779
1357
3782
1523
206
10
1816
157
1953
374
3863
4773
4806
2222
2644
4084
3515
3873
510
3333
2736
54
749
2112
2901
1330
344
1481
2775
1881
3692
3529
1919
3889
350
1804
855
4500
3364
756
4949
3862
177
866
548
3054
3971
980
237
3888
400
849
743
418
1891
3989
3806
2742
4924
1563
1881
2250
4580
938
1617
1533
49
1434
3552
4955
3070
1878
1587
4481
4979
2239
340
1759
1007
4504
369
3533
1516
750
4535
1243
2847
1051
2588
1231
4390
2416
1807
4853
1735
3808
1829
3315
260
517
2627
4
1805
4586
5000
1857
1810
4191
3858
2225
1557
1808
445
4089
679
786
1314
4015
2066
3222
1361
1611
956
995
2531
3416
3878
841
3657
1716
715
4632
2277
3377
4710
1613
1153
1337
2261
3529
2085
2671
908
4924
3712
4513
2803
4860
3089
2909
4273
249
682
362
3207
1752
1820
2343
4640
2519
4403
1945
4727
3463
3318
4397
904
2246
3090
4263
3294
4916
3142
4135
4070
1998
448
715
3363
3343
2623
595
3200
2479
127
1965
3194
4131
2835
204
707
1992
1692
2979
1073
3510
2024
3354
1758
2884
3602
2116
1340
717
1596
686
4881
3968
885
2478
4103
1220
2619
808
4150
3858
1384
4453
905
3992
994
2916
4150
264
4665
301
1450
4237
4341
3265
4734
2024
4773
3696
31
472
4269
4694
4878
1086
1771
2517
2713
2906
1698
2576
543
4001
4632
4220
3459
3360
1150
3757
4899
1775
3692
3197
4510
4786
2763
465
2658
2090
295
3066
3114
3151
2478
2154
3453
2909
2257
4421
4147
2337
172
2134
3567
547
544
506
1230
3136
1527
384
2413
514
4898
865
3901
942
3096
1368
4663
3522
3070
4632
2093
2185
395
1078
3632
4363
966
4045
4397
4309
2875
3056
1938
3507
4625
2314
3618
878
4464
1800
1350
910
4261
2700
1319
4098
3169
1418
4711
3971
1267
3686
4076
1167
768
1582
1204
377
2454
4484
616
2990
4024
944
2688
3168
4539
3869
857
1240
3928
4957
3158
4422
1620
4669
270
4154
1891
3582
1033
428
14
3542
3502
989
3519
1646
1890
78
2376
4515
2324
3673
2692
4107
1294
3481
4978
3533
3718
3486
3831
4402
4132
1176
1617
532
991
1538
1355
1028
3630
3503
3056
3759
2712
3319
3523
4974
3060
1385
829
3899
2878
2590
3728
4365
1572
3670
1690
4794
2335
4322
2284
628
2297
226
2343
1814
1404
3084
1659
701
207
2400
333
4979
914
3311
3553
1827
1963
2368
4099
4292
3012
358
225
240
3520
3917
3519
3540
3698
3533
3641
1888
1281
4103
1413
4725
2787
4009
3814
353
3020
890
1860
1374
1523
1369
1991
672
787
215
3610
2723
4938
2378
4012
3991
3153
3915
4713
3808
1738
1836
1728
4030
1077
4182
1149
1008
1231
2968
1465
4379
4781
1362
3916
365
4576
36
3964
4539
3358
2181
1188
1608
2637
946
3593
3119
2825
3211
2777
4027
948
4248
4736
2106
585
3044
1339
3841
4062
1386
3284
493
3438
4460
3610
2807
3701
1928
2492
3809
56
1662
3608
1123
2543
4099
1404
3625
1833
397
4210
3061
2654
2898
4450
2655
83
643
2438
1899
2774
1868
1799
1858
4520
4248
1490
2082
2466
3722
2337
1215
2657
1708
931
714
2055
3169
2564
3048
3228
1313
2877
3590
3116
2224
883
3284
4508
2929
1062
318
925
1816
3710
3969
1110
2251
4821
803
1969
2838
4326
4911
904
3787
1010
3135
213
769
302
1299
1284
3227
4211
4541
104
2391
4742
4933
823
3127
2485
358
3087
3558
3409
574
2691
4298
3942
1003
4258
1996
451
2916
1324
2333
3609
1729
449
1768
1059
3261
4220
2752
1353
3982
3814
1757
1588
2716
655
830
4913
660
500
1269
2056
3100
3645
2980
2295
1583
2718
1976
4195
820
612
2826
1566
1775
234
1317
4649
4443
4661
4936
1753
3016
3332
3799
315
359
949
3853
3626
4542
2940
4157
4346
1711
3293
4823
833
2474
1855
2353
1762
2970
1628
157
1727
134
2959
1486
4699
2168
1522
4741
1641
2624
4890
2826
4433
243
310
39
1679
1179
261
1757
1080
885
789
4909
4730
3668
3357
2516
2619
1239
4460
4144
3672
1032
1277
650
2927
4492
3725
3522
151
4104
3638
2900
775
2749
302
1607
920
3737
69
2102
4719
2556
3016
1
620
4357
3485
837
2665
1702
2017
4591
3633
2095
1883
80
3459
813
176
3256
952
266
4593
4637
2545
1670
3370
1319
1454
3311
1387
841
1688
2018
2115
3564
3454
74
1743
3435
571
3029
4148
2696
1646
3181
362
2888
3877
4803
1649
74
2298
202
1516
706
1625
4439
486
4068
891
4808
428
1292
228
3634
2168
3534
621
2770
2064
2876
4048
365
317
3648
3093
129
608
3710
3291
4960
4601
641
3878
1146
3815
4503
2109
1730
537
4578
3708
900
4417
1798
1804
3634
3431
656
4928
1345
1893
2641
4943
2168
1176
549
4176
4748
2541
3623
550
100
4085
4308
1400
2665
3682
2406
953
1043
1643
2211
3470
3197
4751
382
2115
74
2234
2319
1349
544
1990
3857
4676
4668
216
818
3951
1165
1220
3189
3725
2236
4855
1023
2306
2960
2988
2112
4891
4913
1419
2233
682
4158
79
192
1007
227
3347
4550
2767
3678
4588
1445
2774
3762
792
2801
4954
308
2237
4376
2644
2561
818
2557
4749
4321
2809
20
1487
277
1630
3747
860
4969
3842
921
1817
2705
3298
2470
1783
2071
3398
3926
2367
4157
2970
961
2802
4204
1312
2149
4164
4978
1145
1741
3549
4014
4513
558
4122
236
3667
318
904
458
2128
89
4282
4965
1667
890
598
1239
1768
3646
4009
175
4562
4825
4172
542
4765
439
4420
1972
1392
1427
4946
1709
2489
1493
1730
3859
986
1969
4820
2924
3658
4260
1005
3186
1630
1832
3100
2009
2533
2886
302
188
4029
4131
4003
3368
3008
3645
3416
3986
535
1171
2668
2145
4414
3874
2818
1274
3864
1314
2471
1823
4330
3233
1560
2917
4355
271
2983
576
4533
3658
1270
2188
4143
2765
4986
2518
2138
3262
3975
2709
3959
4200
3259
106
267
1635
75
272
969
1089
1802
3864
2795
4989
1654
859
539
2769
1884
3848
595
3167
4430
1387
3661
3786
2143
2959
923
1034
2840
1512
1303
2466
4278
3480
253
2133
4622
1497
4821
949
1394
2858
845
377
3566
4778
199
2686
930
4616
217
342
4693
3539
2941
4493
4664
4777
351
1135
1112
3269
4278
4238
900
317
4366
1520
3759
2349
2215
1878
2321
29
2314
492
414
1615
1321
2014
2254
1215
3275
1045
52
1966
4174
956
2836
3394
1676
4650
2450
2977
1363
4910
1594
4645
904
4473
3134
1991
1216
461
3737
3777
4535
1967
2393
4700
867
4246
761
3686
2245
2737
2769
603
2302
1138
1669
4345
699
2623
4902
2370
2460
1588
1547
333
2784
1057
2652
1607
782
222
558
2760
2111
2921
1357
1694
4137
1384
4466
2240
3044
1225
1347
4527
4824
3879
212
3914
227
2358
429
2491
3516
4002
1533
3337
3612
2505
816
1998
3535
1969
2902
3241
4204
1018
371
2292
1434
1265
1428
2965
2059
4139
2249
3437
3011
3386
1459
4902
2051
2826
4731
457
198
3320
3236
1709
3586
1094
1962
2623
4802
2350
639
2370
639
4799
2051
2123
2880
620
4982
2619
169
3994
3869
3325
3799
2250
2234
2642
1706
984
3311
2882
322
1420
2074
1175
3987
2667
2136
3568
4125
4937
1543
1849
1523
3422
307
2487
423
2707
2128
350
3996
3658
414
4030
3899
4379
734
4517
4155
4671
1495
3506
404
3370
4883
4124
1754
2281
1469
3423
3918
2745
4123
1150
695
2292
3134
1283
3708
221
1102
2958
1991
4754
1860
4055
2943
2935
1772
2571
234
4981
3590
4217
3467
4178
1996
1079
4440
4159
990
1052
1132
1002
546
1800
523
1290
4088
870
1645
3464
1162
1545
2381
3717
1485
2362
656
3116
4456
4094
1654
2250
4809
4488
88
838
4470
3869
4379
2368
3906
2171
4089
2668
2282
3730
1550
1233
4977
4098
3515
3208
3043
3049
3291
2748
2144
394
895
1291
3798
2842
1046
2041
3049
3402
608
3998
921
3021
3440
3695
1789
3276
1748
2525
1032
2575
181
18
1820
4138
2312
3700
1866
3410
4870
4636
2403
4310
4139
4313
4238
3612
292
4883
1998
652
3405
536
2848
444
2506
1363
1731
254
3192
467
4893
1758
2607
3059
2910
2713
1950
1968
496
150
3746
2159
268
923
3246
3133
2840
3823
296
354
1447
3072
1080
3093
615
2162
251
1983
4180
427
2127
2523
2755
2174
3996
3471
1850
240
2074
963
717
4491
763
1200
410
2513
3780
1360
2563
720
396
4207
4544
3613
1183
4747
2368
3651
3956
1534
1339
4228
4147
14
143
3676
983
1956
817
1285
3569
4448
676
3100
3674
478
325
4421
2468
4906
517
1243
1597
2588
3064
1754
3772
2463
2785
4398
1973
4256
3128
1508
1370
1936
3621
2008
3871
4684
2005
4345
2923
2198
1786
457
1993
4585
2912
1131
370
2061
774
3081
3688
1544
3541
683
1615
1199
878
4145
208
1500
3884
3843
105
4633
2275
219
4478
3217
4271
3478
2146
3046
21
557
2522
2178
3595
2122
1975
2693
689
3234
1331
2389
33
2516
4574
1652
1693
1464
4073
2610
157
4823
3095
2820
129
2021
700
4009
4195
260
197
711
3903
1582
4813
2977
3022
3274
3441
2344
4191
529
3419
689
1911
2802
2556
1593
844
3086
3592
1192
2152
4304
779
619
253
3956
767
1537
4045
2703
2188
4098
2324
2142
902
1704
918
4413
3720
2002
97
1636
2692
315
3423
4631
2079
4011
3488
53
628
4568
1588
4972
3871
1822
2275
3091
1438
4559
3720
4977
521
1357
4866
4364
4196
1484
1696
3229
113
3517
4553
299
4827
4290
2375
3022
3680
32
4120
1359
936
4081
3229
3536
2625
4603
537
3954
4288
2775
1483
243
4186
573
3740
1309
3730
4378
496
1543
4112
3295
1740
4843
852
5000
2469
3309
331
1430
2083
2017
2399
1142
2490
1108
224
2567
857
2837
2948
1982
3853
3058
3493
1886
51
1913
2815
1018
3142
30
1111
2772
4360
4329
3873
2950
4256
3062
3493
664
1624
2580
4295
4856
4984
872
1087
4959
3501
217
3752
2150
3398
3095
1152
3757
2462
93
1087
3683
3728
197
2250
4261
1766
154
3239
3842
860
725
2182
304
1228
2438
1111
327
4264
1337
2283
3683
418
4090
1369
1566
4394
777
2017
1333
1619
4294
624
2827
1933
4300
4246
3646
3415
988
1297
3404
464
2412
3363
2775
4152
1493
4471
4057
2120
2083
3941
1897
3928
2537
1390
2268
3568
3889
1263
1293
881
1505
2603
316
4609
2648
4604
1795
3265
1985
4468
2582
593
3769
4321
3330
964
4535
3367
1830
1578
26
2628
3419
559
3381
3715
1639
2895
2719
1657
1697
4000
1903
1103
3067
1985
4972
2761
2704
4927
4105
2945
505
34
1494
4890
1213
3085
4665
3064
2218
3950
4869
3103
2190
2310
2801
3029
4184
1192
2005
2264
244
540
3777
2531
3639
1686
655
4504
3688
908
3859
2806
2174
3770
2723
4699
25
763
4415
624
1517
4834
2614
2544
3934
3233
1144
1483
2317
509
1300
3798
1808
1075
853
2017
3876
2337
3108
4913
1561
3910
437
4660
2352
2378
608
3990
157
173
3962
4143
3854
2151
83
3024
1154
2825
4461
380
4140
2681
889
1845
4566
3578
2480
1985
1069
354
1143
2956
3884
2086
2569
475
2180
298
44
3538
2858
1031
4785
697
4002
3970
2347
4937
1873
952
4953
3927
359
4533
4483
4269
4097
503
602
3443
2923
727
3702
3700
2815
3442
3999
4243
2136
3058
408
832
2372
227
1679
203
2006
3464
419
3097
670
2284
4050
4051
1103
3127
3434
2165
107
221
3463
1622
309
2452
4079
1168
2830
3649
1589
3426
3492
780
1611
738
3136
3684
7
4111
2406
2944
2164
15
3896
173
304
943
3884
548
2184
2197
3802
441
3868
597
4638
2010
4264
2278
1301
2067
4498
2572
3456
4460
674
3645
4874
608
364
972
3573
4653
4499
3115
4469
334
1976
1535
4911
3028
1522
1339
2900
2239
288
4654
265
1243
3939
3763
3932
3453
4104
4313
2261
552
4632
4435
1808
4310
3667
1127
2737
3056
1330
3525
4951
710
4068
4575
2942
3378
1628
4402
2055
3099
633
4447
4021
242
884
4016
3402
4818
2165
1220
3400
2524
2510
562
454
3916
1625
426
3656
707
3489
1861
1570
2907
1828
4754
3335
2684
2137
169
4452
3156
4006
1593
4530
3280
3297
1282
3119
463
4900
104
3843
3444
4123
4475
291
1106
599
3886
2451
1952
476
1159
2774
2907
2878
3109
3420
1921
3079
3559
1318
3836
993
4551
2677
3599
2261
2737
705
2390
475
447
3516
2348
1837
871
3754
1928
253
4368
2296
1582
3575
2379
1748
2474
2879
1204
4112
2121
1093
2940
756
2531
2423
2862
1390
1574
2324
3671
1009
4499
197
4162
1151
456
1977
856
2903
362
695
1005
4159
638
2309
496
2592
3120
2487
1423
1573
2254
3956
4592
2731
2742
3472
3668
4089
239
587
3732
3149
4545
1136
4471
2793
3510
1990
385
3347
1926
1913
3999
3306
1800
408
3701
3759
3616
4553
4788
2994
22
4423
3437
2196
3722
2746
1649
4903
1232
3156
2513
169
87
475
1507
11
3802
639
4397
705
4957
2929
2820
4480
3520
374
2550
394
4005
4643
2106
1646
2284
2002
3779
4796
2394
802
4573
3172
622
3833
2389
1686
650
1067
3159
3935
4016
1938
1014
2442
2446
1620
2457
1608
2922
1230
3384
2596
1318
1246
4279
3480
312
861
3006
1118
4641
1037
1055
21
2917
1948
962
3485
1973
2557
4734
3801
4841
1905
1144
48
1571
2606
2908
251
1935
2780
4572
4959
1831
3803
2406
2110
2098
1176
191
4981
2394
4578
467
742
191
3579
1943
694
4141
2490
1194
4554
2754
3289
478
3988
1092
1483
756
1838
3585
2875
3938
4599
3532
4507
196
2820
404
2773
827
185
1897
2289
997
4928
4072
1647
4088
2914
2657
2267
1032
1793
196
4434
294
1132
2192
2725
2860
1321
4976
3690
2442
2255
2303
3832
2901
3514
4153
2607
2324
3123
3517
2039
3538
4512
3187
4385
4945
347
1321
508
2627
3221
1587
2191
3803
4392
2142
226
1395
4652
2583
618
1010
4614
3391
3238
3673
2452
1535
3453
2715
3472
2490
590
3871
119
1245
567
2668
4116
4190
4604
691
2572
3175
2147
2936
1065
4055
2226
2120
4176
1520
3974
4909
2801
2130
1700
1636
3384
4058
3419
3152
4985
876
756
2290
3778
2797
3404
4081
4434
521
2304
1775
4860
795
2952
1751
1071
1722
2851
1712
3030
2414
2931
4753
633
3925
2834
3821
1337
4795
381
1452
1073
1859
2237
2095
3318
3444
3110
3468
1716
4521
1536
4436
4516
3601
346
3523
2989
33
3865
230
3884
2365
1835
1615
3720
556
2584
431
316
4260
3342
2005
312
63
1655
4109
1401
1863
2443
4247
3783
2755
4816
3323
3196
3912
810
2873
1194
3622
2010
4917
893
4791
1088
912
4473
857
1494
3857
1530
326
218
4768
3844
4559
4871
2511
1430
1464
2821
451
1072
2352
2168
569
400
2070
675
2915
4386
2744
4800
3990
3708
957
1982
635
2036
976
583
1299
2036
2199
2374
2315
3912
1634
1048
2330
3343
2628
3258
4647
2726
4856
2412
4699
1404
492
1312
890
3427
2910
171
1733
4515
3631
427
4248
4682
269
4642
4604
3678
2581
716
4300
4323
999
3279
3349
2073
1723
3995
3421
4563
3270
3191
2436
4768
697
1895
3171
2451
884
746
3481
3820
644
4622
3478
3624
920
4546
2015
2006
4205
1217
920
2033
794
3392
544
4498
4918
2121
2580
105
2350
2611
2213
5
3831
4059
537
4581
2676
1534
3038
2673
1999
3405
2769
4134
4971
3805
4344
2035
1219
872
4349
4903
4302
937
4078
4836
1644
849
1406
1719
3475
1525
2893
2416
259
3485
2802
1531
3589
2599
4186
2708
4007
4099
4330
1721
3797
4885
912
2488
2411
3098
3620
4470
678
1137
4272
3858
1521
1829
2951
4845
1444
3964
3517
539
2959
1742
802
1029
4520
2145
1226
3513
4874
460
1661
1439
1724
3644
657
4709
2230
2095
232
667
4980
4945
2014
2280
3847
2799
4079
2957
4177
1199
4599
3181
4508
3574
2910
1678
4961
2469
1844
3392
2682
2208
1757
1142
2895
3220
3365
1175
4646
2721
2009
3217
2968
1355
821
4982
2586
1327
3787
2152
4193
4419
3783
4729
1579
3924
1845
3675
862
2189
2158
4680
3380
1775
2394
448
3438
489
3882
780
4944
2477
1580
4924
386
133
3255
3956
1933
3818
3571
1676
3770
1820
4102
1250
408
4370
3439
2465
4398
1289
4032
2599
1323
3723
1537
4635
4035
4689
4778
594
1048
964
2595
3092
92
3812
4444
4469
1237
154
1942
3791
340
3401
3149
4348
4252
716
3850
4625
4410
2068
3325
3737
2394
4020
3418
2559
4629
4046
1024
1392
1701
470
4782
4992
2554
1743
37
1528
2481
3527
1426
3262
4235
1021
3050
1598
2910
1184
521
3832
3011
4714
4732
4228
3272
3535
1532
3413
2377
2054
3727
2422
1738
3960
1499
2431
2883
252
4982
3929
739
1931
787
1294
3170
2377
3235
1644
268
3896
4712
3154
4347
1151
906
4669
1669
4189
4400
4114
3175
3589
1031
2062
3110
3731
1646
942
1720
526
2521
4754
1308
4814
2584
3580
3053
4036
1933
841
1974
4185
328
1401
3937
1053
1717
1006
3749
4393
534
1497
3560
779
298
3580
1046
4517
2867
1654
577
721
4497
3410
1893
2964
3399
2202
19
4076
177
4416
2795
4643
4829
3019
4573
3927
1030
4161
1983
2487
3614
1880
2342
616
3670
2615
1967
2944
2059
97
2228
3381
4696
2820
37
2107
2198
2943
1502
1302
558
2044
772
912
4667
2999
2635
1797
138
3344
4002
4638
4589
1014
2328
2437
4766
1541
4474
1172
4546
328
2450
603
1021
4865
3753
4928
1192
4262
3917
4600
3420
3519
4775
3119
2711
2129
3202
3514
2298
3508
2074
4504
4451
1107
4394
4703
1150
3910
3145
2007
926
3438
4194
2210
148
2408
4704
644
323
4874
1822
3309
1700
2885
2914
2159
1033
4408
1169
3885
4556
1029
2199
4785
3044
4455
3067
4919
1137
2888
762
2461
4535
2256
3331
881
4134
2454
4906
1357
1944
2141
39
1298
1494
3782
146
3492
2258
1624
3747
182
573
3833
897
249
4453
1989
3157
1994
4832
1455
2728
1843
4550
2779
1447
3703
2217
2183
1659
2023
3450
4577
3389
4144
4862
4666
833
1165
4828
4691
1278
3472
4648
4600
1122
4538
2682
809
1988
2336
2560
3115
1416
3190
1336
3281
2553
3831
2072
2672
1728
1804
4238
1878
4033
1322
1700
712
880
4177
4625
3901
1574
4149
2697
4651
402
4070
1327
2095
1216
4125
39
3605
506
2
1218
330
954
1925
2130
528
2337
1985
746
1257
3839
3406
2592
303
1983
408
3660
1236
4611
423
246
848
2037
1949
2239
693
3433
3076
2624
2498
3276
71
96
575
1233
835
3700
1427
1422
2570
1895
650
2774
1267
2122
3259
4103
3254
2744
1267
209
3950
4531
2867
2887
3676
3593
3304
2586
2564
441
2857
3464
3542
182
5000
2722
4572
2689
3178
3869
3159
4891
994
1833
444
4079
1532
4337
2717
1341
4502
830
3774
4271
3185
4432
4839
4992
3716
2910
1513
576
553
3674
2034
4519
632
2401
911
1121
1217
65
2812
2062
4536
540
4955
1976
153
2628
1645
1908
3911
1796
4735
378
437
2160
3808
1882
2599
4942
4682
1309
2221
2634
508
3943
2863
977
2276
222
4116
4096
3184
4200
4362
180
1272
4526
2403
3745
4912
1858
3757
3256
4956
4846
2070
4214
4997
3168
102
58
4550
796
2615
2263
560
133
1738
1917
693
4900
1050
4567
3528
3783
876
2210
1083
494
1706
2472
2603
3405
2800
3617
1
1308
4340
4060
1108
381
520
4300
4536
2716
2477
3986
3347
1018
1799
2738
4748
786
989
3981
663
1118
2980
1404
3599
3582
4913
844
2556
3562
2534
3633
4731
2519
4292
2473
3373
1025
1715
512
1937
981
862
3590
4737
198
4756
3385
4899
2440
3227
410
397
4925
1021
4559
803
520
2228
1590
4732
4287
1368
4070
2678
671
4212
1339
4589
603
123
2044
2010
4035
351
1554
1850
354
3446
2598
2542
1345
2144
3627
381
2174
2391
3239
4125
4725
2714
1578
446
2998
2359
4799
2178
3277
785
199
4358
2400
3625
1040
1864
2962
4761
1560
4324
2284
1608
1777
2552
697
775
3571
399
4481
3512
2964
4688
336
1233
2766
1922
4374
4012
3206
416
4238
4670
2086
3023
847
3954
3195
2174
2
4251
3130
4192
4868
2213
4336
1170
4520
3766
248
730
878
4394
4658
2573
4891
423
1302
1421
1020
3581
975
1104
2052
754
2152
507
662
1436
1768
4563
3041
1545
3357
2356
357
2348
1104
3102
3989
1196
3056
2961
3876
1464
4446
2100
1653
4617
63
3781
1399
3097
1783
2096
4106
1141
1504
988
716
2249
2032
3317
2144
1709
700
1583
4081
1198
3660
67
2934
3825
4073
822
3160
1635
676
3117
4500
4796
4171
1666
4134
3423
488
1185
3575
870
4047
2425
910
1242
925
642
514
408
1175
265
949
4946
2007
2316
227
2124
2089
4182
1005
147
1671
2376
423
4313
2462
4540
488
323
3327
2480
3292
330
1356
2436
4920
2923
895
1087
3004
4407
2533
1467
3160
1079
927
3485
4693
3698
3750
4316
3166
1448
1915
3869
2885
3060
4446
2828
3033
187
4038
3568
1936
4835
1137
3430
3414
2914
1370
765
2300
4678
872
3448
2246
234
2459
3385
3194
1278
2152
1738
1453
3526
3805
22
2814
2993
873
2039
1047
4579
1363
3431
3209
2538
1447
4401
1261
2676
2641
1650
2503
4593
120
1060
4056
3222
2335
3330
2204
1245
4165
631
2315
190
2796
2547
411
1572
2795
4695
1033
1762
342
4887
792
1986
3455
1114
2629
4382
4394
4557
2639
2622
3010
2228
3491
80
2725
2669
3907
1626
4665
1152
2280
3688
4471
1902
2033
1717
4627
1907
430
887
986
1467
426
1999
3093
1681
2510
3900
3128
2510
4241
1307
2310
4098
2639
3133
4615
4109
968
2918
839
11
1263
1960
2615
2712
2705
3816
733
4384
3179
394
2057
4016
4731
164
4633
3165
122
772
1245
2392
2623
4942
1709
4177
4808
211
4101
2053
3745
4890
3505
2650
1473
2396
17
4372
1461
3417
444
2526
4375
1637
2060
4959
1656
2958
1152
4625
2162
1591
1022
4824
3811
2403
2977
1459
3922
2604
749
4210
2223
977
3038
3754
1302
1108
940
4759
2974
3124
1429
3600
4130
60
826
381
3341
4425
2121
3354
872
3538
3718
1812
914
3735
3275
2343
2284
40
3856
190
3989
4651
2051
2436
775
173
2516
632
2780
4410
3598
1153
3722
4102
4090
3144
1291
1859
238
4248
2114
329
1942
887
2994
390
4878
1945
3357
4150
1736
630
3130
1073
1323
1749
4460
1355
1892
1405
4106
3439
2298
621
2944
2605
1888
4338
1514
2378
1843
444
1409
1898
3285
965
951
4023
3805
4816
1205
4070
4355
363
748
4695
3893
3655
4916
1597
3433
3467
4515
4404
4948
4589
4799
437
3382
553
4285
2384
1602
4094
4563
2119
4003
1753
2711
4697
2997
4270
737
4095
2965
66
203
3643
3475
4796
2262
4377
4762
2528
3295
3570
4869
2933
449
1511
3120
4145
3815
2905
925
378
2951
3628
3643
1175
1544
739
492
4995
3044
2919
1932
4070
4048
3115
378
400
2347
2552
2445
2507
1199
369
4508
1075
3986
2356
4959
2772
3542
982
3620
3654
1647
4950
4941
2649
2356
1274
168
884
973
2854
3098
2622
1649
4858
502
1687
1916
3582
1664
3470
1328
192
2072
2451
4306
3057
885
3208
1799
394
2849
573
688
287
2973
2783
550
2234
1649
1723
2709
258
2364
1862
1997
4572
2508
3355
2109
606
4676
2622
3191
4404
3289
1950
4715
1836
1720
1360
383
3773
2568
696
3388
3167
3253
4052
4793
1190
4166
4168
4604
1391
602
418
2445
947
3076
3782
2873
2004
261
789
1910
1516
3680
3332
4372
2477
2400
3950
1383
3657
3135
2131
4250
2955
3631
3362
750
592
886
4517
3250
376
3235
2755
4774
2125
3802
818
2385
4757
3405
2480
4509
4337
1859
2195
4725
2864
2549
1213
2404
4755
3690
4473
3894
140
1391
757
2896
2761
3920
2546
3515
3912
2854
426
1906
4332
2143
1755
1748
220
263
284
1316
4172
2159
3356
2333
663
2949
573
916
3813
1798
1690
4446
3899
1933
3045
407
3713
4716
1845
4576
2328
4344
299
2065
619
2009
4381
873
3429
3398
4247
3862
4246
207
1213
4376
4644
3379
4948
2872
1795
337
469
1236
2862
1747
2991
4998
3182
4551
2938
4367
336
2039
2661
2230
3767
3320
557
1971
2469
4862
4327
4987
1384
2776
4594
1948
3432
2670
5
4209
21
438
452
156
4262
1259
3584
2558
2652
1773
1100
1456
4364
4209
118
3822
4992
2533
4091
2103
713
2360
4504
900
3997
4289
2878
2180
1255
3894
875
1851
3499
326
3185
498
3833
52
43
3863
4296
3631
717
3342
2713
1521
1816
3752
1526
1290
1882
4719
1861
24
166
1117
690
3102
1636
1814
4754
1276
1399
1698
178
518
1563
4637
3958
3913
4491
707
4900
2724
3259
1491
3507
4238
1918
2265
325
1482
3340
2019
4852
1268
4907
2864
4534
1805
423
4584
1024
2951
4416
2868
1914
3411
4628
80
1304
2955
3542
4825
4400
3943
496
2071
2451
4849
2022
925
1411
3011
3964
218
2925
1113
1354
4721
1906
255
560
2900
4621
2279
1757
3484
2694
4415
133
3917
2814
1418
1397
1870
306
4030
1195
4501
4459
1501
1094
1419
4699
4977
4786
1202
2766
2072
2200
47
245
637
4717
2245
674
4276
364
3284
2080
2691
4079
1651
1504
37
3967
3391
524
4769
3254
2115
4160
2383
3717
3273
2383
3659
2730
2020
301
176
723
2822
2033
4916
1079
2359
4348
844
2309
4087
4823
2314
1361
963
4015
1564
2073
1852
1495
2480
4055
267
3546
1111
626
4387
2131
2081
903
592
459
1820
2855
443
1072
1488
3301
934
1804
458
4466
1837
4736
1255
2679
4507
2270
4962
4531
1429
3315
3719
3842
898
4405
3574
3370
3975
1937
669
1495
1600
2786
1934
1039
2770
2836
776
3748
3729
415
4945
1067
3448
4608
3670
4745
3976
2272
465
519
2700
1266
4588
3926
1113
931
4305
3951
1385
2977
2797
4379
4235
2707
701
1600
3817
4602
487
4375
4713
402
614
1285
6
29
2049
1122
119
393
1154
340
4420
281
4126
4366
629
4797
1117
3780
2446
1013
2171
4134
1931
3329
1862
220
949
3103
1643
1613
227
4240
115
1398
2933
3526
26
4909
2850
2954
2532
3496
4341
3206
172
4408
3277
4029
3905
495
4410
2313
1183
1530
3587
3062
2311
3125
3107
2973
1124
2776
4967
2248
3986
2305
3860
3173
4899
3023
284
2415
4212
766
868
3480
1121
4367
2249
1305
3217
1771
1547
4268
3648
3948
3500
1556
388
1177
2617
4187
4400
3304
3639
245
4503
1996
2910
3472
4131
2109
2372
1999
4704
446
1633
668
2763
876
525
1809
2463
1403
988
2145
2797
64
1863
2379
2529
107
4299
3391
1719
1815
3132
2626
3409
1850
3162
299
455
2035
282
226
3854
2569
4310
2450
3121
3244
319
1068
371
1802
3918
163
4603
2653
2838
4557
569
848
1390
2385
2052
3828
2662
3268
2473
2487
2514
1597
4739
4159
689
4473
4187
773
1013
4653
4514
3624
476
4781
4593
1521
2247
2234
1415
1936
3020
669
4679
4469
67
1964
2528
622
2839
216
1026
792
1878
242
1803
499
373
127
3156
797
4795
2117
2995
1739
758
3384
2082
3839
361
2204
2781
812
671
862
1266
3138
3145
295
3919
6
4043
2360
3158
3783
510
3070
1106
3062
146
3655
4153
1459
2751
614
590
2188
269
2539
943
62
1372
2559
1025
4084
3046
499
1358
4083
1553
3950
1775
2036
3904
2388
2804
4914
1723
4231
2277
3962
1012
3269
1871
1330
103
2652
160
252
1899
3975
2737
2467
3959
3392
4368
3420
1432
2544
781
4412
4686
1001
441
4284
3862
4403
3899
3815
926
3360
2704
1105
365
1409
2082
2005
579
3648
908
2722
603
792
3402
4603
2441
4645
3232
2557
562
2944
544
611
3230
1781
4020
4966
2433
840
3177
355
21
432
4479
1407
1203
2920
1012
2505
1961
1303
3815
1983
1521
4532
3957
4150
2462
1592
3989
1269
1581
2642
3550
2967
2290
2786
2578
4375
1420
1921
3698
2480
3874
1676
3524
4750
1138
1885
1906
3774
2747
4950
2923
142
1578
2423
3495
854
4700
142
2073
1011
4277
2018
2986
2880
4855
3589
2813
3233
3841
995
1651
4382
4535
3718
77
1230
3881
2404
4887
1282
2340
3684
1853
4441
3713
3654
839
3916
4670
4657
2774
4982
1718
4807
1231
4312
781
3120
2440
1985
2055
3814
2282
4990
881
1126
3339
2761
769
1299
2106
1348
3249
3355
155
3497
2511
4402
3494
3967
2999
179
2611
2551
2104
4857
1105
2848
1765
4800
4513
4272
977
2445
2769
978
3217
1207
3308
4566
1334
2393
495
3972
438
626
1482
779
265
1743
2
3106
3015
2229
1275
4388
930
3903
4511
454
1869
4234
1253
1849
3111
1276
348
2164
4156
3880
2648
2404
4824
1350
1549
929
3430
1237
342
1435
1933
2068
4315
1267
2476
2281
3051
3091
3745
4703
2288
3373
3845
1010
3634
4950
1555
163
85
2152
1404
678
784
1045
2671
1788
145
4518
201
1689
2168
3335
1820
1650
4160
1083
681
4392
698
3609
4625
70
318
4081
3845
3738
4406
415
297
90
4810
4184
358
1902
4946
2332
1479
2235
3290
4033
600
2483
3515
2442
2065
2383
3410
4726
788
3804
1432
4269
4159
2872
4738
227
349
234
3373
1065
1411
1273
4136
520
3110
66
2400
1978
3236
3761
4837
2637
4582
3920
2416
2427
3875
779
157
1989
4818
3342
2014
4109
432
4842
3592
2083
1092
542
4319
307
3047
2706
4650
849
27
3998
129
3912
3247
1519
451
347
2234
2963
3190
3624
4340
1737
2881
2347
2829
4197
487
4382
4627
274
4178
3591
3593
1449
2797
4484
1442
3512
1866
3316
2838
2510
1057
2287
1125
1419
2255
2256
2142
100
1154
235
3858
1311
2365
2906
1990
1072
3209
3166
4492
1026
1566
1548
964
828
946
569
361
2593
329
2541
4056
1123
2441
2943
2985
2754
3752
4600
1213
3741
234
2366
4275
3737
3977
4554
3335
1374
1007
2133
2575
4126
4465
855
2923
1354
2512
1393
1471
4585
1159
2438
4175
3812
367
3728
1452
3491
943
4497
55
3345
4524
1875
2058
4566
479
1348
278
4794
3065
2593
4244
1031
924
961
4607
4896
2217
3157
2308
3962
2131
1064
3186
4774
368
101
468
1072
3586
4409
3238
1539
231
428
1867
4178
4987
2633
4761
2212
731
1674
2616
3095
1096
4627
1784
1291
959
1758
4086
398
166
2581
1558
421
4030
1168
1784
3144
2012
1880
197
1335
1067
2781
1503
3665
191
4248
4659
1981
2323
3767
1444
3985
2935
3110
3692
42
1902
556
3687
4772
2439
548
459
2011
1613
258
867
2998
2225
2563
2080
1122
3690
2203
2539
2344
3933
1147
1405
4078
79
736
1892
225
1833
4228
1749
4716
3482
836
111
1897
3587
940
503
1182
132
2046
4234
1367
524
812
354
3112
2615
2295
3833
1730
3966
542
3294
4151
2231
4332
4506
4325
3838
4094
2250
444
593
3268
2893
4444
3015
4401
3038
3205
467
3748
2585
761
2694
4537
1902
4820
696
4706
270
320
2293
3086
267
2433
4865
3702
4521
1428
2876
416
3443
3438
2264
1605
3674
3198
686
2521
3904
718
998
4684
1025
4763
4785
2468
2678
4541
758
1932
4683
4835
4393
1643
3379
4263
3828
3709
288
1674
870
2443
1483
468
2411
3816
3257
4684
490
1138
822
2443
2926
2369
295
594
2830
1527
3374
1239
1751
479
3842
4454
3499
4728
220
3101
467
4765
3109
2024
1749
2266
999
4992
4967
601
435
2516
463
1219
4337
643
3543
4004
3628
2793
1154
2488
450
748
1773
463
1339
2283
4473
3921
2641
2979
618
3362
610
206
3554
3022
1338
1929
4680
4851
691
4269
840
3472
898
3008
42
1333
2844
3917
2851
834
4910
910
1747
671
4904
19
4928
3607
1299
1755
3866
1542
580
2642
1987
144
4
3992
4460
1054
3968
3748
821
4279
4790
1030
4517
4044
65
4634
2026
2494
955
2558
3265
2454
4138
3780
4084
113
4460
3018
2020
1248
4067
982
708
4991
1832
1546
1962
205
1629
4105
1863
1198
162
1127
2481
991
1624
1830
2250
770
2579
188
2275
2754
1290
2595
210
3486
1150
1630
436
3079
3609
1164
3319
2933
3565
2939
49
2175
1785
424
2414
1549
2157
1528
2160
3058
2263
2179
25
45
1461
4391
3886
3681
513
728
333
2238
2115
4367
509
3190
1760
3385
3632
4202
741
691
511
4509
2112
4146
96
3541
2262
1393
2301
4782
616
835
3716
4909
1293
4477
3360
19
2953
4820
1940
3827
3173
3857
1270
2424
3325
3420
23
3519
569
2306
4346
2556
4512
2315
2073
1181
2163
418
860
1166
4342
4019
263
1973
622
2313
243
1528
202
4023
112
1968
3071
1276
3529
1810
2968
3982
3083
4112
2721
1978
2749
1945
3606
4558
4619
231
2886
2312
3631
468
1243
721
2591
1155
2142
1817
2252
3808
2182
4990
3301
590
547
3672
699
3815
915
951
2136
2138
4988
2901
4667
3150
862
4328
390
4815
4316
3296
2243
1378
2183
1966
496
989
3834
1859
94
4602
4087
4561
2567
2713
4041
4358
2605
217
2857
934
2766
2492
4381
4182
4755
2354
1643
4762
176
4125
1866
3591
3755
2622
1340
223
1003
2221
4819
4203
2205
225
4765
263
2456
631
3772
1621
4912
3841
1941
2262
4096
4974
1265
3631
2124
987
1639
127
1992
4616
3699
1118
2948
2457
2099
2688
449
3403
2599
832
2729
1002
1488
4080
3617
4456
2323
2855
277
3122
1007
4382
3177
2254
4673
844
1140
1142
4847
3478
2797
4603
156
808
3466
3118
3290
4895
2750
1609
2726
3071
3965
2491
374
3724
387
1508
267
3328
928
1944
1815
4080
2793
4762
2622
2180
2867
4920
2559
1405
1134
1039
1571
1354
481
1563
1618
977
3063
2750
2956
265
2869
4071
2263
3725
2988
4598
4231
863
468
4114
1939
286
2332
4505
606
114
2489
4721
1490
2289
1866
216
3125
1790
1146
4551
160
1657
2036
601
2707
2733
4466
1139
58
152
3478
4876
2690
79
3093
3517
1240
3033
4584
1763
4627
4506
4064
4314
2336
811
645
4098
3446
2735
4400
1043
4251
686
2137
4124
2272
3808
3140
1535
3394
547
2012
3952
4695
3155
693
4623
2555
565
1042
1597
1446
1604
3507
999
4020
2791
1521
1105
3284
2957
2235
352
4062
1079
4780
2019
2286
3318
4518
4268
4282
4241
3953
4427
4568
579
1139
2493
3351
4543
4432
1815
3113
1853
3327
1240
1365
2736
388
4153
3441
2262
3137
2793
1791
4071
2874
2166
699
129
4030
2512
1147
1243
2334
4559
3123
331
311
119
1061
4784
2529
4852
4212
36
3898
2899
1844
4558
2031
3447
262
1148
2575
2009
4433
2528
3982
964
45
1532
370
2061
4431
3224
3611
1210
2834
3894
3213
232
4466
278
2535
2029
4588
676
3290
4820
2351
2345
4329
4057
1472
1378
1812
561
4988
2786
2393
2381
2231
1297
4458
3517
1946
3095
1086
340
2177
2588
3142
4001
4453
2324
4555
3447
679
517
3836
1404
319
4939
4175
3723
3426
2044
2337
3386
927
2542
2618
4172
485
4993
4171
4951
3585
141
437
4094
3709
1784
4823
4122
4267
1924
4719
840
1572
3423
127
2939
2555
2477
1558
2078
4594
1814
3491
4344
4721
2952
4365
3931
293
573
1679
3184
1710
4874
3673
119
4158
1475
1303
4056
4215
1624
4778
3989
1232
4226
4468
3726
462
1131
4175
1468
2259
432
4220
778
1785
432
3329
1480
1579
1864
209
1645
2609
1121
2080
0
2495
2645
2121
4529
3881
44
940
4785
3471
1948
2747
4194
2330
131
671
1824
3396
2990
2859
36
1213
664
3619
6
4081
1922
2753
771
2145
4553
903
709
4615
575
3222
1262
2941
2817
3642
1650
3816
3892
3533
2587
1524
2740
481
1485
4729
2967
2143
2300
97
802
4230
4825
3227
3881
3913
3812
4940
980
79
1187
1522
1838
2334
3091
2998
2117
2146
1348
1075
2842
898
943
501
1080
1585
2527
2639
3538
1231
470
4195
281
4699
1624
1799
2226
623
2232
3535
2724
4428
2662
1602
645
526
2487
2534
4031
1238
552
2951
4552
4917
4220
1035
2847
3117
4398
2376
3886
4133
3718
2996
3512
1041
3304
4215
3751
3492
4694
4005
87
1498
4554
3048
344
4736
3108
1150
3611
599
1187
15
4825
4292
4579
1773
960
2459
2681
4591
3291
4316
1043
3314
1315
3381
3790
2603
2815
2210
4390
985
4363
4588
1522
2276
1259
1072
3115
4054
1378
4263
679
4919
2594
432
1099
2586
430
4812
3047
1817
1767
2672
3809
347
2912
3050
4667
2588
2943
2289
144
1090
1532
838
969
1167
3708
562
3699
3152
152
3200
2243
3014
3214
1812
4192
2495
2512
954
2571
108
2624
196
1812
258
491
3168
3702
3347
946
4354
4215
3117
4999
493
300
1324
4150
2434
1734
492
2681
1809
4062
4540
1494
1984
2017
133
1866
2359
3086
4263
1640
4759
341
4265
7
1903
3900
2352
3405
2795
2584
4432
1767
4027
1792
3049
4887
4699
2009
3934
3955
4613
440
4697
1453
2770
3378
315
785
2007
3419
86
1921
221
804
3845
3679
4768
243
2420
3154
3553
3779
4935
3693
4274
2916
1961
2553
3258
867
898
3137
3171
4540
3614
1397
2100
1374
3519
810
4651
2325
2583
1592
4919
4787
4088
800
1392
2714
2450
960
321
2856
1777
1277
2488
504
3723
274
1182
4132
140
941
2598
686
2972
4588
3467
3263
2834
746
3704
1724
1468
1941
3764
67
996
2627
289
2479
4049
4504
4667
991
1912
4401
4577
3653
3665
364
2823
4533
2949
2513
2453
967
2702
1392
3416
3210
2923
2718
64
2601
537
4153
2087
1284
4030
2641
751
2924
264
2843
3671
1088
1346
4307
2105
464
4012
831
649
1267
1941
1722
3474
2790
3217
615
3591
4330
142
4674
4469
825
2996
3525
4647
2548
4699
4613
93
1337
1806
922
4933
4637
4173
1271
1482
2124
1719
4751
51
2951
2413
4134
906
4236
3587
4816
4597
3338
433
4153
3025
256
1123
699
246
3156
2878
4097
1803
4381
4769
3277
23
306
4637
867
1759
4507
2308
1652
3820
3624
2526
4154
512
837
3885
4602
1453
820
1124
2167
1340
4032
2272
3740
4164
541
1316
2441
603
1167
4317
3670
4318
4241
4519
2280
227
4935
1316
54
1488
2663
2574
4734
4490
4681
309
1936
1072
4870
278
2517
4354
3367
4110
1589
2818
1193
3851
1135
1588
1739
3205
2015
447
3062
204
3
3358
753
2940
361
2406
542
657
2357
2980
1449
4591
3782
4022
31
3532
4819
3857
4354
323
47
1598
931
3732
649
815
1923
1861
3199
139
777
4929
162
1292
3481
1627
4292
2761
1763
4645
963
3547
3939
2330
3215
951
2741
671
2628
744
3056
715
3430
909
2844
2355
1603
986
3647
330
3310
2204
3290
714
2798
4572
863
1284
2352
4514
4695
3282
2378
257
3035
866
728
528
721
4379
3049
3050
4374
3477
2426
1389
1319
1174
1045
2983
3852
3987
2123
1818
3247
3271
1056
4508
3230
645
4519
4003
4915
1239
2695
873
1592
3726
4052
1715
313
2152
2712
4578
954
3521
4829
2418
3205
1430
1513
3438
667
3749
3466
174
4989
414
3333
3656
2015
1312
2585
2527
3934
2106
2048
1258
4065
3110
2839
1739
2931
4366
3483
3889
3212
1101
411
85
3284
1356
311
1344
3156
1355
613
1316
1780
148
4442
3268
3622
542
1420
2445
3474
3872
1064
2238
2643
3689
320
4270
3533
3823
3573
748
287
2723
1562
4920
731
671
4921
897
324
4306
1760
614
2075
1465
741
3275
647
1105
2781
765
67
505
213
3453
2603
2718
2414
246
459
429
3489
2503
1385
3914
3419
4403
512
4009
4122
3206
442
2939
2409
4537
3590
1440
4125
4205
4992
4215
3785
610
551
1317
2915
950
4688
1777
1134
1314
565
184
1007
1180
4897
4835
1992
78
2185
1343
2936
3274
3097
3076
389
2888
4633
379
1921
728
3730
4781
3951
1096
3148
1514
1392
4084
1269
842
2093
2697
4706
1542
2101
1901
949
3517
4117
2160
654
4417
2155
2102
3667
2890
3149
3154
2322
617
1545
3501
3332
4987
2231
2137
1934
4249
4567
697
4148
3129
4500
2688
1201
3600
1130
2643
3683
2092
2824
205
4141
3783
3106
2658
1809
4826
2665
366
4183
2698
4771
4889
1717
2433
1376
3014
1079
1379
4167
1939
934
3668
1857
2195
2716
2627
3378
461
476
400
3053
4612
4672
2582
2814
1410
2354
209
4284
1497
360
2161
175
2622
4370
4853
3944
634
4112
3786
4896
4465
2310
1483
2998
904
3088
1513
3239
2679
4809
4193
200
1768
1504
736
3486
305
1428
1270
454
1610
1098
3884
775
1928
4292
901
1639
3868
3027
2031
3794
4735
1588
3791
2080
1777
2541
1618
4838
745
4037
3408
668
2747
219
663
910
3850
3071
1343
4249
1616
4986
1601
1178
3636
2106
450
889
662
3781
808
2667
2489
801
1409
1173
637
1323
2519
2775
4334
1966
2533
2273
4308
755
2415
488
2937
1764
1011
1154
3693
4715
3882
2508
2144
2929
4125
4230
4162
260
1143
3383
3972
3350
197
1702
2325
3599
2409
2121
3176
961
1346
1328
3050
4408
2971
1836
974
3489
1292
5
2770
4694
4369
2414
404
558
4953
2607
743
3429
4983
1846
1931
1575
65
102
4892
4280
1764
2994
469
4564
2904
4719
964
1386
4975
982
4033
4473
3751
830
2690
4334
2660
2500
4885
4859
4718
2835
1063
254
1977
4353
4677
1884
1597
3940
1879
3468
3358
3701
4822
1169
4964
3880
3034
65
3608
3187
4441
2130
4727
3191
3579
1445
3009
755
2396
4254
946
2719
2318
294
1558
613
4386
1620
3228
3741
2941
3032
3108
1204
757
522
1530
3058
4254
3783
2664
2475
2276
4497
4789
2738
198
518
1372
798
766
2081
3955
1909
1208
604
2324
193
1889
1692
1314
1761
3333
3985
33
1039
322
1086
431
3985
1383
2129
1274
584
3590
3920
2027
746
3190
587
1460
2780
4625
992
2538
2875
1139
3187
2963
1168
1383
3334
4837
3729
255
1571
3855
891
2288
873
4452
627
1089
4643
225
3697
577
2508
1736
1529
1850
834
4713
2950
4680
3310
1327
3451
231
3432
4494
4207
3557
3665
4238
3390
224
3303
3944
1576
4023
1751
3373
4395
800
2767
2986
3396
597
4685
1621
1599
959
1313
148
3816
2162
4420
2685
700
2054
40
147
1881
1818
2991
1422
4820
3795
3179
2497
782
340
2951
397
3217
2762
1557
3015
1815
1835
3350
371
828
4939
1077
3372
4120
1316
2452
4546
311
1954
1042
4380
85
2953
545
4642
3739
843
55
1041
4346
841
411
3519
835
1589
1755
2587
615
1316
2527
3654
4638
932
3230
1589
2315
3753
2496
874
3289
3034
4524
3013
1233
2922
524
2024
1831
4296
51
4348
144
4246
2662
689
1301
1251
3378
4283
601
4438
4011
4400
4119
928
3613
2449
1839
2318
4115
2846
189
1090
1177
4338
2002
4142
1502
1490
4849
4411
2546
3652
1847
3302
4110
2699
1116
3258
4781
4797
1878
2635
4751
4613
4483
2516
3983
765
4102
4376
4431
288
3259
3672
4211
3295
2027
2149
400
2652
2297
1853
4234
3764
430
3419
3941
2010
2594
3511
2650
2605
3001
2021
395
2056
465
1064
4256
342
4800
2830
240
2941
2289
126
1118
2746
800
55
1969
1302
1568
2825
3634
4226
4232
2557
3330
4474
1336
4775
2399
4862
456
864
1709
1060
1592
28
3582
1612
3077
1954
4970
926
178
3066
8
3421
1313
4521
2510
2478
2063
2806
176
3881
3468
2543
4827
236
4959
962
3652
67
718
2788
3288
3851
2316
825
1185
778
2860
321
46
1402
4260
2164
3913
2799
4659
1676
3530
1579
2531
583
1593
498
2134
1021
1114
2802
4460
3406
4180
813
300
849
1313
3076
3877
1913
321
3985
4423
3848
3884
2847
3138
250
2874
4978
627
4045
1760
3348
4571
2996
2762
3904
177
3375
467
3590
2316
3829
1765
3642
3241
3660
4987
1194
2023
4242
1588
4550
1344
2303
4762
1059
3074
2999
115
2490
3622
586
332
565
4230
1504
4663
3547
4771
3056
3045
642
3168
2054
3882
1885
3359
997
968
4788
3144
3048
3729
2432
1581
2470
4662
4391
821
866
606
3506
2698
4888
770
4595
253
150
4893
4254
3122
327
611
2031
4502
3763
905
1810
4839
1446
479
4561
4786
2702
705
1008
2413
603
3375
2463
2712
1566
1397
3878
302
4738
4007
853
4704
4872
4523
4149
4659
528
3571
3801
4553
2531
4019
3994
962
2440
1630
1304
2872
2476
2209
1773
65
343
3468
984
1849
2706
4308
57
134
675
2671
1955
4264
3801
909
4022
2984
3218
20
2166
4632
624
1002
3553
3796
1151
4641
2619
782
2172
4846
4865
1463
2854
1298
1824
552
3441
3010
3234
4488
2614
567
4608
2771
4302
1355
1879
1463
3637
4280
3409
1286
175
4067
4989
3584
2817
678
4911
258
1559
2932
1635
2367
1580
2391
3435
4152
551
2052
2127
2218
3518
4908
1412
4453
1521
2321
222
2781
4915
952
1882
1832
970
4517
382
4141
360
4486
2051
486
1681
1314
3472
2636
4737
1936
32
610
525
291
2425
1625
4512
4061
866
861
610
1275
3323
4669
1263
1798
988
1705
3919
3523
3890
2809
3196
3061
1037
3558
3882
3310
2332
1091
1247
4008
2627
2158
3355
4558
1105
378
3102
2187
1552
4883
3321
1225
77
1629
2402
2260
4035
337
2872
3091
4810
3303
1534
249
3011
3960
1278
2446
2877
2115
4339
3227
4487
422
2858
2462
1812
2403
1109
1401
1402
3286
339
958
53
3913
1669
2261
958
972
1714
3864
3874
253
2000
3809
3933
4761
1248
3872
4857
682
2230
4278
1800
283
2962
128
4055
1564
1266
4352
399
3929
3993
2491
162
1433
3209
3
2723
3557
804
539
1353
4682
4062
2641
1557
173
1647
2761
2908
1486
4986
3763
3704
3675
2809
669
3333
321
1565
3516
654
4857
3493
1654
2675
2037
2373
1286
1839
3941
1216
775
1529
3306
4304
4290
1256
1386
4088
2947
2248
3138
1101
407
2663
3121
142
1193
3696
4610
3527
4806
4277
3724
507
510
60
3070
1770
3879
266
1419
652
4179
3546
743
3300
3269
3363
988
2108
1768
2998
365
1577
2460
3336
305
4892
720
3150
2658
4753
3640
4484
2606
1378
3536
3771
1687
3851
1250
1103
4364
2747
2481
1226
2273
55
4008
617
3724
1986
2725
1904
2182
3694
4411
1533
4993
291
3264
4874
787
556
4732
1002
173
1235
3284
1554
2054
1853
1474
2461
1944
4230
507
549
999
1867
656
1127
4177
509
4157
1118
4392
2455
1836
2641
4331
563
3693
4040
4746
2375
4640
1496
4293
2985
2411
783
2490
3326
1875
1425
333
1028
3728
126
2574
4439
4145
1063
3992
2363
417
1019
3157
2023
2461
1864
3431
2924
2636
1672
1538
3534
3453
3275
2873
4279
959
644
3428
4318
1985
2228
4117
2902
2802
3301
3977
1433
1006
1918
1035
4686
83
4826
4769
1476
1392
4391
1419
2596
2144
1867
3804
2658
169
2717
307
2210
3135
3974
4108
4309
3338
978
3626
2065
1122
1834
1401
2885
349
1548
4886
4626
2498
161
4764
4249
3039
4083
637
1109
2783
4439
4942
1143
1940
3223
3620
404
6
4858
1615
1425
2669
3612
2625
2099
2987
1266
4530
595
2526
517
4066
204
1526
476
4532
1397
2739
150
4644
1005
3599
4191
458
1586
1592
4533
4264
3229
3487
3636
1711
2937
4726
651
2349
4908
4189
3432
4807
2712
2549
2379
4847
3746
858
4045
981
4670
4653
919
2935
392
979
3602
3704
3983
4895
3645
140
991
4433
518
21
4603
1396
2220
282
2454
3866
1435
429
4075
3638
3786
2397
3113
2951
3447
18
1561
3793
2829
1141
4930
2780
4123
4751
497
1466
4808
4414
806
372
266
4563
4009
1154
395
4610
272
3627
3541
2978
2264
1299
4984
3251
4171
1606
4178
1358
4870
3458
1395
3104
4839
1158
4459
3566
132
1962
336
265
3742
237
4262
967
791
224
2960
4093
1983
3023
2988
1517
3120
2859
2233
2033
1909
3380
3069
1147
3019
1216
1141
173
1012
4938
1365
1358
3092
4251
2262
2694
426
690
568
2702
689
3103
2227
2035
3811
777
55
4948
1503
259
4932
2540
2397
2441
4300
1404
2104
928
2412
1001
926
846
637
1122
4872
4061
3744
3918
4383
3701
752
185
488
2152
723
4131
1123
1701
1724
1632
4436
1107
351
1367
3657
453
2174
4773
977
4345
3405
2126
699
1707
4137
3797
498
2551
2422
1602
50
2538
2089
1379
2099
657
74
1350
3532
945
2620
1723
3579
4439
1831
3969
2152
3624
1322
4139
3877
1361
2135
705
1476
2210
1000
3257
3985
1650
1954
1311
1584
733
193
656
416
3937
1452
2801
835
4759
3606
3977
3020
1913
1126
2647
805
3527
693
1030
4955
914
3682
4327
813
2046
2828
2603
3746
300
2538
580
4169
3579
3916
3051
2782
4644
1355
1677
3524
2333
796
4674
4217
3915
3040
220
4349
3251
4883
3614
4794
3456
2261
3554
2334
4306
2815
3309
2725
1746
2853
3941
99
4159
3890
1824
2647
612
180
2256
837
1485
4941
2349
4184
2582
631
3537
1130
1341
3023
236
792
4317
1933
631
2489
814
925
895
2482
981
1270
4471
148
611
31
1513
2775
2581
3474
2350
4493
2504
2228
962
4100
2636
3117
1123
216
111
1541
767
3127
1096
2988
1318
2806
3809
315
937
1016
1764
2379
3002
3314
2713
2554
3267
2666
3609
4148
2874
236
1653
2227
4888
681
4956
3718
2351
3223
1722
4246
4996
3258
4601
1113
2675
4315
1142
1927
3960
3837
1028
3964
4651
2304
862
2116
4335
2033
4542
1107
1834
3076
4751
1695
246
152
1399
1864
1908
2826
2875
4076
3811
4764
4345
328
2365
1048
2746
2245
2040
3866
4732
720
1990
1848
4496
1875
2343
1575
1296
1529
3589
2412
1264
2510
3988
2567
921
672
2669
2343
3681
3569
4881
1041
1914
1695
4491
2161
1824
3838
2136
1486
2341
3927
1597
2134
2206
766
2220
4531
4942
2547
2846
1509
4034
423
2811
1808
4163
1067
4146
724
2951
4465
1011
2237
751
2102
4775
2124
4231
4693
1825
4653
3594
3312
2356
3009
136
3103
1936
2149
4807
2296
822
2615
4379
4576
4971
4850
2738
60
1430
2602
579
1438
126
4096
4926
4209
2164
475
4679
2116
2206
1115
3129
1479
3031
4443
4720
4180
2080
2959
3611
2676
248
242
2812
2906
549
3732
4510
773
1752
580
365
3602
144
2892
4539
4050
2000
1326
441
871
2299
4676
2754
1753
788
2658
4031
4248
2685
1077
3780
1257
177
4791
2911
1813
1414
3816
4597
4602
2188
4413
1224
1662
4836
3798
1953
4667
3862
701
51
4195
1611
3561
1248
385
4516
1610
932
1102
3313
3494
4082
282
4418
1601
1113
2571
2169
1929
4339
3147
4090
3753
4687
3696
3345
2449
4434
4887
1134
3353
3129
3735
476
395
1570
3686
345
2761
4593
3933
288
1684
4389
4318
1423
2969
4425
558
3616
4495
4386
2719
4275
2014
3594
4889
4710
2622
2982
4786
924
4591
4536
1650
2734
1866
3328
848
1344
1665
475
13
271
3559
3414
1416
2066
3857
4183
1998
1235
2161
1558
1751
214
3838
952
51
2228
4745
1035
253
3990
896
3702
4337
3202
3673
1560
3902
4829
2782
1943
4348
2192
42
1169
4437
3610
3182
1284
3267
917
3060
4907
302
3517
2400
735
4204
133
318
1443
1819
2730
671
261
1242
2174
1208
1480
2725
3412
541
922
4657
1738
4709
2091
3024
1772
2847
3641
1454
449
2691
1196
1246
3261
4304
4633
2961
3645
711
404
3894
3501
626
4800
3656
919
4076
243
4263
1950
3728
3433
4996
3888
4133
3022
1458
1287
224
1917
1763
1136
2392
3633
3501
4784
1079
3147
1732
3570
6
585
1864
1215
1991
2348
3168
3333
238
4173
3870
1129
1141
2887
4896
4199
1701
1191
4290
4392
3720
2741
1029
3033
4518
3118
2181
1069
4090
674
1823
3178
871
3455
4029
2827
278
4719
2311
2106
537
4240
2091
4217
2631
4973
3421
144
526
3822
2878
3299
1298
4669
4380
3683
1636
1232
1862
4455
3878
2310
4752
1243
1293
2990
4746
661
4559
1774
2729
508
4953
2069
1104
1737
1035
3495
2509
370
1521
211
2953
2198
4258
3656
4696
2940
3988
4109
2426
1949
3877
4939
1188
4935
4436
2061
4135
473
699
2557
569
4164
519
709
2371
2601
3557
462
2095
1705
3670
624
1142
246
1858
4869
4041
2725
1699
243
192
3482
773
223
4183
3767
2533
1852
4383
3139
1215
2780
3775
4004
3947
1817
1956
4089
3141
1804
682
4946
1440
145
3915
3515
1430
4342
520
1758
333
210
47
1317
2173
2128
2755
692
2469
1973
1305
940
4866
2058
4716
247
627
947
1326
156
2742
4461
1748
1343
1598
703
4134
2663
2108
1105
4080
586
3107
634
1396
2872
2365
3040
3538
324
3569
521
1156
1148
735
1846
2420
210
867
2297
1680
2647
2208
371
3172
1293
4880
853
2348
2428
3917
185
4429
768
1396
2997
1129
3450
435
1471
551
2941
63
3187
1685
1314
1198
3528
3670
1344
3722
3663
801
2656
2886
4858
2690
1673
1178
945
3132
1866
861
2318
4343
2313
2575
3565
3221
2385
3119
4095
4306
1774
2209
4287
4010
881
2357
584
4953
1228
1958
2470
612
47
316
3840
4221
3397
3991
4810
184
3326
1397
2088
1081
220
1851
240
4464
2747
3603
4713
2024
3326
3985
1455
4147
4458
1733
3537
2377
4409
1016
3025
2815
319
3928
312
3554
3050
2806
2011
2182
234
3904
1226
1042
4618
2852
82
4880
3076
1560
4860
1586
4542
1265
4934
4184
1922
1849
682
2574
4085
3884
3367
1745
2794
743
837
3581
2122
2271
1645
2467
2431
383
4361
3927
1555
3553
1986
1696
2494
1782
2329
3800
1182
3350
2048
2528
2420
3997
435
3033
4550
3567
3522
2392
1115
909
3367
3153
1160
628
1340
2397
2470
3732
2
2422
1156
782
1450
4335
3725
2449
1059
2881
3104
4917
2393
1344
509
1825
4042
373
3177
1450
2706
2389
1220
1150
3731
2797
1779
243
3290
3388
2874
1703
4308
1521
1100
1526
1856
2514
3781
3955
2565
3764
1517
4936
3753
3651
3838
3387
4198
2547
4610
510
3849
3466
645
2108
1363
775
3762
3228
3548
630
3208
4566
3516
4861
1203
48
3714
681
3250
2234
4932
1028
3464
2078
3101
137
867
4328
1903
2012
4069
2323
3380
3207
2593
625
1640
4316
3220
2874
4433
1806
173
3893
3897
675
1640
3279
986
190
4452
502
3117
4022
1833
3532
387
4920
4350
3133
2772
2249
2432
1680
1702
3286
4934
1260
3023
45
4521
434
2604
814
4036
790
930
1289
345
2220
1605
1903
2758
4160
1186
2214
1921
766
2415
540
3579
1226
165
2565
577
771
3287
893
2437
4598
1785
3552
1337
154
793
1412
4026
1445
1556
2837
1099
223
2282
64
4295
1497
935
3205
1877
1712
4035
86
3820
3915
2692
249
963
3714
2458
2905
3484
4999
3076
1488
4134
3228
4215
4267
4685
1468
4635
2881
3900
1080
2915
2828
2176
3476
4915
559
3719
3869
4098
1779
278
959
4339
2686
2031
652
72
4773
226
3671
1923
586
237
437
1286
4790
4540
4552
602
3297
2970
2845
1643
18
2562
4504
2871
4729
3671
1587
2218
101
1914
4040
1809
4357
2746
462
2981
3576
2158
3490
166
1583
2616
1465
4730
1695
3938
2508
777
1586
3661
892
664
2483
3968
1200
4535
1538
1688
792
2031
4664
3618
1211
4951
3376
2647
998
3764
3474
3566
3054
2507
3542
332
2452
195
811
2671
4185
215
101
4992
3838
334
4811
1165
2618
3234
2239
1619
78
2385
4413
2190
2263
2871
4245
2445
2115
2086
3347
282
3255
2058
2847
1854
47
2716
1610
3449
762
2104
531
4797
1233
351
3508
2210
3410
280
4046
406
875
1925
3859
2422
4231
1788
3527
3620
1986
1312
2655
114
932
4602
4843
4195
1528
677
1778
2815
3159
1553
815
292
851
3544
1267
3179
4299
1171
4420
4905
3961
4430
2555
746
3546
2659
3763
3191
3474
2374
3488
4026
4185
845
1883
4196
2231
2232
4077
4424
536
2422
4903
3582
1520
1102
1584
721
2579
405
789
2148
2666
574
2478
2581
99
4942
669
3258
3340
3257
4646
1811
2770
52
703
2662
2367
506
642
4561
2306
1452
1368
2636
2631
1726
1354
1998
3256
3
4790
4540
3490
1881
1071
1317
4404
1585
3242
4152
2929
1222
1890
1484
801
1484
2329
1923
336
1099
4363
3921
3367
284
3970
3797
739
4519
86
3304
3338
2164
3755
150
129
785
3612
3159
4253
1898
4654
3461
2751
4917
2249
2544
2282
3687
905
1597
3355
996
3449
1564
896
1920
4557
2748
2084
4199
1879
4887
826
3377
4101
3313
54
4857
674
1929
1358
673
3594
4879
2451
1479
3726
2418
3874
4586
4213
1763
624
4551
1259
2294
1569
4971
3342
2714
4723
2293
1994
2630
1187
2416
3337
4254
3281
1208
576
4773
1300
2485
2533
4306
2595
3250
2921
1205
3251
2702
1806
3572
1434
1454
1959
79
4125
216
3506
2919
3675
3147
497
222
3359
1663
2118
400
1374
1665
2331
3603
1947
537
2328
2262
1271
1371
261
3095
761
1975
1824
2920
4364
2465
3322
256
2970
4952
4591
547
1775
4976
4743
3171
4010
1558
4310
1182
3188
2289
1115
2534
3530
2801
2633
3405
38
1151
374
3910
3539
2247
3457
3315
844
3124
2212
4987
1030
3782
680
2492
3140
4631
1332
1824
791
4872
258
3023
3284
2726
4220
2444
1516
3110
1383
1230
2276
1650
1168
2488
2679
1810
4126
1184
1446
300
1977
2739
3053
2604
171
4912
128
1814
2286
1256
382
2521
4329
619
432
2274
2541
3572
317
1646
847
2187
4376
100
273
3788
4819
2716
1512
4194
542
558
1276
2592
1884
2787
1260
4386
1013
3335
17
3385
2743
4332
1483
3562
4737
2833
2052
2340
3349
4171
23
3538
1351
1085
3255
432
3652
1916
1401
4205
3483
4867
3353
2167
731
2103
4745
674
2209
540
3361
3576
3550
1341
49
3813
4442
1124
3859
1464
2760
810
2702
4378
2244
1195
57
3891
36
4605
3049
624
1204
2952
1830
1256
4170
2558
858
4741
2238
3572
2211
4990
442
1059
992
4923
2132
3468
840
1216
4514
4370
3905
1707
2557
2050
1054
3756
2655
1642
1573
2383
6
794
1505
2698
2052
40
4522
2354
2278
3462
3909
1529
3516
197
1193
3310
2032
3332
1025
3447
397
3304
1893
1236
2614
2965
1975
809
4324
3673
1833
853
3159
4353
697
32
1882
2371
1176
3345
2863
2781
1881
170
4989
1324
3406
19
3164
2131
2686
4929
4072
2039
76
2502
3819
4954
261
499
1388
2822
4476
3528
672
3843
2286
4742
757
2333
1761
147
1996
3376
1825
3610
3922
4098
1404
2955
2762
3594
3892
89
1507
4387
3433
712
3130
3727
2350
3431
4841
1383
1861
3415
3507
3809
2497
2966
1996
4830
1571
2479
1431
652
1036
1807
582
4747
4684
4051
2373
65
3925
744
3313
127
1353
2964
4484
4462
1690
3384
3510
2566
744
3550
4432
4251
4171
747
3110
4862
3740
995
186
1380
3987
738
3494
3572
984
1786
1120
1558
2779
3492
1829
4887
4435
2485
1045
4554
3484
4211
3270
553
4339
352
3551
2103
789
853
2359
764
1437
1177
4517
4856
1301
3868
599
3080
1919
3343
1738
4405
1156
3154
3126
3573
1226
3037
1415
3371
99
3787
1335
306
1078
4658
3787
4066
397
1685
4576
14
3115
4727
4153
2652
4894
2885
1742
156
2075
1932
2757
4124
3753
2480
2375
2098
2568
2506
4695
2185
1684
4076
1087
577
1252
2141
682
1149
3643
1238
593
407
4768
1031
3919
4142
4264
2802
4357
849
1703
1282
1664
4848
3825
2633
3721
4030
3194
232
2845
485
962
2649
4461
366
675
1594
1710
601
2674
175
941
2851
3072
1100
4316
3475
2337
4417
3183
3418
1641
599
1632
4076
4622
4626
1488
2627
2142
630
3068
4096
122
824
2649
3318
4957
3003
4557
10
4565
1075
3212
1850
4942
4674
3666
767
2750
3909
1348
1525
2052
1570
3798
2467
1821
471
1032
3061
1610
3387
3837
951
687
2443
4253
1840
1957
152
2500
790
4771
3049
1883
167
2609
3631
3516
3106
4516
704
4266
914
868
3242
940
4741
4699
3619
943
2002
4032
1091
595
1180
2680
1631
119
80
4339
3026
2640
2129
570
344
2536
2601
4937
3752
3405
902
1150
2565
3972
4653
2174
4726
1055
2936
2753
4349
542
309
3210
503
4363
4040
471
3126
4632
947
306
3257
3807
2860
883
1813
13
3071
259
3319
2069
1013
4522
1147
419
4206
2460
4637
2758
2234
4789
1999
1104
4139
770
194
2688
4953
2569
1580
2505
2674
4260
4325
54
816
1571
1632
4051
1550
433
3000
885
2387
3139
1559
2702
4782
4564
1605
1236
1660
4325
3970
2508
2363
1832
973
2014
1649
151
82
2312
1935
918
1249
1893
351
2925
2711
3715
1617
3845
2159
1069
312
1509
90
1079
1924
3480
3258
893
1183
838
2630
415
3739
1814
3653
4717
3400
3922
427
4824
732
4590
1770
2740
2471
799
1069
4710
3283
2896
3142
3050
1884
3778
2515
309
776
4723
3795
962
2096
852
1522
2950
3076
949
3204
325
2984
3182
2372
2463
3447
3879
167
4278
1863
3619
540
655
2115
329
3320
1563
3926
1147
2934
4650
468
3677
2940
3394
3247
2153
4344
3649
2743
278
3901
3723
54
2641
1877
2534
4000
2076
777
2491
3022
888
2991
4457
240
2685
3343
1514
4415
3274
4029
1804
1452
4796
578
3872
435
2608
483
2339
1744
4178
1912
1545
4157
100
3048
3221
1997
2498
1436
1294
3237
2735
4869
2559
1069
8
4163
848
3493
4856
52
2268
384
808
3447
2040
2352
603
931
1271
3791
461
4578
4641
4690
2600
2458
4241
2400
950
675
4268
1507
1970
4091
2751
4065
4542
2042
2742
1310
4746
3186
700
471
3245
3501
3024
3215
1916
2993
1534
4286
67
2230
2975
1730
1526
2170
4408
282
2745
3264
1310
1358
4310
4126
1188
2361
1326
1558
2590
1091
3370
3235
579
266
2647
1053
256
2756
2963
3282
4194
59
3356
1460
607
1688
3530
4067
3969
3627
4383
3355
3145
3909
2141
2467
812
399
560
369
828
2008
803
217
3123
3812
535
3489
2826
3947
1010
4952
4065
4142
2332
1198
3047
2891
4467
4361
4689
3762
1140
2827
2590
4573
4322
2750
3437
1224
3877
2633
924
1602
145
3591
1978
2779
2104
2682
1452
529
163
905
4018
4647
1059
904
1632
1706
1020
3906
4368
4786
2872
2344
4095
335
1656
2766
3246
3153
122
2970
3188
1873
2918
3207
4927
1682
208
1269
1559
4625
1446
1256
1446
1314
1417
152
1940
4063
3739
2446
132
1873
669
1316
2148
4181
3405
4215
453
3041
4217
103
3883
2682
1624
564
3885
1620
157
3428
4482
1384
1927
4472
1276
191
3559
1268
286
1298
4104
259
388
2774
83
2316
2913
3368
2606
4785
2194
383
1534
4243
2420
3204
1760
2086
3534
3847
2153
1480
823
2623
4432
1849
1976
1082
2907
4655
4071
3317
4390
4087
2792
1257
318
4529
3844
602
2320
3381
4984
4031
3363
4659
2072
2979
2042
1266
817
3612
135
3175
1860
4549
4560
941
3968
1124
3837
2530
361
3757
4075
3355
4250
1565
825
1071
898
2914
2871
46
3801
2710
3820
1326
3063
1704
4108
4770
4095
3894
4891
592
4161
4130
3988
2622
151
581
2921
1275
4824
4031
1460
4111
1074
4024
1991
4589
2373
3686
3708
2489
4780
3684
172
4972
4479
1582
1164
4849
965
622
867
896
3224
3288
416
218
3540
4490
3859
1288
1347
2685
3938
4928
212
997
2754
1696
3778
4041
502
154
3519
1009
2027
937
1933
1053
4841
3689
2731
4062
3559
2950
2314
4830
3679
3647
942
1795
2038
409
3182
2195
3347
1965
1262
2018
2733
2866
2789
974
1059
449
1477
96
418
1055
4546
1028
4987
2714
3328
468
3148
4852
565
4257
119
804
149
2979
3218
227
4096
4987
530
2116
1431
4976
1422
3360
2144
2781
124
3453
3606
332
1461
2603
3306
3639
4778
3255
939
346
2068
3705
2487
3920
2448
3692
2414
2087
4113
1224
4341
2884
3319
4067
4052
1941
4941
1451
943
689
245
1767
233
2006
1383
712
426
2660
1691
121
2438
1670
4961
2912
3966
2635
3109
1716
1737
184
1358
3377
1281
4180
206
4698
139
4816
1675
590
1921
2492
2519
2770
653
1071
1005
4936
4869
4675
4880
3703
4815
2351
3259
1
952
1499
127
167
697
686
4428
4135
2992
732
2821
4655
1161
3511
4323
234
1878
322
4766
624
4544
2072
3027
2698
3687
3091
4148
4798
3189
1453
2672
3742
436
3494
710
1276
2872
3134
4047
1435
3391
1449
884
4028
101
2874
1307
4709
3972
1586
2031
4246
2887
4565
2625
2260
3239
4601
4367
3696
95
158
1549
2494
1952
2868
2054
3937
783
697
2380
3265
1744
2404
3393
1039
327
901
720
510
1544
2792
1274
875
1513
3663
3165
4918
4563
4097
3587
4657
1524
129
1963
1779
421
3898
2168
2275
2997
3605
277
44
556
277
181
2153
4160
881
2785
317
633
3756
761
3779
4843
2070
2179
3718
3278
3706
3163
236
4025
3944
3640
4776
3989
227
255
2385
1211
4285
781
4663
1436
2129
4421
751
3090
1976
4541
4947
2181
2315
1825
375
4970
1641
871
4390
4751
1829
3350
3048
2184
526
2664
327
365
1898
4800
4180
820
3732
2147
3827
4131
2241
778
4742
872
2829
2166
3255
3700
791
1294
3661
559
1600
4499
38
1806
2340
2825
3148
585
2062
2322
2040
1482
2091
668
1736
2588
2630
525
3482
4908
4933
1312
3113
2531
3045
1565
4485
3050
828
220
2252
1596
2926
822
4706
3287
2397
2010
131
170
4334
4032
1222
4782
1506
809
1179
4747
4163
1192
4730
3521
2949
620
1888
1472
4329
4095
3540
500
3362
2083
392
725
4844
1783
2114
4010
4674
2516
3062
4784
4245
1006
828
1431
3479
2109
1218
379
2260
3348
1034
3476
4538
145
4251
1738
4429
2704
1169
2861
3041
3473
178
3155
1675
3417
1146
4409
3128
2511
4163
3631
3719
2103
1772
3910
3561
2948
1643
3822
4465
874
87
3237
1654
2315
4228
4761
4816
2436
1350
3307
3904
3854
3025
528
4619
1481
4406
4274
3704
3230
2900
2373
282
4289
2971
358
3199
4156
431
1779
816
3509
2530
4932
1707
4101
3607
1547
3137
13
1209
654
4205
4017
1977
948
169
4127
80
3693
27
406
501
2140
2207
455
2432
165
2959
548
2283
4787
318
3202
3063
240
2160
3236
2617
2687
3398
3307
513
3276
3748
992
1711
2065
1573
4666
4528
914
531
922
1535
3281
2358
801
399
2568
872
1881
4627
1501
3602
1716
3433
2315
2701
2759
3196
596
3075
2457
4711
1411
2830
4122
4404
2736
1978
519
1017
345
1888
3252
1953
4694
2270
421
4253
3532
776
4770
3793
781
2256
4232
1185
4823
2657
876
2117
3068
1667
4896
4866
1375
4028
3113
453
4454
1686
654
162
1452
1696
4360
1653
3879
2639
3320
4133
2576
2091
1633
1666
2329
1879
4427
2001
1394
4763
2714
2727
142
1549
1871
1570
4513
31
2672
1614
2479
4864
4802
3330
768
708
1469
4905
2322
985
727
3568
3946
339
2039
4031
1443
4354
4552
3468
3553
2879
3160
603
3186
1070
375
596
4905
4025
4889
779
2736
2355
2381
419
81
2103
3994
1379
3409
137
3203
4549
1696
4531
1876
3271
254
2130
1288
2877
3762
122
922
4104
3984
2808
140
4364
4020
908
4833
728
2698
1609
3192
3716
1974
3278
2000
1246
3111
4144
4973
2584
4101
4504
3602
3761
3469
3400
3375
1467
4593
108
1938
164
1656
4213
2678
2465
2007
3623
3589
3400
1990
3887
3508
2827
3410
3251
891
81
4006
4077
867
1138
4573
1649
2506
4133
2214
415
1689
4417
3724
2940
2691
1367
2032
638
4942
1932
4077
4206
2636
3063
2712
865
3928
4143
2301
1608
616
2297
3485
355
366
476
1731
1564
1300
1515
1940
3491
1772
1859
28
4626
2069
1064
2002
653
4156
917
4771
4838
422
2352
2226
4106
1287
1263
2133
1763
2477
1051
1382
2436
3934
1279
2381
4929
2383
3504
292
3277
4323
4425
1987
4791
2582
4460
2647
3620
3043
4135
4527
3283
1983
600
2009
1224
6
385
2883
3592
4325
1825
4288
197
1399
3808
1556
2575
1006
2595
2510
4654
2666
2854
4024
1628
3399
2205
1875
3014
1004
1471
4843
4265
867
4373
4457
1508
2038
910
1563
2826
782
3614
418
3411
290
3804
186
2196
978
318
178
3496
2875
1354
3446
1278
175
446
2004
1249
3422
4238
1491
4197
1259
4203
1619
1533
4187
4045
310
2650
777
1958
590
2024
1433
317
2444
513
4737
4817
134
3374
2354
2628
3934
3810
2892
1913
4907
4332
3062
2043
808
2019
2623
3520
3115
2048
2964
801
2036
3057
2816
3174
3724
181
2979
3706
2359
1387
3077
2188
3301
4490
4223
2246
3926
1438
4696
2765
4364
3149
530
1707
1224
4767
4466
1910
3305
3932
2800
1282
3842
3887
2246
2844
4862
3615
4865
345
1825
3661
3092
1879
3742
748
4875
4521
578
2101
3802
2798
4142
3991
2939
4479
1712
2349
3170
1208
1194
255
4909
4550
1357
4953
2295
4408
3123
16
2123
2222
2833
232
4155
4386
1040
3099
768
4276
3626
3635
430
178
4523
4105
4528
21
1466
981
22
713
1017
4005
923
2814
2314
2467
4520
1632
3654
1194
1390
1410
823
2723
1323
1864
3982
3062
136
4566
1125
2140
1577
1504
969
4870
2867
1278
2384
3781
160
1651
4293
3919
3297
246
1720
4060
2799
3968
4298
4414
4168
3850
239
3114
1642
2934
2064
1557
4436
1223
214
4137
4856
3081
616
3530
2293
1962
3730
3801
4072
3683
1089
531
3226
1507
2412
3607
34
3667
4350
160
4513
1398
2773
1321
2548
4711
3813
701
1103
27
78
165
4309
3605
755
4296
4544
4088
2558
2248
286
1612
227
1655
3723
4803
3658
1084
1074
3125
2314
1249
518
3713
31
2436
1446
2737
3888
3257
2777
3319
951
4351
151
2369
3025
4621
2972
3559
3330
2424
4930
709
4314
4274
3082
2530
741
2611
2380
2353
1901
1540
3843
3745
896
4801
1770
1087
2848
3311
2443
312
3798
3598
2972
4887
2299
2793
385
3317
359
3933
1492
2575
2583
2573
1083
243
583
4536
494
2756
365
1648
2138
4440
3863
4072
2852
757
2646
1213
2723
1177
508
2397
482
495
1593
2641
1139
3725
161
3989
1281
1857
2186
3643
3557
2529
1360
2061
1230
4066
4953
3835
3618
3574
1560
3120
1399
1639
3896
4930
1117
4638
4254
2520
949
2100
4329
781
1253
4110
2500
738
4850
595
497
965
2991
4333
2491
1554
4122
1861
3922
3396
4744
2480
4917
4029
2468
3934
2507
2910
1379
4740
993
3547
2079
2458
2190
2242
1699
4820
152
2713
3366
3099
2291
2568
4277
2110
3117
1719
3385
1985
1030
3211
2837
594
196
3298
4103
2599
1190
4936
2940
3192
2279
3828
2778
2012
4353
541
2878
1604
4854
3378
805
1060
142
3605
4419
2280
425
2242
3559
4198
4882
4002
539
65
1116
4846
4122
206
1416
4383
1600
62
2091
535
1166
452
2234
2225
3663
488
4498
2911
1096
4284
1250
3167
1054
1929
1046
3398
2502
2369
2849
2844
697
657
1226
3067
3431
3531
3472
4115
2732
336
288
2488
4027
3216
136
3029
2018
4865
649
40
3427
1311
4819
1700
3538
2368
3198
1546
2066
4134
1543
4741
3713
3988
2434
3324
4322
712
1383
178
1722
427
4269
1172
4023
1120
2276
1094
3886
3168
4971
4883
568
3298
506
2819
2768
238
2204
1673
3861
2989
3624
667
3510
4987
2567
2031
4040
3479
1464
322
906
4641
4731
2387
2588
4382
501
2061
2565
2243
4775
4746
2133
4232
4642
2974
3101
2847
1302
829
4073
3181
469
3507
4289
1810
1027
4990
1792
53
2452
1518
3539
4142
1661
2445
902
4925
2197
1150
783
3165
31
769
3185
2965
648
4388
4509
2654
873
2282
608
387
1918
2766
2463
137
3159
4931
1579
3634
2192
778
4040
2687
3600
2409
1213
14
1573
1887
883
4983
4942
2289
1442
123
4771
2994
747
3599
2156
4567
1548
1622
721
1715
3215
2562
4343
4808
2369
3897
664
766
3270
1416
4554
4648
1177
4380
2008
3614
3602
2821
707
3547
3268
4169
3225
2477
4496
1484
132
4645
2930
4701
2161
1087
923
787
1606
3975
2980
1018
4301
4714
2771
1674
848
367
2941
1962
4058
2275
3488
1537
622
4097
4702
4376
1463
1625
373
2364
1331
1721
2153
2514
2852
3238
4374
4034
1187
454
109
1991
369
4924
1478
3084
3596
1311
1702
1262
1375
3918
2102
1791
3894
68
1426
133
2332
2147
3659
4633
3697
2326
601
3417
794
980
2901
4437
2588
3826
4339
4473
1039
4934
439
4964
299
3119
1385
4933
3587
1827
1422
2961
1576
1800
2548
2998
3863
135
4477
544
912
2331
1645
456
3579
2904
3791
4043
1168
4817
201
393
2231
4501
2351
700
793
4844
2043
1275
729
1380
4989
4103
2096
1043
992
3110
4287
2021
2848
2683
3517
1643
1755
2947
3293
2973
1766
2615
1957
2279
3920
1145
2179
970
2506
1258
3211
1720
2950
1343
1702
4144
1842
454
2192
3961
1651
791
3712
2023
1124
4837
2832
95
4770
531
1199
361
2638
698
509
700
3498
855
1662
4073
2367
2683
2041
2241
3980
1569
2625
1508
2371
438
2119
1578
2371
3249
554
3368
3593
4742
327
3698
3215
2633
4486
2483
3377
1951
2369
1872
3051
4323
2030
923
4795
3817
1134
1081
4194
3349
4131
1046
4035
1806
786
1582
348
575
4053
4781
4618
3025
1850
4110
3050
1109
3881
3735
3376
4656
4943
2323
4486
2624
2859
2811
4007
3154
726
362
2068
2250
1141
2347
1880
866
3564
428
4097
3307
130
2397
266
2945
617
2077
4940
3183
743
2153
2634
2803
3664
3970
2327
4055
3486
2607
3921
1307
4780
1126
1254
4418
2809
3312
2573
4891
1224
4519
998
3707
4718
4108
3039
3777
3319
2651
2675
705
1113
2740
1273
4134
3715
2722
3180
912
76
175
1911
1898
4837
3078
4225
4288
406
57
95
3166
809
587
3445
3186
56
2551
1772
4437
3760
1174
2488
4359
4157
1427
1546
4884
1219
754
3329
2336
4403
496
4195
3140
4095
3784
2182
3882
2616
2012
2091
3519
649
4099
2240
2426
1100
444
1311
2375
2126
3468
3771
3459
1224
1309
1776
290
4354
1868
128
2468
137
4633
3963
2143
4031
2872
1493
2266
3195
511
1763
2913
2614
322
2034
1180
4398
3035
2963
2056
3902
11
2579
2136
4168
1848
428
4352
452
357
3266
3726
204
925
2587
4594
3262
2995
919
4147
2742
4230
3966
61
2280
801
1237
2727
4361
3006
1950
3015
4958
1968
4741
1858
191
2421
3959
2094
1125
1860
119
3452
383
680
1594
39
4561
454
1082
4187
3412
878
3163
3496
2130
3890
1063
3815
1867
4076
1513
4886
3162
1201
3385
39
2859
2831
4071
3118
1607
2610
437
2371
784
4069
2575
2450
1900
4663
2408
4246
3242
1501
644
1816
3013
2299
3496
1954
1177
3700
4616
3174
3754
4387
1571
4489
4912
2824
750
1250
3490
1460
2447
2248
1315
3611
650
4307
4511
1970
3040
3067
4947
112
823
1224
1225
249
3901
5
4582
1085
1314
3728
2569
749
4553
4573
3443
2621
1673
4202
4241
1996
4122
2805
657
4332
1328
2186
4115
4021
1945
2422
989
538
2196
2267
561
549
260
4002
1473
2764
4864
3902
4618
1393
1789
3186
3661
3109
3764
3744
3838
382
2134
3315
448
372
1358
1698
4532
3547
2436
2172
19
3886
2484
2657
149
4879
4262
199
3125
1035
2215
4213
3772
4482
1124
774
3595
2791
1920
1746
3992
1575
3627
2922
734
3868
945
4347
2235
3184
279
3411
3280
187
2749
1450
4088
161
538
4784
1772
2874
1192
77
2895
302
3501
2515
506
3367
447
4279
1089
2774
1093
4744
372
1720
4171
1982
1926
1559
2654
4578
1475
1810
2369
3620
2503
450
2271
156
2189
1573
2044
2572
829
4038
1978
3823
443
4286
1155
3252
4448
105
4072
989
119
4707
11
473
344
2716
1543
3797
257
197
4821
3500
3869
3771
3145
1892
2035
4594
2416
2456
102
1171
3590
831
401
3470
1575
2820
986
4528
3989
1209
4216
3781
92
1526
2092
4841
4284
52
4281
1019
222
1012
3037
1860
2979
726
578
4237
2009
3677
603
3929
4688
1336
1295
259
3317
2298
658
4250
695
849
4364
838
3409
2051
597
4166
661
2098
695
2482
1160
4147
3498
1657
2156
4430
4927
3599
1998
2918
2241
675
1778
3903
83
246
550
2902
1456
2852
909
2796
2137
2936
3577
2411
1488
2653
3388
1775
3849
464
4992
2813
4889
961
4597
2908
4587
4246
541
2488
819
4743
2152
4737
4142
177
3866
3686
2975
2096
1648
3523
125
2942
4401
2839
4087
703
3000
46
2694
1005
4945
2672
4798
1314
554
3756
2730
4233
3248
2126
1771
397
612
1380
1955
312
3964
1827
4033
2365
3032
3573
3385
553
3705
1109
2233
449
4242
4029
4482
4041
2768
4802
1103
4036
3035
1827
1712
3336
371
1860
2811
2968
3909
3588
1842
3706
3782
797
4389
3187
4791
1225
1855
3402
471
3320
1500
2048
2109
320
4862
2174
1473
1713
3020
1023
4707
896
2289
1141
4415
4662
1271
2594
1990
2735
4637
10
1103
2301
1078
788
2796
1243
2638
1274
2630
1044
746
3061
4959
1413
1976
1676
1055
3531
4718
3489
4301
3246
663
4465
3890
4054
730
1868
4066
220
1386
3845
3083
4905
4923
1064
3900
1310
671
765
3334
300
4888
3029
1273
4398
890
1236
3606
2952
4220
4962
3003
4094
2447
807
4690
1820
4966
3292
3887
3966
3546
1450
2199
3649
1524
687
310
3371
1839
2885
2337
4286
2859
2544
2533
890
1
1455
4186
94
3187
4107
163
3433
2076
399
1235
2743
4902
689
3957
738
2427
484
4955
682
104
1779
1324
2521
3620
3723
157
4566
3638
1044
1627
3492
1988
3460
515
3717
4588
1183
448
2727
239
4650
3859
4768
4393
4004
3229
3332
1357
2527
3404
3432
2738
1876
3623
3440
3092
2776
1569
2998
3729
3843
1674
2033
1220
3142
870
898
2466
3109
4318
323
2172
4567
1239
1571
441
2640
532
1006
4321
3253
3081
2566
429
2077
1352
4478
2430
554
4853
1225
2820
3964
272
1858
4125
1054
1282
2503
4026
13
4935
70
4400
679
778
2534
1646
1409
336
1433
4929
534
3335
682
2213
2579
4905
1783
1929
865
4737
2593
4017
3654
1390
4860
704
4721
3473
3885
2485
2840
986
2418
4161
832
4872
34
3474
3282
605
1743
2731
2630
1933
1492
640
4190
1374
4281
4490
3469
3019
448
4439
281
1721
1700
338
4086
4412
762
516
2839
2008
4513
3794
2261
4347
2206
2888
4285
4822
3838
2054
565
4343
4252
2101
2991
278
1725
4967
3827
2453
1490
3583
342
2189
2569
4994
2021
897
3820
2143
551
1587
1952
3537
4438
1091
911
3444
3753
3956
1752
776
2252
1887
4658
4810
2303
4177
3266
2979
2261
2934
2083
4796
2878
52
231
1874
41
4171
1687
3290
2066
180
634
754
3272
2146
4238
835
3068
2013
256
2998
4318
2758
2545
1293
3207
1049
1393
1102
4189
2796
2726
3705
621
838
4233
820
1183
4957
3818
2101
1463
4779
4511
4143
4211
1832
3733
3511
963
3287
1305
2201
2500
4993
4937
2997
1678
2287
1230
520
1951
3419
2254
1455
2619
1726
1785
1993
4926
1878
2389
3136
3379
492
2800
570
3621
2625
155
967
394
924
4269
2846
3400
3147
1490
1887
1558
4524
1964
211
2560
3591
3679
2955
460
1804
1938
637
2951
3896
4091
895
3559
1372
887
141
4006
3820
4829
4742
3992
2810
1255
4267
2483
3064
3259
3108
1215
2548
3741
3490
1008
869
3609
4705
3718
132
4027
2153
1589
3683
2431
4720
248
265
1796
3284
1363
3862
1831
1388
1124
1724
2914
4530
1065
303
558
1854
3622
3248
3469
1314
3726
2704
3042
3678
4210
4651
4476
1626
2025
1588
2918
985
1120
816
698
1391
2765
2114
747
2094
3332
3470
2911
4011
3986
3297
553
1072
1824
4224
4672
1398
4766
1575
4546
557
1316
4304
4961
935
692
1937
704
2167
189
3914
1058
4469
2802
1895
2469
490
1184
4021
2973
2612
1816
1037
764
3905
4968
3035
962
3646
3217
4689
4512
4910
4721
2654
4618
1871
4477
1732
3770
4903
1546
1356
3194
3288
3056
745
3594
2348
786
874
4357
578
3310
3860
4113
4625
4696
907
2716
2387
4769
1299
670
4192
4530
3888
72
2470
2830
4766
3080
141
4031
2894
1136
2577
3112
117
2581
2210
306
624
1287
1562
4318
1543
4655
4123
394
2898
3882
4971
4274
2280
3250
4442
3261
875
4940
3358
1463
3236
2120
1514
4410
777
783
2021
664
973
1484
3288
1611
3325
4179
4778
1226
1808
1775
969
1624
2389
2001
93
4770
3311
4152
3439
3663
2928
2501
3537
4204
4198
3065
1318
1425
1773
2788
4202
1077
3705
3536
1257
4578
1130
3887
1263
3444
685
4917
3986
2632
1106
4016
4068
1575
2705
3684
4365
142
3910
30
1141
3534
2854
3693
3709
3059
1813
984
815
216
3609
2148
3737
3857
3771
3495
2752
4604
2298
2171
1929
2659
4670
3083
4104
2203
2922
2746
4940
523
4116
1686
517
2465
2389
3562
4281
1356
4077
2493
3245
1112
3106
2923
1220
1432
3328
2950
647
1263
667
4833
2926
190
941
2283
1764
2133
2162
2039
2157
2606
3602
700
2639
4954
1347
1434
1380
2709
490
1601
4834
2381
1578
2970
1125
1517
846
3466
2732
1884
2222
2896
4489
4252
1500
2927
136
431
1306
4035
4086
4993
1301
3196
4844
985
4275
1005
23
3060
1063
3572
3896
1869
4887
2379
3184
3407
3083
4772
2583
2018
603
3836
1100
816
2809
314
1922
2263
2717
2824
1615
253
2503
1507
4416
981
4892
4046
3365
20
4902
4644
630
314
3238
4009
4805
561
2496
3815
73
2481
1204
3591
1399
2940
2384
360
1944
2835
627
4661
980
2151
1102
1856
524
2483
2869
2550
2389
4067
1140
3476
3100
3309
883
3563
2946
2523
1237
1539
1750
235
332
985
4939
795
3713
4170
3615
3236
1374
3052
2503
1834
936
2695
4407
4558
1629
780
4978
1910
1773
3585
2077
2267
3291
4687
3985
525
2126
2790
2870
712
2161
3882
4453
2246
2187
785
3897
458
4602
4182
2844
3307
4424
765
4837
4756
4799
1617
2928
963
4808
3604
4400
2132
699
3241
3602
2762
1604
2303
2219
1366
3655
4038
2250
2436
259
3129
2629
769
1433
3703
1429
2431
3518
1705
3471
1719
1381
1201
4529
600
2644
1739
4076
388
3469
1767
3060
1430
3661
3943
1906
1104
3480
3812
3404
1607
3126
4770
1630
2761
4118
2864
3779
145
3010
1742
2669
2849
2742
1061
238
1707
2646
582
938
2216
2780
476
3764
3119
1354
936
2718
472
105
1123
651
1439
3291
958
3162
2173
2290
162
1715
4040
1338
4452
2625
2929
4004
4936
89
2621
2668
734
1455
8
1361
4874
4121
922
836
3872
3776
4888
1332
4120
101
1121
4975
3886
1548
4134
4109
4863
1466
1809
4917
2281
3176
1244
1109
3748
1853
813
50
740
2641
1199
385
1733
3025
4060
3512
4081
9
3481
1965
3333
3854
1593
3962
1554
4686
2980
2452
537
2973
1187
1353
4139
3422
2282
500
4234
3919
3196
4946
2973
138
4572
3309
4150
3936
1596
218
1138
1971
3404
3729
4643
2358
304
82
2919
3148
2803
2834
3781
733
3902
3078
3253
106
4077
199
4037
4567
4337
2478
3917
3980
4541
2642
4978
3916
1084
2368
4781
1599
4659
1369
3265
156
2512
601
3904
1139
3750
4905
3255
4958
567
4472
1005
3020
4008
3046
4951
3487
3790
4872
1311
3857
4470
853
3466
4772
3944
4221
2884
2590
4134
3265
1831
2297
65
4284
1707
4837
4584
384
3085
4526
4905
4501
4986
871
2675
3410
1750
644
3844
1019
4809
4362
2281
124
1752
35
4295
1784
161
3939
1376
2554
2697
2330
3934
3136
4781
2715
1929
1845
2439
320
307
580
2452
4531
1492
3545
4334
3249
4274
2211
502
3167
2587
4895
1914
3676
3724
369
2272
2698
853
3233
4848
4870
3053
1708
4384
639
1574
427
1770
3179
2155
3485
3697
592
2207
3432
2232
4772
3462
877
4415
423
2992
678
3999
1417
4711
2828
3924
1599
527
2602
327
3321
4737
1809
806
1165
3316
1117
1618
2195
4473
3660
1471
2990
3477
1338
4380
2006
551
3964
1004
4652
2066
3431
3361
2740
3543
3919
2171
4296
4896
3718
849
4676
4
3136
562
2445
2714
681
3310
2135
1832
3248
2424
4947
1015
1506
3783
236
1693
131
2816
3659
4872
1582
4053
1961
2474
2822
4772
4599
3207
4277
3295
3461
643
434
565
2752
3624
899
2623
1808
163
2576
4323
4488
417
4386
3320
3601
2884
2454
3874
3444
1625
1566
4335
4862
891
2196
561
2323
1083
4712
825
4817
2359
1300
4547
3686
2836
680
4999
3740
4839
3582
360
2236
4384
2340
4119
3123
3319
1424
1970
415
1060
2912
445
3229
3200
123
3290
3101
604
3958
1581
2577
3490
1188
1117
53
1487
1224
3294
2753
3193
972
4176
2054
4833
3354
2306
637
4752
185
1336
4702
4986
1338
3815
1406
2138
3413
1425
1315
2161
4165
3906
246
3505
4357
4152
687
1304
2621
1610
1361
3750
1570
1656
1910
1301
3621
2417
4458
31
4595
1148
2033
3023
3539
999
4970
2942
2755
3295
2153
2097
552
1819
3006
143
4231
3244
4209
1055
881
1242
434
890
1024
1229
3215
1000
4259
3623
264
48
3491
3059
1783
4784
4377
972
3230
2115
2491
3449
4592
1112
4083
1102
693
1967
2369
2099
2000
579
651
600
2934
2536
27
4369
857
1813
4129
3845
2474
276
4810
2949
2474
4867
1019
2525
237
4693
4606
3075
311
565
512
1616
499
2109
74
3418
3227
3746
1795
439
1075
845
4347
680
4437
2757
580
688
3278
4298
5000
454
476
4110
4613
4390
2671
277
3817
2308
1679
72
3790
1522
3673
4199
4038
3561
2564
1081
70
3238
810
636
1761
3102
2116
4143
963
1050
546
3439
1903
745
862
2787
3757
157
2425
4351
1788
3473
629
3944
3907
944
2782
3564
4482
4416
1882
826
221
3982
4025
3376
3947
779
4584
2211
288
2671
346
2497
1984
1846
4434
3441
2456
1506
2611
2894
4645
377
2940
1457
2339
1598
2371
4650
3216
2916
1707
2651
3099
2514
164
5
3472
2064
2469
312
2749
1907
4145
1773
3661
2894
1334
474
2900
2115
1551
3735
2317
454
3171
172
1895
1171
1724
3911
1007
609
57
3126
3643
2445
2415
4338
4149
2184
28
905
157
4994
1527
210
2260
3351
605
4461
4624
1340
929
1629
2347
4095
3959
404
3818
2272
2267
3681
604
2727
2784
4259
4956
2366
1936
919
3482
4743
2453
3912
4851
881
1269
1262
660
4049
3526
294
4485
3558
2118
4425
1637
576
3732
2426
14
4238
954
4610
267
2267
3228
2297
790
2497
3432
4163
490
2808
4652
366
671
2997
2827
4390
2929
892
141
4320
3269
4058
4781
440
4558
3330
374
3349
449
2600
3600
2470
2614
4832
3645
33
4531
4891
1543
3117
1674
223
3962
2280
2098
3551
906
2865
526
4829
1286
2420
4342
2091
1115
405
2320
3638
3068
394
4843
788
2499
1995
4052
2519
590
2288
3595
1175
2308
1468
1557
667
2943
2563
2837
546
4151
3162
4807
2361
392
308
4678
1519
2639
1873
1518
2083
4040
432
1770
2085
4574
3542
1390
1260
1721
3270
519
364
4288
750
3606
1285
4320
3272
4157
2539
499
317
2126
496
1586
260
1220
3946
1422
2511
3342
3060
2900
4904
3737
4763
3188
2125
2367
2076
38
3056
2410
1795
4691
34
1535
2300
2636
3602
3830
4453
841
1556
1643
4974
51
2664
2499
3243
4457
1836
1136
1221
4221
3121
3564
4789
3575
2185
4471
4572
1488
2645
4440
4437
2609
485
4431
1176
1783
279
2525
3435
4773
1811
4845
1783
2817
3493
2020
123
1577
1499
2326
4109
948
3430
924
2473
2265
106
4093
490
529
3787
2025
1872
2293
2844
3875
1655
4151
377
819
3012
120
2894
3406
2729
4489
3075
3154
4432
1791
4606
2546
2992
3708
278
59
3525
2978
3979
2511
222
507
3576
2381
2636
3688
4062
3321
4738
4555
4380
289
2560
295
2935
291
4156
2378
2067
3913
1470
2733
720
2806
504
4044
48
1407
1516
989
2774
1518
3279
2057
4768
964
2203
1712
2965
1746
2751
3484
2348
2281
4473
2100
4151
2828
4682
2033
2427
1156
4569
1056
1186
4981
1693
4527
540
392
2797
3493
4719
653
4004
4349
2860
1575
998
1799
2342
3125
4715
141
1028
2195
4097
4152
3274
491
3647
4268
2223
3821
3038
2081
1140
626
4527
4816
3239
3170
1088
866
2881
1221
1238
2294
4844
3174
4948
1942
4664
1754
2259
1717
1448
3520
4550
4729
2356
4830
2392
2993
4699
1166
1068
3360
4767
3751
2371
4255
3413
3870
1111
2197
2907
4172
3090
4415
2195
3092
1830
320
4754
2073
4856
1353
2246
1622
4815
1709
4831
175
1821
2674
2823
4982
4702
2141
3960
1668
4926
4636
2778
4261
4302
299
1188
3305
3042
911
1369
2992
3579
251
650
2354
4887
4654
2858
3108
4781
4134
1454
3404
3038
4050
2850
2849
4163
1765
3819
334
1287
464
4245
3321
4467
891
3529
918
260
1488
1073
1394
2973
4718
812
554
1295
4602
65
3150
3581
1584
2084
1812
3236
3307
930
2594
3197
3631
2643
531
4805
4688
1225
691
1405
2287
1882
1182
4771
1983
3432
1552
1605
1499
1941
1716
3394
3806
728
4885
1124
2565
1176
3991
4366
2412
160
182
3996
3695
2652
2912
857
3858
1908
2185
311
4183
1787
411
385
4249
2675
3349
2934
2771
163
1628
2642
1339
2815
2571
2562
601
2451
282
1633
2978
617
3588
1152
3523
1254
970
396
32
4724
3192
2655
3741
1802
4159
3431
1190
2159
2751
511
1981
2759
2059
3630
1173
1589
2110
4595
3745
3773
4128
1100
254
4566
691
381
2274
2221
75
918
2622
4322
3241
3118
4693
750
1339
761
1784
1116
2742
2376
4583
4542
797
1490
4617
3366
3840
3389
2569
2478
954
4129
48
4660
2931
4739
1110
2534
1184
4172
2411
3610
2555
2162
3334
3706
3643
1641
3310
1913
2909
852
4082
4933
945
4982
3756
1019
1944
2965
3386
1188
3520
1323
1322
3233
1789
1090
2740
1863
1670
30
932
3056
774
349
4780
4079
4394
678
3165
2470
989
4056
3875
1642
3101
4638
2586
4944
3293
2206
4520
3228
479
2534
2428
2318
2701
3928
1310
3576
4638
4873
4893
2581
1188
1854
1291
1265
2191
3676
4145
3656
2365
3041
1971
906
240
42
219
0
1323
150
3926
3221
4509
3626
652
1652
1195
3784
3301
1143
1641
783
1677
4261
754
3535
2132
1243
2876
1363
4991
4703
2207
3693
3314
1662
1089
1807
1536
4786
2520
3310
3548
2293
930
2259
4256
2434
601
4110
2191
1035
3336
3666
4720
4303
4026
2042
2286
1347
423
256
4966
3993
2190
4887
4446
4893
521
1092
379
1665
3978
442
2439
1451
3277
957
2210
3585
3682
1803
3455
1488
856
3651
2797
2377
558
4231
4374
4950
4452
200
4901
3434
2689
4559
2900
324
2697
3044
1965
1223
4658
868
3659
2824
4836
2082
3966
1712
3355
3929
4213
3734
385
3222
17
1028
3445
1854
2634
1439
4887
2127
3856
263
56
3
684
1050
1574
3777
3611
3632
3438
4612
4945
2004
3122
2706
3532
3678
1797
2387
1767
3389
1855
4438
4924
813
449
1
630
2337
3134
680
3344
4719
3221
4277
1262
917
3553
1609
1114
3538
395
4436
3181
3736
2388
650
3351
4157
3963
3391
2698
21
2430
4347
2619
3974
2155
4088
2750
1523
3944
3777
4661
353
2009
3440
2356
4235
723
972
102
4793
1486
1290
2965
1846
721
385
2300
2074
4412
1973
1128
1438
1279
254
4570
287
3234
4288
3604
2888
2433
3567
2508
3862
1982
3548
3032
3145
3738
1909
4282
1851
4268
1849
4630
2429
316
3593
2681
2504
2996
1219
2162
223
3088
3269
3454
2679
4316
3954
2320
1930
208
2100
1062
2215
4598
1709
739
4818
4153
2882
314
2528
2727
1119
3147
1701
882
4596
3679
2547
4991
2956
2372
630
1285
4515
4491
1874
1226
2863
1353
383
1373
1022
1658
3715
774
2887
1513
4686
2315
1327
3552
1324
2681
301
3429
4397
2555
3992
4429
1186
3680
2429
4657
1382
3856
2904
909
1325
504
4783
3368
2284
1229
2875
693
4947
3765
3382
2765
116
4735
3462
2848
2105
3953
387
2617
4588
3449
4828
1572
2737
1778
3886
2897
4542
257
675
1562
4615
1606
3870
2764
1068
1145
1461
2189
2795
1176
128
2857
2424
1591
1454
760
3679
4732
377
393
4162
4214
4069
253
3193
3903
309
290
1326
4708
4773
989
4110
1882
1732
2903
3825
4739
3427
483
1385
3998
882
4924
824
4249
4233
4143
974
1063
1539
2462
2081
3677
3624
636
1736
1324
1665
3758
4161
3015
3707
4975
1082
2206
2884
1079
3666
2499
4245
1565
3462
2778
4703
4094
4459
2156
4701
3735
1978
4315
3439
4102
2517
1488
4260
874
1279
1227
76
4201
1679
654
1938
1763
2724
1335
2747
3895
4298
439
2292
3029
538
1895
631
4501
4612
877
4817
784
2975
4644
647
737
3636
3644
3725
4637
608
1758
393
1386
76
572
3047
1110
44
2499
467
1306
1084
2621
4142
4139
335
4342
265
1197
998
4066
2166
4824
4766
4542
3540
2745
2028
2473
4947
2471
3066
3029
1958
1241
290
3307
2739
924
2259
1320
758
2067
3160
2977
1657
4912
347
2444
190
4097
2948
2109
505
1468
780
4317
4373
4086
3161
3091
4127
4859
2044
1961
2911
4374
4044
2229
2398
58
4230
3302
4730
511
1337
105
2591
3929
2386
380
908
3527
191
2598
3443
3806
1285
3139
3574
3149
3119
513
1522
608
2220
90
2056
2349
1547
1720
2054
3468
3878
4397
287
2051
2282
1965
3085
2485
3512
642
3981
2695
4015
4465
3983
1605
392
793
2475
2860
3195
3468
567
4044
852
1843
704
614
1172
4184
1938
3289
187
639
2345
4762
1310
2359
2950
3567
2770
1197
410
4293
4539
4572
4938
3663
4057
1878
792
1339
3617
2449
263
1440
844
182
641
4830
3619
2132
1952
1546
4232
3664
3750
2927
4932
4412
4146
402
1732
899
4095
2514
981
3174
669
3659
222
919
851
3522
2032
2505
1535
2203
2969
1995
3358
382
1135
4700
946
293
1110
1953
574
2669
241
3674
3256
288
747
3004
716
2382
2940
184
4999
1163
4423
575
865
887
1440
3728
4448
2637
731
3235
3396
2767
1733
2497
3650
4986
1434
125
3742
9
1438
2265
3970
98
437
1365
4166
3913
3398
2290
3668
3199
3234
264
415
1599
3188
4180
2102
1743
3701
690
2738
3535
3097
321
2494
4305
1324
4114
3927
2135
4194
4350
3401
170
3114
2366
948
4063
3075
1730
4104
3410
319
1489
646
4386
2395
1534
3391
2579
632
1417
2440
2863
4093
4275
908
1358
753
3541
4468
3374
1427
3338
188
891
3474
261
4750
3979
2283
4162
2483
1681
3085
2317
2677
793
4671
3024
4425
145
1844
1877
2326
2588
425
328
2052
3308
4640
544
751
2219
3474
1202
1508
345
4780
846
3902
3877
988
3249
2561
2173
2435
4267
3462
4944
51
4796
4418
3769
2194
1259
3999
2059
1081
3789
4201
1564
3445
1954
4306
3211
333
733
4209
1983
158
2422
2945
2800
991
3897
1187
2854
4972
794
2007
434
1471
1279
435
2077
1712
859
4063
1632
4118
90
4110
3588
3318
4785
1270
874
3199
181
3996
1442
2350
2296
328
753
1242
3697
23
4267
1463
4968
4179
4557
4246
2637
3346
3957
4641
4732
3487
453
3824
3115
3727
3214
2155
3140
2262
3613
1975
3161
500
369
583
4713
4870
129
4016
2077
3069
3537
2520
2710
799
2597
3843
4737
732
4159
3292
3851
4932
1033
223
3303
4187
2417
3597
4646
3721
2559
1597
4894
4901
3661
3224
3109
4007
819
3196
4037
2250
1118
780
3422
1828
1076
1345
89
1611
592
4344
490
4396
3052
947
2715
230
349
776
1111
37
2589
1026
4389
2689
4435
913
694
542
4181
3444
2387
4000
2538
675
2664
1239
122
3337
4361
77
3726
1384
517
4077
3792
4903
3553
3269
943
1149
4058
1982
4181
2936
3431
976
159
4404
4059
527
1883
1465
4498
823
58
2812
4832
1364
905
4902
1462
2402
4291
4794
2196
1209
4574
526
1487
1370
1202
3194
967
4950
670
4992
3186
2504
4754
3484
509
4627
1988
940
1987
3341
491
3514
3753
1352
1931
1910
2927
74
2874
3574
813
4769
4447
1242
649
1593
4537
2622
3722
61
3814
4388
4410
1803
650
4496
531
1329
1999
4869
2097
1632
56
3594
4559
3923
2759
4440
483
2579
3356
845
971
4800
1621
1387
4221
2323
995
1569
14
3188
1599
191
543
1219
1277
776
2822
1437
1130
2739
2876
4992
2361
1804
1403
1835
2540
2689
3994
564
4443
847
334
1167
1729
2678
4159
3610
678
4197
2036
4046
3761
2444
2089
2868
900
578
3750
1514
4300
4599
441
1663
4301
3619
2880
4435
3750
4212
925
2544
1339
2063
2879
4322
1806
3124
1882
2853
1687
451
3225
4199
4893
2516
579
675
1129
1549
4036
2396
1907
4166
3159
1405
2640
669
3690
331
541
1310
2432
4841
1444
2135
4167
2580
4718
4190
2275
226
3102
140
4349
940
3624
4064
2749
2808
227
538
1240
1260
891
3372
3590
1149
4164
858
3360
2359
1564
4989
1796
502
1527
3768
917
3548
4172
315
4805
1425
208
3094
4308
275
2882
782
314
4733
2931
1254
281
1892
1133
3806
675
4153
1306
789
2412
1049
2221
3272
177
3496
4768
2456
4469
1949
1947
70
1504
1381
969
3132
2793
4294
4909
1830
3858
2130
3461
506
3232
4796
4396
4088
1319
3744
1668
1959
2282
2715
4406
2357
752
4153
700
660
3360
2639
4892
1412
4669
2104
1442
2755
235
3867
3084
2919
408
3088
2225
604
4652
4246
1703
2834
776
2720
4697
4834
195
3551
517
602
2400
2175
225
4225
1353
3867
2531
1701
3052
1709
2228
2517
1307
4328
1884
3921
4884
2605
189
4409
4553
1901
1421
3442
4990
85
1461
1643
2154
899
2399
2179
3270
2000
1749
4413
3345
980
4329
2719
2198
3099
431
4619
3229
744
4428
1212
2749
3268
3068
4659
1800
101
2384
3086
1169
256
4418
3894
2420
3071
3247
3216
2999
1874
2783
1957
3035
281
3649
4205
4368
150
671
4242
59
4969
1858
328
4145
1214
3892
3219
1913
1298
2578
1178
2673
3113
2134
1569
2895
349
754
4114
4942
482
54
3801
230
4537
2119
571
1586
4946
432
2266
2786
1197
1340
4913
2407
1611
4035
4286
1952
722
51
3457
3553
2024
2687
3997
820
2999
3350
2448
2276
4400
4673
1119
4712
466
2397
1396
4411
333
2847
3556
3831
4470
2960
1551
2716
870
350
138
3653
611
882
364
2211
1222
2479
4076
783
2654
3464
3798
35
498
2008
4846
1393
863
528
2743
2547
2696
1506
3299
2141
669
4815
2425
1330
3827
2383
1026
1052
52
4453
2839
544
2025
1862
2584
1502
2020
2400
4586
4512
2621
2212
1995
2154
1445
4679
2568
2775
4366
3174
664
4908
1388
2205
3881
2699
4603
2918
643
1560
3516
706
406
2563
4551
3168
4205
3627
24
1578
4066
4456
1979
3640
4631
3009
3831
4178
3399
4150
1904
1185
3655
1321
250
2283
4367
1479
4086
1327
2846
1882
1431
1649
641
1618
2281
3569
2876
4337
217
1967
2827
2434
4470
228
3799
119
95
154
3489
573
481
4032
4687
3570
2253
517
4142
2574
1764
4390
1292
359
2032
3602
934
4042
1602
1122
1916
1086
2809
3684
2171
3854
2066
208
3913
4688
4387
823
4718
3045
3931
3339
857
4835
3239
2144
1118
4145
4510
4411
23
4025
4007
433
3055
2980
3314
1115
1973
1335
1629
3604
3806
433
4103
1924
306
2797
623
4756
15
3275
1071
1726
1403
4250
266
905
2108
921
192
2023
765
545
2191
3606
4894
1822
4770
4830
2005
1336
658
1831
4630
3731
1865
2730
316
37
2550
1594
1289
4377
805
3988
624
3660
1081
4228
3979
4668
412
3473
2011
2656
3603
4146
3156
1067
684
3491
4932
4665
3856
1231
1397
3884
1290
183
3377
4906
4968
4473
1597
1121
1903
4967
2947
960
3222
3309
2797
1951
3469
3433
4904
530
4458
426
791
118
2718
4154
228
261
3026
4901
2375
3271
355
3837
4295
490
2975
3517
259
1965
4309
1659
4249
4818
4183
159
4445
4695
4705
2781
4662
4035
1649
3400
3355
2635
2950
2828
4816
3147
4493
4009
54
3268
3670
2971
915
895
2230
1702
580
2652
3724
1067
4286
3543
4805
4799
4810
2172
1586
505
4609
1374
1136
4721
690
740
1968
28
957
1994
1438
640
2821
4303
1456
2335
2303
1900
4433
3306
4667
4162
4501
968
3655
1117
3455
728
1911
1989
761
1088
1203
2650
3678
4377
3726
3465
4836
3191
907
2014
3657
2831
2385
2026
2661
1945
1964
2390
1920
2686
4670
557
1986
3293
1290
3177
1967
4804
501
4541
4748
189
3929
4731
3702
2165
1679
4434
1467
3029
122
2740
3933
1971
3738
4542
3688
171
2881
2136
3510
334
2660
1262
4264
4788
2911
4178
4078
4905
1309
1458
4464
1355
3033
1036
1344
2500
1005
3025
4469
288
1365
1009
890
220
3008
3837
2904
4204
1676
3347
1344
2585
1656
4979
1865
2000
3059
4701
4843
291
4838
376
880
4433
2277
4511
2673
1631
1290
269
2534
790
4496
4974
604
4278
615
4680
1377
1312
3037
685
1457
3624
3174
503
466
1132
1214
2200
4326
2097
2230
563
81
3739
2691
4758
4197
4700
3104
4538
3864
4767
2179
258
4835
3308
3188
4953
2888
2288
344
1198
424
534
4407
2405
691
417
1473
3295
4862
1895
4130
1023
1614
2197
4472
4050
2594
3467
2040
724
545
1536
2234
807
1621
2817
3560
566
1892
1965
884
171
3117
4484
2925
1173
4525
29
546
3666
237
2738
3738
3669
3012
466
4475
4757
251
1243
1720
1614
4473
2326
2879
1863
4076
4692
3539
2297
2056
1861
2940
823
104
3966
3037
1383
2318
2577
2154
968
850
1104
3646
4091
2061
4713
4415
1463
2331
2633
2856
2601
1016
831
4290
1597
2151
4900
4609
1260
3779
4101
272
1609
4645
3291
1887
3071
2124
2335
22
1329
2191
4190
2124
4501
1137
1887
458
3471
3894
4735
1468
189
2279
3217
1397
2510
975
281
1668
3799
2314
4389
3152
2637
4233
2164
4611
4379
2070
3418
632
101
332
4338
4540
351
3736
3370
4285
3832
4645
1024
4690
3884
1343
3297
593
4585
1000
601
1142
4940
3150
167
2027
3637
3237
1436
3480
2112
2637
3612
4896
2786
315
3671
517
3028
4532
3372
3365
4020
3787
1167
2661
2249
559
1515
1038
3075
1743
1346
4053
4858
1383
2225
1256
301
2891
3919
3859
2573
471
3482
465
2516
3353
1230
501
101
1137
48
507
3498
1161
3079
1856
2500
2264
298
3837
2144
4905
1369
4934
1766
647
2159
4314
2743
1821
4106
2329
2456
3245
109
1897
366
1231
1834
1804
1758
3861
936
918
1895
1556
135
3625
173
3856
1591
1326
3074
2018
2120
590
140
4801
1010
2278
2600
3864
2108
1418
4970
4627
833
3740
3411
43
1825
147
887
4504
9
2630
3392
1118
3518
3981
3914
1413
4126
1986
2805
2892
3933
694
6
1781
3433
4883
1279
2153
4097
1347
3919
3794
2131
40
1601
4002
235
3434
2361
4928
1496
1191
2548
1510
4346
4737
998
655
4270
1341
4381
2888
442
827
1795
1502
284
4940
1200
402
1964
4980
3524
567
2661
2689
182
942
27
3421
2619
4403
3523
3505
1919
4156
2467
3412
1327
958
78
2398
2519
165
3204
4255
369
3893
659
242
2135
3387
990
5000
1207
1196
1507
4039
3055
1728
1764
145
1118
2016
1004
149
1366
1395
4383
3165
1326
18
370
4522
3247
3059
3925
595
3273
1308
2642
2998
543
1461
3381
4452
2453
1986
4353
3039
1504
1493
4556
643
4689
1186
605
3264
1047
4937
231
3826
3618
4662
1110
2963
2697
2369
1884
4601
3316
1991
2354
1582
2460
637
1382
3280
2181
1988
3081
2468
4874
562
1220
789
579
3356
757
1299
285
4313
2765
948
1092
2827
3121
754
2590
3631
598
4859
4837
3736
2357
3954
1760
2633
1909
4378
3470
2419
2166
1920
3992
2098
1056
3801
2869
256
35
2446
3363
2471
4939
1636
2366
650
1216
1702
1131
3817
3812
4119
3035
1717
3662
1451
1045
1110
1393
4676
217
687
261
1827
915
529
1592
4798
4573
3185
3165
375
1641
3038
2571
1883
4097
2380
581
4814
3166
4620
708
1211
4005
325
694
3869
392
382
1178
906
181
989
4079
310
2540
2161
2649
4695
4291
3192
3941
633
3665
4790
2447
4125
3935
3845
4636
1872
4468
713
3131
3481
1029
4208
1426
1670
1574
4953
1084
3542
3845
2256
454
1785
2627
3170
4289
3696
329
1117
439
2242
2189
2630
515
440
2234
2283
4597
60
1855
1436
4914
3362
4860
4421
2309
2277
1533
4388
3687
388
4045
1026
934
4870
3885
1902
3455
445
278
294
1020
304
659
4349
3652
576
2904
635
1529
2861
1608
3776
2418
321
305
2338
2795
4551
1068
1822
2028
4582
1399
248
1637
1671
1168
4784
2
1912
3485
622
4698
394
4445
3688
3507
4345
3309
1510
2792
300
3402
4674
4356
4555
4161
99
3834
4673
671
1729
2259
2001
1571
1479
4836
3779
539
761
2538
3108
224
2048
3812
1964
3180
2651
1683
3711
2825
1771
4390
740
14
1016
1690
166
483
3466
2521
451
3803
3465
418
3864
2184
3501
2683
2401
3691
2409
388
3570
64
1199
820
1962
545
4720
3614
4319
3379
4780
4631
3907
2877
1201
828
943
3213
1755
3865
662
2456
20
1666
2149
358
2480
804
2650
328
3669
4860
2862
4053
3061
3048
805
504
1660
1778
1697
2684
577
4134
2454
339
4197
3795
581
1422
3113
1839
4350
1985
354
4496
628
2356
3283
3563
331
2772
1610
4690
4553
1739
3089
1461
2905
3389
859
253
3730
3224
1115
2206
2849
877
1084
1962
3041
1963
2839
4655
4355
2187
3179
3702
3109
3401
2276
4504
1969
3051
2944
4008
1547
1550
4415
4191
1438
2268
4349
1617
4116
2823
2591
1983
4674
1707
1354
1690
4231
863
4868
4336
863
3871
1868
3201
4532
2670
2317
2631
3927
765
2933
324
2334
1313
2574
3239
1524
2605
1664
3545
3590
3982
2501
2960
3946
3630
2094
529
825
2128
2773
425
2711
4335
2851
3229
213
1328
4063
397
1338
4719
68
3911
982
3750
3652
4444
3555
1324
3261
4673
910
2705
3157
4472
2737
2902
1149
3176
379
4114
1547
1875
1160
3914
4238
2723
3139
2433
586
3207
4194
2903
2048
3738
1693
4829
4706
2496
2070
3719
3916
271
752
387
2841
1461
3743
4254
4256
1144
1367
1484
4762
4523
4662
3093
367
3610
4601
1439
1601
2520
3308
444
4471
3842
1293
4045
2412
642
4477
4313
126
1635
4694
3952
1630
2878
1495
921
1147
2090
2857
223
3107
3129
4646
4862
4223
1048
3677
664
4081
45
2064
832
2993
4149
4204
657
404
974
1929
116
4628
3748
4839
1504
711
2466
1956
2383
1002
2168
580
3396
1616
564
1407
2758
837
1642
1463
839
3753
543
4936
1869
465
4770
2167
991
1422
4042
408
1178
4942
3611
504
785
1534
2587
992
3064
2890
4533
1972
2780
638
1551
2316
3844
155
4242
328
3219
4515
4863
4459
871
1805
2768
2753
2929
302
1235
3926
1144
155
843
1459
3192
427
3234
777
1992
4769
1600
4851
3297
1693
1677
1538
987
202
2264
2297
4271
2621
2708
1815
2718
1450
3043
1967
2188
1911
2835
2766
1670
2848
929
3045
1373
1564
291
3810
1048
2720
2186
138
4856
2064
4428
3027
1073
3803
2175
245
1403
3550
1893
2308
1934
2579
2243
4435
3716
3061
4483
3985
2200
21
2066
4185
2623
1343
3799
1914
4054
4652
863
2261
789
1819
3226
1985
454
1085
3216
4011
341
2083
281
4888
3095
4008
3011
1071
411
3996
4146
4520
1382
3444
2442
1805
446
3982
1438
2870
1350
692
1231
500
3016
1657
2153
62
3499
199
1991
2576
2128
3636
4085
3205
190
4941
205
77
4297
189
1076
3985
4850
3800
3674
1653
3772
1830
1259
3787
478
4535
3278
4775
1968
4926
4075
4681
4458
3133
2590
3969
1294
3992
3736
3994
3091
1609
3444
1630
4124
4876
980
2620
4146
129
670
3176
3234
147
4178
166
876
829
3254
1026
2823
4633
1854
3057
1842
3023
2757
562
322
1457
4575
3181
4566
2135
2595
1353
3988
1934
457
4222
3744
146
3529
3211
2843
3836
3405
3378
4317
1956
4198
3361
2286
4860
2618
3916
4673
3134
473
973
850
124
4568
765
2426
4762
4114
1169
1499
1730
213
4699
1238
4565
3961
2734
3699
3415
2194
4730
1024
2673
1825
1929
639
4426
3153
4785
3768
1138
2619
4606
4846
3582
3367
1970
1330
1083
1547
2411
3999
4235
813
3859
4177
2069
2043
1891
3528
1759
2017
1989
2483
705
2401
3578
4461
4653
3881
386
863
1519
4583
3639
3684
4713
1489
1284
2498
3302
1999
3238
3168
4616
3553
4107
4145
4887
3509
4974
1187
2466
2433
2090
1104
1835
3344
569
349
32
733
3802
2169
4570
2436
1747
2675
2169
2106
1743
3418
602
1871
180
4684
1565
1552
2891
3119
4338
169
2074
4816
3310
1081
4743
2554
2809
522
2204
4816
4637
3550
3933
530
3285
2309
4301
430
2780
974
2654
3587
588
3684
317
2587
1348
4005
381
4628
2693
4045
3422
1237
3380
3521
2616
3547
628
1857
287
3351
4360
3185
1247
1070
4199
814
395
3513
3211
733
1973
1547
4883
2290
677
4844
1341
999
4494
3682
2645
4461
4694
3294
3663
3298
3417
183
2002
1549
3174
4215
3179
305
2409
2730
3939
1287
1032
2876
3448
4248
4035
4834
4074
2288
4570
1034
1465
2652
45
4930
2193
995
2246
400
1945
3716
4558
2183
2130
678
1886
1820
3557
1632
2362
2200
3491
4747
4310
2631
3949
85
1073
1249
3307
3204
3619
3627
3709
1333
1445
3320
1855
4009
3256
4387
4305
4734
2860
4659
1170
2214
2422
49
4176
319
4228
4720
750
4278
4062
1569
3361
2062
3195
4634
3084
508
4196
1125
3617
3814
4589
1150
3696
4738
4928
2332
4420
939
250
1126
3441
3205
3241
4612
2149
4008
2009
1607
1894
1324
784
4490
3886
4844
4266
3433
4424
4853
1629
3750
2177
446
1067
4505
536
3840
2736
2165
2055
792
4811
2897
4666
4887
415
4622
2555
4623
1262
104
2286
1020
537
4815
2733
1572
2757
199
2230
4821
147
1897
603
4034
3178
1334
306
3485
1428
543
2306
1238
2520
1710
4717
4445
3342
915
3292
1466
4711
309
1817
3873
3193
1197
4356
2790
4814
1429
1627
3470
4248
2896
2168
283
4814
795
3788
1185
3812
82
2085
2994
4556
2087
814
4811
2405
1794
2363
2430
2219
4354
640
3599
516
103
303
1623
1755
3163
1798
4308
3634
3853
2712
527
1291
3686
1216
2739
803
1667
1198
3143
2577
2684
3144
2625
2404
885
837
1399
3138
500
2649
1551
4713
3426
1875
2810
4020
1602
2389
1499
4589
2586
471
3431
3121
3597
1786
1031
4860
273
3089
3268
4264
2783
3098
1219
2031
484
976
1858
3338
3701
1340
206
3206
2640
3569
3074
4103
2844
3958
3225
4670
2084
1059
1200
4804
3087
1644
1561
1292
4904
4446
2283
4298
3955
1286
2385
1989
4398
487
4398
105
3526
1312
4334
1890
2823
4444
4260
1707
3676
3762
1883
139
1043
625
2048
292
1931
1845
235
1933
2485
1852
2500
2344
3223
2714
394
3544
2091
4003
2864
3398
3776
2109
445
2609
4656
1525
1519
2080
2856
4713
2231
3166
3535
956
4795
3338
540
4760
557
946
3053
3771
1695
4047
4684
4740
101
4528
420
4887
1758
1633
2994
3191
2341
726
4653
1217
4222
1964
1295
4951
447
4891
3947
1416
307
1022
4186
213
4156
831
3749
3848
3347
918
3548
1353
72
1245
3976
212
2339
3794
4775
3265
2072
4355
1278
2835
4051
3619
2612
543
4756
3901
2874
3974
276
4764
2898
4815
3676
4577
3635
1135
395
3789
4965
4121
810
381
2341
4679
4358
1325
978
2450
15
2762
4546
434
800
3187
278
1162
3960
1588
1013
3044
3103
1306
3276
215
1482
1807
3770
3533
4089
4183
4134
3369
3040
2138
895
1231
2490
3410
946
2571
1047
1226
4887
2303
1119
2725
1205
2279
2745
3723
734
1967
3686
3585
4741
994
3475
2496
0
1601
1205
3368
3486
3623
3701
1465
2865
4446
2617
2087
4917
2224
3215
3416
2694
4230
29
1253
2421
3004
759
499
2459
3557
4053
2819
743
1249
2133
3204
4059
3222
2392
1883
2369
2166
3886
4735
1119
3630
1790
2239
3951
3600
1645
4012
3574
2291
707
1043
1364
2565
3582
2202
1071
3015
61
2673
3148
382
2381
2283
4298
4948
4204
4630
86
731
1153
3662
2728
4155
3461
2430
2900
3783
2749
2451
3813
4138
2402
2059
805
1241
3081
2284
1325
383
4489
2800
1222
1275
4644
1397
4306
4086
3933
3938
4565
4678
3596
4321
4206
1128
4292
912
2243
4507
3129
2537
4376
1511
4046
463
137
3032
2037
1498
4573
2972
3717
935
4577
1347
2165
3536
134
2423
1675
4211
3716
3431
1985
3408
344
1676
1003
1822
4224
3138
1627
2820
4188
1764
2707
1451
1757
4800
4208
3080
4972
4662
3536
1175
3556
2958
1559
1561
2371
1994
108
4786
4563
2746
1297
2912
2464
1606
4084
3493
481
268
1730
792
680
253
4864
832
4043
2109
4491
4427
3645
2654
2125
3829
1527
1048
1532
1102
3045
3527
4908
4456
4346
2001
4275
2149
876
1340
2944
4671
244
3170
4888
1551
2126
4122
3670
1603
573
3313
2045
4601
2228
2143
836
2893
2322
1201
2583
2969
2898
665
494
2295
1065
318
3895
317
4333
459
3294
1344
2987
4112
1658
2633
2915
3353
4175
71
2583
4742
3874
4011
1137
1668
3305
195
1711
4199
233
3732
2340
1480
1000
4029
4638
1631
3158
31
3981
4560
244
2969
1115
4609
4238
2918
339
4199
270
1006
1208
1285
627
4069
3146
2769
2640
3476
1680
2432
4546
3611
3608
1671
5000
3326
2697
1514
4076
945
4659
1304
1972
2618
4621
2214
4955
1039
873
4652
4003
860
235
2427
2013
593
302
4951
518
235
2242
4610
4135
1267
3751
2128
1555
4648
1413
4357
3135
1889
244
2784
363
4572
923
1554
4227
1827
2201
3901
1470
4641
2979
3129
2643
2783
4519
579
3031
1018
1935
3897
1870
2805
3715
4752
2431
1528
1404
3065
4567
663
2542
1284
2227
1283
3409
3657
3776
107
2676
1550
3048
4391
2821
2244
2173
1841
1649
2754
492
830
2273
1131
343
4255
4672
3537
392
1379
3294
362
881
4843
1785
4822
4794
4930
526
276
1488
1640
572
2662
3491
1561
4530
3780
3629
2532
1400
3307
1304
28
850
1236
71
804
1827
934
2932
2951
1447
4320
4882
965
4484
4388
3221
2355
914
3209
2411
2182
398
198
785
3002
636
3332
951
107
4179
1343
4669
3743
4178
3585
1825
468
1875
4460
574
579
3525
417
1206
244
3597
4178
3218
1705
2268
787
4735
684
2981
2966
4998
2896
2584
1872
4970
421
1263
4182
3778
2086
1250
3160
2149
4547
1436
3311
2262
1231
3932
255
305
4337
186
1606
1722
3879
2695
2217
4290
4254
333
2565
2354
662
4763
2990
643
3680
3531
4540
3153
3808
1982
2493
3919
3617
1336
1651
2973
2378
1500
2403
2926
3647
3850
3098
955
4920
438
4815
4444
4465
2704
2314
2139
2842
1844
4818
3347
327
1407
4418
2633
1228
3484
2534
4721
238
2411
398
2119
3429
4423
4397
2662
4735
976
1561
608
4161
2790
2086
96
4356
2848
3118
2571
1183
4177
3797
3938
1148
2748
882
2720
2559
2394
2122
27
2068
2012
4775
1333
1202
2232
2667
496
250
631
3186
2500
1060
2581
1667
2681
4043
526
609
473
2164
26
2814
1653
4223
2633
4410
3498
706
582
3679
4950
1621
4509
2010
4185
1836
2503
550
2955
1956
1257
225
1154
3939
127
4694
1728
3012
669
1043
4228
4377
2155
4496
4506
3704
1800
895
2132
1922
2803
595
4291
2500
4134
857
4521
4692
721
1214
2852
79
974
3014
2793
2944
4469
2795
814
3245
2364
254
4361
579
2054
478
1608
2285
4911
3479
4288
258
152
3883
2138
1463
3321
3883
3886
2552
1219
4380
1392
1901
3371
1909
3565
693
3887
3019
4238
3070
4851
3126
3435
3890
4934
3230
4232
4174
3466
3781
4687
4113
858
1871
1167
252
3311
4674
4567
2605
2186
2826
4397
1919
3394
1708
1469
1936
97
4625
3268
4380
1087
2527
4591
3189
94
27
2817
4773
2393
4174
877
1200
3090
3507
853
4548
2730
557
1721
3928
2264
2872
150
1324
1273
870
3225
1815
1909
812
4597
1223
1875
4133
3997
2559
48
2933
3869
1180
2250
1689
1195
1755
4181
1841
4982
4937
3216
3088
2608
1820
1657
387
2823
1785
2320
305
416
3492
3483
671
1588
3681
2747
4259
3664
1417
1727
3737
1656
2285
3660
2387
157
2851
4212
4749
2144
4348
3868
2065
1095
495
3313
12
494
368
4725
1209
3741
1171
3285
326
2891
4130
2421
1364
819
58
949
4182
142
3157
1158
3718
101
4006
671
3121
185
2248
4077
1399
3578
1629
502
1465
418
1873
1759
274
594
468
263
4917
1507
1801
4447
492
2737
2563
1284
3501
204
2175
3067
3886
1417
3626
2622
3699
3249
4013
4342
2241
642
88
3622
1498
204
3884
3748
4312
868
3553
4313
1814
3439
4755
2540
4798
2338
4199
55
2793
828
374
4551
4269
3285
1038
2299
1869
3291
4624
4627
3838
3613
698
2751
4865
771
1034
1808
2028
2297
1490
3807
1429
4703
1353
4192
667
4584
4198
3663
1803
1243
677
4745
3784
945
2060
952
920
1947
3810
4844
66
93
615
391
3548
2231
4878
2258
1842
3879
1968
854
754
2119
2506
3520
4407
4418
3831
121
3239
288
4002
1427
3732
1707
4080
241
1389
2615
3777
2859
4905
2532
4038
761
1782
943
3617
3931
2688
3034
4336
2713
4604
782
459
4213
2449
4740
1772
944
2090
3404
288
4935
2757
4973
3262
2969
4324
4586
2076
547
1686
659
3399
897
3418
300
2757
26
4541
3416
4244
16
1124
2469
4975
2717
3125
3307
4664
1272
1229
4526
1584
4242
1095
2712
1610
727
3334
3574
898
2487
2397
4413
2915
676
4855
2578
1847
4536
618
4140
1901
3503
2391
2998
2355
3844
1103
230
2786
3876
1364
3698
3065
863
1590
1470
2534
3110
4275
4359
2972
2182
4341
2289
2821
3820
1019
3247
4708
839
3493
2830
2726
3632
2829
3294
4830
2227
288
1406
3122
419
49
3584
2171
1396
2186
2289
4262
3591
2141
4164
4919
3979
4531
2428
2280
867
3459
1653
1322
4562
388
4402
84
4016
578
90
1785
1697
1404
3835
3693
5
913
2121
3778
4327
1740
458
906
3803
450
537
1081
1219
2416
4066
3827
4350
430
3353
2295
1112
3642
1698
4936
926
2667
2061
2547
3274
3920
1918
186
1699
343
1885
4747
618
759
422
1851
336
2300
1620
160
1640
4911
1823
4603
2989
604
4559
598
3991
3820
4667
4876
946
851
4001
1071
2903
3514
3216
116
1611
893
4210
2678
2174
4324
802
754
353
3817
2900
1490
4606
3091
4367
4905
2304
1910
1250
2441
3236
3975
648
3542
727
1326
2841
3655
37
3644
4505
1574
1102
3542
2839
4077
989
1037
849
883
2895
2875
1114
3411
4224
4143
745
2283
4354
2239
978
692
1405
553
2389
2781
3991
658
1453
1152
848
4836
470
2258
4560
1404
2205
3179
2324
1564
4113
2011
781
4525
2049
5000
2666
1419
1509
367
1365
2971
2986
1318
779
2742
3917
2492
672
4818
1825
4923
4686
4978
4865
3353
4901
3267
116
3241
757
1630
190
1927
1655
2887
3508
2686
787
2490
3538
2997
1667
3408
509
3472
4188
1044
4075
1833
1781
3040
394
2084
3059
1484
2016
2370
4660
2231
2155
2724
925
3171
1776
2994
714
92
1933
165
1741
1476
445
3015
581
81
3966
2231
2201
2434
4209
1494
2542
519
2542
614
3626
1729
619
4189
2194
582
169
1253
2625
4077
2604
4672
1523
2504
3967
1581
4779
3982
4429
262
2190
2447
732
2682
35
4698
3195
3236
1203
247
4920
295
4728
3906
3873
2064
796
2294
1084
1685
1522
4739
3890
2158
1430
3128
3153
3751
2390
2746
1029
4520
4185
2541
308
1186
583
3163
4183
4891
4636
1794
4665
391
3710
4479
3872
778
3008
3604
1236
525
4545
4457
3155
505
3677
1250
4171
659
1331
378
4257
2727
2080
2442
2250
1174
4004
4731
78
4174
3536
4622
4066
741
2204
2816
3208
4084
4331
35
2194
4659
4736
2277
162
1584
4542
3265
600
372
513
1779
632
1113
3416
1427
1961
1691
2380
3305
1235
1260
4460
3323
4990
4427
2596
2364
709
1537
112
2837
4294
3579
2034
65
3041
2299
3604
4013
237
259
2978
2600
1733
3417
4239
1399
4243
2567
2083
1711
765
1606
4388
246
1496
2892
3192
3205
2762
1527
4142
4784
1969
320
4820
456
2970
2528
2017
243
4407
1883
149
719
1623
2958
309
3926
4262
4560
2691
529
2481
4114
3376
4533
1917
2584
1870
1314
1724
4521
2859
2113
3784
2197
1977
2280
1195
2405
3814
4352
4561
4305
1435
4106
1484
3687
4284
4889
963
1822
1406
1246
2743
2581
69
3032
4915
2667
1293
768
2611
2343
1974
830
622
4320
2390
2211
2604
4444
3933
1257
249
3944
632
1183
777
3255
850
425
3498
4661
4093
747
2573
3928
4804
4412
1181
1573
586
1657
2199
1202
3347
4353
2069
2321
2750
203
4466
1527
1516
648
3269
4727
3183
4964
4841
2843
4163
1116
2539
4879
1604
1236
4568
1303
2386
2636
115
1713
1763
1517
871
1790
1480
4024
4318
3359
1565
3652
12
697
4090
190
3361
1500
1903
3673
1843
4522
4936
2336
1586
2078
4983
744
3142
837
3883
2416
1650
2571
1980
3402
3529
2152
2558
2090
3625
791
3203
4562
4850
2431
474
4454
3607
2972
1159
3120
2767
1499
4085
4768
1879
1251
593
4067
943
164
226
3630
4426
154
1965
1473
2853
926
2894
1024
2134
1616
974
607
1198
1092
553
403
4095
612
3903
2856
1774
3933
4936
1770
399
4243
703
1053
1047
3068
4436
3087
3606
980
614
1900
699
1590
3943
1760
828
2151
407
645
1339
3392
2826
3528
2967
4616
2418
668
2936
2514
4337
1175
2373
2456
1675
3649
4566
1856
4793
4322
638
1010
1155
1229
4539
4072
3516
4768
3098
1327
4255
447
4335
3998
354
382
2757
2548
2769
4389
3670
1672
1701
2088
867
1898
4061
4500
1692
273
2080
1200
4382
1660
1602
2176
2783
1330
2081
2621
879
3920
2319
4921
2079
4729
3623
3318
479
4971
782
227
4736
838
3037
2603
4950
3425
1631
3442
256
4272
2515
3703
4675
3972
2416
3772
12
763
1126
2608
2682
3565
3558
3397
1877
3827
1105
1539
3806
745
790
561
663
4149
1639
3134
3904
4286
2328
4906
4566
2743
4275
5000
4817
245
2870
1223
4032
2463
2337
4648
1584
3021
2591
4018
2422
3136
198
3072
4643
1191
3406
4335
2754
1336
4720
3001
870
4033
4739
894
558
4098
3074
4767
1720
4977
4225
3851
2154
1763
1179
2998
592
1848
1309
2488
4708
4366
3474
791
1258
26
1491
2960
4063
2546
2750
521
1607
1100
1448
1678
1878
2056
3518
102
1591
4978
1597
332
3054
2927
1250
218
2637
4820
378
4087
1808
3000
2114
1564
1762
3924
256
2949
3221
2038
4889
4735
4361
3361
1411
1841
2068
481
2517
2590
2728
1481
4546
2938
1202
2085
3267
1072
2865
4544
4752
4367
3809
1658
4641
2888
150
726
4802
552
3079
1916
1179
4926
2347
3016
1611
4104
5
2053
1424
3582
226
4294
3900
1376
1712
4629
4900
1947
3897
3583
3478
4282
4836
436
909
1515
976
249
1950
2173
2971
1762
1333
2122
1874
4299
4328
611
2558
583
3967
3274
4849
4402
4905
3495
3293
4978
3683
3982
3999
4722
1278
1414
3956
1407
3980
2532
1540
1019
4812
1582
3945
3849
819
4225
4541
4043
2479
2944
2311
4694
6
1947
4355
2473
265
1089
1556
1753
1031
3621
4251
2970
4872
2977
1104
3237
3320
2204
4717
3848
2118
1100
2316
22
4006
2930
2365
512
2058
2677
4101
3173
2176
2645
1685
1329
4824
2230
2286
1564
2076
3969
1786
1954
4521
2617
1319
2750
3174
1226
4277
2499
2192
3864
2462
3452
2591
1488
399
3932
1543
3156
2157
1025
1937
2111
698
645
3874
4070
2603
1317
2304
298
4769
2163
1139
4839
852
392
1462
4559
458
4656
624
135
2816
1798
4895
3597
3633
2250
3785
4102
3207
178
165
879
4303
478
2570
4753
2368
696
2033
2468
3160
2837
1150
4483
1010
4570
4401
2405
725
4672
4777
3946
4309
1211
1332
431
2471
1358
3959
3716
304
4025
4488
3693
4899
627
528
3060
258
4639
3656
1643
527
1664
1713
414
1961
4995
76
3417
4943
3260
1238
3508
2699
2322
1800
1984
4725
4600
3993
1944
149
682
3712
4721
310
229
2062
4504
4745
716
4262
1817
3276
4806
3914
3798
1943
77
3729
862
3065
3355
176
4823
3663
4354
3788
2877
4676
1565
796
3708
4928
1018
3288
457
2403
3712
2944
4500
3488
3087
2379
1956
3449
2434
789
4900
341
1203
1382
963
342
314
2044
3807
2519
626
3881
2454
1059
1823
4932
2481
2153
2691
3455
1047
1312
1484
1891
646
494
2100
4632
4828
803
80
3475
3627
4147
2851
3876
4977
3281
519
223
4953
2641
386
4241
1619
4288
2265
1187
4450
1165
4802
131
3580
744
160
4703
4991
4234
4287
2131
1313
4794
4919
4403
3339
792
1744
4780
3709
4981
396
1074
1797
488
898
1426
535
574
885
1339
925
3698
906
1686
4941
3040
3038
853
1717
855
1619
3015
3688
4568
37
223
43
3734
3825
3440
3441
3987
687
4212
1239
2412
4196
1114
1615
4712
4043
317
4016
4514
2515
3066
203
1066
386
1695
3542
1763
4736
2759
3024
1009
3240
1168
4548
1171
3064
961
2929
405
3646
1280
3579
2326
3476
3547
1063
4743
2145
3735
3481
4149
1288
2991
1004
1336
3157
546
1327
235
4341
1829
2312
1820
1241
4705
4964
740
3227
1648
1298
3793
1347
1185
3862
4408
4479
3797
3347
29
2152
430
4759
2572
3214
2716
367
4137
3681
2306
2480
951
11
354
2630
2565
1518
2157
1495
1658
242
62
2771
2250
1981
2837
231
3569
1974
1617
145
4920
709
4742
3268
1979
3838
3505
1421
3368
3933
1646
3100
2748
1223
108
4168
186
4395
4857
349
3039
4619
896
1135
4892
931
785
3580
801
3594
3070
475
4776
361
2885
2249
426
4868
4873
121
1161
4793
3494
4837
2170
964
3766
3500
436
4585
3732
3746
431
4934
4392
53
968
4982
3555
1186
2906
2974
1629
3972
3294
2377
3072
3559
3915
4133
2138
4187
375
3790
4682
1808
4253
2933
1092
4050
2887
3292
3125
1171
3007
4153
2895
1720
690
4689
1942
3949
2303
794
1220
2080
2804
2205
4951
1406
2080
1907
4191
3445
80
292
4434
2385
422
4750
1944
3944
1
3232
2611
1339
4245
4792
1625
1871
3643
2083
2461
2437
4650
4576
3946
332
3190
2472
1205
4927
207
3360
3368
3829
4695
3231
4267
2071
3867
3154
727
4835
4029
825
3224
1647
955
3453
4912
124
779
1646
2350
701
2183
4914
4864
4309
1148
2832
4955
3803
4468
1116
3280
302
4745
4284
1997
1339
3107
4346
2631
4729
487
64
1685
2575
383
2489
1575
4370
749
3249
1635
50
821
972
723
4669
3123
519
1866
4145
4323
392
4024
1212
3327
4710
4381
4020
4502
698
2505
899
3842
1605
1994
4183
2863
4073
4241
1482
4679
4389
4819
404
965
772
3284
3723
69
217
3146
4043
1776
3273
4618
2558
3976
3691
632
3589
3473
3357
3768
1439
4171
1927
444
896
1885
1615
2698
1255
712
2736
4655
2922
1478
3957
3181
2344
3708
4445
1178
367
3435
1636
4548
4324
2967
4030
4390
4989
1717
3300
1636
3233
1548
3114
497
4840
69
1224
1482
1181
120
3522
3250
1195
3987
3290
4347
1147
3194
2032
3310
713
3095
3160
4494
1318
4144
1503
3806
4581
1073
1405
4854
4950
4373
3065
2529
2424
460
3697
245
124
154
2657
1321
1025
4098
1659
1916
4837
3235
2596
4991
360
4658
1947
2617
4835
1792
922
3963
4323
2837
747
3249
3412
2425
1254
4125
4262
4027
2816
3028
2176
4815
4795
2448
4872
3372
3509
3896
3006
4216
2428
2783
4391
2843
324
2033
3288
2799
54
3442
4487
2181
3947
1223
2739
2073
4942
4340
2443
3582
1282
95
3289
2286
1642
1643
1896
4941
1733
3784
2782
4264
2140
825
1443
4725
2014
2289
2150
2431
3605
3688
2343
1228
1585
3330
752
1176
3092
601
610
1798
475
830
1392
1820
3379
3845
918
1343
1694
2323
2647
653
4491
1111
3228
2656
1883
366
3065
3549
872
4968
1373
4824
3913
4562
3798
99
4497
3934
1645
154
2920
4622
680
2177
253
2923
783
4559
3888
4426
4542
2221
316
787
4486
4846
1015
4779
150
4876
2862
2913
1478
4883
2971
4456
961
1224
2755
4018
2494
4251
3461
98
1509
4806
2166
843
437
87
2689
263
1396
420
3130
2938
3118
3869
3009
2460
799
1806
1600
2514
2039
2303
3406
1581
3051
4577
4405
1360
1115
4026
4933
4225
977
178
1999
3891
3446
4374
1235
4397
2166
4825
4561
3108
2245
1653
4019
1562
75
3254
243
88
3097
3548
2979
2320
2185
2561
2194
1983
2359
1220
297
4435
4720
3029
343
3962
883
3344
481
204
2987
151
4961
1819
1617
2024
1802
4990
4147
266
2121
4199
3778
4075
2775
3039
4856
2893
3279
58
529
164
921
539
4385
4311
2776
4406
1426
1603
3323
1116
1759
2684
420
89
380
4109
4045
1356
2866
2148
4104
4161
4561
2513
3565
1582
4080
2428
4299
1097
357
3073
77
1475
1331
1292
3854
434
2704
4740
1785
4567
310
2533
4189
1593
1860
3092
2042
4115
4119
2832
3209
3669
1501
1566
1976
1223
2474
1044
1474
114
1929
2067
3101
2320
4274
791
94
790
397
1653
4603
3401
344
4136
1777
3314
1842
1838
4114
3970
3701
4898
2511
1748
2167
1811
4600
3531
1722
2593
3418
3787
3794
1891
3397
2342
2966
1658
3438
2388
2349
3180
3861
1852
3583
4895
1575
3728
3398
2041
4204
3648
2212
471
1199
1019
3188
318
2154
984
280
936
1351
1923
1937
2934
3494
755
3163
4815
3634
4664
2536
2706
2570
3678
4625
2493
1256
90
2000
4978
1979
3413
1387
519
476
3164
4897
1580
3607
3756
2295
3429
2442
4380
1963
3478
2520
1848
1068
3425
3943
2644
4074
2241
4335
4715
2417
1690
912
4807
119
441
2942
3451
1013
2260
2200
1218
506
3881
1481
2765
4015
2828
3919
1565
4448
4190
2622
2288
2960
3659
1208
1975
3152
1278
1050
4810
2047
556
3829
307
1885
1540
1410
3806
1831
882
3831
4449
751
3373
244
2381
2117
1131
144
3396
3039
2335
1295
2763
2597
3436
645
2242
1851
2806
292
4464
1471
4687
374
966
3767
1957
1766
1427
1619
3011
4305
1220
2060
3179
1590
329
2115
4378
3111
1601
566
2117
2377
3843
3859
1028
2882
4064
4858
2760
4476
681
4492
3601
4869
2929
78
1975
4180
4958
233
1088
640
3109
1492
1282
2057
1082
1495
2847
3927
475
2004
4769
3094
4320
67
1533
2682
142
1067
2921
1255
4984
4619
2346
557
4517
864
1018
3771
1354
1227
2025
4289
2923
4033
1552
3116
3610
1762
3631
1710
2400
3140
2503
3775
3038
1973
3179
4670
3857
879
135
629
3125
480
3599
3813
4427
4333
652
4550
4835
3078
4818
3521
1028
1959
3306
2356
3356
4682
3188
1382
3178
1149
4867
325
261
487
630
2167
4630
3666
1298
3750
644
3665
1583
3727
1179
4435
506
1816
4972
4718
320
2017
1130
2242
2463
2208
394
31
1008
1704
250
424
851
1618
1486
3068
2269
2858
3866
1983
1412
4245
2565
1185
737
1116
526
784
868
3610
1761
3026
278
1650
1779
4702
4054
288
2223
2788
105
1209
3777
1566
2239
1631
3267
2281
3468
3853
1493
3800
1125
1884
625
656
3310
2750
2403
3238
4776
1082
285
2693
1744
1882
2033
4838
3809
2062
1939
636
1308
3201
2437
4911
1824
3995
2199
2917
3916
1871
1654
3638
1217
1839
3181
461
4873
4107
2407
1528
4510
3836
4100
2822
3421
3080
2167
1139
4264
3485
1918
1464
258
117
4917
3329
2136
1899
375
2367
833
4309
4168
657
1058
1025
910
2272
3354
361
321
1109
3487
1575
2295
4302
1425
4938
2412
752
1797
2568
4426
2711
4942
2984
3591
4062
2086
798
3374
2638
3823
3449
4946
2943
2210
1324
107
4850
1933
4599
3321
2483
1762
4801
53
2692
4437
4118
3798
3689
3937
4661
300
1921
2951
4841
3069
1321
33
2106
594
2641
789
4054
2225
2746
4299
848
718
758
2192
3222
1345
1578
3993
604
3991
4113
9
2195
2593
377
4679
4966
1297
2907
723
2920
3779
3594
363
3631
792
1161
4325
942
4912
339
1044
2891
2864
3440
647
1241
3209
2580
2900
2076
17
2693
3735
1691
222
843
4882
3160
3222
3654
3461
3426
3070
3919
3033
2536
455
4631
381
3034
4738
1780
2753
175
3098
3547
1450
4875
4893
2905
4250
1351
4115
343
2109
1759
756
3185
406
2337
4482
749
250
2494
1436
1099
1588
3385
2468
903
3999
4142
4376
4041
3589
3510
2000
599
2354
2786
3811
4114
1005
3547
3335
4428
10
3515
4546
2581
1298
3573
3809
275
1541
4620
4223
4418
2120
3016
894
3835
1014
2339
4108
4175
4987
3273
279
3610
528
2948
1423
3810
2230
3114
385
4845
1487
1178
4743
529
4028
799
976
3621
3385
3718
4279
4222
720
2670
820
3420
340
1939
4060
3593
3421
1853
1322
90
4092
2122
3385
548
4577
906
4686
4424
3396
916
3722
1042
4491
2674
2080
4576
2641
1040
4584
3928
4955
3987
1964
447
4512
1549
3228
2752
1093
3281
3843
1985
1830
4438
957
4336
1132
1058
2874
222
805
1130
99
211
1493
74
3377
1862
281
3025
1351
527
4311
3295
4779
395
2
793
663
271
3425
1342
3233
428
2089
4850
4043
2623
529
1483
132
744
4903
345
2918
1684
3958
3338
3671
3072
3374
2398
2678
1917
851
3237
531
4491
2507
3018
1038
4576
1296
105
1736
1896
4988
1278
1832
4320
4556
2362
2882
4044
342
515
1225
3551
3859
2016
1583
19
2354
1277
546
1609
1343
4798
4676
2850
2497
4123
2653
627
631
276
1359
4363
1573
4464
3420
2257
4879
1671
3535
3326
2423
365
386
3290
4305
2833
2638
3118
1203
1811
1003
432
1860
381
3168
1560
2311
1220
3489
1669
3448
4283
2742
406
1427
4816
1624
3656
4388
1930
4542
4200
4885
3128
3885
1027
1933
2590
1072
478
4992
2266
51
4199
4975
1472
2018
3801
2372
2626
4026
4456
2572
3101
1673
4920
4978
4310
1110
2680
3903
4166
172
1921
1004
4474
2367
2026
2635
1731
4436
4508
286
4556
1737
4221
1817
1278
277
2167
3328
328
2501
69
1813
1306
3814
1521
225
895
209
4721
4964
845
3964
3313
2905
1174
3482
1999
2305
974
1770
2369
4937
806
641
3135
3333
530
3793
398
3711
2006
4801
3820
1833
1241
3095
3457
1141
2605
342
4484
3497
2275
561
3999
2990
1638
104
3470
2688
1051
2138
140
3735
2942
4519
4572
4729
1406
914
2085
3569
3621
4744
582
265
3623
265
1604
936
3577
3247
1981
2256
3240
4606
1479
3709
1801
2327
1378
968
496
600
2995
1227
3162
3331
4549
4211
4992
2373
2274
4375
2365
4897
354
3509
3428
159
842
2167
75
1147
524
3506
3272
368
1266
1710
4727
4777
4273
3054
1834
1160
3695
1234
1699
2643
1489
2153
1211
4206
4220
3119
4033
2761
3456
1952
3807
3238
2240
3557
1007
4206
2354
3647
3361
2575
4769
4601
4582
1013
2416
3134
4822
4837
2936
2359
4806
3524
502
2525
3261
445
4399
1086
507
1249
107
1434
2871
1882
1938
2533
3226
4170
2587
2549
2747
920
2242
2138
3052
3487
1458
3109
2887
435
4511
4063
3138
2831
2261
3692
3261
537
1490
3917
3138
4491
4187
490
2938
2541
3749
1995
3371
3789
4486
2572
4140
3811
22
3543
3587
4703
3540
3388
1935
2816
534
1812
1900
2427
3681
808
347
3693
3123
351
2132
4867
24
873
2286
905
2428
2024
928
3316
1187
4503
319
1255
896
3491
2601
2047
4990
484
2406
2447
851
718
706
2537
3880
3811
2346
294
3951
1622
4884
3130
3960
3935
4347
3713
942
2807
1985
3426
4061
1943
4815
2789
2107
4937
517
941
597
4736
274
2279
292
4435
2006
818
27
880
3535
2789
57
2033
4909
2009
3507
2198
2941
3846
3476
1805
4882
1114
1578
89
1057
3649
2759
995
1108
1840
513
3681
3258
695
1520
1242
2287
2416
2653
105
2346
2842
2546
4882
4438
1156
4838
682
112
660
2120
253
2742
1982
2162
2948
156
3847
814
4232
1164
1749
4324
3119
1901
4129
1242
904
4534
1093
1687
1506
2634
3982
3690
919
893
2437
2494
3868
2805
1351
4976
3297
1895
791
2258
370
1573
4770
2609
2842
4322
3825
1
3223
1365
4899
966
660
3957
2203
1567
3992
3193
2021
1948
3886
3758
2501
4218
3630
4715
3528
1001
2892
832
1764
1955
3341
1559
421
2802
2906
3531
267
3706
1882
3002
4818
963
3258
3666
4256
385
4606
4061
894
909
2767
3293
4021
634
4985
4606
1804
2321
3389
3023
2610
2493
783
1882
2285
3103
1416
4748
1210
2176
2324
1979
96
3864
3497
3662
1774
924
3637
2377
3778
3320
1994
1183
107
2537
3094
921
3083
3678
1420
1474
4054
991
2096
773
1271
3878
143
1499
4702
2739
927
678
501
2966
3978
1404
4787
3238
2259
1587
1792
4824
971
165
4863
2039
3216
2369
4393
3777
4113
4742
640
1461
4150
4218
2118
1150
3200
3330
1550
4544
2331
3223
3205
3975
90
436
4871
3838
3508
4225
2031
2067
776
1568
811
3010
856
4988
1291
1376
894
4309
253
2191
135
1027
974
127
1299
3951
232
3897
2707
3859
3918
4648
1529
2264
3657
4056
4528
359
1096
2763
2212
4377
1883
1382
900
2029
3486
267
2590
1249
78
3165
1734
3015
619
4337
1365
3697
750
2593
229
2549
2555
295
3066
545
4056
78
1228
829
3668
2677
3862
239
3436
865
3874
551
280
2192
4700
3246
2242
2695
3656
4465
4515
4050
3910
3869
1781
4899
2323
1000
4600
635
2432
999
4156
3557
684
1731
2377
1801
1988
2907
3262
168
4286
1411
459
2620
107
2240
50
2735
4518
3794
4600
416
2143
2407
4786
2103
4453
2921
3170
3779
77
3272
601
239
3283
4421
1880
336
3634
3634
283
1405
2617
4859
2244
682
4549
911
1805
3998
931
664
4526
72
4251
1066
1064
647
12
1354
4611
4899
1773
3654
488
4574
240
4312
3093
794
2798
3415
2484
2336
1306
2380
1757
1459
3929
863
142
1939
4234
3832
2925
4060
4956
4895
4153
3936
4735
306
4728
2712
3385
810
4745
2282
845
1442
603
3471
3473
3769
3891
1515
2774
1203
70
1370
3961
1294
249
3918
735
1654
2833
2613
387
445
899
2930
1132
2979
3600
4296
3431
1835
1373
873
3477
4651
3567
46
4630
280
4134
1869
3517
2262
1959
390
440
4654
1800
2119
4090
2178
1410
466
2200
376
1935
1267
4938
1609
3767
1691
2688
2379
4495
280
772
967
3233
685
4170
4498
1027
185
3166
4027
2209
3797
4943
418
2054
4524
1141
4879
4242
3070
1614
1290
3995
3650
1277
4878
4945
1402
2829
3212
2208
1983
3480
1276
3698
2400
4368
812
3247
2295
502
2958
4918
652
3488
4792
3094
2288
4285
1771
2287
3522
2492
89
3517
307
4519
4802
1283
933
2237
4559
4951
3021
1551
3860
2571
1196
324
4931
191
1661
2755
805
4466
392
3199
3613
4506
1962
554
1840
1569
1756
2765
4508
4241
485
908
3788
311
1995
4611
3967
4304
3985
4011
455
2132
2787
2912
738
4197
162
4642
2443
1318
3074
2507
43
2637
1583
2412
2287
4867
3919
4219
3851
2884
649
270
499
2475
2083
2649
4543
799
1702
4301
560
952
1822
722
2618
3500
1474
127
1773
1290
1256
3221
3829
2914
2003
4297
4709
4630
172
1931
1667
1440
2348
194
598
4103
283
4077
86
2647
4184
1345
4679
3842
3703
2479
1296
186
1486
4677
1227
3540
1403
1497
4431
3029
4472
4213
4972
1738
1708
731
3211
4168
983
675
3664
3245
2432
1740
2669
4584
758
4791
81
1342
1432
267
4950
1100
1622
4134
1222
798
674
308
4317
4611
1004
3737
1152
2076
443
1005
3368
2652
1939
2428
420
2188
2704
1111
2385
2514
2241
1015
339
1799
3611
2443
1478
4192
73
3433
4140
125
3361
2298
3182
1000
1208
3833
1381
4984
1366
416
2064
4933
2887
1204
1314
3178
2835
3733
3622
4579
4151
4392
1276
3986
3975
804
2641
1590
8
1868
1022
4092
2983
846
1031
3967
2897
2286
378
4620
612
1935
4554
2581
3517
2942
3527
2122
1237
3997
2838
3249
1882
4980
827
3533
2237
2703
3146
4070
4503
2592
3287
3410
4464
2556
99
914
505
2177
665
4291
269
757
2250
4024
1608
3278
48
4299
2559
4990
2977
9
3760
2339
1991
3782
3452
953
4700
1901
164
3376
1116
1377
187
1679
3681
2024
2023
4716
3732
382
3668
4507
1023
3315
2056
52
4334
2101
2998
2809
4153
3574
2136
2151
4654
1068
1940
3935
428
1952
2055
1597
4556
1939
2827
3969
1825
4833
1475
3572
98
1194
1623
3602
921
3980
1534
4168
3226
3688
3909
1322
3470
170
644
649
17
2956
1503
938
2249
2406
4998
4320
677
3267
2601
1275
249
3317
4801
1309
3331
4863
1506
3946
1863
979
4409
2712
373
2960
1255
2500
66
1309
2444
2811
3417
4456
2553
4313
917
4722
3722
3779
3491
2585
1173
4102
3963
1312
3749
4804
2965
4618
3659
4461
1793
4807
3256
2675
1585
3872
4298
307
2813
59
3028
4376
4024
779
3068
2198
1851
3780
3186
3521
3679
2010
377
4459
2513
4421
2822
2231
1035
3480
3995
3287
4084
3024
689
2101
3450
4151
1085
1344
3824
590
1108
4473
727
4543
404
2697
1843
1579
345
4375
2555
613
2951
3106
4434
4719
3691
3261
645
1642
3745
4112
4438
3340
4242
4852
3940
3173
4447
2650
710
1895
4913
3716
2420
953
2037
918
254
453
403
3002
1506
3109
1813
2740
775
3538
3513
1064
2526
4018
1503
2705
4101
2866
2081
4520
870
1247
4583
246
961
554
3997
28
3098
4664
484
3943
1669
871
1506
1445
535
371
4714
3771
4174
1118
3457
2246
4261
2205
2972
953
837
969
4742
3802
312
2603
986
3659
3601
2987
2705
1271
1142
4816
484
501
2613
167
216
248
2552
3669
3298
2535
1388
3041
2062
3403
4949
479
1209
1882
1815
4020
4244
3511
4499
2017
2347
4759
3293
1134
1752
167
1918
3893
4776
1668
289
1338
4451
4924
4401
2319
1564
2334
181
1439
4627
2011
3710
1002
4499
4920
37
293
4499
249
392
2030
286
3400
4686
4802
3089
375
488
4697
251
2108
2793
8
3027
4008
1244
4287
1304
975
282
3194
1387
4880
2049
1180
1845
311
3542
4171
1437
3549
3591
1556
944
2864
1223
2620
3268
4035
1043
3407
4063
3034
2743
2969
2668
3398
2398
26
3441
2900
1508
889
2285
3504
2016
2810
1136
90
782
93
4306
3097
1434
1871
1564
2546
412
2759
2508
2704
52
2045
736
2809
4489
4771
2547
2156
1817
357
4046
2940
3818
3490
1803
3426
951
3363
2503
2747
2392
1010
778
3088
387
4539
3000
142
2634
3273
1942
2799
1339
3525
645
2451
1790
2908
2522
3203
479
4544
4666
4445
2274
2805
4503
2409
857
583
1003
1507
2282
4937
2680
4623
2437
2457
3122
4336
4043
3427
2817
3017
2068
3524
3590
4262
3928
4544
1738
872
2855
2242
2515
2121
813
3265
2123
143
4159
2797
3330
1006
491
682
1914
3225
4302
2578
4477
1969
2878
1449
753
726
2665
4845
1725
792
1151
907
668
2569
2742
3642
3997
1529
4455
1357
2613
4464
2239
466
762
2297
3434
2062
2161
4720
1035
3885
1820
543
658
4820
1119
1914
1145
693
4089
124
4387
1308
2852
1322
4469
4034
4051
2304
3351
760
4642
2287
3735
4954
4450
580
1992
4622
618
1790
3083
2763
673
4743
3672
1801
3614
1751
2934
861
1408
2507
2328
96
3577
1643
3366
3909
1694
2548
900
356
4918
671
1085
1702
3940
274
3487
4593
2965
1040
1143
2477
1907
3988
1403
3966
1045
897
2409
3619
3341
4231
1491
2880
2603
1570
2261
1742
2312
4142
1576
1529
155
803
2045
243
1216
548
1830
4689
2050
731
2435
4533
22
457
445
3334
4278
3477
184
4885
739
3369
2739
1369
447
3696
1194
585
1065
3594
842
2856
470
4899
443
1613
3092
499
521
2538
4641
1918
4754
2040
4967
4684
2943
1929
817
3912
794
4332
4317
290
817
2848
3984
3711
771
4861
940
2728
2675
258
1954
3355
3
4771
4908
4551
224
3863
2372
2174
4634
969
3706
4949
80
2305
1693
1511
4926
4029
2664
576
1660
4202
4480
3867
3857
3054
1131
880
2428
668
3984
2023
4506
3625
629
4603
3065
1303
2376
2055
1659
1713
2011
2651
3302
3411
4457
4725
45
4238
3828
3734
2326
2030
4148
3026
4684
1501
3988
2485
2604
2990
3824
4040
265
3352
3683
952
435
3836
4937
4035
2648
3448
1600
2773
2415
2120
3905
4936
2870
989
1892
4050
562
2230
892
2346
2321
4371
2639
2174
3340
4717
509
3213
3602
388
3942
613
2294
2126
978
99
1529
3618
4143
598
3541
2652
4247
2705
3328
3832
3668
2918
2839
2989
4330
2549
1012
3849
4893
1217
3458
637
895
611
2010
2263
2209
4552
1368
4342
412
164
2407
1479
3451
4902
660
1455
1223
4479
4808
2049
4594
2927
4884
1222
293
3125
2316
1603
1402
3889
3935
1531
3601
603
617
3094
2245
4791
2433
2293
1531
4469
802
3112
3635
4715
4967
94
2718
3871
5000
1481
4043
1026
65
178
3109
4725
1982
3082
1572
509
1805
1933
835
4260
1255
865
1883
2468
1158
2348
94
3334
2500
1653
2311
3272
3422
2806
4395
4299
2200
4016
4763
3064
737
1121
2996
4871
952
8
2622
4783
3042
948
863
3776
321
3613
1417
4433
2281
4195
3983
4721
4274
4836
2915
1393
4874
2077
3728
5000
3698
3469
2870
2087
4976
2846
385
4944
1872
2259
1879
1335
2522
274
4613
4228
2387
3621
3087
3485
3603
3639
3511
929
3941
2010
1258
398
1774
4016
1268
2333
2527
193
3527
697
4180
4372
3923
2920
3536
4606
1841
4049
1609
2264
4181
4729
4483
4438
4514
356
842
1486
1225
3051
2623
1838
3386
823
1417
1333
4202
404
2267
1234
1529
734
3075
2512
2856
3540
230
507
790
3058
4276
4192
1866
2855
1774
4231
3749
1420
2752
2670
2354
3206
3243
4395
2895
1266
2312
355
199
531
187
4962
1142
2988
11
1732
839
1659
4285
3857
3110
408
4717
3722
4766
1897
4512
2897
3611
4912
1613
4196
4815
1599
2665
337
211
1010
4188
4156
2573
53
941
1044
139
1076
4041
1756
3668
1199
2294
289
1728
4577
1677
4382
2545
1073
4113
1990
3898
3334
974
2031
4818
3218
4840
40
2829
3587
3448
1604
3561
1493
3277
1398
2870
2746
1787
3477
4307
4154
1189
3142
4752
2720
1732
2550
4212
237
2215
832
1575
4771
1005
1947
3048
2604
879
1658
583
1206
1593
1202
496
3088
628
454
604
4956
3335
1277
1237
642
247
1209
222
4627
2580
3267
3523
380
3158
1231
249
2448
1459
427
1792
3333
315
2482
418
460
159
4435
452
3380
2131
1527
487
93
3205
1776
163
3376
4351
3139
1461
1462
3812
1582
3402
3537
4625
1805
311
1991
4727
2390
1111
923
2960
2556
2355
616
3470
3757
4451
4903
2697
3786
2352
3848
3613
3126
3847
2864
4987
69
1902
2243
705
1303
2459
3198
4310
3110
1401
4578
595
186
4440
2268
503
2767
4480
864
1156
133
3665
502
30
2854
2671
4778
1772
109
363
3812
2746
3559
3044
1831
4409
3262
2398
2707
1158
3532
3564
2236
465
1927
272
535
776
2294
2157
3641
900
3465
2305
4090
2155
589
3131
2960
4786
1320
1782
57
480
4393
102
3162
4223
467
1686
962
1408
4413
543
2914
4828
1356
863
4785
537
1752
2206
1719
3355
1592
894
2045
709
1138
1073
658
1130
232
4553
4722
4706
19
1134
2081
80
1406
311
4027
4918
1661
1431
4447
966
3842
831
4385
1264
730
1958
930
643
3792
1246
1235
503
2591
897
2387
2795
3551
1820
2434
4274
416
3013
4187
3830
981
2841
3662
355
3232
127
4529
4780
4259
3099
4082
3553
3970
787
4428
817
1008
1029
3495
1221
3281
3466
2857
4638
3125
1232
1229
3532
3451
1725
401
2782
2020
2752
3336
1263
1102
2345
4421
3863
373
4579
2099
2823
2813
662
1086
4675
3707
3846
196
3225
2536
3765
1783
855
3024
4152
2718
2205
2896
2858
2915
2451
885
2832
3254
701
585
2909
4166
948
32
13
2209
3409
1153
723
3506
3783
1165
4377
1640
4882
926
831
2648
1997
2213
1098
199
1895
2234
4422
875
4483
968
3705
4274
1189
1360
2208
832
3924
3424
2219
1681
1210
2113
4209
1026
4222
4630
4109
3334
4626
591
2945
4667
730
4574
4443
39
2089
4976
3386
2555
1350
4987
1507
925
2921
4753
1360
2967
1381
4603
4144
3334
3620
1772
912
4
1250
1357
2433
3519
1909
1510
2539
2410
1622
315
2621
2846
1262
1481
4543
3585
2359
2631
2036
2541
2104
1404
1044
4274
3227
2947
2692
2111
587
1285
3730
2114
1004
3820
3600
1145
3477
2943
497
2455
3944
2507
4270
2329
2627
4172
4381
5000
2992
4272
3791
1858
4696
1102
2567
1898
380
1992
3666
1095
3777
795
4935
988
79
131
133
4526
3076
504
2736
3775
4475
4266
1260
2099
2279
4124
3615
3711
4251
2653
4187
1410
3660
1963
3486
582
880
2940
1599
1189
1427
1072
1129
4631
579
2238
160
3691
2643
4038
253
2885
3432
1795
414
373
135
455
1670
657
1987
1288
999
361
2874
3573
3818
2841
246
3663
3246
96
3712
3365
338
717
172
3498
3992
1918
4391
3943
4876
338
1885
3114
862
3221
3438
4923
2476
89
866
3464
382
2094
273
3286
1672
3957
782
364
4691
2471
1812
1088
209
1384
1680
3748
3523
26
4939
235
962
935
3728
2232
42
3252
2057
4243
739
3193
4057
404
4436
958
1000
1564
3770
623
1599
3276
2391
1932
4858
789
4396
4623
1222
2440
1167
4687
1068
4465
2501
4772
4637
1688
2925
739
959
4871
3157
1255
1333
2961
3595
1329
2190
3494
4520
3685
1488
4856
4972
1473
2297
4014
3086
1446
2782
3801
1789
4843
760
1493
1031
4191
2478
4120
1297
4456
2155
4647
2808
3461
2344
821
2649
3637
2921
657
2808
4738
3122
4964
2677
2034
2626
1269
4529
2973
4701
94
2782
1842
1789
2351
65
2727
212
2689
4881
4408
3808
790
2745
447
3602
4603
4793
3109
2183
1227
3458
2214
1996
2196
227
1828
2200
3600
4089
622
1724
1911
4962
4463
2179
1954
4719
449
2766
1679
164
1868
4425
4813
993
1262
656
2973
68
3859
2339
2812
3878
922
4115
1204
4300
641
1717
4349
4878
4716
546
710
3323
4736
1937
1110
1005
4470
91
3661
793
3454
1291
1775
4039
3464
3845
276
218
2837
626
2361
2213
3097
1657
746
885
531
2907
2383
2095
3491
3947
2930
3071
4278
1702
3421
853
4836
3362
4976
4895
308
1380
1148
2015
1328
3029
2825
896
1721
3370
1234
3705
1316
1390
1838
2735
2902
4753
1219
1053
457
4621
4081
3955
1280
2282
1363
545
2831
3176
293
3726
3898
1752
2802
2381
564
239
4714
3609
3201
2270
4943
597
3032
4458
4913
1976
3279
679
4743
2144
2463
2824
2271
2288
1395
3216
1994
1490
889
3588
839
564
663
1661
4236
522
4484
1877
4082
3315
4428
1913
4825
4400
599
3750
985
3223
4990
2573
4923
2474
792
1807
3731
772
1387
282
1222
676
857
2676
1364
1938
3895
2443
510
4895
3705
2538
3883
1842
53
3380
3493
4470
3167
3316
3739
4620
2191
4915
1348
2398
1569
2874
256
2366
4520
420
3763
3968
2505
4747
3648
677
4833
4216
2407
834
4238
1171
1493
4855
3899
4507
1853
15
4882
3975
3096
4808
4960
2529
2974
3962
2412
1115
4537
4205
2880
3329
4456
414
642
704
1359
4080
4143
4368
3491
4058
4690
2064
1983
215
3982
3085
2778
3876
822
4519
4465
2240
3464
508
4023
406
4717
4630
748
3479
3994
2086
1968
2168
1610
372
2039
1903
2120
4594
2611
1497
1748
450
2967
4749
1443
2652
312
1998
3902
3033
635
4372
4640
2486
718
1700
788
4334
2052
3783
664
979
188
2133
857
2268
966
2514
892
2621
2987
2115
3434
3051
4066
863
2682
3691
1898
3865
2263
3131
4361
4818
2307
81
1717
4263
3182
1010
3492
1821
3059
3835
4508
3142
4403
3322
1009
2040
4201
3388
3833
2862
2158
2807
1804
3710
4040
3208
4679
3806
1694
631
2226
4042
3963
2728
88
3036
4077
1269
253
269
4151
3153
754
2537
461
4721
1381
517
1030
1838
3078
2168
1755
2134
1483
1821
3570
529
3213
726
4856
131
3442
374
3744
3726
1052
2128
2990
760
530
44
1458
3242
2056
2835
1673
228
1189
4124
1959
1932
768
863
1965
2174
4543
3861
1408
3958
3805
2367
1824
3151
1751
3911
4697
1203
3843
628
2983
1326
3896
1427
4786
3964
2826
3905
70
3694
4166
4759
1392
1559
3904
3060
2927
1949
2483
3802
2442
968
2738
3298
1678
3719
2237
1775
2568
4715
1800
4293
277
1545
3771
4873
3018
63
3922
3367
4211
4522
1455
3550
4766
4
270
2179
4837
227
2114
2075
899
2242
2332
2808
834
1207
2730
4838
3211
4274
3915
1408
2841
3068
4189
956
2351
330
4175
1637
2988
1281
672
4346
71
2947
1187
4149
4762
3940
4249
346
3417
558
3038
3663
1490
4489
4802
480
4736
1891
3613
4508
596
3794
1227
3328
467
2588
2910
1641
4272
4249
724
543
3897
4804
274
3035
1556
2494
3718
3324
3242
2427
581
4346
3838
1004
1675
3431
772
540
3126
4594
3533
4409
2304
4030
1758
2500
2644
4879
3649
653
1982
4779
2120
4621
4860
1918
3792
804
4372
930
929
1118
3006
405
817
2893
1300
2266
3247
4965
397
3326
4069
124
3205
2903
3862
3117
805
1236
2425
1907
119
3358
3086
2235
3121
3281
320
3152
4579
605
4112
4898
3438
652
103
2414
1852
327
3230
1915
697
1637
3316
2921
869
1089
4212
1830
1426
4277
4012
305
928
1133
4759
4683
405
3171
3637
350
2955
2562
7
3061
1896
4017
1016
2802
4913
1908
1011
1512
4908
82
4285
1463
984
4669
4398
2890
1771
4109
2017
4140
2117
1951
4157
2616
117
577
577
3867
4587
4368
39
2840
1211
3789
4564
3697
2784
3591
3767
4052
219
1300
4168
1354
1691
3975
1880
2597
1856
4274
2698
2884
3314
1762
2353
3342
3690
2501
202
697
1447
3766
3937
2039
3575
577
795
1547
4048
755
3564
3217
3437
827
3741
2555
3030
3190
3423
3282
4341
857
4907
1006
4219
4246
2048
3893
2920
4309
1533
1439
4493
175
2390
3533
2384
2882
3367
2224
468
4982
2088
3380
2459
1149
1920
4419
2323
1680
788
773
2194
1829
3445
2482
4029
234
2610
4823
1195
3322
139
2241
1635
420
4949
2711
2314
1829
4641
4563
3299
4971
2235
3573
3845
3410
4238
3149
776
2890
4437
622
1499
757
804
965
3311
883
2380
4948
2427
3959
3165
581
1400
259
2696
194
3988
4069
3388
77
3882
3882
4681
2370
1868
2862
589
4709
3085
2627
4037
1168
290
4197
4373
3151
2833
2148
3186
2497
1093
1322
3952
1798
2515
3371
2622
2142
1841
2711
1906
3907
299
492
4519
3637
3562
2552
2473
1158
3907
3119
203
1415
2448
2789
4338
1667
595
1163
3140
4510
3756
4476
4498
1444
3135
1319
2781
3220
192
340
2881
761
535
1241
4893
2163
3126
3320
4843
2215
4723
1939
4462
2277
1735
2590
1858
1147
2060
1076
1911
3852
45
3641
916
1019
2519
4387
232
120
1217
1111
389
1200
2833
1334
3964
518
887
3859
4859
2633
3539
2641
1384
2929
859
844
3642
3205
1989
3197
1870
2379
2254
3531
3795
2008
4792
3177
179
2667
290
4869
3304
4531
271
1589
3964
3441
3099
1167
2564
2855
3556
356
2056
2182
4638
2843
1735
292
2060
3289
4128
4249
3329
2956
4979
190
1994
263
61
429
617
2770
539
3297
3686
432
1589
2818
2546
3412
200
842
4303
1210
1172
4248
1346
2204
3042
2081
4931
3628
4561
2071
3006
3261
3050
3887
1221
2450
389
3121
1578
2378
4777
283
2928
3007
4482
301
2034
4209
4004
1166
2477
1258
3803
1203
1182
4807
2083
809
3206
292
2279
2426
1877
2667
469
2813
2642
3333
392
702
618
2868
3365
1629
3046
4379
4115
1568
3818
2920
2832
3560
1555
1835
830
4591
2391
3471
2897
2496
1902
937
1871
4745
3618
4011
4219
4300
898
1020
1922
4806
1222
2421
4681
3902
1054
140
572
2713
4864
2151
1925
4911
51
4671
4923
1971
1059
2302
1880
2682
3599
2974
4930
4635
2749
3731
1550
582
2026
2851
4724
3619
2128
3598
1891
2431
529
770
2702
3530
3439
4553
835
2484
4734
1969
3972
3277
4601
1961
4016
2060
2265
3568
2046
4946
2911
4358
3108
1503
4939
525
3042
4474
1335
4742
3369
2811
1674
4840
4452
4970
3134
2831
4374
4701
4716
3339
624
3585
3951
2792
350
2258
3822
3913
2648
1677
4960
1612
2805
4165
1657
572
1564
3894
4276
561
4600
4483
3783
49
4524
2407
2718
942
4220
2684
1513
2244
608
3029
3015
1925
171
3349
3181
3329
2398
1924
2318
3092
1233
3228
1584
4779
2592
3779
4278
94
614
3738
4722
2627
4220
2056
3223
308
1443
4310
3521
3964
2159
2531
2834
2899
2694
2899
1792
3482
4997
1356
2648
483
1275
1353
4170
4735
3311
3635
4370
1187
1197
2227
1773
2103
2011
2763
645
4490
4022
2019
587
4702
34
111
1725
4998
3517
2918
1214
2133
2499
937
4599
3751
1357
391
1087
2810
3004
3052
3870
1808
3804
643
2228
3481
4665
847
4795
3268
1218
4287
3408
11
678
1682
3969
3451
3605
309
4778
4709
1121
893
4644
2581
3118
3417
4149
3685
889
520
4214
3342
1798
2576
1850
970
1335
2113
354
3416
3963
3246
1831
38
679
455
1764
2702
2584
1005
887
4734
346
1923
4201
915
407
3091
335
663
588
1182
1490
1929
2903
4865
4256
1866
4532
1944
4625
1635
3478
685
3592
4421
3739
2382
4901
1863
1900
16
4159
2097
2366
1032
1937
4419
3229
4516
1448
4565
4755
1702
1689
4479
4989
310
279
2971
1405
2943
1394
3129
1072
4144
1023
3356
4019
4263
108
3335
2529
2495
2822
2781
39
2844
3822
1556
1341
287
4379
419
4845
3413
4055
471
824
1217
3457
3526
3871
4341
1072
1864
2781
2431
1015
4061
4043
3673
4150
3306
4711
3105
71
2097
1695
1148
4602
1345
2795
4523
770
246
1805
149
3771
1504
1532
848
94
772
2617
3719
4065
2909
3377
2990
1135
3119
1105
2086
2422
118
1597
4266
1162
2718
4915
1053
4418
1834
633
3810
2319
1294
2692
1094
3671
2562
1077
4261
2082
1537
1535
4484
2461
462
4983
517
2923
1272
643
1731
342
1049
4349
365
787
2707
1966
1295
1953
729
4240
3523
2941
3183
4967
778
4833
4323
401
4602
3970
1067
2484
1298
912
1204
867
3980
740
2224
885
1146
3892
3249
4742
3599
3712
1524
3416
1218
1120
3489
4657
372
495
4208
4299
790
4622
1249
3086
2593
4020
2953
2383
1257
2251
4
932
3851
82
2055
485
4194
1011
2338
788
4325
749
4266
3437
942
3558
4200
2922
4964
2356
1792
4071
1683
1618
4841
1211
4996
4215
2771
2745
1867
3078
71
2406
4153
2708
538
3646
4025
1174
2901
4921
1850
3442
3206
867
562
1306
4255
4569
3998
1407
3583
1099
1416
3301
1509
4890
4210
2857
129
158
592
4552
534
2362
1172
2719
3484
1634
3484
3002
2688
1336
2272
1764
3848
4552
120
4669
672
3062
2098
230
2720
235
1654
965
1874
4570
460
823
2940
1101
961
1858
3614
4399
361
4051
2930
726
3556
2230
2567
2433
110
91
2401
248
4319
2009
1178
1898
2261
2698
2096
259
4510
1726
2850
3994
2460
2065
4353
3733
3009
3251
3319
183
3754
4453
1545
4178
1106
2236
894
1667
4895
1880
2104
1641
2445
3684
1012
1228
2177
1690
1002
3491
4184
3146
3741
3726
2059
3566
956
1418
2014
1936
4505
1827
3759
1004
2928
3106
3682
756
2803
3315
4040
2215
4975
744
3823
4030
3862
32
384
4676
3302
716
1826
4853
4115
656
1121
1377
1016
717
4018
2017
3477
1613
2145
2802
1141
2710
4127
3869
3171
4147
2795
870
1701
4763
3584
2364
977
4026
1484
1390
2014
1926
4520
926
2570
389
3788
4931
3491
1722
146
3522
2763
3773
1535
4345
4373
3993
189
3545
3594
2859
4251
1203
4898
3625
936
860
326
4764
1837
2413
94
1935
263
3541
2456
3529
2822
1508
1862
4736
130
3982
655
4976
2565
552
2225
2207
3699
2560
4635
4901
2268
3380
4073
2067
274
1592
470
514
1501
1095
4472
1657
2780
10
1338
4107
4878
4175
2325
3117
4000
640
4098
4771
2605
733
1428
3715
560
1463
4126
2934
1116
430
1268
1983
940
421
1076
1528
1094
3166
541
1437
3185
882
3177
4380
3438
1003
2009
4274
4946
4890
2270
1816
2973
620
2814
4834
3598
150
4172
4712
3427
4885
3689
1254
3401
1559
2662
4350
1004
4137
4224
3037
3194
1117
1674
516
1806
4570
4664
1629
3132
4966
3675
4840
4061
67
4411
2102
1099
4190
4877
1728
508
1266
4160
4353
1980
1916
4838
4626
4786
3027
1858
4567
155
3236
2663
849
2137
4327
2905
2929
2484
2888
4288
4942
1756
768
3380
4343
1913
3567
2869
4884
3450
2294
1109
606
4113
809
1177
3418
4110
1069
3911
595
326
3520
2342
1594
644
4689
4111
1402
1137
2050
3340
1024
4089
605
4704
2655
2491
3052
215
4074
1553
52
1551
823
1754
1304
4704
18
2226
3347
4148
456
86
2687
3807
3403
3741
3651
2333
4816
1289
1028
1074
3142
1982
1803
4402
2931
1914
2092
1773
4562
3832
2738
816
3085
4184
81
4845
1209
1463
1451
4294
4690
2339
2783
3643
3995
3892
1303
4914
964
3747
3015
1735
2234
502
337
2238
4234
4087
2353
1903
2122
2668
77
3745
338
648
1086
2238
1701
216
3898
4399
478
662
4536
2661
4426
1063
691
3655
4914
223
2906
1766
1612
31
4948
4667
1569
2241
2415
3823
2913
3710
2030
3205
4299
1718
1834
1448
1210
3028
2124
238
4300
2734
2484
1664
437
4015
235
1553
4258
1146
192
2143
2386
4365
4926
260
2464
626
657
1948
3309
4958
220
2652
4828
3430
4956
992
274
4206
3492
4650
3353
4185
3524
95
2133
1391
4846
1003
1398
3696
3224
3609
1675
1659
2438
1920
1804
1815
4516
380
3345
3328
283
3423
1378
965
119
2783
4172
4289
465
1193
2850
4027
2620
3457
1051
288
4494
3042
3462
2177
3649
348
1780
2462
1906
1648
4140
3408
4584
2303
3222
4460
2115
4872
28
635
2808
4497
4161
4517
1995
789
141
201
4818
564
2347
4315
4998
232
3433
3279
1040
358
914
1314
759
3489
717
3661
3570
2779
4075
3798
2673
700
4874
1112
4693
484
1710
12
2930
2340
2979
2732
2694
2758
2293
3340
2614
4533
1131
2736
3364
846
4182
2362
1144
2540
2446
2988
1813
4197
3601
4713
2751
4164
4571
3554
1504
2614
1057
3741
2705
3014
1201
4874
4291
3676
118
431
4590
4272
3170
1906
2248
3745
307
208
1479
4989
4488
1106
663
3183
4951
82
3642
3478
346
239
4819
1689
1181
2469
2991
911
4907
65
3334
56
2818
1466
2645
3778
4123
426
756
4774
4030
4849
478
4656
4264
2212
3779
3244
894
2426
33
2476
2501
744
3954
4733
3549
3518
861
1741
4056
4344
4474
4684
3760
4729
470
3263
2086
1124
2629
198
3162
4906
1017
2829
3594
3221
930
3513
807
1361
2243
2708
2170
3467
4426
2167
3803
173
142
1204
2221
2462
3997
1311
3123
3514
2700
457
4308
870
1252
4407
1819
2499
3064
4035
4205
4512
998
4999
3750
2128
1217
1410
3237
3849
5000
1164
2295
232
3840
1553
3074
3869
3879
1341
120
2456
1273
4956
1489
1354
4224
693
3372
1766
1866
1419
2105
3448
4700
4624
2174
4040
319
1692
1751
3184
3382
1287
2736
897
1505
4863
1660
2174
3718
588
3940
2486
4186
4948
3982
2356
4886
3003
1515
3502
3839
1143
1651
1886
4097
3376
3272
2568
439
21
1878
4894
3045
2001
3127
4785
2539
855
1260
1698
3992
776
752
2612
4924
4270
2928
2747
4863
3871
2095
289
4130
3896
1050
367
2285
982
2497
4781
3478
2666
103
70
3861
3973
1385
1624
4429
3576
3015
3515
2166
2342
2244
1506
4047
286
2339
2122
2304
2403
3738
4051
1384
2363
662
2942
2791
2157
1862
1316
1709
948
2544
1185
4281
4055
2806
4652
427
625
1055
2296
969
1185
1432
1488
562
4650
2376
4439
1086
2689
3900
477
2371
4692
4974
3873
2773
643
1194
683
3787
1237
4311
4391
2521
1242
1786
3489
4798
3326
1434
1194
1735
2599
3357
1588
4796
879
2607
1176
2872
3419
3876
202
3852
2131
661
3201
246
1041
1477
913
158
2596
2209
360
4114
3454
961
4036
4962
1978
602
341
1100
1240
2810
260
4852
3705
2133
1303
4949
4076
3362
3710
4730
3020
2695
198
4629
3823
742
4363
4730
3713
2142
4058
1179
1861
3076
588
2314
4237
1971
3976
572
4577
4297
3512
2902
4388
1715
930
130
1548
1569
3550
3932
1426
2113
892
786
2485
2821
2978
1751
252
3048
4630
2683
4299
2336
2116
1220
1035
1635
3462
2261
4859
4178
4074
3351
102
371
2573
4696
3169
1189
2501
2922
3125
1915
974
1820
4788
3973
777
1521
526
4562
4923
1879
4606
4782
629
3783
3171
817
1296
2843
1446
1648
1439
3181
1323
897
2717
2660
3829
4765
1960
2345
1778
749
3139
4454
3653
467
266
1397
4463
1734
1900
4589
1977
3169
1373
2945
2742
1460
4271
441
144
86
479
663
2729
2029
4010
2037
1551
460
1587
34
4806
3977
1816
4396
1254
4076
4234
443
4897
4384
4094
4649
4800
3016
2562
2922
2401
1902
1817
963
1615
600
4320
2643
897
197
682
4724
2263
4986
3892
2247
4984
4707
3370
876
2133
4869
2714
235
3013
1612
1883
4532
188
3593
3704
1378
4078
713
2102
4912
3563
2399
2842
2254
1635
4
1244
4496
1724
4399
3778
32
1972
4406
1912
311
2678
1360
4051
243
303
4228
3383
1161
3806
1325
2469
1227
1706
3797
4317
842
2969
907
240
4820
3894
4676
2819
4231
597
4343
801
4361
3042
1442
191
1284
1791
3034
4788
2594
3508
319
2670
4769
2946
821
449
290
961
1483
64
610
2007
2925
2624
1935
1043
4135
4076
4097
2192
1857
3749
291
2831
2487
714
3316
2205
647
1765
209
3160
4300
614
2374
4919
3369
2403
904
2857
1966
3107
53
4266
4135
42
870
1798
2679
2298
1855
3125
1303
4827
577
3795
94
2051
4551
1571
93
2750
518
4183
2740
1256
3916
3546
4129
3360
1705
1916
4493
1936
2778
634
2360
4650
606
2079
1003
3810
4377
4773
4811
2154
2287
1184
2619
2071
3049
4907
2619
897
2413
341
2062
1837
3108
843
872
2418
4536
327
1084
4593
4509
2890
4511
2104
3486
2986
2778
2934
2210
684
2566
4687
4431
4769
2965
2840
4441
4968
3887
2639
4124
3884
2847
3033
3942
3970
2069
4721
1396
3103
3821
3276
1659
3155
2784
4213
270
3847
3056
3157
507
4100
2867
907
4753
1796
2857
344
3385
287
3226
4170
3202
2099
1103
2429
322
370
264
2235
2536
1753
3866
3766
604
585
3037
3145
4195
148
2073
2580
106
1907
3047
2790
1463
708
4798
2104
2121
157
4619
3046
2774
304
3269
3864
4405
3476
1115
278
2133
3873
4175
2739
2002
4115
1346
1150
1809
489
586
4450
2630
2867
2152
4187
1488
636
4615
3785
1033
4482
4824
4229
4890
3836
3454
2801
3291
2034
3075
597
4932
4008
604
432
3618
2209
4504
1157
62
3968
1285
4265
2674
4066
1160
932
2705
836
453
4860
3592
1483
581
410
1557
4514
624
3910
3072
4331
240
2081
3162
1359
3874
4856
2776
4222
1430
3156
505
413
1511
4920
1162
3340
1437
1614
3445
317
4748
2390
1904
4832
2140
3997
3872
690
2509
3507
4659
2631
3768
3389
883
4376
3839
4103
4682
3642
4947
2517
127
3902
1098
2777
737
1790
4852
4834
881
2364
4143
2292
4622
144
679
4619
128
2077
3570
2085
3844
221
2628
4782
2989
1729
2500
560
1301
3464
4958
4929
1174
2823
575
2806
1719
250
1165
3535
1238
3078
1429
2899
445
4324
3648
17
2193
4992
2287
4745
3998
140
921
1008
4671
4977
3344
4924
2635
183
2213
227
1086
890
1259
2511
3458
3004
217
1986
839
768
3128
818
3009
2035
2999
964
4097
4133
1727
326
1251
1095
4077
1401
2323
2606
2699
4146
951
4746
602
1399
1435
659
3445
2883
825
654
3627
578
513
939
3781
1866
801
2515
2411
3406
864
3603
4194
2632
3003
3315
323
316
3619
824
1917
2811
3512
10
4787
672
4720
3658
3002
2675
185
2180
2550
4509
1782
4155
4217
428
3072
1140
1618
4286
1961
3307
3506
55
3356
2266
734
4950
2789
2020
4427
2196
3227
1466
4295
4971
4768
1366
862
2375
2118
50
681
2681
4402
3854
4042
3945
3833
3448
950
1435
1078
4488
4561
3675
3317
4523
754
4549
902
1729
1303
2797
2523
1695
3614
3525
2752
4100
4664
811
1255
3270
2923
4242
3191
944
1813
2920
443
1730
1030
2828
709
3673
231
2543
2760
1921
226
2606
4586
1889
1640
4602
687
4391
984
3421
647
3743
4420
1544
2798
362
597
477
1787
2781
2749
301
3273
4843
3981
3250
4518
4401
1686
181
828
2000
2639
4454
3883
761
2522
4824
1575
2002
4214
4783
1763
764
2210
4391
4756
2849
1611
2914
3128
1599
3459
2816
2757
2933
4593
2646
3754
4092
4251
4348
432
419
4823
4361
2874
1715
796
2549
3033
4568
849
4498
4450
2700
2159
4324
2897
3551
4317
771
4428
2307
3370
884
1337
4480
3366
1393
1793
22
1125
1960
819
1198
4066
1276
2048
4240
4553
3289
3998
4803
3809
235
1708
1349
25
4963
421
3061
314
1800
4895
4102
3629
1882
309
3603
675
339
995
461
877
3710
2315
3952
2398
2343
4091
3256
4267
2711
983
322
1749
1849
1759
3475
2777
196
315
3611
2770
4357
3342
872
4726
2249
2075
484
1888
4736
4348
3370
2155
2169
635
1162
1580
3277
4250
4614
3890
4842
2784
2298
113
721
4330
2566
3372
1294
445
4308
3818
4417
457
3236
3226
2607
1692
3282
2122
2577
3663
4764
2176
4586
1752
4245
3221
812
4857
2933
2019
2423
2337
3349
2060
761
2497
4811
2768
4076
1869
3369
2824
412
2825
3490
1477
834
1475
3516
2356
1305
592
3064
1213
1730
665
2460
3413
3633
409
3790
2257
2460
1450
3991
1747
773
3707
4573
2684
3118
2933
4937
2398
2126
4140
4362
4364
3251
4742
4738
3975
1713
2019
4537
4528
2675
2242
3250
757
2016
3783
2583
1029
2792
4915
1282
2396
3101
1867
3888
455
1750
2122
4433
737
892
167
206
2182
2960
3556
4356
393
263
992
4917
3271
2499
1052
1852
886
2543
101
3323
192
349
109
2717
4220
3559
2862
3486
2472
817
753
2535
2640
1411
1294
2723
3234
1823
684
180
2981
3168
2234
4415
3243
1131
4436
2499
3919
2068
3584
1568
336
2955
1027
1488
4491
2723
3058
1594
827
2726
428
3442
4428
1125
1088
4169
4114
60
588
1011
2583
2612
2415
22
4201
2861
1798
1321
577
1059
155
1352
960
2151
3645
3266
647
4073
4195
3026
3808
2608
4410
717
3037
94
2115
3147
3359
4158
4160
3320
1978
60
4507
4183
2405
31
4555
1010
741
2430
3794
4350
1385
3997
795
3324
60
4971
864
4154
3020
2977
3458
4696
468
2894
3298
3974
204
238
4639
2440
3278
4967
1427
4522
3783
4854
4467
112
454
3064
113
1223
3978
1173
4636
3271
4264
3611
549
2359
2333
992
976
1468
3558
4643
482
765
478
4325
4227
1442
4610
3519
2928
4477
2248
1943
2161
4039
952
376
37
1306
3419
3089
1656
965
1006
1944
387
3707
1110
4534
4353
336
856
1546
3137
3543
938
226
3257
506
732
1217
4389
3959
1790
4113
974
4946
4637
1468
4227
1684
2689
118
3219
2234
1606
2017
2684
859
1776
2642
2332
4001
1545
684
268
1568
2707
2051
2553
2012
1318
4043
600
4961
4580
1060
2186
3842
3757
4005
1259
2983
4400
3329
3019
618
3216
735
4046
3493
2071
4977
2787
1640
3510
1702
3027
4877
2489
1640
4819
3444
3554
1908
3057
4629
4844
4266
4284
3667
3619
2223
2216
4628
2467
2011
4030
687
852
3388
3453
1044
523
3652
2488
2428
2159
2364
2844
4125
3428
2817
3886
547
4818
4730
2942
1682
692
4775
2461
1917
3321
4794
2785
2152
3162
580
782
4368
4728
3604
4240
2113
4552
4764
821
2894
3494
4675
2090
562
4463
3992
293
1350
2707
876
1011
2764
1625
4676
3510
3207
1970
4526
2755
493
1203
2409
2323
4132
744
3843
2529
3647
3940
766
82
4052
3055
521
3924
832
2116
593
4443
3568
4253
307
3850
4322
1613
3009
4768
2154
2253
3614
1666
4339
1748
2973
2667
4343
35
2674
640
1620
4719
4177
579
1398
1051
291
858
3530
4147
3188
2855
166
1685
2392
2331
1075
433
2984
3318
1105
814
420
1559
4795
2161
1201
4424
4362
1203
4405
147
2965
3607
925
1623
4593
731
4313
4507
2520
2190
3530
2258
1527
658
2248
4750
2522
1251
3764
4129
2982
4161
8
2171
689
3618
2825
4891
4687
583
2432
2582
1540
827
1077
4517
970
1710
2589
1703
2058
4297
2161
2642
4608
4907
552
2440
3509
2705
1501
1391
1255
3260
1892
499
338
1032
3764
4961
1421
575
2405
582
1717
351
1475
700
339
216
4451
2532
298
2951
2077
2939
922
1387
1997
4280
2316
2142
4100
1741
226
3520
4498
2186
930
2739
2892
370
4622
3899
4355
520
2262
229
243
1171
1575
3119
249
2981
3526
1327
940
1302
1868
2141
3301
2291
2078
1581
3525
4695
2947
1706
3494
4118
4533
4514
2649
968
2419
2154
3916
4409
3146
2748
2595
169
3449
3016
1072
3720
2902
760
4100
1600
4277
1318
445
4283
1838
3660
2590
2423
2874
3615
4379
1346
4823
1218
1472
960
2847
2301
688
1219
2669
4605
2151
2587
3096
1695
516
3046
2920
1911
1487
1721
4112
420
4634
2203
654
154
516
4927
3410
2828
714
995
2240
3062
4248
1538
1690
2563
1297
1872
4452
870
4416
3892
1970
4730
3479
1027
3878
4948
3874
3006
2088
838
3483
1286
4324
4029
3761
1085
3738
3120
4598
2739
1012
2447
1856
4766
69
2286
1385
4253
2548
3604
4426
3093
3001
2849
4583
4473
531
122
2086
1157
1839
53
4114
2043
3785
1741
4507
3148
4454
1818
4662
4106
4736
1436
3091
867
2310
4093
2570
2596
3856
3515
3635
1868
4425
2264
537
3128
4545
3094
4616
912
1648
4810
2707
669
2459
834
3854
798
4125
4780
3143
1646
4447
1589
4375
1749
1956
284
4114
4033
2225
1299
4967
535
2338
1772
2782
3322
2356
1824
286
4209
1295
509
2788
144
84
2129
2274
4552
2013
2698
3756
1179
1067
2345
945
3406
2620
566
4890
3006
2352
1305
22
323
2433
3488
2132
4895
2738
3398
2525
1663
1667
2469
709
3011
4922
841
3702
313
2248
109
4277
3818
4593
2430
4785
1483
4556
1571
229
2322
672
2976
55
109
2131
1897
2008
2498
2860
2610
1717
3857
4034
288
2770
2595
1016
4545
2640
267
4613
4893
2142
1260
3242
87
3703
4346
4545
4999
4174
2483
3655
1649
3308
3871
2341
943
2497
687
132
2213
4757
4645
1489
3073
739
2772
112
4061
3122
2900
4845
2296
3324
3628
1431
4137
2553
3005
3505
3006
4156
4547
209
1521
590
1396
410
3129
2254
4876
3527
3439
999
1916
1530
2359
3779
3734
3426
2809
4888
2314
1847
1855
671
1483
4337
4802
257
3676
4347
4762
866
2052
2029
1702
4184
1399
1843
1550
187
1654
1090
2763
2624
3839
494
1823
2889
1316
1737
579
3127
928
1165
860
1050
625
444
2389
2069
542
2015
297
2035
201
4895
264
3533
938
2412
2588
201
3351
391
3188
830
4427
520
992
3073
4598
4630
1588
2970
559
554
3334
1458
4505
4197
1321
686
1062
97
2353
1664
4229
3022
3663
1064
3065
3624
3997
2050
2733
4236
3306
1725
4177
3429
1584
4193
167
3038
2513
3350
3426
4068
889
1853
3060
3556
2223
313
2276
95
2190
2469
832
4137
1352
4264
2148
774
3455
4794
1507
3781
4496
2869
1849
3326
2555
1527
646
1524
3996
4038
4046
4737
1549
3980
3752
4651
2322
705
4589
3061
2250
1836
3632
4116
1039
4791
1337
2790
2767
1674
1490
204
2807
689
3382
2156
1843
3303
4903
4614
3229
3757
709
92
2483
1905
3788
2053
415
246
2054
2516
3263
4967
2644
3372
1177
691
361
3026
1106
3621
1314
2638
467
4710
2681
1201
1490
1376
4413
2008
3922
3401
4361
4461
4589
32
2277
3074
2594
4185
636
3639
774
4172
4177
4081
4284
1066
2381
3038
834
3835
3990
4109
738
32
1039
2078
661
3628
1792
4080
1176
2918
2834
1313
1495
1791
4398
4804
2316
715
1063
2079
4356
2645
4077
67
4267
1802
246
2424
559
2726
3843
1090
4373
271
4624
41
4095
3992
1242
1823
2101
3208
2070
1442
638
4290
4704
4396
2110
3770
4645
287
4377
1764
1386
352
3035
3498
1522
4542
3537
358
2970
4357
3747
1067
3258
2808
1818
888
3623
2530
3419
3276
3406
3237
4904
3245
4575
4019
3324
2078
16
797
1449
302
355
3211
3876
2967
1623
3973
1375
3513
2951
3646
4710
1188
2612
4331
2010
3176
953
1513
3449
657
3869
2580
2333
3545
4489
3247
1341
629
57
4593
356
439
2086
1840
968
1930
3118
1557
218
2457
3590
2678
1046
531
98
1071
1100
4664
4440
708
4399
4348
3403
2037
4450
4325
2258
1145
3226
4479
3462
2604
3695
4393
344
2483
1592
1977
3303
4302
3014
3115
64
3725
2109
23
2417
1581
346
1659
345
920
3635
3535
2918
2287
2815
4696
2205
2653
4991
1315
2900
2908
1250
4755
2745
3044
812
4335
93
4811
1643
1343
3037
4255
1586
3244
757
3332
3897
3370
1477
980
3186
106
421
404
734
2264
2016
1239
2167
4114
4520
3744
2251
4550
3003
541
1206
305
1640
2404
1756
2807
4267
59
2827
1533
688
4822
3106
4977
1714
3384
1728
4802
2636
12
619
567
1695
4998
971
3748
2570
3421
3315
4577
44
3683
1085
1068
4531
427
1880
4774
2823
4052
4029
336
1777
83
456
1603
3514
1337
1227
4848
2655
2516
4031
481
1779
3432
3681
1720
4700
4662
2879
2238
4469
135
4336
4854
922
1366
4557
2034
798
1035
1479
1590
1119
1658
1478
3957
888
3641
3697
4460
2621
3337
366
2411
3792
1208
2113
1069
1530
1053
2917
3953
740
3029
1524
1317
3140
4470
2316
4830
2888
1330
779
4584
2746
532
3990
4563
3852
2189
4622
4733
703
1474
233
3642
819
1990
1892
651
4974
2471
4729
4247
4407
4612
3012
4976
1384
2695
3148
4839
2061
1032
4144
2145
1170
72
887
2750
331
2905
1762
3515
2603
2011
3406
126
4702
1791
4448
990
3602
2688
4480
2034
2195
125
3152
3679
307
3786
1499
1474
1707
1835
1563
3590
1964
594
687
334
1260
1428
3133
643
4984
2973
4548
3966
12
1566
384
926
2401
3939
1829
1446
1812
2218
738
2563
3073
2601
1155
196
4859
4480
1287
2494
387
1396
1338
1163
1473
3212
3473
2018
1609
749
4281
530
1609
4989
1416
2867
835
33
1459
3868
3314
115
2809
4653
4315
554
2363
2784
2514
1305
4028
1380
1319
3613
3287
1094
2293
221
3634
4112
697
1248
488
1510
4918
821
4657
1947
3294
783
1541
974
1994
2233
329
2751
243
2143
3920
1535
741
4409
4338
626
1014
1732
3275
396
3008
628
2913
3485
3511
3701
93
2034
2302
1657
1099
1303
283
1340
1104
225
3396
241
1116
666
4930
698
2818
2019
4934
57
3147
3915
4380
1584
4603
2122
4963
4552
4329
4871
1800
2259
1616
810
4977
4861
3007
2361
3856
4892
4599
3643
4315
4560
1756
3624
1627
4870
4579
1450
4330
1723
437
1747
96
4736
3101
2347
4150
1903
4036
4303
4097
2707
4922
4820
666
4578
2012
2966
3818
4531
418
390
52
4569
3631
4571
1594
4303
4159
1977
3855
2875
99
1511
4046
2008
2943
4021
2495
550
2609
4665
2139
2105
3888
4119
4934
827
3865
4856
226
1849
389
3976
4625
891
4787
2497
539
163
661
3426
2173
1316
949
3871
4161
4089
3491
1845
2894
3744
4875
280
3330
3204
3684
932
4170
3499
2161
236
859
2335
3761
1780
3654
1122
996
4914
461
3699
2428
1347
4558
1702
497
2194
4446
1890
482
1017
1913
3762
929
1122
3394
2658
1105
3473
2539
4789
4692
2976
1049
2363
3311
1988
1053
1199
1908
4194
2414
1457
3688
3102
2713
749
2612
410
4458
390
4570
784
2529
3383
205
4439
2237
3844
552
2821
3572
4509
2622
3803
2062
1606
1505
3631
1116
1831
4063
2573
4871
4357
920
277
859
2957
987
1436
2712
3141
2004
4721
3149
2374
92
2261
1583
4129
3344
2616
4773
3418
3544
2020
1844
545
2136
4165
2130
2875
4574
4872
1346
4653
4271
282
4143
195
3015
955
797
1898
3256
1205
2371
4050
281
2986
3005
4600
3310
543
4760
2682
4895
101
1654
1651
4176
3932
249
2084
3044
1826
4396
1373
694
3058
537
2817
2325
3804
2478
4524
1660
2722
3962
4378
284
4040
3193
4834
1641
3376
4486
2772
1776
4439
4439
206
4161
3324
3426
4023
2416
626
4240
1055
581
4438
2561
1409
3843
4651
1566
4888
2592
4738
2404
3157
1425
3955
1384
2919
2056
2363
247
412
457
3271
3745
2524
249
2000
2576
1605
608
1432
3838
4265
1646
1847
1979
2483
3692
4359
1123
3000
1214
3085
2687
3089
448
2629
2242
1047
464
4669
2079
4318
3989
1864
3942
1644
1961
1219
914
4125
3985
3122
4055
1861
4565
3601
3544
1677
1947
913
117
3194
4701
4375
3345
2566
1698
3477
1071
4129
4213
498
3613
4441
3805
3463
1763
4211
4971
1852
2226
971
84
1004
2804
612
522
2946
4296
1435
1756
2179
4904
3661
370
3011
1501
2437
187
4959
4903
538
474
744
3031
242
2511
4072
1895
706
682
1730
75
3029
4718
3115
578
2878
589
2534
4074
1139
3019
4825
1462
2519
1279
987
2034
4911
3841
2229
2050
361
1780
4341
2719
2640
4381
2158
3715
4044
485
2704
828
3438
4521
2292
4767
2683
4896
1772
2361
417
4444
3925
4085
275
2303
2004
4324
2405
4832
1003
4988
307
2940
994
4514
911
1450
3291
4930
1971
3040
123
1301
1306
3646
446
8
826
1205
3337
893
2788
2524
514
4765
4961
1623
3393
1607
3824
4530
822
4142
2894
2200
910
2519
2149
2526
889
478
2943
167
4378
3348
672
1352
4389
4687
2921
3005
2165
2283
3083
1999
935
3606
4303
2528
3559
4047
215
3364
4730
3553
1543
2152
1296
2387
3883
529
138
497
1663
2877
2232
1118
1669
759
2865
728
917
254
3033
431
877
2789
4283
4410
1203
4967
4376
4299
1864
3660
4335
4380
784
2001
3132
2305
1571
2714
2026
403
4294
2105
4350
3148
4583
1502
2506
4156
3486
3072
2645
4841
166
811
1576
3688
3626
644
1158
1193
4155
2171
682
4092
4824
2722
2794
1900
2204
392
1982
761
2585
3112
3688
4814
3087
188
3609
64
964
3200
4138
1070
401
1095
1009
2151
4229
4271
3005
2653
80
1340
479
1795
404
424
4549
2373
3963
2779
1024
620
2622
651
3139
1522
1458
705
2561
4867
4781
2617
27
857
249
4506
3305
1511
4796
993
2518
884
3101
3674
58
205
2660
4632
3246
2063
4952
4004
1771
1337
359
1525
2167
4878
2285
2214
2844
4507
3206
3463
2312
97
1954
1034
4756
3058
2011
1720
376
1787
3878
2900
4837
1460
3804
4080
1396
1221
2835
3757
1964
593
3743
4126
1484
2243
4894
4783
3223
4264
953
1008
877
4251
3087
2105
3592
4846
2128
2521
797
505
4201
2955
2716
3964
452
1582
369
2211
1365
3063
2552
1776
4105
1402
1285
1754
2471
4519
2143
1648
4222
3599
3802
3964
3131
1579
4519
4381
2872
2901
4180
1877
1844
4465
610
3946
593
4676
4351
3175
3166
3445
404
1941
3231
402
2344
3176
3373
4122
1638
1444
1821
1540
409
1967
2688
3889
3413
1666
691
3304
3045
654
3684
189
4107
3807
2755
4225
2205
2489
3772
2221
343
2039
3894
1159
3952
2899
2012
4905
1626
2331
4659
328
4111
3749
3353
549
4037
1161
2445
2060
2891
488
3070
4241
4652
2626
4477
1445
3208
1539
4856
405
2762
3608
2617
1791
3242
1234
3507
2506
2629
4098
4051
1610
2705
47
675
2927
4545
2214
3785
2660
3630
940
0
4694
400
3196
3196
461
1089
4132
4291
860
3618
465
465
3793
1620
3962
1833
287
4415
126
2129
2938
3544
883
1343
4505
70
1236
2422
2411
1686
3290
681
1062
919
1316
3165
2857
3480
4406
883
3779
1215
2258
1420
979
4789
3699
3385
4324
1989
2960
1821
4279
4317
2847
3070
3397
964
111
1756
4790
2270
2454
2588
3136
297
2368
3968
284
1059
4781
146
2296
4732
4178
3059
1256
2616
2227
3401
4416
1739
2042
3944
2305
1103
2258
2581
1469
4416
676
4972
3572
4342
3660
1258
4136
1784
3688
1903
2019
3588
3712
3687
2536
4347
3612
1817
1083
4411
4060
4246
4956
4104
1769
2724
4203
2016
3748
1121
511
2010
73
1212
3052
3072
3058
2089
4261
3941
3693
40
781
2104
1613
1738
3039
564
960
1450
808
2488
4567
4582
3205
1324
3560
4254
3295
3501
3332
3788
4911
723
1046
2199
2463
1313
1673
3986
3777
4739
2796
4085
1239
1809
3650
4980
986
1872
1256
3398
3773
4827
4660
590
2340
3261
4560
3115
3352
413
2107
4279
4523
4361
4377
559
779
2380
3873
1491
4703
526
4984
1898
4541
1717
3502
1519
3942
172
243
724
3828
267
3137
5000
2882
1105
2605
2718
2219
1147
3131
4449
3483
2312
3396
49
396
439
3719
586
1409
2073
3503
1438
1932
1113
4788
4752
839
3708
2045
3081
4281
3555
178
404
221
1056
1518
1060
2817
2279
793
2389
2089
3750
1210
3933
2312
2626
2986
4640
1775
4632
1206
1348
1670
2064
1859
1945
4030
2046
1705
580
1960
1859
831
2753
373
2603
137
2079
1291
2837
862
3467
3150
1342
971
531
2651
1171
990
4739
272
3646
4490
1842
4894
4243
576
440
2559
1635
2499
4136
79
4053
2874
303
965
90
283
1474
2089
726
3108
1843
3929
4312
2561
3706
3101
1107
1438
3798
2559
1305
4950
2625
4871
4029
1290
2114
4735
4162
1426
1632
494
4461
2203
993
877
125
176
3705
2790
150
2986
2500
58
408
2404
2917
3121
1875
3202
1410
3614
4278
1469
1748
2623
252
4779
963
3605
2065
4211
2164
2506
2406
1843
296
1807
2186
3687
906
4291
2862
1816
2546
3773
607
3281
2924
1899
1282
3846
3451
1276
712
4500
3926
1952
1021
1259
2373
4063
730
1198
2765
2176
2471
1348
3347
4085
2647
960
3123
3759
2419
975
3469
4372
2046
372
2720
2817
890
3503
1788
1728
3698
1755
832
4850
708
3159
2683
1354
4206
4751
2500
2490
1165
540
1850
614
4048
1221
774
2768
2805
4516
2275
2434
2353
3091
3860
3415
1542
3124
1621
3326
895
658
4249
1264
4595
4995
2423
3401
2326
4452
1823
834
2307
1252
4559
4220
1229
4789
2875
2618
905
4273
3773
3759
3010
2195
598
2078
1912
2996
814
160
4881
699
4051
3107
1427
3353
2803
3250
1263
4607
4461
3756
1588
447
4278
938
654
4322
2065
514
2530
2836
2578
3523
4231
139
4526
3095
2866
4210
2935
3553
3135
4929
1725
3490
228
916
4012
2088
2835
3424
380
618
3669
700
4659
2163
1200
4290
872
4866
3127
1163
4397
4639
3989
4623
428
3516
2328
1199
858
1099
4272
1979
260
815
3966
2040
1700
1008
2525
3895
548
563
1833
662
1187
3243
3651
3953
1768
3493
970
2899
1783
158
502
3247
4073
1253
3456
1921
4413
1233
2653
1802
4220
4885
3479
2718
3013
1339
4101
3934
620
4572
3404
4895
4201
218
1816
818
219
952
811
3443
1583
3074
2141
2535
3918
2268
4822
1330
1820
1754
1931
2381
894
3146
1925
2375
401
2498
3322
4550
3303
4128
2428
2092
3109
14
1999
4301
3471
1218
2477
1856
4187
3606
3656
2299
1243
1465
1870
3110
1456
1877
2996
1497
330
532
2765
2672
1447
4146
2022
876
2090
371
3635
1409
2013
1701
2004
3298
3752
4986
3407
1007
4694
1580
4353
3673
3155
482
3840
476
2626
3870
4637
3667
3683
2967
4671
4098
2136
3047
2811
3107
1447
2539
1501
173
4485
2738
1316
3762
3335
815
331
2353
2884
1486
2666
3521
1724
2055
2621
3967
3120
2911
1072
922
3678
2889
3030
4284
105
3855
1423
2286
595
1359
3539
374
3981
1001
342
4070
3163
3549
4095
3683
1048
1298
4158
3316
1305
1710
2913
4890
2014
2805
1373
3488
3605
261
1290
4990
4142
2146
1048
4393
2738
1621
3446
4178
959
4263
3550
4612
1762
1704
409
3120
4386
2433
33
3038
287
1134
2153
3883
2033
839
1478
1062
3191
1674
2983
1917
1869
2553
415
203
3198
2526
4834
4900
2391
712
4086
2107
2985
4789
1722
1664
40
3485
772
4410
4682
3033
2739
4015
517
4056
2765
3826
969
4657
2866
1160
1184
103
512
4361
2227
4796
786
345
442
1858
3272
4565
689
447
2518
4395
360
3777
2599
4683
1369
2393
4417
3058
1938
437
1
2317
604
3777
3011
1814
4117
3049
2087
2981
2904
2988
828
3154
1822
1790
3022
827
756
4504
4427
1938
3073
1200
2144
2412
4104
4819
4196
1162
4363
1181
3143
174
3886
2826
4535
3797
3237
2466
2937
4332
49
3561
3265
1152
4388
3030
4201
1440
381
4602
1247
1954
597
3270
2161
4423
207
4308
914
4822
523
4232
4172
2326
3591
1986
3096
4219
3648
1832
2868
468
2247
1192
1257
2761
3585
2199
3221
1047
2579
4372
2046
1539
2658
2007
2952
2358
418
2588
1105
935
1841
3610
3631
4292
4501
2488
1138
888
2136
1453
1209
4233
3107
3218
1880
1323
619
2905
3356
3114
3638
1410
115
2434
235
2492
4732
2682
1812
1483
4325
736
2168
1926
1929
451
476
1357
3742
4705
3801
2613
24
430
4061
2412
3747
2669
3750
891
1537
4790
1188
1836
2855
2287
2106
6
1016
214
1002
2387
4877
254
472
464
4718
2374
283
1895
4683
4310
711
1675
1902
2426
1857
3222
4602
763
2726
413
4346
103
4
1450
4910
1572
2434
843
860
3366
4725
3659
2250
2910
268
2306
49
4079
2811
4754
3149
2396
1220
3189
455
1180
4144
2992
3400
450
1085
1026
2842
824
4032
3505
2506
2445
4810
4519
1966
2347
2055
4467
2342
2981
4355
165
4646
457
3232
2813
4975
3909
113
4866
1151
1356
1318
3145
1713
2151
2087
1323
1505
4328
1118
4078
64
518
4602
2370
1139
4617
3858
4642
2114
2432
1124
3065
4389
4585
3589
2583
4551
2396
886
3224
2100
576
2153
3091
3121
4185
1702
795
2738
4051
3016
4254
4171
3875
3598
196
546
3798
4184
3917
12
2085
2079
80
3071
1599
305
374
2051
4297
1325
330
4859
2620
528
1689
726
378
3977
3977
1821
1790
1611
313
4782
4798
3607
117
1765
2297
4342
2743
1361
1332
4608
2792
3259
4692
3130
4717
2053
422
1447
4436
3282
2690
1203
1259
3624
1533
1102
1537
3085
4397
234
3622
1202
312
1488
4600
4523
1910
244
1366
4970
2034
4174
1815
4858
298
3791
4743
3683
1758
2755
2301
217
3135
1931
2286
2067
4173
2950
2772
932
160
3669
1264
1639
3840
1671
3695
4108
2847
3523
893
1924
2425
1786
3291
4531
4343
1887
4875
2302
3659
3688
2856
1127
4285
1342
3008
4807
1603
4827
365
3026
2046
1436
2835
4372
4303
4419
218
943
1575
3140
2158
2251
3319
2249
1421
885
273
607
2226
1286
4308
154
1225
4925
4946
2920
2961
734
2804
1591
3137
3845
3969
4590
1307
137
1026
2102
527
3794
1075
2751
3596
4772
56
1098
4469
3559
613
4251
2849
2686
3168
2719
2668
2579
31
2914
1352
4222
3701
3687
4715
679
4103
2856
1091
862
243
4938
2593
3562
590
1426
2847
1525
570
1942
1807
2031
1704
4384
1981
1292
3687
951
1899
3353
307
3469
2703
4748
4632
3291
1930
2177
2736
3173
3653
3982
2972
3017
3350
3259
4732
873
370
4226
1164
2350
739
179
87
88
1624
1424
678
2622
255
4947
2670
2896
4061
722
544
2693
2339
826
4533
4349
126
4128
1950
1337
1680
3729
2563
1482
1634
3440
1681
4959
328
816
1613
991
1135
1228
3525
2894
2543
2945
3745
4961
3129
2450
4361
1953
1989
3928
1989
202
12
3620
1750
1289
787
812
4854
1888
4370
2896
3017
2400
3830
608
291
436
3361
3500
3003
212
1761
4858
2979
4557
4709
4935
4610
2615
4430
1608
4904
4314
994
1168
4992
3207
3800
652
111
912
4996
3539
4427
3970
3307
4281
4246
2854
2726
1126
3568
515
2457
4285
3076
109
1115
3978
1978
3884
1175
2350
4543
1201
1028
4066
1357
636
2412
1221
4239
3936
4778
4677
1286
1350
224
2925
2333
3124
1592
4478
1982
3581
1547
712
4980
4083
4704
3170
3010
4558
1782
1218
3980
2825
2747
563
3278
1916
14
4994
4203
4851
4451
3313
3038
4489
3209
2089
1356
3069
1243
4969
2780
3156
3427
2129
4104
790
4289
1504
4657
4822
3830
1072
1422
741
4992
2103
2149
3786
131
3801
2114
1546
387
2766
3807
4576
1160
2036
560
4875
1529
2124
564
3597
3806
960
4226
3574
2711
2307
3720
2767
1814
2138
3161
3162
410
4603
3466
566
1871
2217
1155
3050
1292
4006
631
1672
4672
1502
1234
755
3804
1214
251
2320
3895
298
4119
2870
4559
3930
375
1434
4245
4318
1598
1432
1371
517
1314
1702
2367
1438
1647
3221
3615
910
2386
4126
60
4583
2463
989
2835
502
4819
2763
1207
1558
864
154
4588
161
4366
1166
2219
2046
3274
455
1916
1437
4050
1181
4437
591
948
2922
2397
4975
3284
2996
1010
3967
4924
4771
4874
3717
1766
3066
2508
2423
4331
2267
1103
3792
2429
891
946
1208
4297
2654
655
1357
3845
2644
878
4224
1571
3496
562
4256
4770
2525
893
466
3518
1329
17
2792
2257
3987
3571
2757
2695
297
282
1022
4847
549
2805
1353
2235
4497
3568
4613
4273
1823
1462
3796
3054
4408
3481
1076
2142
3003
3101
2315
3768
4280
810
1727
2910
491
4449
4307
3005
967
2503
1328
1054
960
4362
4627
1487
3087
90
1699
4618
1566
1744
3765
3451
3860
3507
803
4084
4003
1867
1122
1627
1977
918
1184
4886
4250
1299
34
947
4638
955
1762
2723
835
1911
3418
2846
946
974
2548
2412
1838
1663
1464
3200
2357
2053
986
1938
885
3227
2996
3909
1282
2123
4589
4221
3433
3778
3229
4745
1080
1036
2322
3603
3408
4308
844
3328
387
3694
3660
2065
3480
1569
3454
3863
1836
2763
4406
1689
1339
1142
2896
3744
2116
1339
3224
2945
3596
3639
472
2374
1460
3169
3027
3934
2722
165
4088
145
1978
3233
4795
1492
122
4711
4540
3871
1898
645
1781
4349
2565
1811
1899
4330
2152
2673
2738
904
1395
3501
1780
2626
2864
3112
3434
1371
4120
2432
480
4420
2926
908
961
4948
4416
45
2955
3297
3786
1992
4466
3018
1689
4006
2366
353
55
3770
4406
3064
1515
1292
2678
573
4476
3067
783
3840
4463
1877
4948
1215
1311
1058
2352
4119
976
189
4501
3960
957
924
4767
1205
3172
3118
1378
2919
745
2608
2278
3234
583
233
1776
627
1014
2763
2100
4389
637
4915
424
3287
1118
1143
2296
2812
1968
796
1750
4023
4904
491
1749
1423
2212
490
3959
3952
2684
3139
156
1711
3989
998
718
364
2383
3714
4122
711
1699
4585
685
721
2549
3357
970
2728
1869
3657
1808
2135
2385
1688
4824
971
2768
4206
4875
1887
408
752
1160
3987
753
73
2008
2519
769
2308
1529
631
1871
4443
4075
3149
1591
2318
1711
2340
1373
3264
2691
2354
4155
967
2677
4405
2359
3823
2020
1601
2076
4271
2834
270
2703
4118
2088
99
397
1136
3541
3582
1231
1094
2753
3594
2185
2351
207
100
4788
2919
3534
2144
4064
1206
2020
4013
1348
347
461
1963
1452
917
239
1755
3254
720
3975
3049
3002
1911
4957
2609
4261
2927
4185
1633
1117
3040
1126
3624
4930
1232
552
2628
3817
4243
3708
3260
3120
2216
2771
4941
3363
1405
2652
1259
4664
3021
4719
4874
4948
705
3219
4724
1237
4173
4082
3545
2855
3280
4685
2386
4191
4894
1984
580
3281
410
3137
1563
3946
1189
2493
4828
2259
2439
3724
4216
1490
4629
2087
4445
2516
876
3592
2055
334
1786
3954
3341
2634
293
920
1520
4286
2029
3682
940
782
666
547
4547
808
3891
1470
2560
2687
3746
4955
4262
2533
456
561
852
727
1471
275
1446
3695
4607
4740
2495
4265
1823
3526
3402
2299
2899
1718
3587
3164
1649
1736
3104
1124
4331
2511
4966
4158
179
3655
4836
624
2268
3924
2473
6
91
2967
2548
3097
3278
27
1318
3580
3033
3107
1784
2374
1585
2591
298
2296
2266
2287
4958
3312
4637
287
3147
1079
1966
3804
39
4463
4328
3205
4381
3617
2347
4265
1799
2568
4411
4133
674
1895
2271
2905
2560
2655
1981
2184
1560
959
2681
355
2149
4596
3121
835
2347
1115
3691
2072
3653
4684
281
2180
2705
2682
3655
3389
2510
494
2951
1872
3499
1949
1911
4610
78
4007
4369
2862
2433
3349
3600
1255
1201
4917
1194
4419
474
1525
1642
3955
2727
1426
3609
1625
3689
4750
3183
4294
2792
1690
3009
4604
4565
1693
3964
4603
3203
2032
2637
3992
3244
4554
295
878
129
3089
1099
1848
4746
2277
1837
3495
3474
3385
3472
1847
1732
2755
836
1420
2159
2103
905
3725
1749
2292
4789
4024
3037
3719
2907
3097
3577
1878
3068
887
1311
3126
2744
3780
4166
2009
506
1014
1522
3870
3030
4852
4893
3364
2958
3450
3984
1978
652
1373
3154
2363
3848
4205
1850
3249
383
4292
425
3987
4970
2764
3985
3606
4377
2447
1402
1608
4995
4526
4395
2112
3779
3070
4438
1937
4374
1003
1441
2629
442
2038
1442
1211
1455
1361
1165
1984
3641
4703
578
4864
4458
3717
3129
1702
1373
1488
4992
4409
1978
2930
885
1836
3725
2756
3190
654
1627
982
2834
4730
3110
3493
1682
2168
4290
3524
1498
4307
2924
3839
2455
824
3425
3821
4796
4225
419
1721
4740
853
3447
534
2807
865
3616
1379
3848
1060
3555
2432
4572
1654
1222
4902
746
2431
365
1838
1057
265
4132
4392
2393
1796
4456
2809
213
3696
1259
1640
4377
3919
4022
616
1230
2206
3790
238
2157
3335
643
3200
375
3649
331
886
2689
4045
4237
4034
3162
3532
1446
3712
2122
1293
794
3936
3570
1012
4794
2715
2277
4488
973
3068
1949
3161
1725
4104
2927
43
3598
3701
4476
1719
4075
1752
2665
3924
2115
201
857
2799
3472
3823
231
3388
1941
4840
2942
2795
4549
2649
2996
1655
3420
3091
4040
4370
2211
2599
307
431
3752
1991
831
4987
4618
3098
3009
4240
3691
1120
4125
2006
4548
766
1376
185
2486
1887
4855
76
1334
776
177
3605
2158
4554
4741
4065
4351
2148
128
2440
139
1035
750
3282
3983
795
3561
4472
4985
762
4462
1860
4787
1000
1462
2915
4970
4028
1593
2993
4318
3490
2831
3942
4200
136
1176
2695
3807
3887
4072
1091
2835
3692
1481
2407
4402
4287
363
323
230
2861
30
1790
4551
1027
1382
68
853
3356
242
925
4381
1353
4565
2291
561
247
2300
3160
433
2721
895
4274
798
1493
4453
2741
3725
3501
3710
3585
4629
2306
3864
1283
323
2077
852
1396
3859
1517
1897
2824
4999
4264
4519
3064
722
406
1489
710
3980
4821
3508
3398
2527
3728
939
2357
3724
4979
3847
3019
4710
139
4794
3191
2667
2178
2339
242
3543
2917
4196
3348
903
4788
435
2820
3240
3685
1720
1948
2005
2056
919
845
2087
1177
3153
4914
2741
4307
823
4282
2557
108
2478
2157
1329
4684
361
186
3896
232
3956
3562
175
1166
4235
1586
4073
4312
4175
4000
4618
2726
69
4633
3409
4042
4963
3838
4433
3692
2967
3347
3228
615
3784
3629
3804
1598
2111
4038
143
2696
3835
2137
2859
3708
2898
1792
4886
2813
1889
2197
2965
2757
623
3228
1563
2871
4205
2362
4816
3215
3633
1600
3657
4356
3458
1330
4896
2685
668
865
4840
1433
282
606
4903
3870
4612
2640
2587
2115
2160
4475
4583
1897
1061
3493
1612
380
259
819
35
3826
548
772
3134
1714
1397
2006
4270
2758
1892
440
4052
1006
1304
2483
2569
2592
983
1600
531
4544
3304
3573
3135
4604
1274
4538
2678
339
1626
2322
1512
1145
734
1133
4543
1877
3199
3222
4857
4273
2462
1722
4607
3699
2170
1588
1331
4288
1218
4276
2328
4686
1697
2743
2781
877
2025
943
4405
2270
4250
1177
2486
962
3225
2218
4077
2744
3648
4507
2013
3258
3233
4608
1243
4116
3313
4019
235
421
4368
4011
4404
4177
495
4225
1209
989
1658
1985
1971
1155
4271
3490
3804
209
3593
2079
2688
2191
1297
37
2953
2879
4420
2421
2590
4381
53
651
4426
804
1623
4005
2042
4762
290
4520
2340
294
2389
961
1268
4453
2104
2944
1993
3952
1001
1533
4385
157
54
917
1982
4118
2151
574
4395
3961
4536
1560
580
1815
3321
4186
1962
4497
1700
2095
453
1594
2493
1147
2656
3040
3610
2266
588
3856
4845
3087
1723
2119
3459
4159
3156
1893
4560
2898
4081
3033
1639
1563
1953
2462
3473
15
2008
2288
2451
4742
2270
4182
1826
4217
4741
4051
4877
4064
4863
2472
365
1489
99
2545
3089
798
3798
2716
1773
3246
4391
1967
3790
3004
1346
2099
3451
1965
19
2300
4091
1775
269
4449
3504
1582
3532
2332
709
1533
1248
2095
3596
325
4134
2912
3663
480
2640
470
3352
4586
4688
491
3295
710
4605
978
1913
877
2097
1434
2157
3729
2179
622
3572
3998
4509
2034
1779
594
2540
3270
4753
3403
4644
3410
1209
1361
1104
1211
3062
4238
1827
1446
3998
2273
2638
4273
238
99
2557
2512
1792
160
187
1963
4143
4030
1450
4401
3814
2056
1108
565
2346
3471
1306
4060
990
4291
2787
4997
343
2019
1776
2263
900
3442
770
565
2570
1412
3334
3094
563
1047
578
2680
1349
787
2280
2872
3704
2890
3191
2385
2186
362
865
2918
3974
515
2250
2270
3624
1132
3235
3605
3412
2902
4600
4591
3844
4241
2390
4734
117
627
3588
1785
4046
4863
3174
4138
426
2810
908
747
4276
4922
4372
1191
316
2110
3734
2684
4295
2481
4646
4018
4119
4444
1432
3699
2611
1990
2046
2773
495
3115
1217
4892
1184
2023
1647
323
327
1444
532
4876
895
3557
2325
1568
3652
2481
2409
914
798
1703
3651
735
522
4495
1938
4513
2843
2570
2772
4562
1150
3240
2147
2308
2562
1053
3625
3850
1364
2888
3473
4870
21
3292
809
2021
860
4526
1139
4029
2098
2272
1451
4746
3237
4480
4902
4105
4251
2951
73
1619
3916
109
3131
4552
4513
4489
1851
2543
801
4736
151
4473
4024
2705
3148
4602
1598
2544
2718
3393
2650
2971
3495
4865
4328
230
2461
171
3850
2995
1292
1109
2998
3102
3361
3185
1056
4808
3603
2740
1167
3039
1667
1412
4641
3826
244
3880
2892
4632
1979
4790
2909
999
1848
2667
4667
1654
3952
1817
2323
1157
4518
732
1238
4967
232
2240
1113
1875
3751
861
819
3692
4394
1785
2185
4197
3340
2510
2387
4117
1121
2622
1172
4148
2513
2037
2116
3824
4385
1220
1024
4702
4366
37
3122
3987
4089
726
4549
1625
2864
920
18
2076
731
1791
3414
1645
4551
2635
1775
4337
1710
1483
627
2944
4743
4700
4298
2067
3791
254
1852
1368
1165
3251
4516
793
786
2543
2724
4259
120
2620
3983
2172
2117
4318
3449
1858
2585
3266
4831
3705
4052
2278
3185
2688
2435
2299
2851
727
963
1400
4518
578
4605
215
927
1836
2441
3436
1606
2641
2559
4766
3356
1915
2043
614
2561
401
611
4746
2997
4503
4023
637
2670
993
1019
2767
2920
422
1419
374
294
2267
417
996
2068
2499
4028
2837
1968
2138
2042
102
4289
3450
4696
1708
293
4640
205
3799
1890
4247
3378
3760
1826
4287
3108
4859
527
2899
1614
1294
4150
3219
4473
4868
3542
4416
2872
4260
1443
4614
1206
726
2414
2957
882
3102
1572
3376
1119
4606
364
489
235
1025
625
3348
2086
3781
4887
3566
3138
103
1499
2124
4687
8
4625
2600
3449
4422
3184
1927
849
552
2963
4530
3654
3362
3108
3856
2503
272
4721
1456
3533
2972
4489
3023
2751
2547
609
1191
3616
3737
1795
4236
1462
2789
3379
4034
2656
2135
747
3780
276
1011
24
2083
3512
2861
861
4690
569
2170
837
3041
1731
2150
3934
1866
3971
3955
3375
3033
1356
1234
4044
470
1846
1122
1678
1340
1016
4653
3810
266
2575
1205
3585
3173
4603
3993
4013
2589
3623
979
4943
3844
3725
3716
1188
3042
2524
2862
403
1715
1600
1953
2240
2362
1373
2135
3119
90
2573
3535
3650
2678
695
3318
4826
1874
511
631
1202
2732
3274
3952
243
1109
3993
3005
429
3419
4123
2948
3766
1062
4064
532
2747
2548
234
2576
2446
2991
4868
1514
3553
2671
1522
1213
1538
2316
4291
4868
1724
2311
1402
3178
3399
4449
2058
4337
4986
3722
2359
2944
4825
1696
4668
202
718
483
946
3602
1974
4147
4483
713
1051
3157
749
3197
1490
1662
2230
3096
767
3649
3527
3984
2950
3356
2916
2807
4012
1022
1001
4443
4580
4189
1508
2642
90
6
1480
3105
1848
2441
828
4010
2183
1775
3296
128
3854
2629
300
4172
2346
1502
3204
3996
3974
1292
1014
261
3048
120
1657
2283
462
924
1211
364
995
3700
1472
2072
1889
2051
799
2985
370
2069
3460
1473
4239
3102
441
4233
2710
2653
2062
1229
2401
3827
1565
2622
3445
1633
2490
2009
496
3321
1141
4682
358
1199
3989
1656
3529
2447
2016
142
3431
3088
727
2856
1291
585
3308
4129
665
2889
3952
4207
2337
3591
619
1301
1874
2810
1103
3129
2276
4186
690
3052
3920
4173
3296
2150
4066
3507
2907
1893
397
2682
3214
2351
4555
191
3725
1141
3027
52
4822
1705
4050
356
1994
1122
892
3319
3040
3457
4401
3050
4525
1885
3453
2737
3987
3142
1987
2826
1425
2621
1666
1162
469
4826
2350
3654
2755
1060
2642
4635
356
2353
2394
4720
1720
1318
4284
3442
3306
1596
437
1647
1333
3740
2896
1768
1965
4460
2760
2483
290
251
4685
3140
347
1168
2708
1651
2985
1647
1634
1498
3061
3463
397
1324
2129
2252
2315
4370
4182
229
82
908
283
2736
2617
463
3955
2837
3944
4275
111
4444
3398
1946
4405
3611
296
2524
1494
4123
4946
1002
3192
702
1796
3263
17
4588
2212
379
2604
3241
125
2704
3734
1880
262
3922
4828
4450
251
344
2998
2837
4311
232
243
2334
1903
1797
4252
2778
1179
1724
2416
1438
3503
3476
4712
2957
2434
1007
4221
4196
3548
3870
977
2764
4702
3725
2000
4632
681
4864
1801
2367
138
1286
1220
343
4996
1729
383
403
270
2997
2359
2895
2750
2986
4518
4513
1382
2419
1828
997
3932
1040
1735
308
2765
3568
2798
458
1139
929
4792
2097
1983
561
1320
153
2474
3704
3361
2228
893
192
3861
3940
3563
3158
1054
4487
4549
3356
4755
2604
38
554
2180
2159
3295
4420
4131
1902
1573
1402
3870
206
89
344
4890
324
1305
3289
3904
3180
1486
2555
3906
4965
3691
4795
438
2535
311
2850
2366
4728
2966
971
2469
4512
4659
3961
4780
2921
3225
2480
3852
3623
1930
2320
1089
245
3741
1870
1999
3400
978
20
2258
1912
834
2341
3124
200
1763
4747
2857
3238
2968
408
1412
2781
3120
1623
4345
1509
4107
2802
1725
3469
3655
42
4321
3644
580
3219
4111
1402
2710
3907
3772
3587
2405
2506
3008
1690
4711
2499
1961
3905
332
2706
3523
1126
4597
4726
1101
4714
3675
2217
499
326
580
4663
2400
4274
3945
1581
4864
1548
1201
3401
2494
3710
4003
4653
3207
4136
3756
1196
2250
1297
4671
2754
2853
675
2909
4297
2578
899
429
3383
2915
2542
4214
2199
2927
1268
852
2991
4107
4365
1729
2372
2354
1356
2243
973
2322
4728
4600
2285
2308
1856
4768
4253
23
4582
3750
867
1320
3498
536
2475
2353
4984
4012
486
3560
3429
3815
3626
4013
1875
4363
150
2735
950
2131
492
3796
11
2701
3537
4277
3019
4374
1411
2347
4836
4981
4074
2801
2497
4510
2626
4718
3157
2765
3168
2181
827
1484
1384
2045
206
3733
2474
4362
2424
4857
62
4723
3455
3425
2378
3839
3921
1310
1260
1822
168
4441
3326
2920
4720
1416
3523
1545
2908
3352
829
4969
1432
895
4700
4787
4913
1096
1482
4101
1270
2843
4742
2704
199
3612
2426
354
272
4446
3820
4060
1481
1796
4304
3343
1703
4372
4047
2834
3186
2100
1961
2150
3566
4847
122
1045
4985
2990
3316
2699
3157
1238
2763
4381
4339
4359
4277
1071
2490
1895
4514
3975
2522
1791
4731
2637
2957
1448
2177
3618
3193
1044
2695
1332
1694
212
4934
581
1271
1606
4101
18
3561
4073
4018
320
1486
788
2375
4882
4590
3579
2692
2622
3684
3736
3161
4766
671
3477
816
2526
4417
1011
2038
1073
2857
243
4770
855
2789
1677
4098
1644
612
636
1496
4438
1522
2510
1275
1431
1778
2013
646
1367
1378
2944
1226
1435
4271
4199
1486
4632
1430
4358
218
4532
3502
1159
3456
4766
4229
2161
836
4793
4726
4035
2982
1486
2239
960
4636
3108
1756
1599
2875
1990
535
3261
2488
1418
4759
4502
3454
4545
760
2612
2765
1421
3816
1145
4935
3040
2997
4412
1142
4542
1004
212
836
4407
1900
1662
1156
1478
2492
2351
1710
4668
3919
1708
159
1070
2675
2824
3705
2364
4979
3524
4315
2416
3391
4075
113
1933
478
1437
1832
3801
4934
3791
3295
4526
1578
4175
3922
3248
4445
2327
2510
634
1680
689
563
3241
3061
3192
221
4319
3520
2199
93
4235
2658
765
1122
1197
1187
2656
480
2229
1201
488
123
733
2284
1724
1063
2958
3834
3568
2306
3518
1876
172
4995
4015
881
1242
3147
572
3915
3016
2254
335
969
324
306
2781
4885
2241
2879
557
4564
3282
3693
2151
4439
4353
324
4638
491
2946
3827
4160
1124
2131
730
4552
56
2366
2062
766
3165
3418
1492
2415
2995
298
917
1299
3863
2959
1862
2608
4625
3492
2771
1406
4173
1008
2027
1725
2967
3513
3627
3013
3287
4584
244
2723
238
4393
3197
1133
4689
3470
3328
2126
563
3081
3267
3377
558
1012
2036
1829
3257
2243
876
2186
299
2717
1235
2987
4907
3295
1757
3624
3665
4000
2861
1831
3701
1106
1791
442
3428
3153
3458
2403
4698
333
335
2209
1276
2032
3760
1869
543
3790
1789
3378
3957
3002
57
1018
1740
2950
2322
554
3129
2102
134
1865
3850
1198
1105
4728
1386
3493
2284
1098
1332
2871
2280
4960
3859
1146
4481
1473
3005
2525
4448
2960
2296
4435
1892
2884
3072
4560
1086
2355
1355
4037
1912
1562
3705
4980
999
2568
4926
933
3741
3
1454
3586
4202
1251
3301
1168
3892
3198
3534
2485
3004
2075
2267
1610
2864
4588
746
4386
565
703
4353
3207
1894
645
3421
2730
1652
2172
1188
1654
4309
1284
1146
622
1010
4618
1335
3442
1222
2777
1902
1340
4385
3429
150
3625
1736
1230
2809
1614
4090
1299
1374
680
785
3894
174
1883
3918
3272
2113
2845
2559
19
687
3458
3891
69
4374
3144
4766
2223
3619
2766
478
3192
3628
3905
536
1689
1150
778
2055
4499
2486
1232
1027
665
1715
1038
2201
62
799
2335
4774
4007
3530
3566
1786
3064
4277
155
4629
3377
1129
2490
2214
3551
2902
4566
1175
4553
3903
1724
1809
2153
4088
901
432
3037
472
1011
3421
2850
2003
1699
208
3649
1062
2513
4126
2890
584
1889
2797
3358
929
1665
2925
4582
1810
997
863
4318
4471
2204
3891
2638
1013
2996
470
3663
4686
3810
1408
4304
4642
1270
975
4331
3341
435
47
5
448
3047
2268
4062
801
1968
2024
2087
1862
4287
3914
2690
193
1297
333
925
2390
1758
2513
354
28
1319
1588
1527
107
3378
4771
2018
3249
2384
1632
3844
1890
757
1660
3158
4145
1940
3008
3327
737
1407
2136
3828
4872
577
270
4238
722
582
2340
4824
3496
2168
2161
3092
651
3238
4099
4795
2711
3907
2650
2687
3660
3667
3140
4355
1255
4114
2647
463
3453
3859
610
59
3027
998
1237
2516
1291
1749
4414
2964
829
1311
3508
1240
2592
4436
1291
3944
907
3867
1438
2060
4278
2112
2370
4348
2622
450
4727
3414
375
2637
1544
2282
4679
3852
3551
4531
2840
1894
1493
841
4966
1969
398
4976
3305
642
134
1563
2423
2227
2838
136
2230
2813
2891
4635
4323
1336
1818
3050
1011
1256
3175
751
2396
1033
4003
617
2259
1552
1757
4252
786
642
4191
4168
147
3890
3590
4501
2353
867
1521
4808
1096
3260
3764
3930
4274
4983
4294
1770
1922
1123
4031
3768
1396
1278
532
3269
2137
74
1245
1739
887
108
245
2525
317
1287
3425
3793
1147
805
1645
42
3851
306
4649
4610
4998
1684
3824
790
4894
3049
2388
3516
971
4000
456
3834
921
2445
2476
2470
2851
3244
2438
697
4866
3276
1172
209
3091
1928
4912
1575
3772
3027
4088
753
1378
4486
776
1553
4860
2068
1584
3828
105
4817
3726
3459
843
2984
2466
3239
1832
4832
768
1887
971
134
3579
4270
1979
4663
2985
2211
2227
1091
160
3140
182
1978
1281
3501
3481
4508
1367
655
2366
1392
1975
3350
4829
4075
2535
1318
1612
2094
4731
3349
1759
2620
470
1193
4798
3789
2525
1812
2997
3456
1474
397
3102
628
1719
1907
4495
675
3396
2893
701
3693
4620
1463
2899
2364
501
320
3182
4164
2428
273
3472
773
76
911
116
1845
3388
257
4370
3284
1753
51
620
4101
1944
395
4282
2866
3408
1869
3638
4462
357
1951
1146
1555
3820
1136
504
2035
1708
4777
3858
1506
3266
3899
2996
952
84
469
2455
3073
3412
3855
1344
3923
2655
4880
1059
1352
661
2522
2703
2803
3891
3774
3447
1291
3931
958
284
678
3529
1346
1494
3778
399
1686
1569
1660
4481
1990
4609
173
2740
2837
2165
2027
1826
2086
32
4029
2953
3730
4437
4730
4923
4639
3839
695
3545
2281
2661
2815
1521
4718
4851
3750
3865
1489
3678
26
3245
1089
269
443
1568
3744
3352
717
1998
3468
438
979
4626
2454
2658
663
4510
4922
3332
2382
4756
4714
1805
790
1166
2939
2845
1592
429
4488
3729
3580
2945
3783
2879
2744
1151
2352
3156
3034
117
1077
4881
4032
3066
2200
2939
4832
91
2743
778
311
4654
2686
167
567
4565
3338
1246
193
675
4666
1615
3656
457
4738
4995
1787
1658
3749
893
1252
1900
4803
765
4756
2205
4933
4968
4944
3060
1837
750
4655
2553
386
49
4708
4622
565
325
2245
4604
329
1075
2578
601
2412
3759
3818
1388
4317
4503
4297
1322
1699
4750
443
841
1695
307
1680
4212
4467
414
2263
2804
1606
4494
3972
3161
1283
1115
4434
3422
3475
200
755
2914
2253
3449
4756
2597
4562
2554
1945
1325
3262
4244
1384
3242
4601
121
4141
664
2585
4477
768
4174
1175
2663
4834
4267
4158
1062
2705
1887
199
3802
3244
1466
738
2924
629
1026
2723
4135
3704
1482
3515
2055
2033
4319
1281
1636
577
1158
772
2058
3931
2062
2352
850
2537
1543
3824
4558
4022
456
3880
2633
870
2796
3596
2574
4750
4228
531
3575
3138
1620
4633
3138
3541
742
2053
4710
3376
3533
1692
1069
4765
482
4075
2767
644
4360
3175
4751
3642
1745
1658
3878
2108
3472
405
601
1437
2541
205
1669
4284
3325
569
543
818
3780
2173
2000
4343
4167
4822
979
114
333
4079
646
3076
3218
1411
3356
4628
129
4986
885
1801
1783
2699
4429
4966
4873
1470
370
1951
4866
65
2105
4756
2281
496
165
448
54
3700
3378
2945
2368
3835
4763
2693
3413
4902
4951
2790
4207
169
3302
934
1123
2373
1133
329
4050
2447
2060
152
2396
4280
3756
1907
4219
1793
504
3243
4812
2148
4216
1304
3014
4880
2570
4588
2635
3224
167
2935
1427
4287
957
1699
658
1702
3186
2739
306
2083
2454
254
2755
4314
4419
4961
2674
1594
2449
509
1214
1845
4577
3210
2878
298
4915
1121
526
4081
1900
1328
1171
2773
3057
1573
3158
1470
4502
4967
2546
2058
3824
3184
3684
3606
4595
3698
2850
4634
3787
2566
2547
1856
2175
4653
3382
3076
3059
1140
1899
3394
4323
2860
1689
2914
337
4703
3500
1709
2830
3876
2352
2928
6
1443
1976
1142
449
4771
2217
1743
2934
1374
3573
3509
2530
4797
3443
2380
4884
4883
1220
4566
1792
4685
2706
1195
3299
4087
2941
3297
4735
4237
4701
1271
4659
3983
4285
1352
4939
3832
2571
3951
4571
4830
3758
2721
62
2262
2828
3097
175
2371
4492
4547
3682
1941
3724
931
1908
1322
2143
2792
977
505
2216
1788
3261
1976
2238
1734
3920
4597
3595
1359
3076
3985
2429
1
3155
3226
1440
452
2270
4921
2949
2406
3326
1332
2410
2488
4805
1164
4007
4619
4677
2018
977
1035
312
737
1940
4732
2996
4972
1701
2931
672
3307
1007
4677
470
3115
3301
457
684
2885
1296
729
4875
1131
2021
2730
4189
2653
2294
3643
4114
3431
2457
2704
3688
334
579
3465
873
4113
2290
4174
4706
2503
675
3430
2620
4202
4420
119
4312
1727
535
2674
4222
483
1592
1624
3287
4719
299
2713
3797
3343
215
1362
1962
4641
2561
3117
281
859
3716
116
4623
4889
1790
1402
2983
4302
546
3798
1726
2103
1156
4849
255
4738
4849
1089
4936
2271
2246
344
486
595
163
2233
2143
2354
4866
3424
1767
2636
3988
2981
4709
2967
294
1327
746
4508
645
3897
3573
329
2060
1234
2594
1568
2929
852
696
3785
4281
731
105
1208
2395
4007
2726
1093
3416
3724
2332
3925
4344
668
1592
3588
1271
2482
2196
4659
754
2841
4307
2814
720
442
279
1266
1604
1382
3482
4339
437
245
1867
2754
2989
1695
2370
2821
591
4999
1670
4410
2332
4211
3780
472
4696
721
283
4541
1374
1942
2828
972
3547
2272
4236
2703
4642
4017
3751
3802
3880
1153
3383
956
2363
3836
3836
3022
3856
4328
2853
1935
189
1972
472
2606
1007
1562
1950
1876
4325
4980
2851
3119
4233
681
3524
4436
1802
1484
2857
3611
3794
938
385
4701
1082
2667
2302
3184
2511
979
1052
619
1279
288
2581
3626
1047
1366
1775
2422
2045
137
807
4684
3460
2490
4381
3564
2522
4265
452
4091
2663
946
4018
2938
4042
482
4905
4585
2300
1524
2906
2778
1025
3326
3004
4848
1623
2121
4103
2126
3160
979
4995
2843
1580
284
280
619
170
2114
2426
362
3441
2993
4542
324
3132
2878
2547
522
1602
1315
315
3528
3587
4123
1613
2895
1343
3282
1488
4098
3052
1551
375
1036
4796
3338
4529
1627
603
2189
685
165
1737
590
2748
1340
180
3199
4910
2441
3640
4909
103
4319
3053
40
1784
3456
4122
107
2768
2200
3477
1214
1392
2491
2444
843
2040
2940
3102
4943
3631
508
2289
985
4783
1417
416
538
3736
1818
1643
2192
2733
2749
2997
3628
671
231
1963
1536
1804
3734
4322
3709
2903
2032
3473
2699
3530
1262
3632
2152
1740
803
4499
3486
841
1386
2849
1950
2742
4765
4344
4590
143
4511
843
4594
4211
2843
557
2699
4856
122
2927
1916
1495
2607
415
588
1617
1630
4946
4894
3636
2379
4422
1175
2455
2294
1264
4064
4176
2874
2159
3958
4790
1241
2895
283
4968
535
575
817
1389
3392
4662
773
4198
1805
3556
2941
4892
3805
2724
2214
4726
674
321
2080
1907
2929
453
1287
4444
63
3936
353
3315
3147
3571
4859
151
1532
1679
4973
3002
4582
3748
3660
2085
2938
4023
991
4959
632
971
3190
1586
881
4290
3705
2556
715
3265
1391
752
202
1602
3605
4434
259
4023
1506
3966
3566
1571
4987
620
3959
954
3358
235
204
2083
1966
1233
2055
58
3813
4937
2620
3015
1697
4119
3963
1986
696
1302
525
840
3793
2430
933
3201
4062
2361
4645
2217
4146
3567
1665
4971
780
3668
4355
4646
2211
1485
1228
3908
4640
3817
3989
611
4425
4386
2718
2334
2096
812
3502
3167
769
2185
4311
1329
13
2324
3116
3953
4747
1707
2860
2100
3205
4182
3273
996
3016
1027
1624
3618
1112
4906
866
2890
4144
2041
2395
2874
3581
4285
3382
4058
1509
2987
4318
2411
1917
470
347
3001
2579
1685
4157
4653
1242
664
3915
2938
766
3874
1314
24
2133
2449
1812
4651
4585
4494
844
2239
727
1900
4093
4058
2117
1667
3738
966
3750
4948
1049
1192
2914
2717
2832
3204
208
2267
3772
961
561
776
1702
3726
1878
2255
3628
1633
307
1049
1856
1634
2979
1919
4612
1758
914
1211
1098
1270
1217
816
2177
3597
1279
4491
4731
1510
2831
1447
4042
1485
2796
4652
1962
2829
2951
4079
1150
1515
2988
610
1769
265
2501
2735
638
1336
1678
3731
2185
730
1058
1564
4200
2407
647
2646
3459
3150
704
1669
1574
4390
933
1374
4890
4534
429
4754
1814
3665
3198
1924
1621
2843
3162
4257
3484
2986
1075
113
4120
3146
4942
2256
2209
14
724
4583
4503
1322
630
2378
2232
1164
2306
19
2181
2911
521
3599
3662
3137
3630
425
929
1589
794
4472
4664
1424
3777
4647
1252
4697
3362
3314
2792
4333
286
1950
4944
4702
3244
1826
2048
2353
2961
4588
2573
4035
3986
2517
1680
3866
807
2076
1087
158
1889
3833
3424
3603
948
1252
756
2890
4836
4829
4247
1765
1082
30
1777
3125
2008
1564
4390
3764
3818
2702
4458
4741
2617
4866
1277
3743
2499
3991
19
386
3413
2822
3318
176
389
2759
538
2624
2696
762
1520
4328
3216
1575
3134
395
4316
4297
3514
419
3717
389
3577
386
3134
2658
1661
2924
3089
667
1028
4930
3116
1301
2992
4086
4257
1962
3177
4159
2311
560
2138
3206
1798
3606
1768
933
3604
435
2282
4321
474
1448
586
4328
3254
189
494
1127
3662
4365
2319
4019
604
3142
84
3814
2951
3814
3695
2618
2824
1032
1189
544
3885
4457
2530
2730
4827
2876
2439
1041
1193
48
504
4374
4567
3435
3460
1058
4578
2256
1394
461
1482
1461
2006
2043
2870
4241
4419
822
3619
135
3581
3579
4890
4726
3684
4016
4233
897
4086
681
4708
3731
570
187
60
2830
2672
2819
864
1399
2448
1274
4100
1522
1520
2025
2699
3439
901
4486
20
1248
2289
3040
4502
4669
3329
4822
3571
34
3212
4157
999
2708
1093
1102
3242
448
2257
3468
4497
3522
4249
2807
976
4987
1879
2854
4958
3029
2507
1168
4025
3667
1227
4119
908
2364
4749
2299
2724
494
4649
112
2973
4875
3588
4659
3291
1136
2069
1800
472
4702
4950
4282
1239
3282
4563
4917
1001
1990
4884
4977
3440
2726
1049
2416
2477
4344
4874
2408
2865
693
3977
1296
3861
3554
829
280
3044
328
2250
2173
4555
4333
2768
867
4943
1523
185
2694
1160
2354
2900
2904
2001
3279
3131
510
184
2469
3021
727
4867
2623
4293
1094
3637
4956
1245
1942
615
1029
2693
2295
3350
351
493
3225
3124
2876
2960
3333
3380
775
1841
2744
2417
3524
3833
2441
3990
1639
1844
490
1419
1863
4599
4323
392
3265
2177
3800
2444
461
2517
0
1897
2194
1615
3721
1635
3437
1336
3066
1319
2828
1381
3217
2396
706
4258
4617
2732
935
818
1963
3112
4061
3344
1465
1356
3099
2809
4738
4875
1042
2880
464
66
2343
4323
1763
3109
1233
348
1819
2319
1639
3331
2665
507
411
2264
577
2727
120
3999
166
530
4584
1081
1869
86
885
4827
3229
2258
1141
3149
2407
1459
1497
1904
1156
3925
3250
2160
978
1722
1521
4129
4228
3140
1225
4053
4686
899
4114
4415
1694
1372
4480
1631
741
3052
1541
3871
545
3056
2055
616
1366
646
171
135
1767
4873
1546
3842
3564
1464
4010
62
3871
1294
3788
2103
2190
2667
405
2485
1298
530
4269
3347
3415
4354
411
2014
1653
543
1138
4546
970
1272
3544
948
73
4015
3012
417
4935
4891
143
335
45
4466
1116
1151
2810
962
65
720
4995
4289
557
2753
1461
3523
2691
3121
2067
3983
900
4870
2238
3396
2337
1354
2386
2958
3109
2331
4030
1694
714
3525
3994
951
1304
91
3048
1700
3451
3353
2984
3150
4566
2822
1918
2419
2116
2879
2406
4508
4079
2066
2150
3207
1151
3331
1085
1118
3982
4813
2149
2004
196
87
4721
2719
3081
2524
4958
4744
4518
85
2841
4333
2102
1268
3880
1920
395
2649
661
322
3540
4852
1099
3439
4762
2589
3127
367
3585
3688
2350
2250
4279
1029
4552
2619
3734
2129
2478
1302
2094
2790
2974
1059
3335
668
1483
4778
3778
785
3290
2733
1942
342
3009
3588
3741
2943
1788
653
947
3035
304
664
3866
2956
4703
2389
1666
2131
3644
2942
4567
4349
3672
4385
4323
1807
1416
3048
2843
4950
1865
258
4246
3167
3670
4099
1200
4862
4057
3726
2716
2855
4901
3460
4926
2417
589
3234
3565
3659
773
4570
2917
1387
2175
1070
1737
1081
3442
4273
1725
4622
3207
3811
1164
4365
4749
2273
2335
2319
1811
4887
1630
575
1833
1653
2251
4842
2370
1647
1043
4122
2169
2827
3471
1277
201
1717
390
4138
4942
3388
2034
4541
1632
4315
926
869
4557
4358
3615
414
3168
3555
3484
2870
79
2482
3112
3743
4844
4985
3698
2224
1149
4139
4969
3466
1067
2467
534
3557
3519
68
4150
1843
2022
4218
3517
3729
3619
799
2755
342
3019
2918
3589
3742
4016
1213
2059
796
4006
3649
3858
19
195
929
720
4009
2236
1721
2385
322
1454
3621
50
2603
1847
1453
1736
3631
2017
4168
1398
1770
4831
1868
1455
4880
2371
4798
2253
3466
3765
4692
4061
579
3737
3838
3934
3126
4583
2355
2846
660
1948
2326
2554
831
4415
4659
1453
837
1914
2960
1448
4249
903
2040
895
2102
1568
4370
3001
3008
3007
3162
3860
654
4226
729
3306
2493
633
941
3120
2500
4942
4502
1959
3175
2080
3821
2152
1005
466
2041
3860
101
1016
2574
2265
3987
28
1066
3843
963
4671
1871
913
1529
2675
2147
2179
171
487
3649
3011
4215
3913
2825
2028
4481
4957
490
3563
1887
1029
1328
4351
2094
2309
4327
3139
2466
4107
4564
4221
855
2925
4132
4183
4613
1877
3758
134
1027
4663
4442
2797
2179
1810
3561
1304
1238
3766
695
699
2768
792
3755
4249
4490
972
3817
4477
3477
1403
2221
159
19
1335
655
4872
1415
1237
3966
4889
3309
318
3577
3006
2627
4770
2667
1270
4626
204
4870
1093
2542
1930
2129
142
4213
3383
13
3146
186
3883
2974
2369
3660
4249
588
2183
2235
4232
1035
3179
3730
801
2436
3764
1365
2303
1638
4818
1516
3112
1191
181
3759
2441
891
2389
3786
2294
625
2009
2962
1378
4253
4587
1730
382
2604
2538
3770
122
3275
3540
4226
1029
2666
1446
106
3564
1864
3322
4380
1988
2303
3161
1886
1186
2393
3941
3391
3982
794
4859
3081
1577
303
3329
935
437
1672
3814
2122
2990
2709
90
1356
712
404
921
4103
4253
1641
1943
2283
4261
1389
125
3801
3284
4849
3148
2948
4538
463
1883
3787
2031
4235
1769
3713
1061
3989
3752
2547
619
872
4434
4297
2886
3149
4317
1964
4280
1635
2865
2177
2148
887
2199
2165
2982
4902
1170
3379
801
3135
2629
4283
1681
3110
3372
1465
4323
4256
3167
351
828
3114
4649
1397
4842
4346
1646
2203
4622
747
415
4699
2267
272
906
316
4352
3342
4843
143
4025
3293
3296
116
2260
4031
4467
4435
1785
2608
3361
4381
4919
697
4122
878
763
1161
1836
3262
4603
4350
4125
336
4022
2166
1859
3435
2841
1868
1027
2210
1453
2227
2752
1850
2445
3608
3065
2255
4396
3200
1518
339
4280
469
4489
2631
3581
2724
4669
3032
1921
623
3399
1645
1457
229
1889
338
4382
1413
3933
4979
1935
371
4264
3693
1022
1157
4252
343
2367
2666
785
1190
2730
912
3766
3603
3082
3418
3742
137
2055
4451
733
643
2458
708
3657
307
4392
3215
3042
3621
4598
531
3808
3714
3718
4857
2724
3131
3696
3997
1809
4869
4024
405
3809
2117
4252
1332
1210
1952
3350
4903
675
212
4158
4808
775
4869
2515
332
1644
2978
4468
652
250
152
1943
2343
25
367
1127
618
4322
1040
3135
4921
949
2815
3649
1896
4898
3738
2078
2618
734
1715
4026
1110
677
3315
1852
4361
1285
1570
999
4341
850
2177
1253
1918
1429
781
2083
3727
4979
2552
3878
3349
2738
3208
4779
1883
935
1579
1905
1627
2970
2672
171
991
47
380
3710
1950
2424
1969
3584
511
1335
2878
929
4682
105
2504
1998
4347
3557
3861
2505
4874
2310
3246
2341
866
4552
4621
788
4560
1659
4645
3095
4510
653
242
55
1735
3144
2827
3248
2479
2573
4275
4
4376
2919
460
2241
4342
3648
135
3798
1637
550
826
1494
3206
4347
3275
802
207
2323
4933
1467
3281
36
4176
107
1285
2354
3622
223
3000
4066
3324
2026
120
1270
84
4385
2152
4243
3828
4319
4984
2712
286
334
3063
2744
1231
1063
215
1224
383
1436
857
1779
2311
2397
2459
4282
3678
344
3592
50
765
1094
1256
4797
2946
2843
4656
4230
1388
3067
1630
2549
4993
3831
4443
2683
1470
4863
1212
2013
4974
50
4187
1362
59
3421
4824
647
2222
3111
2916
880
3304
1932
1279
2305
2960
4676
1940
708
2641
2733
4482
4293
3855
2034
4176
2336
2975
3165
1413
2146
4110
3796
2819
3489
4264
2975
3750
37
1110
4801
4191
1145
3296
4882
1642
3468
3169
496
3969
3834
4481
349
2195
649
2283
2740
1932
2662
3497
4580
323
1292
3548
1955
1486
4903
1121
2813
846
4996
2026
3862
2
1219
2973
3344
4307
478
835
4258
3533
1019
3901
4627
705
1501
1145
1231
2347
1808
4330
1771
719
4136
1139
2630
3698
58
1701
691
2173
4417
3500
1811
2144
4437
641
183
3476
633
4351
3209
3320
2784
1832
3869
3919
3117
701
4163
864
2592
1556
3018
1448
2143
1755
2749
2703
1669
3669
4241
2876
1176
2646
732
500
45
709
4777
245
337
4237
3401
3710
3879
3560
4683
4634
2005
2565
4379
3824
4796
4937
3229
1194
366
3948
90
4242
4893
3282
3161
4419
4197
1078
3497
2532
383
733
2998
970
1821
3602
4054
1193
4618
4764
3273
4412
4835
1744
343
126
4572
1438
4331
3177
2553
1756
4742
1203
1287
3197
3615
3363
1970
4609
4573
622
184
4668
3871
3729
617
2146
189
722
3817
3674
22
893
866
1769
4173
1804
4489
2135
1322
1215
3500
2393
681
384
570
2453
2912
3228
1818
902
1085
3603
1315
3841
3189
4333
4074
2383
1909
3524
2406
3655
1695
773
1970
1687
4793
2065
1613
1789
4046
1344
2842
4420
441
3480
4565
3967
1362
3519
1086
1555
4163
3736
2498
1876
3785
4833
3633
2890
3493
3850
1275
1777
2324
4449
954
4608
1964
2092
671
3118
2374
4168
3117
3351
3800
1080
424
259
3333
3177
4174
1428
4063
260
2787
335
1840
3981
4444
3306
2013
3906
3874
188
1631
4998
1453
367
506
3069
4145
2693
1012
1769
4703
132
34
1723
2253
1219
1858
1270
2863
1011
3217
4621
2818
3463
442
4922
4554
3123
3801
3817
4250
801
4192
2077
3579
3808
2062
3043
1337
4760
2327
2811
2119
2562
1248
925
4386
3454
2928
535
707
2258
796
1456
3739
2810
4068
197
3075
32
2617
1508
1228
4831
3283
3575
3488
152
2015
1323
3009
4827
3138
415
1367
1160
3518
2078
931
1924
159
3240
4950
2555
189
2331
1240
2272
3865
2105
1152
3856
1534
3963
3906
4615
3636
2015
3357
3149
102
3552
4021
2988
3383
547
1186
3545
2164
4696
2902
2695
4066
3169
2421
2851
4444
2797
547
2362
1997
4515
4775
2960
3936
4835
893
1618
2170
3864
1464
954
530
2710
1719
3425
3796
4870
3541
4762
4179
751
151
1456
3043
1396
2506
2285
88
3800
3776
3044
2515
3937
1830
3874
3523
2685
1450
4060
676
608
2290
4493
804
233
286
3346
4954
2828
2261
511
2968
3783
1081
395
4915
1026
1138
3302
496
2570
3510
2400
2203
1053
3085
4666
4726
1147
885
417
1770
1221
4876
1357
1585
4140
2391
3226
663
3089
3971
1235
593
4363
494
4618
1391
923
1085
2197
2638
2474
3273
4892
945
454
3620
2722
1540
4136
346
4879
335
944
552
4632
321
2974
2790
2814
2273
4096
1904
2042
3414
1016
3814
4301
4158
4413
4550
790
2975
1095
522
3401
1752
1214
995
4998
1485
3601
4987
4650
3451
319
3117
4017
4569
3124
3217
2072
3875
2468
3807
3729
1874
2261
4699
2998
979
3718
4388
3344
3750
1861
32
2963
1802
2821
2093
756
2233
2352
4875
1595
3368
3683
3347
2013
1222
2936
4174
3671
3017
2428
2183
4188
2409
4241
1803
1881
4919
2608
4862
1391
2854
2424
637
4980
2488
4125
2119
2127
3975
3683
1401
4223
1768
3417
4224
3951
1850
405
2212
4508
4730
4430
113
2867
3112
945
866
4124
4220
3883
4781
2517
108
4763
2513
3216
913
4941
2318
469
3328
1298
3202
437
2839
4796
3464
893
169
2838
3661
2573
572
4332
2272
4094
1004
1497
1427
2139
3758
3617
1440
2142
4799
4210
567
2212
3303
468
1095
421
2617
3861
1862
4984
1714
1995
2034
2070
788
4949
955
4802
2873
828
3697
2756
107
202
564
2979
3015
4058
556
2520
2478
196
2706
620
1020
52
127
4273
2899
888
4216
1277
4766
459
595
4215
4052
1424
830
4583
1014
2424
416
3427
3383
2593
521
3749
4494
4532
465
521
66
4030
4736
1521
610
2211
3450
1325
2942
1394
101
3888
3067
2942
3316
1684
1180
3424
4114
4706
1861
2861
2943
1765
1767
3565
1515
1054
1299
1350
1281
299
3465
2903
2403
2835
1780
1116
862
2492
3097
1541
2271
3436
2404
3800
4700
3922
1954
671
1846
733
3819
2571
4531
3092
3395
2777
3550
604
2711
3618
3770
4241
2832
1744
2373
4495
4582
308
916
1570
1021
594
5000
2997
1551
1544
2500
4831
4650
1417
4216
672
1207
4598
198
4010
2864
4920
4394
4746
2979
1554
4109
2775
1440
4603
1766
4437
243
1259
4898
2212
2666
2163
2514
956
1061
295
2371
3614
4270
2659
2321
2571
1685
2705
782
1374
3266
4503
828
4246
1766
3074
2886
3376
3995
1156
3345
4363
1544
777
777
482
1962
1343
2062
355
4129
2964
1825
4915
1670
631
4578
4839
1611
3996
120
3191
105
2354
2265
471
1744
1362
1518
3761
2603
802
920
4994
3100
4358
4291
3608
3475
3017
4662
604
1517
1899
4680
4601
3639
816
2212
361
1687
4426
3195
4361
876
2814
3075
3867
3972
849
262
384
139
1752
1856
3357
3201
2863
2602
1662
4006
1228
2697
366
1182
4440
72
2806
930
171
1312
2632
2510
2266
1532
4058
4540
973
3167
2406
3692
4869
4930
682
2461
8
649
2188
4768
1687
3257
4701
3812
1616
3982
1154
1084
4258
3901
3820
1816
901
2582
4719
3892
4561
2674
3286
1421
4805
153
4395
4909
3637
669
2155
1457
3718
993
896
1216
2687
311
26
3043
3426
191
679
162
4870
1472
1689
1838
3688
2999
299
2866
4093
1732
4190
8
3918
2213
2814
457
861
4084
3753
2572
4928
2213
2932
926
3427
3702
2212
1547
3957
3774
1978
4329
2412
2824
3759
624
618
410
1375
3067
1885
4064
228
1550
4112
4885
3223
2230
1902
2621
1159
516
2248
2516
1410
2450
1148
3210
3727
1837
4615
701
9
2510
2749
2914
757
4727
697
309
3587
611
2599
767
4274
2471
533
3662
1840
73
4827
4176
3947
3224
104
2221
2938
1833
1498
1084
2313
14
3196
4943
150
2130
1782
3718
3126
2659
1824
4348
2350
2655
2687
514
4695
3394
2206
4710
1698
4978
4238
25
409
4836
892
1118
3529
1397
4698
4694
677
4665
4440
389
3881
2164
198
3108
3331
4034
3568
1465
210
2711
1869
1353
1890
1843
1544
453
832
103
5
789
2733
2682
2742
632
3800
2692
888
477
2747
442
2071
4120
3981
2590
142
1831
1162
4894
1124
32
2655
1475
1339
3371
3393
2735
1474
1673
1481
3995
3277
4995
2667
489
3626
349
2599
2806
3519
710
1718
3589
910
2717
4578
2158
4029
4069
1566
4130
4219
834
139
3635
2151
1996
3275
3293
3845
1030
1828
2602
1948
4597
1398
4577
3265
167
3315
1499
2807
1828
1262
527
1895
304
2142
2333
4101
1383
1043
4378
3673
3219
3466
1960
2601
3438
1924
1367
1247
4697
4733
578
4762
3799
4268
785
1684
5
1168
2112
1806
952
4971
687
4746
4107
340
3678
4080
4115
1244
2619
3743
1244
4693
4834
152
4971
4917
3107
3531
2720
247
4683
2005
540
3468
3765
2540
2375
2648
760
2796
1813
3731
742
433
4687
364
487
1770
3721
606
4213
998
2075
834
4170
4946
4556
2378
1677
4438
3979
153
2707
3009
1144
539
2864
1072
2530
533
2322
1334
4423
53
2053
3543
3378
1659
1454
1045
4384
4199
4229
65
371
4310
4168
2751
1828
3180
3536
4547
4659
1923
440
4993
2731
3825
1568
1026
2041
2321
953
69
4397
4339
4725
2877
943
1026
4071
4324
2029
176
3783
1270
3045
4984
4482
3817
1157
3400
2167
455
1957
3461
2193
2284
395
2614
4519
4985
278
3572
665
3427
523
4637
1519
2148
1841
4732
4478
1157
925
718
2201
3724
2749
4104
2403
3164
2820
532
3964
2244
4517
1603
4282
618
3124
367
656
4229
4416
3155
451
4505
4441
2352
734
2927
3463
1775
3151
3191
821
2394
3469
2170
150
2706
2486
4255
3084
2390
4838
1650
1465
755
2773
3455
4944
805
1360
3354
40
1940
3785
4273
3153
3958
2302
1862
3139
2483
2706
847
1458
2733
4335
1771
971
1183
3630
4767
2854
3853
4260
4351
2425
4162
362
127
3405
1674
4087
2587
1499
1270
2605
1236
2862
4968
4096
2927
4954
639
4582
1593
4638
2166
1581
592
1848
2072
213
4810
3071
2869
754
3905
1949
3700
4252
972
224
576
2122
1183
3771
2757
1432
342
4908
2541
2473
4320
3543
4417
1277
4965
2646
233
2779
1652
1230
422
2413
4371
4348
3230
654
4117
3775
2605
962
4733
2037
2343
287
3880
595
492
1884
1396
380
4455
3227
3283
2835
532
858
3470
4418
1329
928
4440
2
304
703
3381
3838
3108
3721
2556
1406
284
3984
4156
2466
1255
3717
4950
4661
4815
1753
1692
724
1091
2932
28
3446
4969
3626
3589
833
504
3615
1717
2298
3660
2074
444
2860
4749
2157
1875
3872
4011
131
4819
403
3474
2121
1713
4588
716
1488
660
591
4910
4669
3626
1214
2629
4249
998
4237
4571
3044
1496
2304
400
318
4041
3168
309
4489
4908
3552
3715
443
899
1967
1463
419
1815
3141
3166
2168
2527
340
1603
4817
3035
4516
908
2759
2141
874
2225
1809
3199
2920
1576
1944
2871
922
627
4769
4664
2673
2323
3250
3735
4852
198
1510
4182
2038
3760
1059
141
1314
2783
2365
4422
1741
4100
4006
4748
653
2472
4078
2231
1716
2627
1857
2319
1869
2104
2123
3908
3203
1361
4914
950
1696
258
3983
3233
3221
129
129
447
1871
571
1660
4240
3177
1659
393
1277
2697
826
565
1488
4223
694
3716
1425
4528
1075
3135
2150
1525
4339
3599
4057
2446
738
3927
2601
2097
2649
419
503
825
4699
3980
3832
4551
4323
4056
3746
488
89
1896
709
4184
655
4885
1142
4443
4861
1127
3653
3498
1259
3795
3909
1735
2646
1298
2363
3341
75
1162
3388
2958
635
3809
4851
1948
4890
4812
3678
4550
798
1861
3675
1881
2801
394
3758
2157
3945
1373
4561
2037
3569
801
3487
2838
97
2352
1223
4986
2704
180
928
1988
3586
4006
2931
2707
2894
4793
548
2985
1729
390
707
1456
459
2872
2530
2873
3748
2860
4109
3288
731
1112
1006
4352
862
1319
2825
4694
3636
29
401
4626
4327
1865
1273
2749
3999
2663
1400
1827
1931
3190
1653
4018
4516
1103
2793
1939
300
708
4504
1695
163
3017
4547
3197
1226
3781
3608
4189
2090
331
1737
1140
413
986
1249
2553
4419
4416
2017
1748
581
1359
3337
2761
1276
1925
224
281
4489
3880
2081
4337
3342
2139
693
3875
3237
820
3419
1805
4957
120
115
3052
2109
2347
1441
1589
866
3710
2613
3439
4037
3972
741
173
104
3959
78
4191
1104
2989
3995
2744
2944
1720
622
4898
4165
3581
4801
4303
1161
2956
2485
3547
1974
319
1790
1604
4206
4324
1726
89
2958
483
2501
1709
2312
2087
431
1238
2766
2580
2043
2784
3955
959
531
3438
459
1689
2798
502
955
3724
3567
2109
3921
1548
1431
3147
1483
1170
4010
4482
988
1025
1426
3934
260
3513
166
1223
334
2315
1772
699
4546
1755
2224
1249
2162
4873
3310
187
883
2008
2299
4353
4907
2781
3993
47
1686
2663
1141
3105
841
2645
4038
2382
3756
1916
3799
259
4243
4294
1221
4404
3122
2189
3461
674
789
2411
514
1927
4501
1206
978
3456
3476
1409
632
2698
4133
1134
4877
1665
1137
4240
3073
3292
2346
1939
2497
2122
789
388
2509
2688
533
1927
889
2645
2716
878
4494
1197
4445
2579
2579
4904
2339
1044
1828
1797
1169
335
759
2436
1718
1834
2763
885
1038
4490
212
4057
1527
3541
4187
748
4650
2274
405
2946
4001
2632
1424
4630
1394
3327
2060
1344
1430
3671
4668
1256
1861
1030
3153
2792
2106
1657
4591
3856
3596
1857
3511
2479
3234
1047
1081
1116
1625
3039
4337
3689
4868
4077
549
4185
971
4361
810
4116
2465
3001
3688
4318
775
3771
3373
4946
1041
964
2158
108
226
594
3087
1663
3956
4661
4599
846
1027
3695
2017
3493
2788
1501
3554
1661
2273
3144
1962
275
1985
4821
1750
792
1701
1535
4843
23
3246
43
4062
2019
2547
3830
1456
2316
1611
86
2661
2220
4143
2555
787
2667
4742
78
1080
1889
1474
1772
180
2697
2451
2845
1128
1510
4014
203
739
1765
3610
2121
888
4867
1520
1398
2483
1595
320
1433
3710
4328
1643
526
3449
4162
4042
1897
2079
1013
4105
1918
1161
954
236
527
3655
625
1180
920
839
4063
3507
797
360
3978
4761
3648
215
1199
950
3786
578
2695
3385
4920
509
4920
4471
1926
386
1603
2819
3335
1639
1313
973
4065
3097
3648
4667
1666
949
4752
213
4693
624
3089
4107
4064
2064
4584
1444
4387
2401
2348
583
4477
1739
701
2348
596
1005
4579
4325
2018
3051
3743
2451
2825
1544
1234
1911
219
4702
2821
1842
4078
290
3863
969
4024
3359
852
2240
583
4891
448
4300
4759
4510
4956
1897
4926
3720
705
3827
1579
2305
4863
2811
199
4499
993
3793
2026
3545
1447
3626
1732
3441
4130
1762
3480
91
3342
3763
2473
4725
4914
4928
2321
2483
899
1959
4806
3903
4831
1544
3575
4375
1516
1064
2932
714
332
482
578
916
1767
2784
4612
4283
92
4185
3113
1354
3697
967
2661
639
1793
164
1903
1731
1212
177
335
814
2081
4555
3073
3460
403
530
3741
2180
4805
648
1267
3170
4768
1085
3490
4217
3132
1858
2371
482
2614
2874
4976
4077
2404
4630
2665
2925
2698
3128
1737
2312
1208
1269
3150
4148
1071
1941
2217
1723
3173
1677
2799
1774
2159
631
4395
2463
1517
1808
204
3325
1955
2672
4640
982
3629
4506
385
4227
4464
1773
357
2926
3216
543
3614
4398
1625
2388
1444
32
956
3513
3673
1675
823
2938
3563
571
3417
1961
2106
844
4039
1733
2870
2535
414
4519
3514
754
255
656
3208
4609
2565
4577
4486
4136
3422
97
1524
628
1956
925
4364
4942
520
4829
4910
1698
887
3200
2236
3955
1389
3040
3497
3289
4110
2277
223
3434
1244
3276
4085
3401
4349
4477
4739
670
3954
3339
4757
3104
3164
1780
4974
900
3092
2507
1350
508
4283
704
1904
2482
3
1687
3482
2928
4048
2518
4476
2813
1052
2648
2487
104
3614
4323
95
2154
2768
1349
1986
4634
1900
4033
2434
1712
2349
277
1811
3832
2507
4807
640
4279
2471
726
1658
3954
2182
1202
2097
2691
4408
3991
744
4606
825
4361
3776
628
2466
4088
3151
4312
2865
454
4023
2064
498
3221
860
1487
3717
4815
2973
3902
4368
4481
4009
4107
1962
561
4321
3108
4626
2900
247
3931
2738
1098
206
4859
1093
2226
3595
2032
685
2162
2732
1205
593
3916
4475
1095
348
4231
3720
2910
4384
4184
1138
118
4462
1491
3547
755
2064
2944
351
1098
3567
1131
2534
4359
1452
161
919
4306
2181
468
1037
3989
3196
3570
1902
4282
4823
500
3052
2692
3908
4057
2036
393
4293
2241
4432
4705
3913
1204
3095
910
478
204
4715
799
1364
260
4907
4673
243
3035
829
537
2089
2330
4041
1777
3324
3341
580
4602
1716
3757
4211
1821
27
4982
4388
606
1523
4235
4333
2377
962
338
2054
1382
2215
3635
1369
1816
1445
4323
3901
3977
722
269
2429
4414
1849
3448
2879
2605
936
531
4663
3443
2178
2922
3160
3666
3346
1963
3038
99
3048
1981
4806
2238
794
284
4447
4435
101
3616
496
1420
2305
1986
2872
1954
900
3827
969
3030
4880
1132
1492
3438
1465
4312
449
1802
2288
218
2265
1008
3344
4105
2294
2412
4613
4496
1020
2526
4527
4719
199
500
4568
382
167
1774
4784
3147
900
4662
1070
1638
65
3553
4891
861
887
1928
537
1865
1983
2346
852
291
176
4580
252
3457
3085
4594
4850
823
4437
517
4431
4263
590
785
620
1312
3974
113
1330
2969
3402
4506
3775
4739
2283
2879
4758
2758
947
5
4828
3205
4482
3436
361
2635
2957
437
532
237
3602
4330
2831
2468
1453
1682
687
1120
542
1216
1530
3161
4805
1468
4218
1891
1861
1672
3191
1991
4764
3944
2705
1686
3299
3336
4002
1256
3084
3766
268
1209
4487
680
1149
4885
622
3896
1851
1966
1111
432
1963
1064
3359
4018
132
2481
3126
3149
2066
118
2007
4697
324
1687
3541
2026
692
241
4701
3301
3794
41
2935
63
223
3889
4871
4876
985
71
2126
654
2456
1420
4732
4925
4698
1288
2029
1825
2742
3689
1959
1179
3910
647
2827
2935
1931
4284
3901
2975
706
3352
3292
4302
2131
1350
4001
2481
1327
2585
1280
4306
2025
3950
4203
970
1096
44
2967
4128
2755
3698
530
3954
156
3702
2350
872
1895
1366
379
1943
2661
4535
1543
3027
3957
4167
83
4727
4043
4592
2695
1399
3358
4842
4943
4677
2751
4973
2390
1609
2224
1265
4502
1102
4907
991
506
970
4796
2267
3190
3258
1327
2315
4181
4637
2873
126
605
2694
3090
1923
4617
408
4003
1262
4511
3154
1392
2853
2519
3177
2274
232
2493
270
1884
3308
2138
1012
3169
179
1789
1309
922
4027
4514
4661
968
245
3675
4582
4658
3146
1268
1445
3106
3885
3806
2454
2125
3759
3346
1091
3890
3684
3441
66
4589
3388
3198
2230
593
1355
2546
2416
1986
2866
338
1532
854
3490
4596
269
615
4444
1398
443
1721
4336
4873
3229
3318
1785
1646
3271
1487
1073
3944
2883
351
4799
3795
460
1611
735
3026
4620
918
4797
1988
2394
37
750
985
2029
2947
4929
2495
2936
3050
84
726
4506
37
3648
2738
4771
595
3801
3711
204
3933
2193
3554
682
3191
4960
3225
4574
4089
164
4417
3272
3655
4421
2203
1571
1115
527
2007
3402
1210
3256
3026
2299
3207
4729
2369
3448
113
655
4781
1625
1280
26
3156
1461
2684
4125
3388
1447
4498
3745
1935
1860
3464
1028
3657
2371
1052
4707
4526
4589
3000
1057
4174
2990
4215
2384
2275
1794
2593
2927
82
4346
2760
2396
4915
3239
3664
1216
3326
4729
3349
1476
486
334
1356
4324
2610
2076
3664
2899
1847
2320
4538
1256
4255
1736
1716
390
2497
3817
1933
337
1043
49
1380
1656
600
752
4615
4982
368
3390
3122
1970
289
3629
1994
4470
1703
2324
402
3515
2836
2179
33
4348
4232
161
219
1086
2725
1856
285
2424
1157
2031
3102
807
2661
3046
1988
626
2074
451
140
409
3272
3058
450
3208
1366
2146
1596
977
2074
4964
502
2052
2072
2133
3389
4633
3332
745
2468
4599
2574
1732
3646
2309
1004
789
4508
2292
3369
1400
875
832
2117
1052
4473
2232
4589
3243
990
4762
4407
1548
2942
3243
2950
2940
3352
2550
2189
4322
3332
1998
2954
4522
2749
2080
4990
2645
2649
4561
29
1590
3228
822
2608
4180
4836
85
4781
2630
3497
4930
938
113
4886
1758
1323
1460
2569
4728
4648
4561
3393
3660
2445
92
1251
2472
3076
4427
3641
754
2444
91
4475
4407
1480
1221
1766
833
4790
4827
1650
935
1394
2436
2508
2642
534
354
810
2897
1888
2946
1669
3144
4317
1528
2724
3065
1669
2900
1602
2157
4603
3759
3682
3581
1824
103
853
3075
1137
3330
847
957
354
1775
3397
1191
2943
2252
341
2304
4134
4455
4757
3337
1926
2299
2241
3747
1124
4452
3579
1560
4393
1116
4916
3295
702
1021
4694
4118
979
1039
3360
2115
4906
576
1703
484
1909
4995
4212
4872
1256
2944
288
4478
366
3148
1356
4839
1725
4133
4492
2039
154
3787
387
3442
4583
74
97
1870
3482
4728
4723
575
2517
4388
2188
996
4496
869
4981
3838
265
323
1766
4806
1768
4519
3458
3769
2573
98
4222
2437
2642
2279
1601
4866
2196
2253
3473
4318
1275
3242
3290
1148
2865
2381
801
4525
2463
4585
4930
4427
3617
67
1520
4145
4843
2747
637
3250
888
4758
538
3812
688
1921
1431
2433
1693
4398
2658
2850
4329
3145
2386
1786
2012
2143
3268
1823
2305
2859
2217
4746
767
928
327
2000
897
3941
836
4659
989
4413
2529
2531
4146
3045
1449
3441
611
585
4730
2878
2655
1100
2709
3910
4773
1826
4662
4709
2625
3931
4989
4189
54
3625
3236
3229
2231
3190
2885
1344
3835
513
3734
2728
902
301
2418
4496
4395
3763
381
4503
1473
3074
167
2784
3306
434
3002
1272
2737
3487
4246
2330
4615
980
597
68
3810
2524
1021
482
4456
1721
4143
4846
1557
1654
2064
1736
1246
839
1490
859
2025
1321
3316
3283
3314
4574
1730
4024
4766
722
797
2686
2087
3436
20
1367
4447
2666
2548
4424
4462
4845
3000
2805
838
3626
3611
871
1484
4120
1708
3514
1601
4946
614
2796
4589
895
4170
55
4024
380
1665
3783
3913
4814
2753
142
3303
4956
632
568
1262
164
2326
149
2054
1833
404
1085
243
4689
112
1489
524
3115
4682
4547
4709
4007
1081
3049
10
3105
968
1349
669
3957
1359
3111
3098
3028
4525
1065
2598
2293
2672
138
1567
2553
1314
2485
4969
2992
3067
3980
3265
2237
4654
3755
177
955
1149
3838
2287
4208
2549
564
2608
4131
3676
3508
4441
2648
2782
2438
1994
4875
327
793
3844
2955
3546
3295
1155
1442
1470
2947
4590
2274
2191
4736
2785
1750
976
4981
3756
3344
26
536
3223
1204
61
3658
4511
1383
3781
4854
4247
4517
1868
327
3950
1989
3285
2152
4142
2397
4767
1058
4003
3530
1519
2687
3567
3316
115
2928
13
4745
3205
2179
3930
2764
734
1986
2108
4747
88
4747
3490
4026
4668
4331
3701
1294
3342
3315
4063
1348
3275
2583
1933
3525
1277
1630
4498
650
1487
4352
3193
1341
2380
1966
77
4568
596
3948
3973
2088
224
4210
312
4163
1206
4353
1855
2881
4992
4782
1191
77
4597
3444
981
2758
2954
1921
4827
940
4937
899
791
4319
3238
966
3556
2370
4828
332
2062
46
182
2314
4722
2056
4931
4255
1693
2974
3962
2537
2807
4986
4162
497
356
4772
4829
4691
2972
336
3704
343
4186
4410
931
4864
3944
499
990
926
3072
1675
3101
867
293
2321
4951
3868
3486
669
4804
4826
4275
2190
399
602
1004
2907
1380
1978
1644
4625
2311
3511
2501
4037
502
3306
2667
3336
302
3105
2770
1436
1015
996
2308
2278
32
4289
2315
4755
3180
661
4317
4689
4686
3001
3709
970
809
4752
3239
4860
4624
3674
4159
1965
3935
1502
3762
3819
1425
4401
2045
1434
501
286
390
3152
4441
4690
3500
3613
1130
3353
2683
1557
1456
4117
1273
2637
184
2055
276
3115
4981
4401
915
3979
4313
4554
2946
1662
448
3257
1527
772
4657
307
59
2940
1213
4432
121
4439
3782
315
667
3683
3831
3792
809
1982
4117
2488
2757
2417
1945
2359
2225
4511
4732
4091
3732
3876
197
4079
4890
2183
4775
4928
588
2231
280
2324
2123
583
1737
4889
2725
2300
4157
4503
2079
3825
1517
2742
414
4031
3786
4173
1131
2801
4164
3590
2229
1869
3109
3941
234
1867
1403
3617
1515
4602
3802
4750
4588
2509
4717
1973
4583
1958
3843
4840
2481
3052
2959
4306
4153
4956
3995
143
661
3719
1226
836
2641
1020
1709
215
18
3751
2586
3206
1701
4438
217
2739
821
2728
3114
1256
4892
1643
4572
4677
205
3483
3970
2875
59
753
4553
4414
2632
3812
3146
3664
2072
1643
3541
4298
4162
528
3486
705
3582
1053
4678
1197
4189
3535
2822
2315
967
2708
2250
4922
1795
2105
3914
3063
2953
4578
3574
1067
3136
4437
4571
4456
2982
2687
456
964
748
1603
434
2190
3228
4308
1993
3943
1074
4748
332
3079
2168
486
3892
393
3741
1963
3458
4180
1862
1044
3276
3449
4882
4426
3950
2404
3131
3385
3403
3446
2418
3836
4055
1872
4799
4649
2543
31
2753
4189
170
115
847
1555
900
495
4968
805
4149
2868
1971
4502
441
4553
2432
1994
447
1428
926
3972
1604
1746
3307
429
4310
258
2071
2364
4548
1740
4867
1952
2564
4152
3621
2901
4113
4185
1635
2954
2756
2712
1175
4401
3159
1375
1369
1121
4436
2878
3251
2862
1053
73
4843
1899
4368
1788
2215
1263
1435
3454
1395
3257
4530
1458
3773
3226
3369
878
3228
2878
671
1428
1317
2278
3393
455
1176
3774
619
2219
1019
2773
1242
1240
2362
1834
4486
308
2015
2565
3109
3837
3414
581
2151
3201
4503
1866
770
1505
4461
1251
22
1377
4476
4133
2872
629
3744
1427
699
2639
2640
1812
3414
782
1441
667
4455
4218
3633
325
867
3663
3590
3687
1763
1701
30
3236
2425
3011
3487
3934
598
1618
3532
1338
4611
2474
4378
3115
4556
2632
956
4166
2335
2471
4457
4692
562
4078
4371
3935
1674
3340
2089
1137
432
1864
3078
2153
1592
4488
211
2167
4690
1454
3121
4075
2359
2918
3383
4373
3405
2492
3981
1919
2405
3148
3160
102
3099
4622
1397
3294
983
3265
4002
3298
4596
3619
3888
2199
668
2865
3245
593
4880
2965
2714
3225
1813
1684
2131
3929
1666
3813
1074
3329
3339
4922
4770
419
2412
106
3150
2124
2376
1535
1282
4925
3194
1457
3080
4963
1773
4736
4290
600
228
3057
684
4042
389
1461
2030
4894
2870
245
3039
2151
3032
2557
3309
2463
444
942
3765
2279
2115
1221
4021
1447
4721
3160
1022
989
4773
446
3700
1771
1420
1371
491
3603
2534
3882
4363
888
123
4905
2652
1371
4008
3035
2560
1674
309
4576
4907
1862
3895
3112
4416
3676
1731
1121
1086
3613
3071
562
1083
517
3289
1418
2691
2838
1603
4797
676
4028
2186
1973
1911
4521
2072
4644
2162
4347
4051
1745
1568
3519
2336
3920
3697
1097
1492
285
1309
2873
1434
2983
1256
3627
356
3136
1333
1743
444
1495
2268
3343
289
3685
1683
3032
2398
2905
2239
2769
3124
2837
474
3420
1646
3133
555
1052
3322
3379
420
2189
4491
3932
3411
1011
4817
1174
2326
3777
2644
3937
2832
1463
3422
3554
3076
2325
4840
4512
1898
2728
436
1927
3931
802
3588
3788
1750
2620
2529
3765
314
3327
4924
3399
371
338
729
4022
4910
4107
3612
1374
4133
3959
2820
2639
4174
2361
411
1692
4547
2648
4051
261
1413
4277
239
2636
602
556
565
4987
4405
3874
1096
4189
1445
518
4242
4665
1028
645
3874
4279
3130
3557
4026
4061
4431
3102
4625
366
3457
1715
2776
3521
4169
1066
2752
2844
1288
716
2064
825
3691
4123
3584
4356
897
2681
2815
3879
4237
15
4263
2679
3578
1191
605
2010
1310
4143
1975
1295
4048
2091
607
4921
2572
3894
2962
4294
1610
3996
4200
2581
4800
4687
864
3371
4295
4634
3245
4289
442
2775
2702
3387
337
3689
668
16
2973
656
141
767
1079
3708
3075
1466
2402
2266
4969
1303
1230
648
1564
2640
1112
262
202
2407
1342
928
2697
522
4244
2721
2722
4818
2022
2143
3031
3026
3032
1601
4104
3748
4893
4315
820
1542
37
424
2514
2836
2925
1970
3129
934
134
1822
1847
4894
1250
418
1260
959
4849
4542
566
1253
3081
2732
3370
1923
1752
3292
3545
3465
938
282
3276
4580
1749
4878
567
1920
4991
3118
1169
2676
58
961
1027
2825
3598
2493
156
4134
3424
1821
4273
1960
4679
1905
425
3690
1172
3257
4194
1998
3560
3978
691
4509
4767
2149
2813
1756
4225
1950
591
4530
4661
211
456
2912
4114
609
1822
2704
4278
647
824
83
4510
2382
1630
373
3993
3050
1884
4553
370
1218
3043
4447
1494
4423
3954
1873
1353
4603
4151
4748
1284
3629
529
2771
1614
4601
482
1889
3540
4847
3471
4518
3990
1555
1267
805
2434
2666
41
2922
220
446
4571
1686
2674
1659
3820
2338
882
3502
4185
3298
4182
4176
1930
1411
2704
4395
208
365
1455
2507
1082
3092
1109
4250
2661
3612
3801
2296
2793
2309
270
4909
2860
1429
2394
4129
4398
4211
3006
1098
1896
2447
4957
2424
2067
257
3114
2475
2538
230
4037
2331
3060
3012
3423
2209
2484
3162
3501
1862
1207
1306
3276
3596
1823
47
4743
3239
1742
2277
2937
186
1102
3202
3125
1100
4817
3499
2449
132
2377
1273
3065
4414
3057
1863
36
2809
2877
3921
3067
1703
612
4341
4241
1158
2245
2987
2146
3792
3102
3469
3447
2777
4306
3095
4384
4018
3088
4922
752
4708
2585
1402
4388
4919
2308
3610
3138
2154
2743
4521
3616
268
4717
1716
1411
2781
341
2984
3838
154
3224
3987
2660
3511
4842
2135
1031
645
4961
289
1450
1116
682
3838
1913
4342
4266
438
4002
3664
4995
4618
1741
678
4783
3345
2895
3937
4928
4138
2237
1887
829
312
4951
1734
1317
4148
3556
978
2773
3631
3110
3787
3437
4792
1648
2771
3339
4264
2279
3657
4289
2652
1855
686
263
3291
3846
4723
3636
3879
4463
4616
3085
2010
1726
4372
4599
4823
450
3736
4601
857
1961
2754
2897
1680
1032
840
2784
2558
3359
84
3378
1088
656
376
2589
2679
3860
1866
958
1033
1995
33
3694
4527
4067
3521
901
2251
4621
1876
3270
4768
1668
1344
4
4822
442
1561
2671
2786
3256
2160
182
3631
28
3208
3512
4475
1297
4477
3650
1038
4843
1242
3695
1783
1068
2321
2779
1675
2665
2096
3706
447
4810
1027
511
4282
3694
4787
2255
4285
3227
1957
4821
4193
350
83
2091
4332
675
798
2074
4777
2424
3250
4312
2053
327
26
4518
4147
1578
575
4344
1236
3193
1424
4324
541
1171
205
1453
2042
1562
4154
1347
507
478
2109
492
3393
3719
4437
3474
4001
3064
3026
2865
169
3169
1928
549
3318
2545
3560
1061
1606
1617
651
651
527
888
4350
1229
4981
216
2905
4694
3714
4126
1662
3997
4641
988
2432
450
3596
3102
4606
1211
2609
1700
23
3668
2014
103
242
2927
2493
3162
328
2478
3772
3693
4589
562
4738
3721
2026
3898
4382
2694
4668
3202
247
3663
1657
89
2879
839
2893
3854
4511
3506
35
4705
2033
2205
1288
2307
1804
1679
3033
3633
3230
4953
4761
3602
581
1949
897
2295
485
4875
1710
876
3080
4563
304
2995
4573
1431
1849
473
4693
4705
823
1450
4331
2373
302
2473
4222
1950
2498
2866
4940
3296
4560
2622
968
2591
3231
2756
3460
2465
3706
641
878
3434
29
2739
326
4053
2739
2174
11
149
4937
1978
1518
2808
836
1019
4553
2302
3064
715
854
3904
1537
1112
3902
1032
1208
4453
1763
940
1883
3085
4545
2442
4460
3213
4307
3505
867
1340
285
4649
4168
3670
1750
1021
415
3907
4837
2406
577
2098
2968
2693
2603
2949
3233
2283
602
313
4470
2000
2360
2323
3602
4496
3940
2525
4819
3265
2589
2653
3439
967
2043
1337
3164
2280
512
3422
2865
2991
3449
320
794
581
1393
1091
2279
1918
3067
2894
1914
2452
4489
1738
2884
3071
227
3844
581
1914
4378
4089
1210
4586
229
4022
66
1758
3906
3908
4088
2390
321
3304
2510
1419
4496
1999
545
2712
1713
1839
353
2871
3583
3402
308
3327
1505
2901
3336
968
1904
2790
774
4938
4881
3649
2178
1582
3691
3310
522
3790
4255
4697
3217
686
1221
1062
3728
4383
276
2785
2311
3156
2871
4226
2792
1476
2946
4410
2127
376
3506
1854
1363
2209
1231
4090
3166
3328
1653
3285
1421
4779
3171
3025
1966
1829
1810
2392
619
1386
3803
3835
2189
3198
2628
1631
3356
2530
2588
486
3195
1411
1892
4976
855
3119
401
797
4971
155
2094
714
2041
4380
3875
637
1985
2778
3932
281
984
4797
4620
4804
2621
1180
774
2430
2434
3336
3610
4296
4725
741
3348
2106
3036
3836
3422
4305
3990
1388
1021
745
748
1312
1694
2803
2834
1814
446
2684
320
4549
165
3667
3266
2810
861
2802
266
1839
1856
2045
3884
2116
2138
4184
506
1186
1919
2088
3596
277
2531
2914
2486
1948
3187
2886
667
1841
2662
8
772
4927
209
1653
3204
2778
4151
4772
1515
4641
3897
2919
4956
720
4742
3415
518
4997
1236
2896
3653
1015
1527
4860
1467
195
635
1949
4894
4924
4837
3839
3089
2100
1359
4956
3458
4711
682
2868
3803
2949
4382
2891
1653
2011
3173
3029
385
4513
1507
2278
773
4135
1208
4095
3939
2034
3963
4208
3660
1012
4591
4059
850
768
1493
1773
2107
2086
4645
4652
455
334
4559
4887
3025
1891
2918
336
1469
1621
3970
241
2831
2817
201
37
3387
3724
4517
1389
1202
1496
2816
207
3249
3975
4358
3445
2813
1252
3777
2188
4294
386
80
4232
1507
2312
4186
1919
4103
1176
121
2682
1619
4268
2959
680
4342
368
3024
1257
2685
3408
797
1558
4533
4688
443
2505
3422
1826
3996
4912
2128
4350
2502
1058
3315
1817
3278
3922
991
1265
935
963
2906
945
4191
592
4254
1644
4616
3428
1607
1980
771
4390
4941
3206
1382
4680
2900
63
4316
3649
2681
588
1071
3440
3636
388
622
1080
2531
1358
1398
2328
1985
3122
3152
3090
2255
2305
3602
1708
1068
2259
1353
2871
1538
128
3813
1369
245
288
214
1989
4876
4195
3580
4951
3487
3447
2460
3404
4520
4480
3054
4180
3356
1543
3511
1135
324
2765
2860
494
4203
2861
1831
2898
317
624
3103
1480
1554
4695
3467
2387
1592
2842
3252
738
340
2307
1526
842
2210
1740
2173
3063
14
37
3218
4893
2097
616
3622
3489
1171
3123
1973
1848
4232
2678
2939
4338
3125
3255
3816
1334
4428
1005
3854
1699
4208
835
4267
4456
3317
3345
2375
430
599
4018
477
4261
3248
4724
565
966
4934
1304
3098
139
106
4096
1386
4055
2886
3286
4098
2841
4027
1056
1348
4364
7
1139
4470
3133
4060
3447
1044
4325
3589
1364
694
4612
128
970
982
257
2655
4297
1204
1364
2718
4681
3114
27
1879
3404
3062
1139
1016
3487
2182
2112
4601
102
2281
2145
3196
2445
458
3082
4609
909
3693
2732
2212
478
1570
344
3723
1478
2924
4166
3635
3020
4277
3259
1532
4693
4581
2227
3753
1963
4261
1115
3794
3938
201
2364
3316
3842
1173
3801
3726
2058
4750
3738
2327
839
4733
1621
299
4695
3709
897
3855
1022
4226
461
3471
4273
2083
2813
1810
3801
2127
3540
3105
3934
385
2213
2797
375
1280
2268
3178
3815
4718
2350
1412
3527
1622
3535
2354
146
2895
1989
1625
1892
2389
2262
1750
3616
741
412
1563
1928
1135
1829
2297
582
3000
2332
1399
3161
1274
3664
1439
3037
3778
502
2433
4787
3860
3951
3242
1807
352
3897
1694
3316
4389
3189
2776
1058
377
3372
3989
2619
3097
3372
2125
3211
1627
876
2716
3159
1919
3990
3780
1865
2041
1491
4885
3180
4198
659
3949
4337
2487
1966
3413
3514
392
4240
1059
670
4749
2174
4469
3804
3823
3760
2888
3154
1422
764
2637
588
364
128
2034
1261
2671
654
3592
4119
2332
4195
4625
506
3954
3973
3519
2800
880
3214
2553
3507
3444
134
1626
3991
1281
4884
2304
1039
2983
2628
2675
4260
493
2639
1437
2598
1762
2499
65
59
4225
362
1370
512
3835
1683
4580
1121
3413
2662
3581
186
1336
4349
72
3881
297
4331
2972
4049
3455
975
2269
4541
2797
1688
2042
2823
2344
1510
1176
797
644
2723
857
2430
3662
775
33
1576
2890
2322
1124
3916
592
3469
4948
3210
885
3148
1432
4704
3339
95
1032
1731
1233
1482
4200
2000
2067
104
1969
3765
2118
3570
828
787
527
3607
628
3419
1590
1071
4450
1498
1953
490
3176
3915
4969
3434
1437
4954
2819
3571
1751
3838
2968
3483
2025
1004
3433
545
2795
230
1958
1267
937
1031
4745
4380
694
1531
2558
3447
3499
2858
1859
1194
3623
461
3895
2423
61
3629
309
3452
1627
498
2196
3044
4094
4398
3893
3945
4886
3635
524
804
106
3145
350
2850
2649
780
3440
840
3707
1098
582
3998
1275
1699
1416
4802
4607
4191
88
2690
3396
4563
530
1681
2938
3723
2759
2104
3731
4414
2501
4326
570
1024
2043
4443
3092
3630
4756
1603
658
4565
3858
1004
4031
190
3535
2031
1399
2200
333
2459
729
4228
4715
4619
3629
4096
1249
4660
2339
1750
1878
2349
3522
4630
1693
2402
4371
3831
4438
2832
3521
2532
613
1133
3513
1809
4006
2706
1003
4284
1463
3779
1638
4936
1707
1425
4875
4860
2528
1052
4249
829
4301
2224
4810
4640
1720
3888
155
3772
1577
2532
2387
1922
154
1351
3104
367
2862
4776
3734
3547
4381
1213
1504
3810
269
1740
2954
3818
1164
2346
2995
4465
677
3410
3711
3368
1936
341
3558
2236
3669
2766
2067
1435
2225
3522
4126
384
3065
4421
2188
3930
1063
2834
4053
4562
48
1247
3910
4094
821
2831
4675
4921
2064
3565
1242
4343
3687
4033
756
2645
1914
3457
4297
1060
1156
2278
743
1647
707
1918
3574
1554
4117
3164
2542
2322
4126
4070
339
4139
626
4048
4999
3747
4155
1517
1864
2343
3797
2051
506
612
3684
1257
4020
1104
3905
631
3089
732
4508
1764
2235
3061
4624
1086
1860
514
2593
1865
4701
1285
997
1343
1076
1831
4097
789
2202
4742
883
1462
2923
2927
2151
813
3428
263
3212
4242
1716
3824
903
3520
2360
993
2878
3785
4623
2467
1193
2272
524
2428
957
2585
2616
1122
3018
1109
2094
2124
144
3977
718
3918
1938
3935
4607
2662
2071
1780
2455
1004
1363
1224
1803
3464
2371
4884
2995
270
2248
3870
1775
4767
1675
1417
4711
1376
568
3965
4772
354
1350
3608
4076
3509
4053
1563
4994
1154
4404
365
2545
4243
3636
14
2819
3305
385
3647
3756
3138
4345
4417
746
796
1455
4258
4054
2119
916
2184
4381
1626
1743
1403
1869
1050
788
2443
2764
676
9
3131
675
2290
743
2647
4037
2120
2053
2263
3487
3266
3717
4176
2742
2633
401
510
4447
410
3886
4046
4950
4171
2352
4062
2273
503
573
4835
487
1428
1120
3620
2804
789
1814
19
516
476
1494
2881
1327
1494
4896
3840
4341
2163
2054
419
4396
2151
809
4135
1045
4510
1215
2065
2500
354
3170
2061
4029
948
1740
225
1060
2393
1525
4008
1471
3613
1912
309
2282
1913
3750
4152
438
303
3661
2582
145
4296
287
1070
2798
4009
3926
1673
2458
3724
1001
2049
2544
984
255
1176
3181
3782
3966
4580
3551
3564
1301
4671
4532
1835
3969
3509
491
2858
1409
2984
1901
1699
2323
626
2984
156
3192
2139
3320
571
2356
1201
2098
2077
2985
30
3409
191
788
2776
1511
4821
2440
3166
3839
3673
2735
130
1478
3745
2108
1841
2871
1820
930
4543
2289
753
2924
4421
1590
73
227
3150
967
1229
1960
2712
2071
4576
2593
2167
4822
4347
1558
4473
1278
2926
557
4851
1338
393
3649
4667
1036
3052
1855
3714
2244
3872
186
3409
419
2210
1688
1462
4353
1005
954
4719
2365
4593
2684
2327
44
1865
3900
240
2921
3223
382
3216
4323
4941
4693
2195
4343
100
1966
2996
1938
2144
3314
1933
4843
4352
72
4110
2114
4581
281
2977
850
2777
903
481
4169
1027
2739
1830
4468
1032
2087
1133
2743
4288
2816
4343
4563
4075
2285
338
2854
1106
4738
982
1639
2763
2589
1621
2165
2571
3209
1067
2409
2181
3220
4480
1866
2374
2989
1032
407
742
1419
739
2934
2423
4581
1419
4122
2583
2820
4393
4594
140
3175
2941
4303
4161
768
4477
1862
3377
3350
1955
552
848
3155
1494
3363
3495
2878
2465
3478
3098
1739
2516
4302
4912
1464
537
4795
4560
1163
2076
4086
4128
1448
4305
2831
4763
4288
861
2531
3290
3037
2125
1439
796
594
945
306
261
4972
2075
93
1427
2104
260
1917
831
3753
3156
1341
4175
421
1344
819
356
3270
3069
362
4238
3931
1769
1427
508
2131
495
2198
4138
4630
1260
4310
2296
4944
4911
2745
4707
3760
2469
983
4015
241
733
2392
2526
100
4413
1942
2789
910
3535
2519
803
3213
308
4997
1455
1746
994
2181
3719
1165
2253
1730
286
4713
3482
1756
445
4124
1362
3114
375
3920
4870
2574
766
3154
3144
4959
4497
1474
3871
2997
3220
2441
250
2837
921
291
1026
2925
3496
3347
2433
4020
876
1555
1189
2844
2991
3393
265
2042
2697
4497
1608
1127
1106
2001
2635
2767
4639
1039
3991
3461
4858
3230
4426
3739
1728
3896
4528
4736
446
1577
276
1011
2597
1407
1423
2451
4370
3601
4356
1065
3342
3958
3505
3289
1183
3354
2860
3443
1207
216
15
2282
4619
3004
2899
4530
2659
3339
1718
4455
961
3221
1402
1213
2536
4131
4000
2203
4377
3691
1085
3950
998
1813
4086
3027
4747
584
1276
1728
2694
4257
2531
1830
4842
4770
4552
124
2296
1959
1473
4907
1599
1750
1178
1516
1582
775
809
1765
1224
3514
793
1167
1624
263
3288
655
622
3895
736
2233
1864
2314
175
3898
2780
4982
965
211
3834
1019
2993
4403
4478
3401
1846
4140
3722
75
1208
4827
3259
1546
4286
128
2614
2032
2892
4388
4752
1482
2770
1070
2476
3350
1152
2744
4094
4759
799
2334
1814
1953
3495
1334
422
3814
3004
3917
1872
3448
4241
1439
4749
1317
3645
1952
1738
4098
2686
3872
2940
3983
1554
3814
4009
3777
2623
3736
902
4564
4323
635
302
2264
247
28
1866
1067
1713
3459
2619
1531
4722
4384
760
3723
4682
2434
1857
4707
4349
2020
107
1678
2018
3178
2311
4898
3747
605
1732
1119
1991
2970
1372
1488
771
977
4227
3335
4527
3805
3723
3410
1906
4148
3864
2251
2337
909
2212
86
553
708
4322
586
182
555
2706
3950
2100
3726
1513
4511
3295
2076
3230
3380
2522
1837
589
1925
1276
2260
3601
2493
3415
2157
1323
673
1660
2047
3786
1565
1730
3291
4805
1969
2556
3341
3302
749
4295
144
3673
4652
1730
4676
2504
3115
589
332
773
2336
4332
777
50
1946
3191
3652
2186
2808
4205
2773
1470
3234
304
4596
865
4022
2926
2440
2545
4131
76
4927
4063
1108
493
1913
1778
1692
212
4019
2186
2208
1187
1898
4402
3612
3036
1779
2510
4665
125
4387
1620
4500
3452
426
1518
680
3638
2375
4389
4522
2477
2530
3533
3572
206
2358
1195
4258
3191
4794
515
2783
3728
4550
115
3525
2674
3269
1346
1670
1295
2474
1243
2473
2208
4683
1968
36
469
2482
2802
2404
4753
4093
4846
4574
292
2876
3
1121
1246
1391
524
4238
4724
16
799
2655
2773
1241
662
4476
2610
1573
3559
4891
905
3120
3821
4882
3541
2699
2791
4444
2650
4849
1756
156
923
4970
3678
2841
3927
1356
1775
3024
670
3753
1907
2203
3651
942
1438
1702
434
4377
822
4419
4858
4866
2735
4956
3000
797
363
3119
2482
2097
3290
1850
3067
269
4723
132
715
1979
3374
196
3172
4807
2024
4506
1311
4616
3227
2952
1753
3777
3841
2382
1874
4145
2807
844
1458
1745
3914
1551
3423
3399
3588
1835
3433
4092
675
2771
610
256
4924
761
2720
3099
4881
3796
126
154
4482
3974
807
2776
990
459
1901
3621
3733
1987
3314
4551
4184
780
936
4505
1126
1773
999
2675
3866
1407
2040
700
81
3680
4152
519
3803
1026
243
1552
1914
2363
1340
2642
3379
741
1864
4965
4031
152
4080
3059
525
965
261
124
2057
2502
4803
2545
3182
3769
127
4164
974
4198
2817
4928
2777
305
4266
4545
983
500
1239
1277
1244
2663
1778
2796
1534
2152
3397
4052
2039
3015
1002
94
23
1439
401
3038
4017
633
62
2631
2936
560
4534
4259
760
202
2079
193
4765
2000
3933
4044
780
4939
2641
477
3480
1230
2700
3648
3934
4210
3466
3927
2231
2369
1633
3712
270
2133
2030
2339
3333
3929
1446
2825
4392
3289
1755
4826
4408
1734
2500
365
4943
802
4128
4559
3146
1914
4929
3470
3489
725
1734
252
3381
3920
632
4263
1529
308
4267
3271
4194
845
3802
53
3579
1414
3866
2000
655
1692
3792
2992
2262
4915
2080
3843
4349
14
3380
3991
2199
1736
467
2673
2645
491
845
3760
4989
1334
2738
2087
3042
133
4040
1172
2749
1314
4701
1259
1593
1345
2360
94
906
2327
3781
2961
2300
2770
1763
4409
836
4690
921
2137
2177
2092
982
2169
4384
532
3576
2647
3595
3692
3341
1904
1498
4486
4688
1209
4406
2780
2197
2520
1533
340
306
1209
2850
1110
2309
140
1962
2187
4298
4442
1752
4780
4105
4644
4029
3312
208
875
3949
1312
2394
363
4580
4416
940
4144
1102
1234
3327
4236
4397
1878
4133
4836
4785
4800
3191
4480
3612
4363
4639
4304
4265
1121
1580
329
4154
4121
2218
1905
2823
2842
1762
247
2420
3521
153
915
4334
3530
91
763
965
3261
2883
4100
1622
3660
1264
4326
3941
4242
2939
4778
2503
1554
972
308
89
4163
3359
4952
3117
123
1410
2189
2821
3894
1607
1112
3465
833
1500
638
4891
321
3251
3464
287
3920
2999
1316
4297
139
218
3074
485
1246
35
2390
2967
2321
1682
1658
4107
612
369
4946
572
713
4598
4556
3733
3195
3945
2117
3410
2795
3335
4513
760
382
298
1067
1774
4816
2008
619
4802
2910
443
244
3056
4521
3218
1293
2834
1920
1036
2633
3747
4192
587
565
759
2181
1386
1738
3656
1667
1427
1367
711
4783
2566
2203
2556
1756
3668
1165
1531
4442
2787
2878
2632
2280
1533
4796
1827
2674
3757
3976
53
4321
1181
4314
694
1175
4027
3662
3738
2582
1112
1068
1702
3894
1153
3828
3575
526
1977
1870
349
4707
2306
2253
2353
4404
396
4665
3170
1462
2797
1614
1692
3714
3772
3549
3398
1111
2236
3500
323
3694
2120
4661
3099
4212
4281
2311
2692
1029
4375
999
578
1170
3673
1795
801
3553
2694
4575
1474
589
1856
4696
1071
1601
2367
2361
896
3742
747
605
4333
1438
3627
1733
2394
3705
1359
1526
434
2664
383
2673
2871
787
4122
2095
2098
4677
3790
4983
4379
589
418
368
1148
3954
1459
1169
3687
1876
675
2643
4156
609
1952
804
3762
670
957
3556
2281
3242
418
4998
618
790
1926
1846
2330
4502
4413
1523
1908
476
2161
707
504
3251
910
2982
3578
2356
4497
1805
2659
4642
1888
3915
610
1003
2562
4232
4541
4624
3931
289
4734
4732
4398
1673
3283
2461
2293
2579
2869
3903
4104
4842
1271
1273
1013
3710
1850
66
680
3621
4139
4104
4113
3332
1472
2890
2374
4689
511
3052
2346
3393
2609
1667
3934
3220
158
1953
1957
439
2494
5
4122
501
4348
1409
1425
687
1886
4358
1382
2276
941
2301
1838
2696
1534
1829
2163
4650
4256
2338
4379
3364
2881
1991
1651
245
3616
4978
2622
2036
3077
4119
3413
3297
1575
1213
1387
4982
2883
247
2707
394
3649
949
509
247
1527
1014
150
1408
2520
908
2174
4740
4466
3307
321
1450
1774
4196
503
2213
1726
1471
1876
1776
39
1776
4476
2973
2459
1528
3190
1629
3548
4674
2134
2358
925
775
1016
1074
3138
35
3985
3778
2183
114
3352
4041
537
4
2935
2537
4393
244
4413
1499
3264
2278
1240
4510
3614
131
4563
3158
573
4271
1513
2800
2371
1771
2403
2932
764
1725
3856
3136
890
3897
1091
1120
845
2648
4613
211
1288
2360
2269
4752
1322
1200
2860
367
1895
1861
581
1811
2741
3574
1471
216
35
2754
4930
4507
581
4401
4871
1061
786
3212
989
658
4225
4141
3898
588
1138
3074
4508
4575
4758
4830
2348
3643
466
2909
1934
3832
948
966
4574
2608
2250
705
1557
1775
1096
2232
4347
598
521
1618
467
4860
3517
1338
1084
2061
2935
4359
2973
375
4837
468
260
1023
4238
3690
1230
3749
2508
709
3546
686
275
3430
4910
774
2702
4003
2892
4373
2052
1977
4373
1891
3732
1231
3795
1494
477
662
53
3979
2950
812
3027
4162
2069
4367
4156
4031
3136
1913
3933
1050
106
1687
4433
3467
3760
3898
444
2166
1290
4194
285
3792
3744
1702
4591
4997
4344
1315
3788
2165
1663
3310
4178
3563
1053
66
2944
144
2961
4870
4100
978
3617
1042
1328
1332
971
3550
1777
1728
2830
2720
2311
4257
3271
1742
715
1007
3043
4872
3826
4758
3437
4542
4905
4985
75
4040
3008
1205
393
3384
4249
1381
2780
4076
4609
3667
1467
4074
2808
2403
1540
4727
3123
2523
1058
2663
2013
2236
3674
1727
2817
3055
3184
4454
3605
521
3260
2166
1998
2556
4332
3722
1482
2114
2695
150
2280
4188
3865
2821
175
2205
2376
847
476
608
3178
4479
1896
2655
3807
3167
4094
225
3377
1011
4083
47
4947
1095
932
3657
1857
1460
1781
4318
220
775
3227
4017
3834
964
758
3153
2623
3578
1794
2629
493
2857
3734
3934
2681
194
1885
2636
1056
3406
759
3528
2249
4134
2863
3101
854
1590
3309
1843
3746
2732
2209
4374
2274
4888
2103
695
2871
2728
3883
4733
122
2488
2709
4404
1808
1802
2036
572
3018
3385
4178
3561
823
1381
1369
2794
1772
2349
2026
1441
3898
4553
2986
2332
492
12
4364
462
2201
253
1706
2628
2494
2830
1938
2625
288
2187
522
3684
2439
3341
4308
4816
59
3478
2165
3341
1634
2197
4888
2282
710
1920
1833
1181
2985
1452
4333
3413
4099
997
1169
574
4889
2161
3438
2316
2057
828
4534
2656
2260
4921
254
4571
2871
1659
2729
3292
1827
173
1734
1351
1937
4788
333
1538
4716
523
1629
461
2949
1204
3830
4067
1819
754
4374
1141
3641
767
958
2962
2352
2095
2765
1479
4605
4460
4344
4785
2078
3433
2382
466
1317
4041
4175
917
295
4018
785
1838
809
4112
3279
1554
826
2578
1291
4443
3685
968
3701
4061
4499
4741
3033
807
2540
3648
4675
1000
949
1808
2469
804
77
1608
697
2937
3647
363
3859
4587
3216
556
1298
2373
3526
4932
2136
705
3235
4476
1440
3388
4269
1827
569
3858
466
4150
2403
2974
2706
1867
1402
1582
843
2172
255
1056
678
3371
2194
85
66
1264
3335
3039
4193
580
4568
4976
4737
1181
1699
4628
4308
4512
1611
516
2150
3987
2066
2939
1318
4150
4793
4470
520
66
4752
1446
4197
4741
3122
1871
4121
212
1975
2135
2360
906
3858
728
824
2954
1269
959
3924
2817
2437
852
3311
4182
4217
456
1783
767
3362
2874
174
3746
3509
4153
2796
1049
4775
578
2426
3876
2780
2602
4104
228
3879
1457
1666
446
2517
1144
4188
2267
2683
1882
2157
4975
2664
3688
4924
2249
3333
3980
1018
3987
4176
3332
4575
270
4493
4237
285
2979
3004
1918
4015
4800
4436
1926
452
3695
283
4018
1451
1558
1327
4664
1167
3425
1746
2952
4794
2327
4875
808
875
3640
122
3944
2093
350
3908
1625
3146
2572
1569
1608
1233
2355
4214
3107
1611
758
1402
4272
950
587
4149
4588
2041
1920
2299
2583
1748
4912
3832
1259
196
3164
638
4076
507
2383
4117
3154
325
4984
287
1100
4822
2923
1327
2682
2520
3578
2497
4441
4010
1749
604
2784
4323
4603
3030
1993
1950
1866
1160
2933
4021
2222
1649
3742
1853
4917
3614
4996
2366
3964
2332
4297
2680
3990
4937
1759
3428
2425
236
234
4096
2547
2369
3984
3994
616
3964
143
3602
3516
3242
2256
3848
2635
4837
4969
1247
793
506
1384
1614
108
1557
3751
2645
3586
4546
4083
955
4634
4781
3623
1020
3549
2462
450
510
1911
4085
2693
3906
1280
4714
17
2519
494
2462
2009
3423
3246
1600
1006
2874
502
32
553
2473
4000
1872
3201
897
3824
3172
2664
1473
376
611
3385
1462
775
2910
458
3533
21
904
2980
3953
2924
1642
3425
4445
3432
2601
4637
3678
1667
4597
1743
3383
3461
1892
1708
4763
3416
2558
4468
4636
4105
2668
2006
3033
2143
1220
2697
3732
731
4697
1661
3892
3862
3162
2208
4736
1204
1050
1311
288
1043
2625
5000
2713
4647
2434
39
3225
2861
2008
769
1321
2012
847
58
903
2797
1964
673
3845
1703
241
2598
1946
187
3678
3009
3606
920
1438
4514
4420
3695
2546
4392
294
1509
747
4777
1758
3138
2967
2435
1766
1769
1277
3271
1405
4180
2217
3360
417
683
560
222
4729
1271
3637
4526
2451
1190
1799
125
4495
3582
3043
2510
4123
1813
2855
3430
1600
868
3109
791
3017
4560
630
3300
2367
1592
1187
281
3003
4645
3365
1607
4481
462
1688
2782
2288
3122
2188
3520
4187
4048
1887
1573
3369
2433
3128
2465
4825
4638
2251
1110
1028
1321
1089
1126
592
1710
3951
894
1981
3699
2434
3411
48
987
4206
4866
2874
3380
1465
3119
3182
2887
4731
4314
494
94
2731
2900
3310
4286
2847
890
1987
4990
4774
1594
26
1662
3315
3171
4690
2884
4831
165
770
210
1428
3527
2905
888
1120
2391
91
4973
200
2416
1867
4355
652
2151
2778
701
156
1079
513
588
4446
2134
999
458
1677
1299
920
3834
3716
233
1095
147
1881
1744
2829
2904
1534
1280
4519
3491
3859
2492
532
237
1496
1845
459
2068
81
2608
175
4948
4655
4105
485
1201
3074
1099
925
2211
1802
2425
708
4056
115
115
1337
3007
792
981
3795
2323
2676
3926
844
3696
665
4899
2832
3874
3918
702
3217
4978
2621
3250
2843
1219
3409
743
1962
229
1783
166
2734
3922
1438
1882
2042
1562
4478
195
896
4874
3093
2649
438
2890
3700
210
2711
2777
518
4455
1568
956
856
4631
870
4846
4255
4944
518
2945
2972
3376
2566
2579
3170
1221
4916
1989
1316
2242
3743
4604
2362
4018
4404
1081
3709
1812
3927
4109
177
1617
299
1458
1738
4350
820
3391
1392
2644
586
4420
718
3218
4441
2962
286
3582
1512
3753
1113
160
3380
28
1421
212
4405
1640
4782
117
873
3642
283
251
1168
3051
4289
4751
4469
2686
2736
1391
1003
3039
3092
811
2183
533
668
2366
3630
2498
1387
2661
4218
4219
2606
4050
205
3245
1898
2990
2022
2780
4579
4428
134
1051
3740
175
1955
1830
2381
2867
3266
3252
567
1735
3448
3769
3823
3551
78
2184
1122
4293
2902
4623
1159
3840
3317
1543
0
3002
2300
3366
921
2117
4325
4222
2316
3136
3496
3738
3145
50
3690
2809
45
1705
4360
1771
4381
3090
3205
1173
331
653
485
127
781
4676
562
1286
1146
1349
870
4789
4463
3567
3580
4810
2896
239
4607
4103
3202
4185
2535
3387
3620
480
3861
4856
3657
3433
3816
1180
4660
4539
386
1074
2375
68
2462
408
2946
4251
811
2318
178
1159
1766
4723
4253
2028
3878
2178
4467
1012
220
3997
1322
32
3709
221
1599
3526
4989
4411
2667
3003
3354
2591
1561
1076
1131
4911
4182
4414
3372
2780
2520
3504
4173
1267
4697
4634
2994
1236
2861
4244
4879
4933
310
3248
1582
1039
4864
4262
3100
4497
4456
1102
1274
437
77
4063
4563
2034
4622
220
3792
3614
3289
720
3751
2529
1597
1065
3708
1980
1415
4463
3879
1495
3728
555
2537
3032
2121
1185
4705
3704
3709
4044
4590
4553
1472
2898
3812
1558
3557
2169
4008
4695
2620
1201
1075
4430
2088
36
1202
4916
552
3493
839
1210
184
4468
1190
710
1909
2848
3154
1310
4996
1410
4031
3804
4260
4650
4850
3742
3856
2284
532
4443
4249
4403
2643
4866
283
306
2170
3925
1140
2667
3189
1668
1156
127
4369
2821
3430
4385
2750
2019
1878
4411
2219
744
654
2806
2030
1097
1059
1206
2171
3685
3055
2415
2468
3237
1096
1963
1596
2248
2686
1730
424
294
439
200
1025
4197
381
450
2367
2353
2286
756
4524
1579
2865
3291
4496
3889
2097
319
890
3733
4166
2237
716
2037
2839
4540
2236
2975
4590
4973
939
4407
870
2079
784
3929
1078
4979
1741
420
3558
874
3303
1511
2485
1989
3509
3023
177
1503
2565
1003
4679
3333
1022
3695
2761
4245
1094
2518
3046
766
1009
3785
1538
4344
1732
75
2125
4692
873
1932
2015
4290
1293
4268
531
1983
232
4113
4096
479
4620
3136
4255
4689
3449
4860
4234
2251
3938
603
3212
4143
3877
4760
3895
3611
2071
826
4900
3141
4296
4569
1121
1486
2722
1279
4082
2342
4408
3515
3077
2098
318
2783
3183
1073
4604
1995
4756
3168
844
595
1997
4515
468
3799
395
4872
1329
1955
1085
4708
442
2711
3440
2232
1483
566
1640
4564
3374
1176
760
992
286
169
3628
1215
3114
4145
3214
4204
2156
2179
4421
4707
2982
141
2270
3070
4341
3113
2224
3320
1499
2063
2920
2871
3196
1972
3915
4214
2810
2603
4178
4191
2623
3610
22
1136
257
328
1334
878
2440
2943
2986
3478
3068
1375
2715
3208
1706
647
4423
1271
106
1233
4319
1631
151
3159
795
4200
4815
162
643
4265
2270
3707
1623
2470
578
4951
1804
2509
968
3440
4013
2059
890
1760
4160
1131
4728
1506
3568
4920
2625
1554
928
4139
1882
1982
2719
3773
4790
3743
954
4334
4676
2291
144
2245
999
3307
944
4066
3695
4071
1318
1763
416
4825
1350
643
2420
2460
4596
1599
1217
4417
2386
1885
4676
2043
4971
2111
1434
3878
3493
4287
1287
1454
3978
498
1352
2427
450
303
3671
4961
978
2978
4301
513
1293
4914
4248
4444
2371
2578
3225
2007
1824
3603
900
1188
2551
1163
2689
1976
1027
4617
2895
4704
1827
2832
1473
1999
1722
2727
3555
1690
378
199
1658
291
2004
2915
1260
1827
2010
306
1541
2970
3180
3312
3927
1676
2393
1239
2333
3962
546
4842
2841
222
4300
3353
548
4252
2893
1821
1399
4761
4102
3644
2250
694
241
2039
128
3347
651
1384
3014
3858
4677
3810
88
1290
1507
3175
4908
2233
242
4129
4606
2782
2327
2658
26
3415
2977
3534
52
3158
3023
531
1508
2686
1235
3977
1416
816
2347
1021
3794
1633
4953
1980
2674
2202
3225
3875
1423
3385
794
2461
3735
3847
977
1011
4314
2119
4275
4281
4371
2560
1805
1741
677
1590
1635
4346
3292
4390
1412
499
2220
3678
4259
3600
73
2341
3372
700
1086
2521
1680
3659
2015
1068
1624
1427
1213
2123
20
2377
4599
670
725
887
1457
593
2301
1326
1105
105
907
149
3847
2682
195
3300
4208
3215
4786
1607
3827
2819
3914
4830
4089
2465
3555
2624
4231
2815
2358
1640
3895
4994
2358
209
3876
4492
826
2791
3027
1236
650
2652
1337
2757
1407
445
4868
2878
67
3561
281
2352
2883
4931
2038
3176
289
2914
58
4805
1320
799
2617
3896
3714
1413
1097
1993
488
2064
3296
2757
1260
3682
4381
831
896
1567
916
75
822
2480
2011
1654
1225
4522
2495
4280
1867
3725
2754
561
4396
2071
1198
4035
729
3293
2300
999
2848
491
344
1208
144
62
4161
2657
2366
664
1843
3683
3181
1689
1718
18
4652
4995
2606
625
3218
3013
2041
2634
637
2689
4392
2296
3767
3984
4567
4773
1277
728
4241
451
1503
4832
1059
619
3859
4347
1604
351
143
4711
2959
1382
134
1958
4087
4088
4206
4048
3441
134
2110
2720
2874
2184
3261
2090
1704
3671
4524
1606
74
4187
534
2600
1515
903
1634
2674
1684
3956
1713
1601
3490
3323
3062
2228
216
426
2056
3968
3985
3773
4564
3715
133
642
225
3982
1152
3908
4179
2076
3449
397
3324
1703
2283
4343
4515
3522
3549
3681
1177
3953
985
3932
4465
2608
4875
2774
1365
528
2845
3649
1603
281
4992
186
4668
1968
3013
3074
1356
1980
4676
210
4465
518
4259
3500
1507
712
925
825
1348
2375
4669
4000
4833
837
3207
4385
1079
1524
4769
4900
1146
886
1289
536
2567
3045
2729
4536
556
658
2753
2646
689
902
1480
4342
42
2518
2146
3365
2496
277
4205
3350
2941
393
3026
3865
4823
805
1390
3533
950
3728
206
156
1812
2675
4345
2540
2811
3207
374
4722
4223
2017
1456
1927
2885
162
4786
598
4399
4353
717
679
4065
3645
1510
801
2107
1090
3706
4087
574
147
2036
3892
243
4091
265
4263
2754
1321
3368
2576
701
3351
2608
2513
378
2805
4349
495
2687
517
2363
2850
4285
3400
2548
2568
4065
1903
963
2516
2348
2297
769
877
4739
3866
3460
2560
732
4727
2333
1961
2817
2872
841
360
2182
2630
4176
70
1152
2698
4051
3855
3179
4386
4948
4668
787
2574
3790
640
3023
407
1895
1381
2739
4637
399
1770
4842
1038
3555
2726
194
4692
675
1598
539
2546
3714
2414
2705
3943
4657
3084
2587
2762
1748
1937
171
4838
2379
1864
3592
243
2981
4220
203
120
3851
1730
4361
3792
2471
587
2189
2321
3345
2265
3029
1250
966
2448
2667
1518
1563
2963
2394
3220
212
4205
144
3819
944
1335
3234
4563
3422
784
3004
1728
2259
1703
2414
4091
1528
2762
333
3377
4687
1295
3924
1094
3475
4740
4712
4765
1482
495
893
4080
1747
873
1566
920
914
410
3771
242
437
4879
3684
423
4831
4854
3329
1980
1857
3801
4272
4963
3199
3496
666
345
4707
3039
3900
1674
1081
1739
3712
581
414
2925
2022
1057
1965
1263
1923
4036
4914
4588
3142
3437
3638
4176
158
373
3015
724
2518
4028
3926
4245
3490
1546
4351
3565
4238
4498
3908
3573
3379
4698
3904
2489
1904
3429
1135
4840
590
1384
4109
3492
4266
2146
3584
3038
1991
3989
4276
4148
3577
3452
1131
1556
4930
4293
1031
1233
1915
1313
2073
2290
4010
0
3298
488
1335
1706
1966
3917
4448
4269
1340
1068
163
4748
662
3535
575
504
3534
4973
3055
3851
2632
954
4346
3426
3702
4880
2088
2168
1362
1119
3689
387
4059
4087
745
3922
1412
4395
4290
1454
3510
3937
1956
4522
1358
57
3267
1842
3819
501
481
2283
1595
4925
4823
4470
1903
2531
2767
383
478
935
4212
2612
4957
3730
4662
1284
2159
1239
754
3439
1392
1965
1335
1847
1061
546
597
2358
4481
2846
4448
2905
4403
4852
3989
3540
157
1835
2774
4261
3969
1382
906
2325
3884
3614
1588
2619
1820
220
3688
3502
1515
1019
3324
2252
4996
32
170
1646
2356
4307
1396
4408
566
4879
1628
1245
291
1431
1975
2681
3318
3586
2910
1581
4184
2863
4982
3600
2627
2405
3113
430
4269
4127
2180
3940
22
42
820
2528
4484
1582
2684
251
4563
2088
3275
1664
4183
4835
1738
1078
219
23
3930
4433
4797
2723
3658
4386
2672
3912
2082
64
736
411
828
2387
2862
4569
2172
3878
2187
2744
1350
2266
1955
2454
639
2496
590
1611
1356
1488
3622
2532
3953
203
1703
2860
3871
3668
384
4796
4618
2173
4732
2915
3695
2120
1157
738
4922
4612
4372
3263
2288
4729
3683
3737
3457
2220
1000
2382
212
379
30
1783
4243
4680
448
4933
135
1441
1649
3072
3019
162
3874
4407
1129
2466
2365
1456
1928
2969
3251
1707
517
1537
1774
3648
919
3239
2001
4560
2148
1349
2914
4930
4063
2840
3537
2445
903
2071
1284
2147
2052
66
4274
1130
3396
1271
3723
4331
4931
946
3515
4523
3934
1585
180
4588
3216
1506
518
3064
3713
4455
4655
3385
3180
3869
3188
1437
4090
2778
1480
3351
2799
2536
2856
2892
3098
627
165
1614
4705
2696
2613
3858
1480
1681
1279
4175
3631
3587
4087
1975
4602
4030
149
1953
3420
2784
1417
2514
2152
2668
2318
3131
3323
3701
4423
3831
661
1638
2260
3127
869
1387
1089
1004
2513
1087
185
4562
2520
2313
3545
1973
1723
4255
4819
3500
4370
3665
3952
1872
4253
2255
3474
1193
339
1438
246
1100
336
3720
4360
2840
2
118
3271
212
4901
4452
312
3599
2003
4838
4126
75
2267
3829
972
4678
1298
3187
3296
2843
4521
819
3521
3433
1779
4167
3355
1121
2902
3904
4122
4737
294
4264
681
3440
2185
3217
27
3651
285
1788
2325
1491
2385
1495
2600
4281
2261
3921
3192
4300
4655
835
896
1352
2802
4583
3621
2045
2946
4550
2611
4335
2176
2691
2200
4233
3862
4725
1054
3605
4027
1045
2464
2657
368
4123
2636
483
225
272
4867
2087
2844
3898
3535
4810
4485
1556
2323
3420
4064
1391
1182
2131
984
3476
4763
2165
594
3190
4181
3322
3683
2585
1329
2938
1963
1284
924
296
1995
4399
4884
2075
1820
1483
315
4514
4094
4174
2874
72
2811
4690
3063
2489
1112
4170
847
2710
693
585
2571
2332
350
73
2962
1866
735
4827
4914
483
4852
1185
470
2293
1413
960
2436
1684
2633
3424
4136
701
1347
3455
573
2076
2298
2956
4362
762
1976
3769
435
3572
1321
3738
2039
2783
775
2832
2326
4694
3198
897
4591
2629
3366
673
1354
3713
1230
789
3409
4392
3903
1521
2078
3147
4651
4261
3383
3819
104
2070
3111
4002
368
4928
3506
460
4085
2636
2471
2107
3156
4829
1806
2880
2792
1096
3497
1298
1405
912
1135
2957
4613
141
2139
271
2464
1106
3116
3053
2170
4892
2738
4661
4099
3405
3436
676
1030
4169
3305
3494
2985
735
3368
4573
499
4811
4243
3035
3894
888
3256
3785
3873
4674
3762
2414
2356
2896
2525
3954
2042
4411
3791
4850
1898
4146
3141
3960
1288
2905
3272
4153
4046
968
38
4627
1558
677
2459
3941
2944
4320
1258
4409
2137
4476
3710
3719
4364
4250
632
358
3563
4041
1981
4181
2927
1524
3451
1668
1999
3720
1236
215
1070
2977
1134
2491
541
2894
3279
1832
1867
3669
1564
4662
1431
3099
86
4398
1408
1053
3231
2583
607
4089
2362
89
4298
4886
779
3743
1835
520
3354
2802
1521
160
824
704
4407
4787
1172
2805
2144
1214
3082
176
3262
4297
1374
2488
1420
1501
3384
331
4843
4188
4652
1938
3415
4142
3244
4121
3601
1314
3735
3726
718
3579
432
3136
4974
3105
249
2440
1548
3616
169
740
2022
2029
1253
280
4570
2297
2767
2277
3988
647
1590
2280
2691
89
3483
4920
3966
3620
4956
3314
1828
2809
745
531
4653
587
690
4688
2437
939
2569
658
1243
1999
903
2758
1271
1744
4424
3456
1000
4531
4826
4662
2208
1991
3334
4006
4777
3820
3995
1587
3591
4574
1596
4243
3679
639
1337
2431
1500
4699
2340
1773
1614
4197
4019
1436
2512
2367
4308
4318
3333
1636
3802
3618
2100
3616
2127
2209
2075
3940
4876
3689
1527
887
1086
2943
242
4454
115
853
1861
1734
4818
737
2000
237
2036
1293
334
3421
3070
2184
1939
628
4255
2056
4087
4169
3382
2356
3552
888
2716
2260
12
452
140
4178
41
1
3079
3205
4920
2443
3629
446
2944
762
4956
3791
435
3863
4289
1309
1394
1065
1491
2020
3028
3309
2709
1677
1549
3401
1329
3804
1557
3294
3124
4790
308
1394
158
3655
1404
4350
1580
3022
760
4195
2157
2240
3720
4268
1079
4773
1684
2755
2675
450
1021
3908
4154
858
3496
3456
4919
4752
3400
1431
231
3359
1998
3953
1182
81
1468
4490
2868
34
1038
3056
3899
674
2339
4387
1718
3187
4081
2336
4939
4502
2409
3949
3541
3269
4802
474
3937
4296
848
2654
853
2190
443
4154
3732
1995
2694
3692
2267
2644
1636
2933
1941
3204
2371
3543
2758
2696
2973
1488
4592
196
2899
277
4705
1138
3939
2715
2659
1240
3757
4749
3367
1549
550
2394
4436
3222
1769
4889
3352
712
616
349
2390
695
3916
700
4911
4818
4177
3684
4290
2976
1932
2458
915
4066
366
578
2364
4217
423
3796
3945
1522
846
967
649
1684
3821
1474
4472
1600
4743
150
1021
2479
3955
3886
1184
3980
2322
3151
3560
845
1765
2466
3769
4011
1397
1420
3618
1268
2980
4138
4731
2700
2246
1411
4901
374
2386
894
4748
2057
682
2810
1321
2519
1646
2266
638
674
3999
2057
1555
3819
603
2561
1725
143
578
4647
3613
261
654
4807
4029
2974
4086
403
2337
2595
52
1011
4925
423
195
3460
3843
3857
4631
355
3462
4429
4557
154
3754
4504
3337
437
1603
4239
3270
4667
4324
3844
1893
478
2766
2098
3989
1000
242
1404
2844
1772
2666
4088
3715
131
961
3943
3445
3708
2004
3579
4471
3283
1777
2787
3
3255
4612
2306
3881
2884
1929
156
1963
1727
1595
4515
4754
1831
3655
1828
1343
4995
1723
1486
2356
4800
1215
3219
4342
2036
3437
1111
1703
1608
3823
943
2081
4268
4468
4619
3851
712
959
2318
1613
2321
3503
2661
2361
4452
4954
2354
3736
1437
174
648
4892
2702
2769
282
4824
1463
3984
2421
3308
3427
1274
3629
4871
1222
2135
1290
1425
1110
1605
3654
4912
2455
4696
3419
3838
3811
1447
24
4258
3949
4183
52
1998
1864
1241
2803
4435
3939
1516
2422
783
1003
1077
1128
226
3970
2506
3909
2197
3844
3733
655
175
1086
3132
2846
2322
4912
1451
2511
33
993
1529
763
4083
4327
2908
909
4208
3100
4555
3901
1092
3195
1300
4032
563
3957
715
697
1304
2986
1237
3447
4349
4514
3319
2616
745
1773
4614
1743
2075
3758
704
4404
1831
2751
3945
4717
1895
903
2831
1562
3875
3720
3590
4179
1425
401
3971
1092
1575
3563
3327
4313
3965
2448
1292
2306
3331
3024
1642
3755
2421
814
1499
4967
1222
2551
2143
4254
2820
3136
4604
105
2757
1454
1220
3949
4530
1388
1846
3484
2191
3320
1998
1232
628
4315
1592
2052
3497
1304
3324
4643
4228
4245
437
1179
1802
1702
1144
4939
3368
745
2600
2681
4834
4061
2072
288
2879
3515
4748
4805
1457
2473
1206
2720
41
4530
2024
719
4738
3581
2353
4475
2709
1554
3484
2690
3341
3737
91
4768
3256
3349
4166
2444
755
4131
1556
3638
3101
4150
1969
1314
452
254
1539
533
2001
3908
3117
1062
3067
4695
357
3368
4887
3580
3265
4843
178
632
2660
4043
1423
487
4388
882
2415
4032
282
718
2263
3391
2875
2589
4827
1635
3624
2992
2498
3552
3024
3321
2275
1610
1267
1925
2891
3055
4697
761
400
2288
2541
2005
1958
1247
785
2044
68
3959
1116
1356
3125
4923
3754
711
2867
3346
4087
4692
1689
4041
1079
4399
2609
1505
2406
2553
3032
1453
3031
3258
4984
3267
4964
4062
1268
923
4000
1434
3117
3265
4158
2712
2976
278
407
318
3780
2896
2686
2967
3920
3754
1499
2410
3420
3837
2297
1768
1733
1240
1679
2341
3090
3984
1617
1909
2130
2193
4329
3879
2133
3610
217
4548
4718
2510
3666
3249
3571
901
4658
2434
16
4785
110
2853
3592
165
3567
363
424
4411
1694
1517
718
4775
1500
45
2885
386
2626
4201
2558
4527
2723
2441
1308
20
2414
2269
4797
668
4254
2817
4509
3781
3414
2567
2420
1034
1661
2274
842
1109
4380
2316
430
1327
2030
2790
3894
1143
2319
1828
981
809
4303
1637
4290
848
951
137
2952
277
3574
2056
1713
2707
1421
3409
254
4693
1744
2437
3140
2471
980
1505
18
1833
3327
3768
3149
4360
825
2707
1599
2803
350
1793
3223
1819
4303
1693
4367
2435
3373
1459
4799
457
4264
4291
3071
4259
1037
4164
3460
2640
4770
3934
1991
2741
1202
2860
3734
3936
2228
3726
4203
3818
3111
2287
2016
3620
2531
1280
2914
230
3422
3143
2925
3681
16
4790
1093
3736
3848
2780
1015
4971
303
128
2985
3298
4889
1313
2344
1163
4533
23
481
4694
1826
1343
203
3989
2982
1617
4184
4805
1709
559
2905
1562
1261
95
1204
3503
3156
4612
3676
464
1747
2927
4802
2852
4225
3524
2350
2682
1416
2012
854
61
1940
1183
3345
2844
4843
1463
2264
3249
2622
3006
738
1028
4139
1315
1910
308
2881
2849
3190
4700
4992
1828
1171
1003
4832
2082
1184
4369
3405
1828
263
4507
4046
3873
312
4457
4105
2868
897
3972
4061
4547
4510
2417
1173
3827
267
2316
2825
697
258
3058
128
3607
443
1838
388
571
3081
1402
731
1656
880
3905
633
3923
712
3034
2943
2035
159
1390
2410
3552
1220
2157
1999
4175
388
2110
4857
1179
4768
821
894
251
2192
3574
1502
2443
3378
2659
11
2517
1621
3293
3459
2536
1142
3485
4571
956
923
2272
1587
4893
4580
366
2248
551
3035
1109
2065
4018
1218
3008
223
1153
2053
2250
1684
2151
2621
598
1995
2346
1385
1666
337
3089
1693
1630
1766
3998
330
4355
2779
2254
4184
4448
624
4119
2268
2523
3242
4209
4136
2012
4644
237
1042
2787
3439
2938
223
1288
62
2547
999
428
2776
4071
4628
4899
2531
2211
503
3800
4521
3168
1256
144
4930
4706
1043
1147
2146
532
978
2943
995
2609
451
4853
1813
2343
3849
4435
1421
2227
3883
3131
755
3024
1199
1080
4815
4722
149
645
223
3936
2010
3011
1040
938
1455
3222
3845
1227
22
4792
1792
408
1136
1432
2623
1769
3080
2631
4935
158
2197
2734
4245
2807
2453
3154
1018
299
1862
1232
1864
2299
704
2271
4908
2602
4508
2128
4025
4966
2878
4562
2430
3802
3702
4462
4261
4854
386
2361
4082
2377
3055
3159
233
2899
1470
1571
1131
2650
3133
4847
1121
4748
2135
2293
3112
2560
3100
4595
4427
2904
1699
2374
1859
3114
307
754
2795
4956
2629
2770
783
1619
2813
4854
4690
3061
4016
4657
1295
3216
684
3755
4746
1253
4373
42
84
693
408
1884
3858
1089
1931
3505
934
2314
3770
4741
4285
4283
1961
4976
2125
3916
2532
4834
2822
2205
2463
2877
4888
1764
2341
4637
4077
2649
1698
4437
1158
2001
818
1735
4332
2292
4866
458
901
1225
1013
932
4813
822
1785
4066
4119
955
2048
2411
4385
2251
3870
106
1204
4844
4954
505
2392
3245
3160
1556
492
4478
3869
3495
426
1360
2429
1960
4236
567
1661
942
3575
4889
1470
3291
3402
1433
3406
2619
4211
3467
3829
4370
573
1323
2536
2350
1453
1430
4909
3490
4612
4049
2117
2299
528
833
858
2418
1433
2885
1758
114
3677
438
535
4359
1067
4666
4199
4050
2166
3485
1430
3096
2748
501
3684
1824
1884
3794
4118
2192
3829
3810
2368
76
2372
4350
3968
4680
4146
3316
3575
3350
2556
3743
14
4169
2929
3192
3812
1670
1941
388
2080
271
4931
2183
2714
1872
4943
4996
1218
1381
1871
1654
843
1192
1921
3087
2490
689
993
750
1266
1496
1895
2730
885
3734
2131
2286
1580
4424
4179
2449
2838
3380
596
2931
1057
572
4089
1604
3554
4081
1868
1626
1331
3138
4466
4358
1608
285
1668
280
461
4400
4128
3332
592
2296
1103
3463
2937
859
2332
2070
2279
1461
3837
1526
1973
4542
792
3096
2238
3384
3328
3312
4464
2175
1186
131
3482
1506
4178
4082
1585
135
293
2821
1785
404
3327
3268
1551
3512
3824
4631
1496
4657
2252
3970
2257
407
3659
1393
4239
4037
3189
4892
4687
2552
1137
4431
4110
236
3418
4342
1222
1799
1128
4901
2174
2927
2967
4592
4011
3211
1506
4436
2794
4798
770
4389
4674
889
306
1305
1033
3925
4431
4525
2508
3957
621
200
1126
4251
4510
2327
3584
786
4015
1393
4498
4319
1017
4579
1024
4541
2356
3046
25
3179
2101
3024
2505
177
2658
1186
1545
751
1935
2731
76
4286
891
947
236
1875
438
329
2964
2896
882
1601
4692
3293
568
4349
22
2134
254
3520
2179
945
4822
2410
3555
1695
4291
1626
282
1897
965
613
75
4000
3066
3484
4696
1970
1082
2013
4474
3853
1174
707
4144
168
1851
4264
3022
1333
674
1532
4153
4618
1670
3988
2399
4980
4921
4057
3231
4406
1298
1764
191
3660
4193
2461
1787
3454
1564
4448
4808
4209
4785
795
785
1972
478
3953
1080
4536
1322
1068
1687
1356
1310
4049
3372
656
3894
3059
2296
3100
1980
665
2971
2921
2052
3425
4687
4173
1355
3259
717
3051
2649
799
872
1710
1715
165
2802
3113
1828
2189
4172
1520
4203
4228
2090
2374
4168
4990
4607
4754
2855
1955
1135
2501
3449
4279
280
3562
1433
703
316
1318
1296
2941
4031
467
4626
309
1813
942
1338
2925
1711
2113
2784
648
198
664
3039
4111
3076
1219
1363
4678
1402
3953
3776
2796
4525
4183
2486
4821
4124
3839
4745
1434
563
36
2987
4740
1171
2937
3319
459
3274
2883
2249
4824
3934
4999
2267
3531
563
4037
3078
988
4170
2213
443
4674
4620
232
2903
2411
176
4460
4032
772
2289
1534
204
568
458
4965
2211
4208
1518
895
3771
4078
1811
4427
3460
222
1070
4248
4498
2121
2457
4721
1595
737
316
1704
2327
1536
2392
933
3262
2537
1764
978
2328
1832
1193
494
1748
4305
1677
2901
4413
4402
1058
3196
4650
3281
2113
1120
4194
3580
4064
3214
3105
1749
1244
122
1006
4527
394
1726
4297
1654
4132
4404
4654
783
2871
1287
2204
3523
998
2123
2263
2481
2440
738
3170
2579
4694
1976
4652
228
3600
3196
376
4623
2298
134
743
900
3702
349
2632
478
4259
3062
2222
3071
4632
2860
4257
626
4555
1239
1899
89
4861
1235
2130
4099
402
1020
4263
3432
3621
4079
3017
1955
3807
191
2731
557
217
873
1436
726
2026
3105
3047
3269
2789
1064
3974
2212
2796
2596
884
295
4732
3366
1633
4837
3257
871
594
518
3113
2133
1553
1700
2283
2477
2874
3094
1916
2840
4332
3040
3185
403
1018
2949
4093
1227
1969
4830
267
4857
3292
722
721
1416
3064
2664
2992
1131
2234
571
574
2837
1231
1604
2950
246
4441
1379
1222
1533
4992
3008
1308
3806
4739
2824
2836
921
674
3478
3412
1338
4398
2468
2302
3806
1644
1768
3064
406
4469
4019
1122
4209
2613
265
588
3634
1249
3070
2222
980
4048
4508
1269
3575
546
774
4371
160
3881
4803
2052
4498
4814
1330
2366
4021
4368
2347
2057
371
2697
1915
4266
1668
1713
947
4274
1346
4588
1906
3713
1489
609
2630
1881
2366
4187
4486
2180
1936
3622
3740
3757
3817
3769
11
2864
2560
3671
3585
1813
4717
4256
343
951
2795
4573
82
3958
1312
874
2265
1773
2949
678
1315
4687
3068
3242
1369
1098
1172
3209
2389
4634
3456
1890
1617
2700
4158
478
2767
2706
3955
3958
2725
2932
2602
1025
117
2527
4715
2927
1458
2028
3428
4328
882
3495
3401
3880
4876
1696
4277
2944
3075
220
2377
3886
4
1516
4179
2236
3884
371
841
3678
2832
2063
107
1315
1125
373
2232
4334
492
2199
3361
1991
740
1003
1607
129
979
2204
2548
1728
2282
605
4169
3190
67
1062
4423
1846
3538
4850
3358
893
3865
1177
3499
4613
2884
2520
4526
1591
2740
3548
1117
1221
64
2249
4635
1618
2412
4311
4482
1705
496
4668
3563
3212
3641
3214
199
4538
2609
4349
3643
4653
3723
123
821
2717
639
1557
2758
2739
1890
2142
4425
273
945
1842
443
3908
3398
3144
4700
852
4384
2716
1735
308
1759
3436
3667
669
4378
3334
4336
3753
3849
3071
4888
2743
1562
828
3466
4040
1187
4292
1265
3473
1891
1614
460
535
2337
1873
654
4950
2004
4053
630
3002
3898
3116
380
3673
2221
1350
3049
2978
4374
258
3261
3056
1143
2901
92
3336
3792
1970
4136
4677
93
3774
1251
3889
3752
2921
3351
4806
1102
392
3309
4208
2559
1611
1142
3658
863
1458
252
1447
2240
4166
589
3063
2333
2082
467
1398
3266
4595
4042
2814
3676
662
1360
3080
4715
3331
579
2919
4201
4360
2082
4477
4642
70
4794
4190
2054
2594
3360
145
2267
4751
1506
2334
2089
1194
4035
1655
3370
2610
4842
2355
2362
2387
119
461
1813
833
900
2151
1928
4705
13
4575
3662
3095
4572
3425
2562
1803
4785
4026
872
897
3900
4838
2346
4918
3227
2455
537
1150
1538
3105
40
1760
2534
4331
1971
2531
2679
1048
4865
2052
4532
4959
1859
1662
4814
828
2242
3645
3664
4878
111
2348
1698
1185
3929
917
840
4286
1248
4414
3468
1435
3488
1575
294
3703
2742
2141
2912
701
3006
1514
504
2315
2403
1995
4831
4550
664
3788
965
1895
4696
1030
3138
2733
1450
3364
2371
3930
181
1136
2242
2254
2712
2246
3480
2658
3242
3435
1170
3399
335
3300
94
4005
3423
4410
1627
4930
4196
2248
1624
2682
2191
3288
1045
3185
4590
1746
2560
1325
4752
39
1785
4480
4837
548
2036
4068
868
4579
17
1704
819
4556
2965
3322
458
1528
753
3926
3916
4680
3006
3786
2738
2029
1138
272
1793
489
2815
4591
118
726
4404
815
645
1372
2280
4210
4114
3584
1700
817
1011
1003
3026
3196
3889
3579
1365
1776
3368
4748
1818
440
4282
1539
440
4089
2798
2810
3356
726
4564
1141
1381
2960
3409
1161
4337
1158
437
1578
1423
802
1243
1535
4168
395
3164
4908
2113
3648
302
1608
786
4791
3279
1055
1229
2395
3496
1919
3115
1941
4411
617
3523
3758
628
4547
149
3455
3221
460
2118
3802
4447
1504
3160
1695
3546
3803
1842
4757
2445
4805
4178
3451
3747
819
2433
292
2386
3001
1656
4214
4296
2411
888
3097
4516
4127
1104
3826
3462
1854
3658
4755
2195
4736
4689
4111
2535
4653
4633
1606
2065
4096
4224
2210
4080
3980
1050
3867
4944
4958
1250
4841
4900
1454
224
2915
4392
4325
1726
4771
1219
529
3498
2990
2621
1104
2026
3690
3087
4224
613
3279
932
4651
274
3389
546
20
4885
1113
4043
715
990
3745
443
4110
2070
1508
3260
536
2425
4391
1781
1622
3584
4370
290
4991
4562
1128
4469
214
4773
3102
313
3139
3520
3078
3904
468
261
4598
309
4972
3273
1142
2429
297
1970
4402
926
3183
3883
1960
3736
3563
3425
2259
4985
3176
1273
4813
4970
1756
3451
2457
694
2060
2846
4263
1001
3723
1279
1503
4720
485
3239
4420
4252
767
4687
2092
597
4825
3183
2793
3086
3651
4562
3422
3343
2876
2747
2092
2318
4113
1064
2644
2126
1167
469
2286
957
4176
1616
4779
4620
1883
839
4881
915
529
3421
848
3483
4499
4076
1499
1032
146
133
1422
434
845
3709
4331
4418
2576
4299
2584
3987
4563
1789
1117
3358
689
2889
3623
2543
2637
3259
645
1995
4220
3414
3703
1992
855
1004
4083
2646
4003
4028
1181
507
1267
2660
3388
3626
3957
3964
969
3521
1526
326
567
3809
2866
4717
136
383
3238
4152
4128
4587
2343
3526
599
4603
2686
2518
4376
1699
3188
55
1084
309
779
1926
3297
1729
2358
534
583
2501
2249
2076
133
247
674
3543
297
4522
2237
4005
4479
4521
4726
3367
2772
3825
908
564
397
3755
1552
4718
2132
4707
3781
3422
2250
2032
19
2887
2799
680
2507
85
2575
4028
16
907
854
2739
1320
4229
2750
3984
2517
336
157
4085
1895
1950
4453
1849
4944
2210
3616
4462
4830
1574
3278
1267
1960
3575
2890
3666
167
839
2915
2438
4991
4914
1034
3622
2983
2502
2920
886
2393
1039
1956
3797
2619
1595
3702
703
275
1022
1993
523
1478
528
136
2209
3717
1840
398
3529
4585
2785
1587
4860
2501
3020
3346
3011
616
3057
1466
296
2465
1634
3904
2489
3811
3907
266
904
1342
11
4207
4526
3015
2883
1559
3323
4929
446
3868
3037
4387
4971
4346
157
2978
3199
353
1903
2804
2778
2611
1776
1416
1545
202
2918
3598
4782
3685
4350
162
94
1198
1821
4242
2819
2365
1091
4028
4069
294
3472
4525
2488
4643
2820
3369
2935
1277
4760
4106
61
4078
3042
4106
3562
1990
1149
386
1376
554
561
4276
4759
2569
344
2464
2794
2216
4889
4667
1171
4325
3165
2203
4766
600
476
2162
4727
4427
351
3720
1478
3732
3069
2787
1772
559
1586
110
2844
3084
2416
4598
3744
3546
2976
343
4585
4554
165
4416
4929
1895
482
3858
1896
4849
1617
3837
3790
4626
3434
554
1393
2311
836
4021
3283
1255
1981
2114
1573
4992
1505
3600
3616
904
3630
2098
1480
2384
3308
331
1924
1234
4221
3106
3930
1529
917
4297
2718
4209
2100
2692
4623
2404
3194
4485
2175
4437
376
1325
4452
423
617
3035
3653
4384
2249
3122
3416
2585
2032
4622
3542
274
1023
290
396
860
1607
2064
1445
4068
899
3285
3859
1978
711
4586
4536
4882
4945
4174
2140
1233
4147
62
472
1712
1007
2135
1980
698
157
3486
2887
1291
4671
2249
183
3438
4178
471
4843
738
2899
3946
4229
2715
3972
1432
2240
1684
3296
455
4851
4031
3707
1495
2211
178
4949
526
1262
3877
1307
2603
1660
885
3448
91
2150
946
2266
4634
3197
724
4011
1737
3776
975
2829
1058
4394
4390
80
3707
2933
1161
868
1861
2747
3617
2900
1081
2610
3821
744
650
1261
2374
3574
288
4010
4885
795
629
2749
1917
2348
1421
314
628
1757
2705
4812
410
662
2742
3994
3581
4146
2732
4721
4125
4265
4313
4898
509
3401
167
4407
278
2523
3619
4182
3009
1946
3593
381
3906
725
4359
1774
1671
4847
4406
4912
4481
571
4125
2407
2898
509
3056
4671
4314
4351
1649
3596
3039
1933
4615
2563
1012
640
1088
4678
1215
1730
4606
663
3425
2482
873
2505
3261
4607
885
55
198
541
3638
937
1039
4307
3310
966
1882
1613
4286
4890
1041
2025
4348
1013
264
4923
643
882
3084
680
3031
716
4106
1123
452
1143
1504
1893
4198
4618
4146
3436
4912
145
1871
3792
237
2087
2631
649
1634
3082
4211
3652
3415
2094
4536
217
729
1655
2188
4152
2821
1420
4254
4862
3340
703
4641
155
1009
2198
2727
2139
1242
533
1438
3532
1639
4417
4070
3356
1386
2870
2265
1152
1293
4859
2430
1473
4762
1359
3507
384
455
2745
753
163
3440
4185
4499
3274
917
2460
3500
3108
825
2370
4772
4091
518
1421
2961
3906
3790
610
4740
1331
4872
4188
3382
774
426
830
1313
3625
4207
3207
4451
4886
4499
3551
1839
1409
4250
4450
4156
304
2262
1031
4211
2442
1244
2147
1151
3394
4486
2347
1381
948
1662
2694
3537
4238
2176
405
524
337
873
3365
1797
1320
2999
1837
1564
2868
3511
1159
4613
3
2500
1848
1924
2787
193
567
2298
4458
2327
3055
583
2791
1428
3609
4248
2028
4608
3677
4468
3067
1099
2290
4499
361
4139
1011
4162
4142
4160
1807
2339
2986
2512
2931
4130
4012
739
1697
2269
996
550
4410
2709
1213
4036
1715
1641
4042
4347
1285
2997
3496
4693
3456
4134
2472
3096
2315
1812
2317
588
836
3025
1638
3229
3093
4085
3552
4291
497
1260
1644
1436
4373
3618
1173
1841
2815
4032
4240
456
1998
1969
2015
2273
3404
752
4069
314
644
3161
3889
21
1344
2974
3461
1382
3820
4885
2335
3270
3689
4687
3414
4411
1965
941
1491
3614
2071
2217
2826
266
1127
635
3048
857
1805
2910
4126
2739
410
784
3490
3564
2763
1580
3650
4934
1949
3788
2509
4341
4659
2780
922
3550
4423
2076
3684
874
1315
4003
280
3082
4966
1429
2291
1105
2490
3346
1786
1302
4689
3595
2609
1260
3111
4943
2399
2217
235
4706
1860
3357
1454
4378
189
653
700
4168
1998
1000
3086
445
1712
2935
411
2779
3892
2221
1668
4320
2172
4378
1519
969
1719
3029
2977
4004
952
4430
2735
604
3826
2988
3672
3035
4090
3375
791
46
2605
2371
1230
3476
3954
2875
2892
1741
275
1560
4274
335
2678
537
2528
3768
4690
1803
246
2749
2218
865
2915
215
509
4660
2410
3985
3184
4244
3488
3165
2426
2505
3235
693
3441
3266
673
4677
2713
4222
691
4288
314
1910
3170
74
1084
2731
567
1403
2024
1158
3817
1157
4932
502
3918
753
4814
4858
2126
1828
3648
3206
4744
3258
3502
605
2164
4504
3642
3471
1008
3242
2533
1245
1257
3161
4154
4306
3283
4331
4029
840
2961
3554
2395
3748
1024
4274
2465
4019
423
4581
263
3937
1053
3955
4954
4999
470
1562
4063
1576
189
3053
4493
4127
2450
334
4751
3544
2692
2137
2073
1437
4442
3969
4532
3444
3905
3570
4328
3297
4933
4560
4904
1835
3504
2660
1130
250
3737
2633
3842
4881
2370
2916
3122
1293
4367
2511
3996
4310
2237
3094
4557
1711
972
4499
3011
4143
3995
2583
1668
3147
2937
4144
3832
2133
3898
4080
285
3996
3733
1888
3324
2205
4233
3224
978
1663
691
3163
3514
4761
1866
3009
622
641
3996
4355
891
1821
2428
4922
1158
3660
4543
2195
4986
3087
4007
4992
3185
884
4651
167
2294
1598
4838
1644
3486
4024
822
1497
2756
2606
3568
3082
4469
3810
2468
4309
1188
1415
462
3372
382
1769
328
2184
3408
4128
4446
4213
3299
4587
225
2048
1148
2232
815
3637
2934
3648
3034
3152
4510
4174
2370
130
1100
141
712
4545
3028
4133
2729
1591
374
4242
2646
1163
2802
1023
4052
3960
42
2372
2051
2757
3261
1301
559
1822
253
2345
897
882
3306
369
4564
498
1260
1294
2197
1264
4309
4639
3374
671
4012
86
4750
338
898
2791
4608
3658
3960
1128
211
984
246
2724
3980
3666
1189
2131
3494
3968
4752
3695
4524
3906
2607
1695
4641
2553
4595
4931
786
1019
64
4502
1968
4320
2471
2244
891
3483
727
976
4409
1330
392
1511
1150
4948
643
2143
1164
1937
1007
2619
3944
2850
207
620
2724
2722
425
949
658
1935
655
4587
1485
31
1671
4276
592
3854
2151
1987
3
3027
886
3316
3620
128
4598
3757
1360
2922
4053
2485
2349
2111
312
2600
1902
4431
4420
254
91
1265
430
2672
1430
910
1202
2282
1400
3820
1610
1654
4985
4377
900
4261
4619
1331
4825
3278
4768
3380
2126
629
4606
339
3159
4807
2056
734
4116
4715
1720
4044
1537
523
530
116
1740
1519
3731
2813
4789
1597
1676
403
2622
3394
1695
3387
3690
494
4478
3108
2664
4467
1216
2801
4754
4214
2425
3626
528
3939
2332
3490
2505
3522
595
36
3601
4775
156
230
2233
4004
2269
363
45
1070
1261
4225
708
4982
1422
887
1305
3599
41
2679
111
1809
2672
2535
1061
1531
1313
2026
4007
2986
4816
1375
2578
202
4893
2558
1854
2566
1814
2724
483
3289
515
1499
2059
794
3592
4476
4937
467
1819
1201
1358
35
4538
3800
3686
3371
4354
826
3714
4723
709
2386
3832
1474
4541
3181
3576
4735
4573
3460
496
4579
2258
1786
436
4600
3903
427
3738
1928
4780
3986
47
1960
3987
3390
1937
4282
1821
3589
2846
4278
134
3665
1417
3914
3788
3991
3164
4276
1632
1389
1107
2194
656
59
1145
4668
1297
2609
3722
3668
3344
3798
3358
1742
2218
1885
3701
1045
1376
1658
4779
495
2896
4640
1432
4139
2728
4278
4420
3988
4659
29
1048
630
3380
1552
4960
1319
717
4879
3813
991
3457
2219
24
4459
3932
496
1834
4087
3839
1661
204
650
1850
560
4811
966
518
4851
405
2342
3716
4557
1076
4942
2724
2314
2288
3217
2782
1103
4646
3270
4451
3182
3523
3156
295
4114
1829
843
315
2592
1790
3899
1416
2495
948
499
383
3114
1063
579
4956
3644
460
171
4665
4396
3130
2164
4073
3978
1992
4420
2390
481
2869
3228
4152
3202
305
1913
1669
3964
4200
188
4070
3083
293
345
2403
1065
1155
65
274
2312
572
3852
2551
1956
304
3854
3285
1146
4516
4979
2706
2883
4586
568
1035
4536
4635
1421
396
1338
1085
4815
4818
3905
879
2399
2163
574
1179
22
4965
1831
993
4696
1672
77
4616
3483
1702
2143
2285
3801
3431
814
1146
1132
45
4360
4140
1851
2137
3902
2572
3273
1516
752
1297
3385
2283
2515
4711
364
1965
803
4716
2148
3950
3924
2685
2965
4086
4818
2732
1989
1478
4036
4403
460
2044
2674
759
3343
635
2331
2328
527
450
3330
3755
3921
3976
4433
4342
3088
2828
2701
2316
1457
4370
2953
1148
3853
99
4911
832
298
1316
4620
862
4262
2748
90
2897
2772
2021
2446
1229
2688
1524
4789
641
4193
4137
3830
1111
2359
3187
2189
26
2445
957
2599
1323
3736
946
2672
4959
559
1017
3318
609
2768
3057
2057
340
1330
912
2203
3067
3793
4524
4436
4967
1874
1850
2348
974
1117
4945
3977
1484
1007
1528
170
3377
3392
2309
2411
4104
3661
3307
4550
3684
1972
1630
4686
4788
162
1778
4356
3088
1822
112
2829
665
1467
1150
382
1806
626
3118
4120
3923
3567
2270
1805
4997
3052
32
3089
4486
3402
1681
2144
890
2171
1975
2006
1456
4117
1635
167
4556
3234
1686
3251
959
2872
4909
1691
1400
2616
3251
3614
2719
4864
3628
2040
2073
1229
133
3125
3083
3655
3212
3465
1161
1194
2338
4589
4206
3461
1030
4335
3045
2126
2245
1132
3393
4056
1283
4462
1215
4957
3558
4137
1765
2455
1652
3825
1749
3273
2236
1299
4508
2974
2419
677
4058
1313
395
1296
3401
1981
4191
2756
4531
3960
3402
2450
3590
4266
3496
2963
4852
3923
4087
3032
3846
3363
247
1810
1272
3968
2850
2525
1485
1202
4340
1394
520
4021
1089
333
1521
4647
1525
2931
4044
2106
4615
4861
3081
772
628
2949
468
819
3293
4099
3353
616
4534
1009
1532
4017
4237
4735
1585
2589
4943
1312
1765
2910
4512
2761
610
1003
4951
3857
4083
749
4509
3103
3627
1112
4415
597
1997
1805
3572
1303
4970
3717
4065
857
3731
4727
4530
3779
3141
3783
3106
3120
1662
2714
2580
2627
2699
2000
4917
2954
4701
3496
1724
2464
4299
2483
4972
190
4116
1509
1493
79
289
1699
1175
3143
3151
4458
1084
1359
4205
1198
908
2460
4277
2330
3046
2008
2657
4478
4999
1652
539
1110
2625
343
522
2403
295
1959
4766
4699
4765
1742
4635
4557
1728
3614
2925
378
2638
1537
1359
2667
582
485
2685
820
3857
730
4587
889
2684
1086
4558
4108
3243
3492
3459
2681
4658
3551
1026
739
2055
3906
2014
1259
348
216
3582
3615
284
2330
1763
4774
3915
4675
1079
700
3270
3911
197
149
2320
113
4547
2051
2107
4118
2650
3321
4456
3228
1347
4981
366
162
1032
3597
806
2494
2679
662
3048
3358
2366
1023
4435
1204
2461
2133
908
1244
895
2283
1828
789
4355
201
4810
2328
82
580
448
1778
1948
948
2245
3486
3254
1189
2419
657
941
3187
3221
4307
4298
2271
1064
4593
840
3176
2678
1925
4978
1831
4323
3475
3875
2982
107
510
1352
663
1367
3421
1668
2342
1501
1089
3923
367
2195
1478
2094
1224
1381
1682
312
732
4706
444
4793
2238
1186
1354
3685
3355
1655
4478
2170
4391
1701
2327
1525
943
2150
4433
4932
1890
3444
1068
2477
3420
1631
153
2119
3596
4959
2071
3705
529
3446
2584
4600
3178
2324
3400
3663
3218
1981
807
2708
726
1763
2682
4339
606
1900
2697
4141
4322
2014
4381
4354
3923
4098
2430
795
4141
4833
3330
4560
2658
576
4412
904
60
2614
3983
4576
4091
2737
4212
3039
2977
626
3164
1148
621
3047
688
1884
3463
1118
3573
4328
4866
1631
3481
4748
394
4284
3660
4031
4247
3716
3278
1055
4221
2822
44
647
4749
481
3594
4334
891
1992
4691
4008
515
3830
4610
3840
4438
2066
1375
1868
4209
169
316
2825
1734
3372
1629
2943
4072
2623
2378
2570
1307
1106
4228
2346
3131
3073
2373
3105
1470
1690
2781
725
4746
1443
2983
4330
3790
2281
728
2
2323
83
2605
4102
3453
4500
3426
3770
4202
2464
1647
2773
1114
2928
1819
47
1527
831
358
147
4267
853
4852
448
154
2006
3193
112
1349
411
3124
1517
3039
2261
2471
87
2855
1045
4049
272
821
122
4801
258
3731
2285
3993
2480
4446
2672
3485
3752
226
485
3859
4863
1614
309
4296
4
1800
819
2699
1293
3340
1292
3023
3767
3803
4118
3815
2650
4850
2400
1140
817
318
1652
1065
2665
1195
2422
2514
683
4974
4788
2625
1143
286
4676
7
3673
2343
2412
1101
957
1085
1697
2975
2266
2092
75
950
3421
3656
3986
1174
3205
2460
2689
3689
4957
1350
4598
2726
1233
3984
331
2629
2472
4841
198
1929
309
261
1517
2428
1405
3907
3289
3305
2114
3362
773
1851
2022
522
2803
3291
1008
1608
2203
4620
3511
34
979
3168
606
1383
1908
2184
3920
4184
3448
4042
3231
1471
3662
1643
469
2140
3361
4104
645
1506
1701
2327
2014
4989
341
3251
2456
4736
1990
4893
4400
1414
3479
3031
2305
2017
3108
3608
2666
513
933
4580
1443
1840
1300
255
4984
4912
4478
357
1780
4675
2183
3588
3660
4846
4771
1499
4621
4397
4985
148
115
2277
573
3459
150
1387
905
2163
2337
1733
125
4343
2762
3351
2863
2754
1451
1236
1990
2484
3171
3831
2097
4433
234
4646
3993
1961
1996
1580
4740
4032
3877
3621
3746
2377
4059
3621
4644
3574
22
2173
3136
1453
3639
2345
4582
3165
217
3146
2906
620
2195
1597
637
4706
2206
1704
2622
3838
3760
2512
1624
1073
2007
1489
924
953
2950
4614
344
1281
3653
3657
1637
2292
8
1312
3897
4573
86
307
254
571
4448
1031
1380
3277
1744
1903
596
4672
1552
1389
1086
428
303
4301
195
3843
1621
1964
4210
2057
712
984
3084
4315
669
3175
4055
3150
1397
2331
2284
4650
605
390
4672
3384
106
3857
4635
1632
1282
1076
3348
3049
2647
1257
3102
225
217
2310
4983
933
1678
3270
465
1172
4389
2215
4408
4123
2327
2560
4324
2523
4226
3203
1995
830
4518
1290
1511
1294
928
2187
174
4574
3736
345
2793
2293
4930
4071
4454
538
3286
4227
3318
4671
3022
3331
2958
2019
1556
501
4394
6
3207
4884
1325
3640
494
1357
1253
2389
2092
4476
3287
3045
2724
3742
2901
115
1544
1190
1057
517
1373
2726
1616
2649
3323
3583
3993
3645
346
3999
760
3540
1758
3250
1295
1382
4187
477
3269
4824
3676
4268
584
2896
2567
3046
1355
2404
2575
2452
2551
2369
2412
35
1472
680
2573
3476
1917
3604
3956
4843
1217
674
1896
4196
4021
1827
2473
2232
519
833
4148
1051
678
1586
3065
3731
4885
3160
2351
2580
2654
3382
769
3574
2310
343
4771
1948
2559
2032
1981
541
2251
3395
604
112
4105
4246
2597
3137
1726
30
2594
2274
2330
192
3009
1755
1571
3841
3679
3851
1000
1130
3441
5
3970
3280
2093
364
3487
3994
1797
3358
3473
2913
4407
2528
2649
1659
4195
4754
522
1380
4108
2331
306
598
2371
1756
2933
1663
3694
4685
3027
440
1733
2996
1854
2260
1593
4511
4414
3576
1443
3867
1802
3139
550
3224
1917
3453
4090
3133
4129
1667
2136
671
4208
4029
2010
3290
3549
4224
4003
4089
922
1628
868
2145
3453
3637
4536
4872
540
4258
2411
3711
1131
2050
2760
91
376
2051
4312
2036
2362
2663
2134
3466
2925
967
4137
207
1299
670
1098
2261
1763
579
12
2330
3098
704
1317
4188
1711
2627
3163
532
4922
934
4965
777
3776
1982
4247
2905
1090
1731
4922
1525
650
745
2472
2222
4069
2903
4456
197
525
858
2320
496
1420
384
1337
2101
3462
8
651
856
1668
2448
3835
3588
1525
2613
2297
3949
3689
4080
372
2754
3540
1908
3917
451
652
25
494
1139
3004
1909
3627
1581
2760
1718
3210
771
2665
1953
206
4631
4834
963
71
4021
3313
4560
919
4225
4933
1122
2718
3040
2783
936
2270
469
813
4410
1438
4582
4642
1849
3326
4535
3147
3477
27
3454
3396
2515
3098
1320
494
2075
2396
28
4494
2840
1633
4993
4694
4281
462
1106
470
2416
1778
3658
384
482
1786
3939
3056
990
2624
970
590
4332
64
4933
341
1637
3977
2605
158
4053
3865
1326
3457
47
1567
285
642
3276
4254
2776
1968
2800
3896
4297
3799
698
2882
73
3694
1115
1816
1096
4359
4317
1591
2174
3035
1104
2102
2697
4679
1989
4577
2243
2337
4907
2708
1159
3468
2923
2107
1222
1219
1168
550
1120
2318
1428
425
3341
978
2171
4305
3521
4317
587
3505
3254
2810
1022
3607
13
4249
25
3474
2307
2093
521
3078
4696
2165
1421
4755
2128
894
728
2724
2170
1489
2618
3947
3328
1275
881
4632
1338
165
2146
477
1742
1661
3238
2914
2399
2724
3109
3791
2040
2374
3014
965
980
1236
2624
1105
112
4758
4229
876
3143
1272
1589
1931
1319
2143
1391
3304
856
3732
1360
2468
4229
3976
540
2959
4468
3467
3701
1279
1453
3533
1975
3154
3212
3331
4515
1221
3625
995
2221
2365
4121
4653
1796
4657
2552
23
4029
3820
4842
1198
4146
2397
283
4361
3457
417
4096
4461
2143
680
4529
320
3557
144
548
1902
1913
25
3138
2701
469
1703
1271
2296
2758
4571
565
2180
1001
2362
1361
4740
3586
2166
2947
4604
3306
746
3012
4743
3114
722
3956
4162
1708
3000
3179
2866
2847
2423
2293
1047
1215
830
2402
4957
2280
1538
2140
4478
4219
3369
4197
1468
1754
4280
942
3607
4625
2460
4022
2792
1339
2424
772
2425
3402
3019
1732
3505
946
2712
1654
1346
3516
2444
3520
4198
116
647
1157
4434
3313
820
340
2258
1066
753
3926
4172
3755
923
1749
4633
2897
2725
490
3411
2203
3885
154
4856
1192
2242
3754
1853
1690
3834
937
4246
4633
2646
848
2436
2401
4852
376
3205
3502
1468
2784
1418
4568
2173
346
3678
3140
2956
1640
2993
2125
1606
107
3076
388
4727
2540
2844
3565
4193
1653
3350
576
2275
3705
880
428
1686
1380
2681
3174
4995
2564
3115
2280
1534
209
4066
1114
3815
741
3315
2778
1239
952
1928
2178
94
3952
3085
3618
2081
3614
2390
499
4589
4725
2315
4776
3797
2598
4226
4752
4903
1779
1651
4204
443
1842
3584
695
1637
2274
1080
678
741
2229
2156
4674
4079
4553
32
349
2871
180
3676
1343
2398
465
4461
3313
4130
3455
4475
532
2004
1643
2022
1857
4762
498
327
1174
751
4328
2485
3273
1779
1301
517
3262
3944
3230
4598
4240
2170
21
2266
3950
3905
2132
1911
4187
54
1702
328
4727
4376
2583
4986
2086
1374
3293
951
4300
2757
4918
389
4310
1084
1085
4196
193
2513
1653
2070
3883
1827
4164
1983
2708
4748
2355
1120
4802
1681
2964
3917
4238
3287
3640
756
2724
4350
723
2338
2755
4803
3143
4818
4189
4817
3450
247
2318
3457
622
4137
3489
2849
432
118
2353
316
1907
2771
480
2221
2136
320
1910
4810
1190
858
647
4603
4030
4488
4724
14
4753
4041
4260
2546
4265
696
4707
2689
1573
4238
36
3699
2467
893
4099
627
1542
1054
813
4723
3635
1532
1959
2649
2312
3840
4633
794
1882
4483
2158
97
238
2068
555
3701
947
1971
277
4979
4914
3470
2891
1761
880
2724
4166
2649
2940
324
3224
894
2947
1658
2935
4345
4792
1027
2046
1726
4615
504
2324
1376
487
3992
2442
2658
3162
3837
3754
4883
3999
1835
2557
3021
1377
2623
3308
743
1828
3794
745
1971
2367
1549
1227
495
610
68
2651
737
4947
3015
2885
942
3774
1628
16
2564
474
173
2319
3145
3919
3161
3583
1820
755
1299
1300
1757
3335
1286
4850
2173
2380
4426
1450
2215
3191
1542
4783
3816
4447
1681
3829
3036
1823
2555
1534
2024
593
4434
2344
1738
481
3770
2055
4124
3193
2560
2320
748
1461
1392
3706
3408
1684
3853
4101
4601
1526
3505
39
1462
740
3470
2417
3445
3034
389
4607
2133
1442
325
2012
3477
4680
4222
2299
2301
3597
4890
4278
664
2529
2793
2207
4041
1733
3052
2160
3101
2757
2924
4575
1309
3894
3230
2151
2272
2808
578
2690
3854
4346
887
1772
605
4109
4027
1750
2308
3082
3215
391
4486
2478
2194
2900
4940
4505
2345
3952
4129
220
2249
677
2176
4768
3333
932
3400
1373
819
2406
2584
1695
3708
479
4970
102
2573
2808
3096
2265
1849
2409
4657
2636
2599
1198
3862
3041
1521
3073
1767
4840
4411
4012
34
2389
4517
109
4927
1857
3209
4582
2748
556
1122
431
4744
1211
3053
528
594
2102
4849
451
3425
21
3272
3145
2332
4007
4110
3771
4756
1931
2647
2536
1596
4739
916
1712
2066
2232
893
1562
1731
1684
713
4206
3703
2120
2793
1967
4860
4079
1221
2539
2449
2224
2274
2620
2518
2710
3908
838
4142
2973
598
4212
2557
3231
4818
1679
4479
4851
4017
4655
2788
4825
1436
1197
2150
3770
2979
2877
4956
2217
3988
3363
4641
1005
3253
4538
581
1685
1973
398
162
3328
1308
2956
3056
2850
3553
3291
2374
3473
3646
4071
517
2084
2260
1307
2875
403
4748
1910
4719
2679
4113
2155
3440
1235
2068
3401
1996
2292
1400
139
1920
20
756
2997
712
3603
30
3937
3231
1811
165
4122
3598
4259
39
175
2437
2756
25
4169
2194
64
1248
4452
4165
4019
190
3033
4450
3575
2844
3873
2606
634
307
615
3308
3477
2675
4242
2093
4473
132
4113
2881
3009
592
512
2798
1029
3198
337
4748
2286
1858
2412
2740
4011
1978
977
1295
154
267
872
4697
1111
702
4865
3791
1454
1987
4848
32
1013
4566
1269
3876
294
2820
4705
3189
642
2975
4004
2743
85
2368
4611
3371
4146
3712
1911
980
3380
4290
3308
1885
1439
3076
3915
3954
2187
3823
464
4441
1758
1772
4353
3514
781
1788
148
1939
2374
3883
1958
3040
4267
3788
4317
3638
2241
373
4192
3043
1944
954
2694
2613
4738
2803
3311
438
995
967
1327
3605
3890
1865
2617
1063
3676
3651
4276
3768
523
1515
4793
1470
3268
1100
1161
3472
590
4420
4678
580
1112
2494
4821
4623
2205
1607
2963
2791
1122
3575
3333
4692
3129
2905
678
2943
1581
2040
1757
569
1113
4219
4841
4230
406
4070
3763
1972
2996
3453
4008
2043
4611
919
179
3395
317
2621
2940
4467
3096
3420
1969
4519
1019
4358
3669
1347
4951
4396
3710
1306
4763
136
3415
1518
544
4804
535
3395
4132
395
1537
1545
2142
2005
3425
4450
3240
2434
1042
2145
4512
2679
363
1906
3631
3675
2730
392
1457
851
1406
3364
1418
383
1530
2072
12
3493
4603
4695
2573
1930
3291
2649
3576
1537
4158
4862
1827
2425
3098
948
2451
1006
1658
2111
4724
3967
2924
4963
2886
3386
2271
3923
4032
2660
2960
1696
613
4903
1598
3065
1067
1168
4923
832
2057
514
2187
1380
3672
1013
4232
1921
2829
844
1001
3086
470
3288
293
4914
124
686
4872
4545
61
3713
2813
3481
3791
959
2827
2420
3962
1313
2496
4516
2358
3732
3657
3442
190
4704
4842
4813
4458
1692
256
2148
3022
923
4230
4062
2133
4117
2334
3304
1170
3857
4605
1848
580
3490
4238
3121
132
1263
3078
4693
54
312
476
2280
4375
342
4021
3019
3568
4644
396
1075
3771
4249
4287
3635
4908
1510
2735
3571
1758
4422
974
590
715
4137
3525
4326
1639
1198
4489
2066
1429
3970
4096
415
4973
783
1099
4549
2482
165
4781
616
4600
1981
2409
4842
3416
391
1893
1335
4657
839
4929
1281
4198
2269
2090
4073
1483
2566
2489
2026
4913
267
2368
1143
3584
3368
1651
3062
1687
4176
2453
1876
4779
2495
518
3830
4275
3665
4370
4644
1353
4816
4692
2823
101
3581
4724
3505
915
4342
209
228
4737
290
279
3361
1093
3544
2128
3050
2428
3343
2411
4927
2622
3683
3958
2229
3050
216
3479
3595
4113
2354
2881
1454
1721
2486
1957
3917
3742
3324
3088
3513
894
1766
1833
4759
3648
3483
3399
2148
1614
1646
734
1549
1372
906
4920
2267
188
1838
4374
2374
4725
4115
1000
2622
1620
216
3021
1190
4007
1198
2893
3293
1249
2761
859
14
4139
754
4496
4515
2062
4635
842
4376
283
4085
72
4661
4518
4591
2001
313
1050
4901
1738
2389
2235
2444
4958
3789
86
1336
4763
1628
4258
796
241
809
2475
3534
291
4355
3958
4526
211
3807
2097
1536
3197
3374
3340
1623
1532
3501
3180
2145
4027
1087
2654
2954
651
3003
2462
3140
3268
830
636
4826
1231
1595
1020
359
745
3044
2354
311
4007
4147
1588
2979
3921
1112
2490
582
680
3536
3116
429
3199
4931
3681
4910
4735
1064
497
3514
1115
369
1562
4800
4313
372
2075
273
2534
255
1351
3609
1627
3421
2384
4384
1956
4479
1652
372
4690
593
1006
1468
492
3477
1358
1152
1235
165
4236
2180
4046
2639
4960
420
4521
2828
4848
1320
41
1896
945
4848
4846
413
1536
4804
1425
3644
2605
1503
3952
767
793
3333
1739
3964
4096
302
4840
1273
4918
2414
1812
840
510
839
433
4581
3474
993
40
3631
2313
1589
3128
4239
373
2865
3373
257
1962
3849
3444
1453
3100
4196
1072
4804
2350
1384
4265
4400
417
788
3374
565
4100
2520
2101
3696
4207
1059
4403
2617
1394
2624
3467
3844
2385
20
518
1957
4894
2232
1555
29
1105
489
17
87
2889
1000
785
961
4625
1445
4854
1536
367
1144
3460
4031
828
2907
745
1424
2698
3499
2185
4724
1176
4886
4033
1012
508
815
3383
4754
3289
1084
2384
3682
2388
4539
918
4147
2868
3912
2158
780
4827
2852
2114
1488
1269
2860
2468
4902
4913
2933
4152
4412
209
4570
449
694
1637
4217
857
2663
948
4630
2254
911
2339
53
2501
3849
481
1153
1855
1278
3426
2131
1287
1426
4214
3681
3663
4829
4941
3343
3251
984
2093
4000
638
1075
2911
778
1687
4676
384
878
1399
118
3452
2612
2499
2624
298
1769
4008
3933
3158
2061
51
1843
3924
4999
2327
923
1767
1281
1722
2669
3313
2523
281
2986
3840
2767
1338
3764
3353
3803
851
3589
1884
2029
2394
2128
2499
4815
2347
1311
3484
1807
4309
176
1322
2666
494
1374
3132
4433
4091
1488
3964
3961
3816
3638
372
4395
2033
3267
3515
32
1579
1623
3472
1269
231
3888
3206
4745
193
2341
1860
2093
3220
4192
1581
46
4671
1659
3497
1922
3161
3675
3521
44
1689
1722
1171
3557
4247
2220
2139
2028
1597
2781
3749
2749
3055
128
1000
2885
1975
3289
717
1527
2273
2981
1379
35
1139
4645
2806
4331
3802
3862
3999
1897
2100
2470
3157
2429
4430
1155
4569
4229
2066
1656
190
1082
4791
236
4552
1832
1193
2008
1328
563
790
2768
1974
6
3200
1728
4190
3365
1307
887
295
2411
4737
4029
3913
3471
936
1327
4515
4519
1395
120
753
718
886
3835
3927
4732
1072
2981
2158
4651
2256
2500
2355
3687
4078
2655
2355
603
53
52
1308
2786
1801
3117
3923
2523
263
230
491
4445
3066
4790
2275
1135
888
1461
3768
4910
4662
80
1200
580
2231
4758
1245
2236
3315
1920
2802
369
419
3568
1997
1386
4153
4364
2048
2669
2872
2526
707
2168
5000
2546
203
2676
1386
964
570
4548
3627
329
4504
4123
2215
179
1279
3063
3682
3630
3525
3169
2543
1676
3995
619
2927
4705
2149
2423
1396
3934
3140
2724
2921
557
4519
3270
2822
4154
4745
3803
4591
1276
3265
2384
725
1544
3728
1333
267
4206
4939
1201
1411
3647
3966
4797
497
2006
861
218
1207
4057
3790
404
175
1351
1574
4972
859
4283
4898
1304
2346
593
3987
4851
312
3927
2073
4901
2248
2199
410
253
4244
374
1774
3294
1451
2609
2068
3693
2361
2393
3784
3741
1356
3020
1905
1137
1375
3032
247
2484
1364
4124
3681
4258
461
4081
4046
2449
2506
1931
1579
2200
1198
3604
4347
2787
1774
4875
4438
3329
99
3823
1345
4308
242
4925
1601
75
3816
2525
4236
4402
890
1099
1844
4955
3324
3249
571
3828
4603
3123
4187
2187
787
2615
3478
4751
1823
4730
3214
3265
974
291
2053
3364
1316
2864
1893
791
2802
746
2065
1854
1660
3776
1778
1541
3544
1662
3122
2566
1056
4421
781
4931
3881
3137
947
1499
1756
2900
1454
420
3918
1000
0
1487
3220
732
779
4697
835
2040
1283
505
1782
4717
2850
3090
1315
2544
1420
2896
2448
1225
750
2128
2029
4454
368
4590
2220
4717
2681
2873
2819
474
3206
2391
2267
2527
3777
3471
2950
908
1227
3571
2002
1618
573
1217
3313
825
1204
4087
532
1281
4397
2082
4505
1081
3449
1568
2572
797
4562
3391
2751
457
319
2196
3587
4046
4106
3063
1775
4318
357
4830
2985
278
4070
2009
1126
481
3306
1014
367
1009
4923
3955
2377
2374
4399
1318
2609
3436
4005
3758
981
1538
1020
2311
2914
3195
2551
3666
2236
794
2586
473
2519
2636
1216
1426
3538
1145
1727
1790
412
1805
14
36
4686
3984
4997
4747
1075
1233
4051
3994
4038
2055
2506
3578
3289
1483
3619
3225
3320
4101
4548
3826
694
1799
453
1705
4990
134
3586
1039
2737
3034
3328
1524
2316
3361
1568
3672
1481
3146
192
4227
1587
2040
2267
1627
4745
4262
2511
2957
4004
149
1224
2322
4148
3982
1514
3021
1290
1466
989
4835
743
3729
1048
3489
2874
3002
863
2252
3526
78
4373
2891
2106
4791
4562
1647
543
773
4930
4663
687
4192
3584
1452
4258
1802
59
2574
407
2495
4159
2664
248
4377
2074
4632
1283
1833
4339
1080
1283
127
426
3182
3107
2216
4598
3728
3753
3424
2077
1621
267
1997
1036
2300
3996
2239
4790
3311
232
1230
346
3804
4791
3921
3904
1723
3645
3349
2436
3664
3905
3804
215
2126
2314
3208
3198
1273
4971
3379
3035
1771
1940
669
3377
3259
322
3394
944
3720
3127
2297
705
2919
900
3376
1636
3682
708
2709
4407
2629
1236
1283
2705
421
4664
4766
2040
4917
4351
122
2502
3101
3533
1405
1827
3554
3044
2327
4488
2862
1044
10
3382
415
3386
3256
3944
684
1626
1809
2940
2613
1459
2422
729
3242
1756
4990
1515
2097
594
2249
816
667
3138
3457
3208
3411
4115
12
1819
622
622
4212
385
4593
3707
4145
359
2156
791
61
181
2975
4089
2492
4621
840
4345
894
3487
3660
2867
4778
708
1667
286
2634
1663
404
712
1919
1520
1524
4084
2675
33
4108
2258
894
2474
375
4932
3281
1490
2996
3527
813
3448
2370
729
4244
4094
3371
1894
1886
2208
1109
1896
1436
4890
429
4224
2371
1492
4481
2524
246
3428
4688
12
50
1091
2786
79
76
393
3472
2980
4666
3965
4096
1944
754
987
2499
4259
2217
3944
3333
1951
2828
1424
3867
4711
51
1831
3209
3811
1745
488
2248
1881
1010
371
3060
2961
2332
4763
2826
4586
1859
3044
2217
4338
4860
4428
1004
2457
3707
4509
4285
1637
3855
2372
4284
4889
3705
2092
3931
2821
392
4794
2795
1266
1052
4471
499
4524
1868
2721
4079
578
401
667
3272
897
2742
1053
1569
92
2559
4983
3554
4463
2168
563
68
135
4983
735
2939
1734
3359
4552
2869
905
2648
4901
1415
4211
1890
2502
992
3278
1952
742
2269
4550
1100
4111
3483
1880
1044
2821
4000
4196
364
3982
3938
3974
1735
4085
1603
2944
2814
570
1706
4343
2677
516
3698
3822
4125
3444
4389
1360
1661
4262
269
2200
1161
1515
1575
3473
1911
3930
877
3467
4298
1677
2779
2644
2126
2517
267
455
2421
1372
267
321
3667
127
1868
4801
2369
793
4747
3199
3338
4216
3929
1188
3328
639
1911
3692
2545
1359
359
1541
3274
3158
4565
4983
1583
2558
3850
3908
3008
1367
1129
4869
3632
4164
62
4371
1630
4931
641
3432
2357
2719
1709
196
3507
1587
268
281
2813
1028
1850
795
968
1601
2722
2164
614
4279
1415
2639
2594
1822
556
3520
290
4930
3289
2270
82
169
2475
4247
3348
799
3141
3386
3710
4973
296
3049
3880
3896
1881
2213
216
3678
2774
2840
434
2218
3181
1496
4546
4661
2525
2470
4002
396
2032
2428
2384
747
4132
3332
4340
3777
1650
223
4811
1870
3694
1261
1228
1383
3949
605
4049
2133
3972
2959
908
1235
2083
2951
812
3466
2698
3274
654
4474
204
1565
2133
2287
1297
1934
1477
4869
802
834
1974
305
4609
4912
1468
4281
1735
3569
3811
3997
406
3616
1700
1147
4867
4148
1306
4247
2191
638
909
214
4879
196
571
151
4487
3317
4641
4966
1631
4020
1170
1245
3857
3489
615
4210
2306
3411
2
2249
4302
1298
2463
4740
2226
4992
4785
4419
2613
3160
2231
2210
4116
935
1221
3204
209
1834
3591
3489
2774
770
703
4467
1936
18
1893
4968
1820
4210
3580
2572
4047
3608
3933
3258
2783
986
4061
4239
1682
1730
2741
2792
2649
326
4193
1571
1679
3674
2099
2372
2337
4098
2222
2017
591
3694
2917
116
2110
795
1336
4998
4528
1076
1434
397
4169
2165
3643
4184
14
1369
1907
1580
3004
3987
1761
1213
526
65
1401
2043
2719
103
1970
2962
532
1211
332
4983
1554
916
3295
406
4397
1954
3558
1126
4804
4796
2144
4866
61
1614
4030
4702
3892
3318
4838
3560
4604
1132
1821
4983
3843
1323
1290
4254
446
3747
4179
4463
73
2099
2044
2921
1896
4467
3397
1555
462
421
3306
4526
2689
1893
4780
3818
1872
379
2347
4334
3506
4561
1637
2487
2527
723
3264
1957
1183
3694
2807
113
394
4191
731
836
1360
3668
3473
3713
4500
1126
1205
1166
3934
2181
2155
481
437
2979
2442
2623
3206
4852
4615
332
313
1780
2896
3570
2618
1858
2312
1541
2885
535
4329
364
3865
3518
215
3633
2360
2007
1152
3651
3845
965
463
4770
1794
959
2629
90
315
4854
3273
3868
1117
386
791
1500
4282
1676
234
604
3315
3645
3120
1437
329
154
3065
2509
2924
3042
3790
3641
1450
3199
1092
305
289
3839
3057
2563
2070
3989
2868
975
4235
1414
650
4517
3819
3620
462
3198
1072
3
1051
3594
3368
2389
2409
4290
4588
1766
1430
4216
4614
1358
4375
756
1364
1398
4419
4374
2487
3297
1763
3959
1756
3413
35
42
954
2859
2631
249
186
1732
1683
2998
3153
2857
2578
1279
3352
1476
3982
1279
3968
242
4484
4654
1878
4573
4548
2130
4695
1598
1114
2692
445
3510
3288
3692
3301
3745
2416
4408
2952
953
1970
3150
3521
4449
541
3120
4979
4111
609
3681
4093
3465
3275
1115
1771
2863
4043
2331
613
2957
2725
930
3380
2946
196
3550
3271
2187
4233
4501
3413
4692
1039
2915
585
3580
995
1791
2897
1911
4610
655
2337
1555
2503
1064
53
3462
1553
3696
3475
2299
3186
1310
4718
4937
2971
2429
2931
108
3868
4219
1260
3667
2120
815
4282
1295
4236
4185
4875
1509
956
3174
4391
3832
288
2772
1559
349
1571
892
331
1578
343
3478
2633
241
822
2515
4432
2195
4051
4978
1661
2197
4015
2936
3547
1515
4924
41
1807
1517
4659
3184
3840
4004
897
3092
4220
3084
262
3123
3334
2260
2754
2062
3988
924
4322
2114
2477
4352
1680
2774
1748
4462
2561
2806
2110
878
3565
4828
1538
22
2603
3194
3504
4769
325
3374
261
871
3168
27
1130
4206
2117
1493
636
4379
1994
3449
1335
2463
480
4274
3288
184
249
1385
3169
4442
54
4864
354
958
2117
743
2959
1678
3499
654
2015
2606
3889
1570
4430
3074
4789
4540
3547
2842
3787
1005
2147
896
3525
3983
458
190
1369
1924
195
816
2489
2522
4883
3792
179
999
4719
919
3465
4259
4420
4565
2793
2276
2878
1704
4043
3540
3449
673
4836
3608
3742
4068
1953
3094
3949
1104
313
2983
3601
2212
3002
1646
3355
4225
4087
2317
1402
1942
1587
4276
4937
1044
1828
2897
2366
1826
141
4653
752
3672
2148
4118
4511
3083
1880
826
856
1054
499
4048
1750
3294
2985
680
3426
3249
2508
2125
4471
196
785
3007
2133
1466
4145
4195
788
1741
2562
4248
2774
1943
4894
3602
682
2840
1122
1920
4910
1718
3354
2585
3952
1715
1773
4014
3607
1841
1721
2368
1637
2443
4502
3501
3355
527
2165
4733
4569
3396
2734
1733
4747
712
4615
2394
2603
3953
3208
1552
317
2826
1743
2291
3469
4945
4114
1893
67
1081
42
1879
1891
778
101
4254
3536
2560
1730
2009
3504
3818
2906
3643
115
2520
3918
3850
2517
226
1904
2644
2412
3444
2314
1432
1692
2313
4883
2743
4583
1689
3040
343
1395
2469
2031
478
3048
4233
1628
2076
2263
2501
2368
2890
305
2382
3057
1501
376
1850
1664
981
3065
758
4847
482
2576
106
955
3016
2685
1175
4404
1819
2693
2316
4514
552
982
852
3702
1285
2392
2383
722
4996
585
3145
1841
575
3490
889
2058
3674
1953
4705
2828
366
1389
2598
2113
3639
1423
2807
2618
4061
521
2551
2473
2531
1240
352
5
3224
159
4266
3978
4569
1938
2570
2071
3630
1932
4790
4406
3765
3633
2638
2603
3286
2890
4308
2830
1568
2781
3769
3086
3040
1856
155
2501
134
2428
1114
4794
414
4962
814
3608
4638
1324
969
800
4538
2139
4936
3862
597
2055
4861
3128
172
1246
2114
1750
1537
389
2758
3372
971
967
3485
1650
2255
1741
3226
3069
3664
4286
1756
2814
1124
2195
1817
3313
1834
2683
3902
400
4436
2469
4004
790
911
4517
3838
4976
1949
1154
1383
4157
910
873
1980
1077
2561
1327
4755
4605
1058
566
437
468
3532
1062
809
228
3213
1374
1673
2740
2440
461
4375
4670
1332
1612
3931
1572
1873
3309
4711
1913
3198
629
2940
3395
3083
1986
417
1177
4528
2490
484
342
3747
3755
1903
2372
2213
653
4974
2675
4726
2044
4558
3826
158
4421
1713
1200
539
4311
4825
4415
1430
546
4361
1426
338
3007
226
89
1666
1145
3180
3843
479
3696
2052
4278
1455
2335
1909
3903
1435
2139
1312
4394
2636
459
1632
3229
3248
978
18
1391
3579
1906
1487
315
3622
343
4999
712
3975
4589
4219
4845
3485
3553
1888
874
4599
1797
4675
1290
441
4817
3794
4787
1951
3108
2271
3683
4890
41
4045
4939
2553
1809
907
4304
2534
2725
2870
387
2552
994
4904
21
1279
3640
3947
1182
2342
1822
3079
2685
349
2312
3443
3312
1759
2830
337
1892
4421
3114
2376
3565
4857
2872
244
1219
1829
4260
3552
3767
983
3491
4954
3454
1552
3306
2597
1258
3927
2668
3841
4789
3972
1117
4463
3111
411
1990
3522
255
339
3216
948
4656
789
4043
150
774
124
3405
1378
3
3734
3902
3349
3338
4519
4961
638
4437
4631
4431
4944
1501
3191
2721
2839
1927
1095
2638
1388
1363
56
1889
4190
3900
217
251
2834
2648
1980
1281
4253
1292
1586
4703
3005
4828
2557
2750
1773
53
125
1036
2939
851
70
459
4174
491
2220
104
791
76
1729
2942
1808
1220
3793
1365
3546
2258
4216
3890
2107
3187
2652
4689
409
1690
3032
3380
3312
1883
2447
4430
4355
452
985
2592
906
3235
2388
2575
1866
4898
2757
1221
3647
3981
3881
959
4662
1089
2279
3508
4798
1599
2703
1321
1318
3486
2139
3250
68
852
1924
81
4276
4909
4397
4685
2229
4260
1855
1834
4404
4748
2140
1458
2240
1797
1983
1631
4279
4855
3137
492
3744
3907
1936
368
1510
524
4594
4180
3012
3496
4099
321
4574
3598
3637
936
2347
3587
2686
873
1696
700
3480
3183
847
1175
1170
296
2317
1383
4356
2168
3126
4563
1455
106
318
2892
2597
4859
1725
4654
4386
3641
455
1576
3500
3134
1152
2792
534
1884
3712
1442
3637
2488
2819
3467
2522
1133
891
4650
2238
755
3210
516
2092
4254
3709
2894
650
3082
1483
4254
1097
4774
3732
1746
2403
272
2864
2902
4923
3458
3461
2425
4471
2847
4128
2988
592
1
1899
1719
4724
1153
327
2506
2434
1965
2685
479
484
3016
704
391
951
1726
2527
4770
4739
4892
3978
4587
2953
2115
3133
3917
2261
2795
3936
440
516
4985
1717
1542
3285
4235
4006
3923
1386
720
2425
786
1950
3385
2802
3948
2122
805
102
2859
4548
2313
4561
279
855
2541
3113
1945
316
3510
1502
2431
902
715
4113
2621
4124
4296
2654
3892
3756
2742
2693
1379
4061
59
2083
306
3795
4541
1778
2483
3807
2205
24
299
3567
57
4363
1646
3263
1951
3530
1359
874
3681
1197
3504
4229
41
1465
3727
1997
4679
1744
1801
4917
4704
3156
36
1507
4655
192
7
1301
982
3271
2091
1946
3130
112
4616
184
2866
2015
347
3892
4456
1341
4077
4301
4333
491
1764
135
719
3069
1316
4792
3095
4323
2066
2616
2796
1885
2341
360
4095
3047
1247
3850
1535
950
2227
1726
2296
1782
2630
4438
1
3817
197
941
3578
4059
3457
3449
3720
748
3594
701
4382
1897
1946
3681
4849
3849
4484
2418
1104
826
179
1029
1926
4845
4505
3070
1140
3239
4043
971
1218
1205
4555
4317
2222
884
3458
834
834
4799
4074
3781
675
4815
3099
3189
1221
1186
3587
1568
4865
589
4937
2889
3221
2726
2572
1700
4623
1504
3802
4811
2201
3939
3687
718
4088
2505
853
3702
191
4703
1450
781
1072
3536
1772
1221
3916
127
1450
2551
4610
3276
1217
1751
4586
1603
0
1947
1026
3221
652
2024
1980
1796
4546
1643
367
3311
3033
3435
99
1210
4672
2789
1702
2213
4996
4555
3522
1905
4401
695
2680
1333
2476
1526
4176
4145
466
1143
3881
4405
4406
3345
4130
1762
3439
3910
3823
511
2364
3647
3760
4591
1255
2464
1204
4438
2824
2983
1879
3869
4303
4702
244
1663
2398
3993
4264
4989
4341
4206
4817
4597
694
3154
1369
4922
266
3248
4392
1053
3669
363
83
2194
1004
368
1435
2271
2301
4407
634
2577
2479
4994
1595
134
4030
878
264
2228
2050
4966
4581
2391
2162
1901
4578
2797
668
1523
4880
1221
1696
260
2884
4183
2307
2013
30
2228
4947
1940
2777
4726
1556
2447
2251
1841
2073
2830
4708
2980
1537
3006
1898
2962
2081
1948
3423
2158
1507
4649
2649
2060
1696
3945
2137
2848
518
4428
4194
4445
4843
2848
2821
165
3934
2763
876
3533
3468
2621
4956
3069
496
1065
4870
2914
2648
606
2290
4026
2395
859
2453
3822
1140
1645
736
255
1682
4963
4461
707
1828
4039
1870
4175
4049
14
4876
4284
2067
3442
4551
2510
4208
3825
453
4607
2164
3882
300
1761
3567
4304
2007
3852
4333
3828
2125
705
1722
3695
3651
1085
3582
3542
3139
3326
3366
608
4515
4948
3148
3575
627
3537
765
97
4189
3049
97
103
637
2006
2386
2970
3467
4621
3356
2705
217
123
4028
3833
1464
4898
4606
1217
2066
4700
1034
31
1680
3086
179
201
579
216
593
1535
3666
3701
990
4167
989
3472
132
2908
4969
1085
1782
4699
128
4140
2339
1153
4706
3450
505
2437
4994
2885
3933
1619
1463
233
2948
1788
4253
882
1242
660
3799
408
4477
4458
3472
586
378
869
3129
796
1594
3120
1220
1132
3522
10
4977
3723
952
2996
4263
4119
2281
1551
334
139
4945
4659
497
1448
1982
4835
3936
2349
4321
4334
4238
2866
2377
3931
3686
1720
1892
3003
731
4563
3182
1737
1099
1196
2462
3164
1145
3502
3511
1697
1495
206
1814
3465
1472
1799
4225
2797
3205
3903
1239
281
1505
4488
4056
456
4010
2358
3508
2488
675
1828
4524
66
4461
2721
3998
3120
301
2644
1711
3477
4117
884
3552
1379
2707
317
3980
385
2349
523
3582
2451
3879
4254
1023
461
2121
0
3328
3986
4298
73
1554
2659
1823
1742
1721
678
88
4
2764
992
1715
4607
2330
375
4339
3870
4906
3574
4840
2402
566
11
2888
4490
1386
3583
3277
2434
590
2068
627
2101
3940
3770
1395
894
1249
1770
822
3058
4729
2834
1911
380
1230
4410
39
1425
1369
3849
3924
3331
45
2431
3130
4402
3678
4174
1578
4173
3414
3159
2155
987
3968
3132
1844
1282
3451
935
4215
1658
4278
4008
3343
3340
3814
4633
3533
3822
1319
1988
4380
193
3914
4308
34
1391
1294
3802
3643
2115
2528
4624
4070
3563
1048
2784
3044
2779
4640
2702
4611
2299
2323
1071
1193
4857
2073
2488
2809
4172
3712
4951
4970
3447
475
942
3747
4618
4085
2566
3780
3187
3575
1393
701
2362
1101
3207
1083
4008
53
3603
4439
2063
2058
944
2492
191
1370
3888
3571
256
3768
949
4189
1003
1318
2887
2058
2100
1603
2010
352
4302
4382
3748
4004
4714
2961
2001
648
3065
1616
2790
3321
4546
1089
1733
3698
3753
4123
91
3934
1490
3946
3174
374
4198
3951
3956
2199
616
3287
494
1280
1710
4458
2229
4075
1404
3351
1532
4842
4366
2629
3544
3230
448
1197
1647
3145
796
3311
4372
3963
2685
736
2563
3119
1280
3985
4772
2988
2441
3310
4407
1554
3333
2751
4582
1658
523
2670
1457
2336
1142
1905
4034
3926
4313
4763
4021
214
3687
4940
564
4168
4788
4671
2691
1451
1507
4798
2642
2798
4910
4920
1013
673
4521
1145
603
3813
4863
11
115
2411
1226
3996
3128
2557
484
329
549
4207
1320
1841
1217
1937
2621
424
2095
565
1579
220
3188
3897
1406
4661
4392
1604
4592
3217
2570
730
2692
2944
4624
4570
4380
3127
100
3516
4137
501
612
4457
2932
4067
3455
2392
1766
989
1752
4416
639
2516
1438
2159
464
584
987
4400
2296
3324
4021
1372
2375
123
3904
292
4617
402
3117
3471
4519
2219
454
362
1775
1786
711
181
1551
2789
1648
499
1381
181
4942
3896
3806
4164
3114
4911
3869
2890
1786
1721
197
1506
3556
1581
418
4798
2163
4630
4525
4164
1255
2952
2141
2217
1237
1307
3914
3465
3153
4233
3649
96
3682
1842
581
3294
3610
1520
2548
1658
2758
3817
335
1128
4593
2511
3933
4718
998
2826
1283
789
833
1267
1291
3033
3618
3915
1547
4648
3725
4785
3342
1385
1347
2030
85
363
4458
3252
4204
4747
2702
1825
2601
1308
1915
1327
2866
812
2118
506
4323
2690
1667
1913
1280
1973
3867
793
4829
1995
2098
3472
728
3713
4901
3231
2049
2657
1237
174
965
4306
794
1784
2764
620
2228
54
2498
3821
4557
228
2848
4083
2272
2142
2925
3487
2158
500
2158
1948
179
1835
3716
4959
2880
144
154
3137
1013
2906
1974
173
2864
4171
2065
4938
4371
1567
4982
181
3475
4616
4534
2015
160
4821
2744
1710
295
4223
969
1960
4442
2055
2703
439
2244
3255
3769
4349
2957
2058
4933
286
2229
4722
1367
4034
2059
2773
4634
1814
906
521
2471
1890
1003
2509
755
3747
3947
364
3067
955
1615
4710
1440
1840
2703
1242
4522
2483
868
1940
4399
1496
776
1752
2589
1542
1799
3002
4788
2611
1338
384
132
402
2418
3246
174
4235
3739
3012
207
683
4625
2458
2185
4336
4534
1539
4361
4558
4252
3108
2600
4496
4149
1866
2308
652
2572
4372
1789
2437
4944
4190
4331
896
1026
1832
4271
632
1318
4402
1103
2957
4601
3148
3612
2949
800
1491
1378
471
2344
3263
1926
4800
4562
3353
3740
324
4187
228
1342
1756
2669
1397
2377
4991
2440
3655
464
4410
3671
917
2642
1595
2312
557
1254
4263
1058
3916
978
1756
4317
1795
290
4309
4403
1314
1671
3442
3162
1374
524
4066
3096
905
3311
4411
4995
18
1278
1500
904
597
1125
1152
4307
3942
2413
130
1752
2288
3808
2
3987
131
4900
4166
4314
1244
4332
4129
4681
1156
3524
4106
1526
356
2420
4680
4200
2729
299
2860
3752
618
2683
1158
2889
3227
4546
1949
4655
1789
112
1462
4249
3452
1603
1679
2097
305
3547
4590
4273
4691
1018
2857
1008
4104
2778
4642
851
4033
2499
4664
138
2902
1395
4381
4527
925
566
4350
4568
1118
239
553
3822
4500
3002
2093
2946
4368
292
34
3069
4486
4209
4245
1653
3071
2776
3528
2036
1432
3274
997
3869
4045
1224
327
4760
4285
2212
1058
1947
4403
2770
3282
181
3133
3945
4379
4344
4956
1029
988
831
406
483
2747
3467
2370
2368
4844
2115
2216
1511
956
2017
3523
2230
3937
4516
4289
3141
4853
4776
2457
4008
4724
4708
637
4276
1237
2701
982
4574
3020
3729
4887
4857
1803
3002
4491
3617
2440
1925
4199
4011
760
599
1566
1063
591
1869
640
1289
45
1704
3430
3004
4587
3918
1434
3834
4164
1415
1586
1048
2907
2645
4471
729
4832
4239
2489
1967
4298
23
620
1805
1877
2507
316
3246
4741
4651
830
2309
2687
1493
2438
2943
1637
3416
2008
2193
2408
3691
3272
4030
3039
120
1706
626
4947
819
1998
2592
2326
465
4054
604
421
3393
3748
1290
2379
1748
4356
2254
2767
1620
4377
1541
2360
645
3028
1139
3090
3708
1975
429
3365
3857
1072
3835
4884
3917
2888
2237
4185
4094
3547
4584
341
2963
1682
1470
3443
2987
4160
2751
2685
3678
3744
2470
1434
2126
252
2992
3233
4633
4517
1529
1633
2675
3908
3398
1023
3799
4978
790
4886
3960
2607
3566
4249
4302
4216
1662
2434
4059
4556
3059
1917
3393
3543
805
3961
3061
4743
264
1988
2924
1504
1620
4712
3221
4469
2196
784
3312
51
4486
4276
2428
2846
414
1753
4886
3780
1248
3083
3813
4372
786
909
1869
4033
605
145
4093
599
4308
1000
4360
4164
181
1996
2535
3828
2836
4723
3403
363
4007
678
3443
1676
4730
244
4393
3912
3367
1700
667
3560
449
1221
3815
974
4119
1008
157
2890
4840
586
2378
2441
763
956
2676
3101
3369
3580
1362
4036
1189
2144
0
719
411
1203
4870
471
1362
3050
2116
565
792
4959
677
4697
1247
1475
4293
369
2852
3946
463
4379
2227
2836
3155
3448
2090
425
2732
2378
2164
4733
549
4813
496
3968
2516
539
473
4952
160
137
2849
3387
2803
3539
2048
3230
655
891
3480
3170
4702
3909
3920
4310
2140
4540
3670
4084
1997
79
624
2819
4435
246
4114
4479
1237
2948
1769
120
3469
2065
904
1421
2517
2518
1356
806
3165
3102
2981
1672
1652
167
4411
3029
2998
2802
3729
4010
4305
3163
4495
2200
251
904
3466
4549
3543
1310
4880
3538
3117
2347
2372
575
2117
1044
184
3058
4767
3703
3606
283
4614
2588
2260
3460
2865
2822
193
1029
1763
3670
1177
1721
4574
2554
4756
4325
3935
2034
2651
682
3844
4067
148
2295
1771
727
1614
3637
3869
65
3698
4221
2744
2803
4359
172
1030
1637
522
470
658
4054
4607
1738
1684
3885
4442
2759
4818
4083
1458
4268
660
4242
4744
3308
3992
4973
2665
1460
2485
4
2019
3914
1172
3671
3281
2679
2382
3536
1485
2615
2413
4736
943
1168
635
2320
206
760
1144
2040
4754
3391
4053
3582
2139
4329
529
3249
475
253
2053
94
4348
1966
3801
4049
3771
2874
4957
4311
706
1459
3949
1185
1811
2376
1995
4355
4644
2519
2012
118
3633
803
2743
2185
2218
4542
3354
1531
1130
1724
2215
324
1157
2143
3095
3226
2818
246
1039
3097
2428
3450
2665
3947
4151
119
4172
3116
3468
121
4937
4977
1082
4926
2802
2419
40
3878
1335
742
1517
4088
533
4960
2838
3370
555
978
3582
3604
3870
4777
4339
154
204
3351
3903
2935
3138
2871
4057
673
4361
2115
3192
4835
396
1238
1941
1314
1028
4012
373
2217
3567
2068
2099
200
3010
3794
3811
131
937
1882
3545
1925
1507
4840
4876
72
3122
3577
3665
4373
2990
1647
196
120
667
3979
1897
4822
2254
742
3672
2279
2666
3695
1994
3618
355
2238
756
3130
324
1253
3897
1965
3300
2953
1259
4506
4971
380
1333
1116
185
4079
2614
133
17
4334
655
3151
3997
857
754
2557
4534
3436
4263
1112
4460
4091
1892
3707
3090
4325
2514
2958
4619
3751
3722
968
1872
3588
1618
336
3393
729
3923
2568
4512
3276
4942
2231
436
1311
993
4871
138
1466
4882
76
3037
1745
4476
2216
1916
1925
3946
961
1526
4142
2340
4036
865
2279
760
861
4932
873
122
3641
2903
3528
1679
4852
4638
1659
451
432
306
3619
3278
2135
18
1928
2999
3683
1705
306
3578
3618
4792
2995
213
4166
4212
4579
1111
4838
4333
3255
3155
4594
557
3845
3626
256
3197
3759
3663
4263
4642
709
3905
3508
4631
4807
4242
490
1911
1150
635
420
2441
637
70
4100
4563
1646
4260
1323
3520
3332
146
3989
1493
1724
4297
224
4833
61
1221
553
4375
832
166
4712
4149
2545
3076
2957
2437
2332
2749
1742
3056
2855
4063
4250
904
4064
4363
4310
44
3260
752
3424
1856
1908
139
1766
2
1515
0
1332
880
2470
1307
2313
1346
4332
2175
757
842
724
2461
3156
4073
1128
4357
2004
4814
4977
795
93
2491
4001
3740
3889
338
3981
853
4603
4167
4338
4774
4405
3522
3754
4889
1715
3906
4496
505
372
4748
752
710
4698
3456
3708
1779
1498
3952
3359
2540
743
733
2306
1793
79
1772
2657
1403
1186
3309
2925
500
2388
1834
2117
3929
2395
2578
3976
1685
4953
700
3621
1419
1719
3956
867
4593
184
3122
1665
3609
487
4885
3129
2237
1700
3769
4159
4367
168
3542
864
4533
4120
2966
1409
1611
477
3421
3576
3394
2701
536
652
2021
3721
3579
4630
1374
2422
1748
1359
2512
459
1842
4817
4314
4389
1384
4164
3855
2203
926
165
4898
511
3451
2712
1753
1671
1457
2337
2526
2817
2902
1966
4766
2398
3802
2470
4240
3340
1416
1863
1275
582
4621
2142
4040
1043
3905
4314
198
4099
1143
2054
3401
4988
2614
3054
4680
889
4886
1041
696
1997
589
3887
3407
4904
1569
2828
1261
170
3151
2659
3516
4176
4574
2694
3596
1164
3698
3675
2057
4846
2116
4143
1515
512
2270
3172
3105
2318
573
2058
3865
4487
4284
1017
2546
3821
4482
2735
2452
4001
706
2743
2320
3233
3777
4927
3186
996
3263
65
4254
4168
3431
3137
3722
4393
2691
400
3436
3825
4848
4840
2100
1184
4891
4913
2561
4404
631
2135
4982
2582
3039
1703
4344
2431
4584
2598
1085
2459
1399
1686
1763
4778
1417
4571
2109
3463
1394
3811
4917
800
4832
4987
719
2420
1738
4319
3500
566
3311
28
1432
759
942
367
566
4568
3432
3266
2639
146
3001
3858
1519
4241
391
4153
3724
4144
3488
1204
2752
979
3055
721
4740
506
1101
4425
4664
2107
129
2258
1308
2771
201
3580
2467
3439
187
242
1805
663
608
2253
1524
2626
2134
2759
3074
3148
140
2226
3944
4676
2098
2438
440
3778
1627
3177
4616
3588
3151
32
3657
618
1421
4327
3567
2472
3168
1085
4709
1517
3665
2926
4736
2051
4335
1005
1741
141
3971
1434
3938
851
682
2092
1174
3999
2184
3206
827
1671
2882
663
4737
3
3537
980
2593
3157
2483
2949
1952
4631
3867
4107
2057
1857
2202
1341
2939
3054
209
2398
3695
3925
2952
1544
4618
3149
1567
4199
227
2437
4618
3646
4528
421
2719
1066
34
1935
1114
4229
2604
613
4223
295
2021
4845
4889
2835
3533
2623
4706
2728
4670
4093
1894
2063
3979
1523
1381
4001
1585
425
3663
1034
755
2252
950
552
4149
4838
4433
20
1235
589
2141
421
108
2762
4006
2062
968
3693
4849
2965
3601
1658
4087
3308
552
2190
4548
1962
4949
1355
3193
1827
4300
3439
1661
1905
639
2685
3763
4995
3737
3577
896
540
2145
4170
1971
3088
2245
4980
4519
4740
571
3927
4473
4575
1652
2253
3046
1774
1731
3001
2939
376
1371
3410
1099
4962
3810
4943
4008
3669
4946
94
2062
493
2363
534
1245
3577
4764
643
4208
1644
1468
1334
1943
591
3869
521
4062
90
4510
1559
3886
4187
2236
1863
4138
2399
3171
208
3531
409
727
1894
874
2279
3230
4578
2952
4175
2702
612
172
912
3745
2158
4184
817
4848
2258
20
3193
4980
1910
1671
3654
682
3383
1575
4413
4825
1697
132
2102
980
613
4818
4430
1981
376
707
1152
1706
3971
4093
627
1286
1147
4778
939
4582
4879
257
4510
3383
250
1648
1184
4937
399
508
4605
75
730
2038
3148
2303
2110
2554
1752
1693
2146
70
621
592
915
1829
3942
40
465
614
2642
2803
4054
729
2025
881
4593
1913
1996
2326
1875
2819
4402
4274
1462
2452
1281
787
2838
3238
1126
3875
3154
4507
2741
223
1472
2928
894
1319
1652
4403
3804
3219
1861
1019
1339
4012
592
3581
1349
1768
2049
2106
4295
4408
2676
4919
1432
1540
771
3271
23
4709
3973
800
890
2974
1204
3917
4746
2331
2555
1861
212
472
1294
919
1267
4419
659
1196
3819
4611
4286
2509
3823
4727
4116
1966
4156
1546
1812
797
864
3819
2011
3079
1845
1755
4384
2247
2415
3939
2884
1544
3115
3078
2094
811
3490
3809
467
3732
4566
3524
2527
953
2345
2905
3392
949
4386
161
1171
1760
4324
4844
4161
2005
3788
1424
2570
818
2804
1273
672
2399
130
4365
3737
4997
926
3392
3290
4611
3421
1104
4218
2184
4397
3024
617
4419
1239
4226
3145
1657
1397
2057
4329
873
4139
2680
3526
275
3294
1922
1531
4662
2258
4673
2983
3525
4504
783
4371
4762
399
3175
2564
4619
4066
4462
386
2494
3804
2155
996
2674
2527
2368
1540
3863
3466
733
4129
4317
2134
315
4631
45
121
4784
476
3343
1668
2452
227
513
675
430
2498
4974
4439
2168
2391
1570
1591
147
1549
3970
4112
4333
1587
3171
4675
2307
3698
2555
3980
4162
2366
4086
18
4296
1424
730
4623
4386
1960
3359
1118
1740
4832
3718
3137
247
4403
236
420
2092
2514
4071
4248
3213
4490
4634
2293
4703
1794
4780
1093
4657
430
318
1568
4841
694
4853
2899
2172
3175
2095
4542
1441
2867
862
2370
351
4366
747
4073
3419
646
1785
1878
4185
153
2869
365
3763
4926
604
4533
4661
3530
2439
4189
2744
1254
3049
291
3674
3852
1323
271
3547
449
225
3764
3671
1976
127
205
1179
542
3681
2477
3718
1088
1798
4000
2060
380
3206
4224
2589
2158
127
1915
147
975
2963
3551
2979
1569
1765
4543
3346
4802
1372
2579
1600
475
684
4621
1771
3615
2196
1354
485
2663
4992
301
2119
2386
783
1219
3559
3048
541
4335
1455
635
4493
4769
4345
3162
2958
2857
2310
993
2173
1068
3453
2416
4148
4905
3486
1334
409
1679
3184
1108
1750
2842
3859
4982
4536
954
67
3493
893
3158
4349
436
62
3783
2961
3600
124
2662
4042
1152
4954
1677
211
2854
1976
1560
3025
3907
53
4936
1090
869
4528
2012
2189
896
3999
864
3368
767
3032
4538
1746
3671
4333
2133
4377
1927
2774
4717
3791
3395
2698
2082
3467
4864
4349
4424
4331
2900
2531
1477
1152
459
1409
2163
262
246
4946
1035
3205
474
2582
4780
4322
2741
2850
2157
4397
1196
4697
3357
3444
999
2437
4124
4766
2118
2692
2800
555
791
2579
1905
4174
177
3964
406
2832
4488
2111
1011
511
4006
4874
4087
3394
249
3984
2445
4957
708
2142
4860
2624
3832
3986
4449
422
2704
503
4877
2397
4856
2774
3081
4580
1477
2302
49
1591
1458
1744
2758
297
1067
2178
4415
1666
876
1583
3590
4921
4555
3151
4153
2337
535
4748
1986
1498
3373
4185
2053
3741
4068
4445
1068
344
1145
3638
1615
3466
2041
1240
3758
1213
2636
879
1791
68
2386
873
3865
1423
4997
1471
4444
4749
4685
1487
2233
301
89
3438
1094
3940
289
1069
3440
37
866
3303
4732
1852
1110
2341
457
3939
2427
973
3920
2497
3582
2965
1161
1295
3259
248
137
897
2780
2730
3247
3798
2582
2476
3423
3134
4148
1367
3200
423
1397
4258
3410
4877
4219
3319
858
2782
2554
4965
2645
1923
4477
4083
2420
3161
4109
1646
2409
2471
4632
905
3239
2903
813
331
4230
1622
4111
815
2936
1108
4356
4043
4311
4008
1842
1708
2911
694
3805
383
2246
3674
3977
2176
2014
1611
3155
4125
4853
4897
178
4243
159
1123
3876
1849
4841
4278
2918
4498
2080
4567
849
299
4275
1307
3533
4669
2710
4647
1315
2101
4848
3387
914
3853
1521
3801
1422
4528
1099
335
3885
4656
497
4222
39
1091
2238
929
2161
2346
574
831
1828
4458
2033
1117
1323
3650
247
2090
1190
898
3169
410
1270
28
3960
885
925
1275
4940
1518
2051
2420
3975
2385
4993
3596
4868
961
665
3747
1196
1635
3871
1956
122
206
2894
4841
3729
806
2077
1841
4685
1973
3291
1014
2928
2052
292
1843
1222
4236
3901
554
3796
3979
994
4787
2466
3436
2948
2654
806
189
4887
3693
1506
518
1742
2812
4207
4476
4898
2116
3013
1881
449
4412
3680
4433
4637
108
1996
3908
3419
2274
3783
3876
1142
4031
2244
1764
3351
1826
2807
749
1670
1184
2841
2260
247
2081
1395
66
3386
4580
1200
1115
4787
1626
4272
1617
4862
4570
3941
2951
4210
2299
3346
3124
2352
2604
2314
1708
3161
3161
2241
3501
560
406
1669
1872
3209
1489
893
2376
3224
2135
4916
2758
2683
2002
160
2266
2002
3676
2430
1715
2323
2533
3950
3628
4894
1998
4205
4322
4216
2169
2873
213
485
458
597
465
645
2070
34
2722
3981
3209
2883
3101
346
3930
925
1301
1728
2020
993
2010
4040
4489
3700
3598
3709
3674
320
4212
2883
4113
2495
281
2637
2248
2131
3406
608
3039
4297
2865
1739
2058
3315
1225
1971
137
1926
1718
1083
26
2876
2408
1817
3062
3378
445
3180
669
253
571
994
1368
3170
926
4830
1027
1186
2213
2155
2519
1724
174
3806
2620
4127
2977
2427
2110
4887
4407
324
4229
2740
2114
2611
1697
3805
4683
997
232
621
3661
3855
4732
224
2773
3594
246
2671
3576
4101
251
1987
332
2915
4532
4969
58
1147
887
471
545
167
739
4338
2806
3344
313
1593
2575
838
3392
171
3620
4554
1455
1449
3322
3946
1073
764
2543
4240
1780
2994
3798
30
1169
3377
1865
3130
4198
2427
472
2656
1487
2260
4684
3720
2358
1535
3835
134
2330
4981
4578
3774
2288
1333
2772
4598
2062
416
3469
2337
4078
892
79
2788
4229
4935
4756
3247
874
1752
1772
3638
3973
3601
2780
564
2762
425
513
440
4919
4376
4064
1956
4266
4372
3910
4911
3165
3264
3001
3175
1320
403
1388
3781
107
2636
3398
653
570
4968
4201
1141
4341
3960
1991
2341
3445
15
2383
1100
2555
822
4766
4842
2118
2083
3452
4036
4709
987
698
4285
545
2996
71
3077
4225
4420
339
4463
433
1872
2113
2917
4759
2101
2794
4084
4985
4648
4114
4366
959
4406
1975
3121
3296
1102
2544
1305
4695
3116
586
1185
2494
258
2895
64
3975
505
3737
3864
3247
4164
1300
3179
1567
2043
2450
548
4194
4257
4415
1207
4950
3255
561
3802
4873
3728
3973
1983
3094
1970
4207
2909
1468
4934
3861
344
2608
2629
4129
1305
787
3371
1912
508
80
4169
2204
2295
2664
4345
3877
1869
1569
3631
4144
3632
1056
2600
2012
2827
1163
3782
345
3551
2082
907
3970
764
3733
4211
4087
4137
1857
2078
586
314
4831
4930
1772
2575
4093
4127
3951
3757
4807
3742
4785
4762
3147
2172
2772
2460
4758
1131
639
4250
4839
3024
3886
1299
1139
1933
4784
2864
3559
4778
1164
1033
1780
1715
853
1282
4546
440
1470
1957
4591
2203
3626
433
3620
2865
1021
3206
3554
3497
3083
2242
326
2500
1463
2609
1526
2864
1616
4036
4024
4608
2393
1112
3285
1326
1946
782
2138
1626
2839
3608
1521
4321
2572
444
1180
1108
3793
590
2290
4578
1531
4614
733
935
1084
1446
4414
2156
2757
1369
1444
1096
4055
4044
4042
1390
1625
3501
3769
1225
2016
2398
1627
529
468
1614
3959
2603
4155
3889
1799
1280
2866
78
1129
1771
4930
636
2941
2254
3683
1854
4876
2466
4271
752
37
3176
4857
3387
4478
1338
4526
39
3189
3376
3270
4345
167
2424
449
2337
145
1662
3612
159
3869
1262
3632
3893
3721
1855
4276
3316
3158
2563
3561
3842
2640
3368
4261
3756
3815
3735
265
800
3560
2874
2229
1458
218
3607
4652
2793
1566
932
1609
1163
3606
1703
1606
3251
1066
4836
2995
2160
429
1001
1640
2031
1154
40
2346
2231
4552
3848
3861
2047
3345
1066
1162
2050
247
833
3682
134
422
2630
815
494
2132
4169
1547
3567
3280
3454
1394
1535
2202
1639
4080
1729
2493
2240
242
1460
3831
4735
4267
1820
1437
2836
502
679
1161
3363
2471
2250
1861
3164
542
79
2707
2505
3281
3419
27
3216
57
606
1243
2179
4914
3178
3386
519
4426
1196
2915
805
957
631
1699
4212
4716
1314
2984
296
1519
1592
1964
2165
2267
3245
1846
3950
391
2236
1493
2778
3404
62
1003
1405
3136
2761
2897
3086
1355
4726
2487
3623
2531
4181
4780
3254
2745
2251
1610
1020
2017
3024
3286
0
1806
3451
3129
1032
4386
1625
2741
1621
3960
4959
910
4655
4269
4284
2414
2963
1369
4125
4993
4657
963
4566
1554
1695
2933
3079
3965
417
4637
3281
3080
4489
1360
4561
1875
4699
1435
3283
639
3938
2245
3905
4216
1834
1740
1376
2459
2814
4901
2798
717
2700
3859
4162
2542
3382
4382
992
4766
26
3244
3911
66
424
4725
1402
3120
4063
3480
3972
3593
2958
600
2728
4325
3791
3831
2195
1723
439
557
1480
2633
4501
1154
2144
3393
2214
1922
4672
2317
4634
4334
1705
932
198
4940
3098
3592
3066
3440
4838
956
2737
2055
3176
4221
3629
275
1708
505
1863
4884
4674
1477
2019
2649
3660
2891
1999
3667
548
4191
3248
4618
4482
4646
3964
100
509
2720
2093
1287
4979
1483
3773
4208
4953
4946
419
2247
1618
534
2578
179
2253
1002
3431
2765
43
1832
3264
4621
1424
2758
3537
1513
1196
725
135
3523
2347
1291
2363
3658
4848
1682
3864
2839
992
1867
959
3458
844
4178
1450
804
1747
3208
4947
622
3435
193
2766
3873
1823
1782
1875
3532
2209
1662
864
4143
741
3830
1954
873
2456
2882
788
2023
55
439
2239
2552
2743
2903
2226
255
3926
4889
4496
2516
4694
1740
464
2497
1082
2064
3812
3177
4171
577
2189
4022
4478
2638
4851
4834
3946
398
2174
2295
4380
2104
3422
3730
1396
535
2129
3013
2343
1498
416
3600
4629
175
1679
734
3492
827
3968
3238
3798
608
4757
2852
4555
4501
406
4256
4141
4662
591
4883
815
1128
698
3214
3
1941
2077
1304
2975
4385
3419
905
4062
4876
1475
1777
960
2273
2988
2379
793
809
3309
2878
1140
1007
1058
3120
978
3796
4946
2869
1452
780
3033
2253
1778
1439
4951
313
2367
4691
3267
656
1687
4330
4451
3964
2328
4011
4576
4842
3520
1716
493
1922
3835
2066
3782
771
3773
3220
1537
4251
1796
4720
517
983
4346
48
1627
4418
953
1367
3225
3560
1565
3816
533
2514
720
195
3461
1557
1607
3728
947
1659
4676
2665
1936
2675
425
4433
1632
4308
284
4652
4769
214
1859
4183
2844
3257
3140
1578
1811
4646
4376
3073
2616
557
2411
2326
4803
2508
4431
4636
3684
2136
2073
4794
4149
2270
1103
4616
4981
963
1970
2536
1035
2976
2764
3409
3132
3654
3260
4836
3002
1859
1045
1734
682
1490
4838
3751
1021
3817
4917
1429
2407
4167
1452
1156
760
649
1199
3858
571
4864
1875
3329
3308
4403
4121
4578
4453
23
4736
706
4983
3228
4768
441
3989
1921
3314
1234
1089
4949
582
752
4493
3589
1224
3543
3802
763
2321
2116
1894
2032
48
2425
4062
2055
999
1780
1511
3426
676
1190
1378
3361
4479
3575
502
2085
3133
21
3492
2772
2573
4933
717
1369
4569
3814
4804
4219
296
1969
1722
3282
523
4531
1604
1405
2956
2444
2968
2442
3035
1118
4196
4193
1913
418
542
1415
436
1752
1568
2415
2090
1977
1632
240
694
4307
1111
1204
3813
490
533
3656
2555
3261
4532
4192
2568
3716
2953
1092
2489
3229
1330
1626
4982
4218
1246
4541
580
1783
4116
4949
2010
3919
3607
500
1058
2511
4864
3949
4558
369
603
2190
2086
763
4910
1983
1323
4840
901
3734
3216
1811
3428
244
3186
1030
3410
2402
2135
3988
911
4173
254
554
2781
3795
4418
700
2652
1037
2088
2957
2067
3872
2127
1596
704
2471
1041
1585
1526
704
3195
971
570
3448
463
317
1844
1053
2592
4871
4870
4384
4535
1874
740
2745
2552
3335
2535
4806
1819
3358
668
1165
4983
2306
568
801
132
827
2452
673
182
1374
1251
4092
4009
1645
33
768
2245
2430
844
4139
3904
3901
1353
1585
4336
2786
661
256
3280
4955
1220
3936
1293
825
1842
3265
3772
234
2558
2250
843
238
4748
2241
666
764
2293
1471
3414
2185
4798
3048
2147
3874
2627
1564
2610
4176
386
196
1622
2514
2014
980
2262
1525
3008
4925
880
1327
2526
4829
2064
4253
1830
673
4049
2148
11
918
1102
3029
2917
2825
516
493
3885
1348
3388
342
4372
1251
3535
3568
4876
4192
1016
1358
722
509
1733
4603
4242
1694
205
1947
1914
1854
1918
2054
1672
1318
2258
2341
309
3862
1852
4339
489
3013
4105
3251
1072
3512
470
4037
4528
3801
1704
2901
286
2323
3707
2486
3700
4861
4022
346
1492
4797
1407
1853
2065
2684
3845
2267
3642
676
3390
1267
499
4209
1341
2108
4423
2686
1979
3340
128
2598
4927
3415
1487
1986
861
673
3092
2436
1309
1278
810
1887
518
4261
1332
2229
780
186
3321
1053
4694
4672
848
707
186
2928
1154
2614
289
2436
4014
1063
1773
580
3949
4892
3832
56
3581
1401
3947
262
119
4188
3761
2641
289
3144
4722
2512
4767
746
2668
1924
2456
914
7
1394
43
2542
1315
4197
643
4932
1284
1557
2855
4397
3424
213
1980
1043
4379
3687
2932
46
2230
4737
3191
1772
312
3080
3352
3157
3344
1851
2191
1884
4983
347
3829
3710
1296
479
517
4165
4233
1460
589
3803
687
2751
4653
4360
125
4989
4550
660
4580
731
2064
1347
4382
2940
4388
1059
1536
3147
3673
4291
1356
76
1690
413
187
2656
166
1348
3210
4217
2061
3117
1349
4107
3272
4714
4174
400
3218
359
1316
3823
3879
2818
237
1154
3022
4547
2999
4934
1846
1665
961
656
734
1435
2799
1050
4834
1404
665
1118
3314
826
3470
4617
3658
1785
4270
4532
1901
4275
280
3676
440
1512
2549
2347
1047
1821
1894
2633
2181
41
4791
190
4135
1550
1895
551
4112
1524
4973
2574
1084
1248
2878
893
572
4747
564
1124
3199
2280
3482
1431
296
3814
193
4146
2135
1835
3634
492
3186
1887
2337
1189
3872
372
2445
41
1402
1333
1905
15
4017
3656
2753
220
2102
2749
518
957
2115
3020
1291
463
4427
3244
2144
1521
4487
245
554
3051
2845
813
2111
252
1490
1408
3500
3928
721
2672
4396
1903
2766
83
69
2363
2675
4036
1352
3351
1735
592
2008
4306
1795
2699
2017
3812
1817
3593
2181
3390
1996
4473
4101
4834
984
3443
1347
2465
4163
697
3416
884
2714
2553
2661
2392
1066
790
2242
3136
440
1749
2082
2397
4683
4647
487
4065
139
2723
4701
3435
1971
901
1722
4662
2037
1922
4292
3942
116
54
2641
372
2892
265
2871
146
3597
869
4554
2906
4409
4697
4564
922
3278
2974
4175
3869
4753
3492
2686
3974
4685
3294
879
1610
2338
1227
1285
33
3557
3108
1820
312
4909
1890
2912
922
3782
1241
4094
996
3193
309
2783
2106
1829
4870
343
597
3237
4393
3040
3477
4141
370
1303
4484
3613
4189
1414
1653
1676
4669
1763
2734
2667
4245
4446
2070
2925
4466
1820
3422
3244
714
945
1016
878
1216
3034
3187
3835
111
3139
4069
4256
4937
1957
3751
881
3077
1239
4137
3480
1372
3036
964
3854
4033
491
4330
3730
4107
2128
1467
799
4665
2725
1354
336
4089
2843
4819
2046
2918
2487
4730
4156
1911
2193
3706
4012
3852
4990
3842
3332
3771
855
713
1409
2804
775
218
2835
2696
793
2711
868
2923
687
3151
3729
2087
2193
2019
1422
2923
675
589
2508
3681
3487
101
1456
3020
4420
3547
84
2401
156
2616
950
1800
3145
1329
4736
4829
812
3935
16
885
4044
1270
4263
3682
4091
4424
2361
513
1198
1921
3627
95
2154
596
3043
2025
3462
2690
3482
3960
827
2574
3622
865
1082
2563
4006
1963
3105
126
4614
3328
4609
1157
784
4201
3378
2270
2296
2392
1782
3521
2106
940
2667
971
3783
2564
2876
4849
4936
704
2816
1045
2151
4899
638
4160
107
2859
4219
296
4617
2972
2694
4096
766
189
4482
304
851
4135
3579
2592
2132
4091
3090
3606
4115
2377
2026
1153
4713
1728
1217
583
3046
3786
2361
3124
3293
2205
856
873
347
667
3838
3526
3240
4168
4829
1897
4181
888
4785
4272
2760
937
2856
823
1773
417
768
2406
3706
2370
4349
3665
1975
4948
4674
538
1082
4301
1437
616
4703
3229
650
3070
1667
2290
3708
2566
4671
1507
4384
398
2747
2547
3902
3689
107
2244
1812
1928
1657
65
4705
90
4926
4609
1931
696
2055
1992
35
4017
1091
703
4254
529
3600
739
2760
2385
4564
1032
3738
3977
4616
4581
3342
1559
4197
4723
3134
2273
3265
4900
93
2194
3862
3621
1130
609
4043
3828
110
4754
1313
3535
1436
4611
1496
4989
3101
3884
692
3711
3175
114
76
3498
30
1381
3483
3214
4847
706
4893
2284
2808
2521
28
4341
3051
3497
2406
1074
4115
3741
3323
106
330
2530
4621
4935
1594
3026
1747
1435
565
776
37
1334
4104
3594
3101
1446
1963
1728
1757
1749
90
1096
2263
4441
1276
1088
3503
1120
4657
3296
659
3736
2488
3964
978
734
4304
1452
781
2122
2161
3742
3050
2475
2903
4901
1966
4247
1887
4271
2959
1784
882
2946
1600
740
4258
3492
3439
1958
339
1273
676
426
753
4854
3783
825
269
190
930
750
819
451
4548
2113
1094
3082
2885
3658
619
4637
3665
2207
3051
1495
4689
4385
1763
1187
1506
3763
4283
4009
4165
2936
2742
3638
2724
2566
1161
219
2867
3084
2465
4325
2975
1137
1439
450
1790
2827
1657
3602
4662
535
2309
3237
181
2152
1678
78
1215
2373
3769
2522
2132
4985
1105
388
3703
3784
413
1654
2179
156
4404
2518
1849
62
3806
1459
1385
660
2707
4131
2491
3766
3122
4512
2033
681
3314
1141
2135
1796
1519
3301
1377
1065
4380
2926
2757
1368
3796
2644
3450
2078
2058
2861
1628
86
1547
764
4518
3115
2089
3770
3002
4189
824
2023
2586
2515
670
485
241
4206
3900
4864
2390
1595
1639
241
4845
546
3523
3461
3912
4852
4915
1627
1532
1924
2588
4179
4876
910
1189
254
1764
1318
778
1063
933
4529
119
1203
4990
2207
1828
4592
3452
2122
399
4745
3629
3179
1225
2128
1393
3602
828
4332
17
1079
3878
4672
3017
3238
4130
4800
3439
1030
2662
4443
1927
3919
4268
4733
2799
2459
928
4942
3516
1960
2165
4821
4415
3037
3332
2623
171
497
1073
3631
4538
2275
2459
3564
3768
3697
3255
1642
3776
2251
1053
4195
1702
945
1232
4406
2464
1722
2426
4480
87
1703
3346
2863
2659
4352
3110
4228
2428
2861
3790
2815
2247
4430
4402
1445
1597
2258
2711
4063
3149
2267
1027
3535
2189
4092
3363
232
4745
2820
4320
4649
4202
1881
2318
3588
4628
2845
3495
3698
864
2305
1387
2382
1247
1728
3027
2551
2608
2793
3718
1740
2152
1378
4501
515
2067
4968
2943
143
236
300
4911
3887
2585
974
2988
554
2916
4687
1655
4222
1005
3068
3594
273
2908
4373
4775
1200
487
2534
149
1606
4007
3624
1334
4349
2163
905
1535
1946
3455
23
717
974
4498
90
1687
1881
3683
1745
944
1733
4564
3713
2081
3932
710
1372
1149
3178
2865
542
4323
1262
4314
110
1360
2759
2652
1025
566
1133
2703
1111
1493
4287
795
4499
2395
285
3183
915
1824
242
4164
1409
2928
4366
1371
2439
4354
2824
1901
741
3956
919
3840
241
656
2631
4003
2906
3877
1057
1584
2578
1993
4916
517
2423
595
3029
3153
423
181
103
533
3977
3216
50
1994
1158
3363
1064
2698
430
3453
3469
3044
1856
2990
2221
3132
3424
1230
2409
763
113
895
1613
4329
3647
134
992
4929
2362
304
2588
372
2854
2725
2008
1301
1911
4943
2980
200
89
2593
4036
1571
528
1219
2653
2022
3856
2413
2134
2866
1640
3394
2439
2622
1283
641
395
1018
1404
3785
2258
4402
3295
2577
294
4481
1391
1102
3381
4772
3640
2155
4016
3246
2179
3343
4432
4886
442
2972
4984
470
336
1078
805
1605
1647
4910
2674
3541
4039
2244
176
3070
2620
2373
2708
2206
3497
4352
1509
3450
3100
2913
1138
3466
3579
1756
894
1485
1555
529
2578
3699
3714
2354
4555
4723
1862
4200
1684
3313
1401
2402
305
3974
1165
4066
3745
14
2566
92
1952
862
3477
3865
3034
439
1216
4653
2798
4727
1117
4270
2484
1873
492
2804
2483
3042
1666
3240
2142
1206
4765
1528
1851
4400
1666
2640
1938
1048
4925
2372
3485
4925
4482
3498
868
4624
1558
3024
3191
847
3993
2954
3091
2087
816
4566
2171
3945
4075
4686
2044
2774
2940
4882
365
1610
2154
2121
4204
2607
2357
1362
1032
2808
4228
1778
2722
849
455
3419
2864
4172
2076
3094
4615
4652
696
4604
394
4097
2748
1428
4153
1176
921
2136
3940
857
4702
4786
2419
4925
2493
2549
867
4940
4450
3395
1495
413
3130
4165
729
4655
4459
1757
1239
1477
2342
1344
4707
4740
2300
1610
279
4092
997
796
4699
503
4642
4373
4574
3842
2743
2440
2761
2807
2432
22
4972
472
3264
2689
2045
4685
701
3941
298
4768
1336
1499
1832
145
2566
2765
896
3533
70
3805
4402
1476
1185
1990
3264
3166
2994
3595
3796
1704
919
4538
413
2935
3841
4958
637
1207
3441
3909
3971
4271
2743
2058
551
4979
1456
205
232
3859
4185
3903
1530
2688
4487
3373
505
1501
3871
1439
4393
3213
4095
1297
3492
2753
2828
1968
2825
1413
1284
4062
1851
2345
3465
4705
2970
3791
4222
3625
3844
4015
2641
3722
4571
1451
820
1482
4376
2103
1020
4619
4634
748
3080
98
2560
578
608
2227
763
917
4868
521
1383
3980
1941
671
880
3428
3677
753
777
3525
628
883
3270
4822
3971
1298
1551
4047
4651
2802
4308
4714
2290
3593
619
4442
1645
3651
1328
3882
2295
2859
2190
954
794
3842
1960
3889
2675
44
1768
2687
2758
2504
3359
4453
46
1144
2866
2340
3892
2073
3831
3359
2048
2965
242
1259
3528
1418
3201
4310
2779
4229
2777
4128
4806
2821
3878
768
2804
3168
4716
4232
981
4219
1836
4019
1407
3293
2347
1509
2235
3426
3337
2108
4084
1153
4038
246
599
3353
3138
3291
3967
2256
3608
1449
4963
2995
3311
2679
308
1279
3709
2195
2805
403
628
2022
2337
108
672
2478
985
4887
2759
609
3285
2336
1165
1636
3921
4330
2742
4400
2441
4008
819
2163
1652
1084
1727
2430
1561
3597
616
4055
4793
1591
604
3760
129
2374
148
3329
2284
4101
1206
2046
1461
2866
2767
3703
1593
3588
307
1395
2957
1850
2180
1604
3446
1328
3136
3950
4886
2861
3650
3147
609
3399
780
4300
2585
3047
3753
4441
159
3065
2451
2038
2576
485
2905
3503
35
3556
2060
1285
4273
4812
1705
371
1520
1546
4871
2881
3116
4849
1898
3101
3411
4093
2208
1630
2778
4
838
3431
2648
4718
1382
542
2783
2296
1696
2271
4782
625
4569
932
580
367
2858
2898
2743
4735
618
2169
2790
1042
3945
3070
4501
4107
3486
4413
3064
3478
33
3904
2894
221
3322
3155
1267
2122
2205
3234
2684
897
211
3430
3128
2380
791
1572
3838
4090
3947
168
1307
321
2977
1328
4717
2461
1418
313
1854
2807
980
1656
1452
2508
4057
2760
4182
3179
4531
4986
761
2776
3550
3412
3160
4751
102
4127
133
4446
3233
1480
3716
3179
716
4524
2022
4359
4758
3939
2658
4257
977
2322
1167
1670
1645
4688
3001
531
3846
898
1328
206
3855
3556
4337
1430
2478
2311
603
2368
4911
1478
3764
3517
4743
4350
1093
4729
1854
1373
1106
867
2409
1183
2867
973
4031
4906
1314
1439
2613
27
3923
4085
4668
1480
1842
4737
364
1982
3017
1168
1701
2984
4080
209
802
2504
3262
537
3949
2047
2589
1205
4425
4138
4552
3455
4392
1698
1483
3587
1702
3913
3544
4052
3455
2989
3490
2807
4047
4107
2872
2881
4954
1653
2645
4455
1531
1832
907
2658
1510
3349
1424
654
335
1950
3704
4764
4634
4201
1333
62
445
2009
4924
828
1452
3946
3463
719
126
3953
3665
2282
1797
4001
336
3780
1873
624
3219
4146
909
3583
158
3829
690
3370
4683
1416
3268
1803
2719
104
26
2215
177
767
3799
4754
3960
2941
554
4463
1490
617
4303
776
3785
2480
471
2505
3570
2670
1991
2232
1271
3459
1492
1355
1286
747
4569
3768
1390
4911
3884
3193
2051
28
1595
247
3024
3818
2452
1859
2725
2460
4871
4060
4459
370
3595
4765
4362
2610
2531
4189
3704
1485
1406
1309
1575
4293
1678
1971
4175
1530
4440
3959
1767
424
2566
2960
2293
1426
141
3066
839
2587
3018
126
2013
3154
2087
2542
803
368
4437
3124
900
695
2513
3129
4243
4976
4465
3814
1283
1098
3347
4523
3089
2084
1372
928
1690
2569
87
210
1402
1214
207
3116
1508
423
982
327
4340
2207
3313
1377
913
1053
3383
15
2152
2853
3346
962
1562
4968
298
2060
2063
705
4995
947
3720
1315
2517
1475
2499
1949
4421
4765
2462
4489
617
367
4790
3657
4076
2996
225
2773
785
2191
3171
2240
3854
1283
2100
4379
4976
4274
1005
2079
4643
4589
1355
1117
4014
883
239
111
3022
177
391
409
3623
644
3324
4494
2350
2047
3761
1646
324
1611
3624
2293
134
1863
2714
803
4836
645
616
3510
3532
546
1607
413
4050
4364
1013
2043
1030
2531
2205
1155
1870
3620
4077
464
1845
4464
3720
1118
2741
3547
2907
3753
4756
3077
2568
2552
795
3125
2095
306
2482
2221
2671
3402
1700
3540
1198
2555
939
2544
597
1223
269
4775
2757
4625
3618
2531
3726
795
999
182
2045
1620
2855
4938
1681
3920
1851
1616
3463
3470
2670
192
1677
4711
1080
4830
998
245
1922
924
1991
639
934
4074
3677
1235
3653
1111
4216
1864
4338
2840
2824
3243
2693
4488
61
1716
3081
4766
3579
1481
2570
2519
3810
1320
1979
989
756
3923
3331
3962
3011
1721
1102
2872
2236
2104
2788
4275
692
1091
4489
1708
203
4778
1561
985
4946
2395
201
1818
2798
3164
2802
3921
4897
3521
4037
4937
520
299
3606
3992
1274
3169
1660
2650
3996
177
1649
3073
1400
1830
1870
3608
2307
528
2819
4604
2760
2605
1221
1979
982
4348
2698
3612
1790
2229
2378
1857
3844
457
3437
2953
3222
22
2161
1840
4556
4270
2198
3576
3873
2370
1548
3043
500
2673
4901
2538
3272
4908
847
3439
1868
3670
3720
1318
1383
1210
4219
3936
2142
3315
2907
3818
712
423
1846
3426
930
621
3598
1758
3736
9
2927
389
3047
3769
4980
2140
690
4273
2904
3719
4774
1876
10
2929
2106
2691
635
4722
3777
1456
3933
3663
3917
2641
2870
1507
82
4964
3426
3893
1096
1606
1984
2276
4495
2957
3629
4632
3400
1856
1575
1628
458
687
3969
1819
691
2888
4958
4219
3166
4856
1329
2659
1778
3881
2083
4384
2902
1943
1646
3908
2923
3445
444
3852
1581
3615
933
2341
1502
1610
2178
3102
4738
1428
3091
2440
30
2970
4896
477
1369
4960
3151
3113
1115
4130
1860
3238
2101
3680
4431
3799
3228
432
2612
1445
4441
533
1341
4995
181
1778
877
2135
4288
2185
1314
2973
2621
2061
4912
418
4322
490
1700
413
4308
1044
2259
3940
3645
1625
2705
2938
2059
3988
2589
3998
364
3046
4324
2464
606
1554
285
3216
4803
4558
1895
2000
287
4581
2933
131
4953
2772
863
4454
3452
984
386
1325
3803
4010
1992
4455
1591
4343
2625
649
103
117
501
4925
3548
3617
892
517
842
3278
1810
4229
3487
1849
4463
1359
801
2756
2111
1864
774
4265
202
1875
899
1717
1199
1396
910
858
4786
2255
3417
3825
1971
2078
4822
2910
2822
1451
3899
2122
141
4869
3484
2425
2271
352
2282
2872
3127
2297
4609
772
1107
1916
3120
4270
3822
1557
4173
3879
1489
2090
340
4043
1064
3235
3095
1961
377
862
144
1257
616
4106
3189
2788
1031
1338
612
275
3456
2337
2661
1742
4502
2039
3788
1437
2180
4169
2552
60
2213
2111
1094
2151
4557
846
2959
4716
2787
2661
4233
1956
2918
4251
3498
932
3652
3809
3842
1166
1066
3945
3484
4292
1714
3012
2605
1301
4967
3029
4823
119
2831
1009
2330
4588
4454
4491
2753
1624
2471
2700
4116
3088
3979
2617
776
1123
2324
2175
653
4757
3754
2725
2665
4903
3855
1702
3111
4579
2760
3184
685
2117
3551
1960
1288
2308
4743
320
3236
2303
3764
1965
3949
2533
4306
26
2169
1104
3680
4989
1514
1537
1037
4584
28
3233
3127
413
4996
4486
2877
290
2484
248
2881
812
352
3965
2336
4257
2498
1962
2032
3650
2897
872
3698
3487
2015
3636
819
3900
1102
2501
3935
4610
3288
4814
2624
2946
164
1990
1285
886
4225
2549
4262
1246
1211
4644
4176
2748
4635
415
87
1773
3565
3623
4705
2683
2154
1185
538
4746
3381
930
2746
1455
2173
2228
1215
4119
119
1141
458
152
1013
2928
2532
3119
2492
2443
1168
518
4282
1200
3652
4254
2023
4839
3429
1511
1350
4230
803
109
2956
963
732
3450
1030
4397
1945
1016
418
282
4113
1084
3522
4439
862
1121
550
2770
3798
275
1999
3069
1285
3573
677
3598
576
2509
195
4604
2114
1198
2940
3463
4331
3212
3667
2692
2143
1300
4228
3461
2584
2552
2859
2929
44
4103
1665
4512
4690
3856
3602
1333
4744
4642
4351
4589
3480
640
2969
138
1587
4356
2605
420
3920
4065
1603
4127
3670
3330
94
3300
2581
885
996
3153
3147
1057
1740
570
4080
1604
4921
33
3556
1612
618
78
3388
4900
2620
3407
186
4035
3786
431
3244
974
1649
1171
2126
2079
156
2365
2256
4768
4216
72
4889
3610
1035
420
4015
1547
1078
239
4355
2316
3124
2503
4094
128
1272
3438
3324
3235
37
2532
1929
910
678
4401
4957
3671
4936
4941
4965
3506
103
3752
2098
4492
4358
1851
1137
4523
1858
2601
681
3955
372
4766
1664
46
2616
1019
165
4420
758
24
3080
2527
4329
746
4558
4193
4008
814
444
3575
2159
4129
1063
3711
4734
4004
1303
2759
1919
2251
4445
606
4872
4451
975
2766
2832
923
3683
3236
2698
639
304
3426
4446
898
2737
4631
1259
3397
669
431
562
455
2595
2945
1363
85
2833
4193
3866
4430
4886
1326
3773
2069
4213
4051
2591
237
1595
4900
1549
520
3572
2708
1395
403
115
1214
916
2725
638
4378
657
2195
1176
2700
572
2475
382
4595
4860
4276
2336
1642
4716
4235
2031
496
360
2415
2497
461
160
2361
2616
4114
1782
1526
4057
3438
2509
4602
401
3386
2757
4749
4461
3283
3267
3572
2911
3245
1695
77
2936
3069
2946
173
2182
4024
1790
3369
4391
2777
673
2210
1022
1327
203
1372
3761
1959
4315
4835
4300
1425
4730
667
2360
3591
760
265
2990
3479
471
4590
1208
867
1925
306
632
1908
3101
786
2119
2294
1912
3894
1527
2363
3306
3562
4721
1210
1303
1336
4437
2860
4986
812
844
3357
3292
3973
2603
1142
2355
65
1120
753
1185
1924
869
62
2967
4800
2032
1094
49
3266
2041
4136
2939
852
130
4660
1073
2837
340
4689
4475
2258
2429
4630
346
3787
3746
1830
2794
3729
1202
4306
708
4471
1230
2119
4054
3824
4831
4429
614
4203
3096
2740
294
325
4406
1924
1283
2697
2419
4567
2300
2583
579
4166
4951
1385
303
4313
2822
129
576
2432
2499
982
96
3342
4970
2225
302
672
3402
3804
2021
3556
4209
2954
3084
1626
2211
2656
761
2271
3164
3776
123
2667
4678
1508
1542
909
1796
1034
394
3500
2181
4352
1130
4495
3986
3602
268
1910
1290
4426
148
1723
3390
4081
863
633
3148
4376
4560
1165
3235
4503
2749
4577
1042
722
4463
3131
4213
2442
764
4958
2492
4474
3160
3644
4254
1989
1202
3786
4703
284
3593
1370
4212
3689
3779
2262
1197
994
2650
2065
1869
1573
279
268
4784
221
3223
4718
4389
3846
2092
4878
1509
3518
3421
2247
4718
2354
4689
2166
3585
4813
244
4220
4153
623
4062
3762
2304
7
3994
4394
1784
704
1510
236
1000
1199
226
3230
1737
4465
40
4682
3583
4634
4905
1783
1796
105
1444
3543
3606
833
4140
1334
1523
190
258
4797
1910
1589
2716
18
4392
1420
2867
517
3621
3281
1447
3626
4257
608
3872
1230
4918
1233
79
2277
4738
4973
1269
494
3296
3055
4263
2407
4554
649
2040
2893
3176
578
709
3688
4524
385
1225
567
3724
770
4806
1964
1871
1142
323
1695
3352
1720
2854
810
1316
3992
964
3310
435
4695
1389
3658
4993
1581
2096
3030
2725
3951
819
2232
2392
1259
2994
1907
1745
24
2798
2546
927
3002
3044
1888
2908
279
3105
1907
4679
905
1737
720
995
638
2432
2428
382
1372
2524
2188
2594
1758
607
2264
4879
3313
2002
2732
2552
1703
947
3555
1090
2850
2217
2563
1401
4559
1887
56
2237
4458
4049
4275
4416
691
2178
3054
2831
3249
1818
4037
3300
1380
4200
467
2699
749
123
2681
216
2481
4304
4847
1035
3058
831
1225
594
3078
986
3766
2320
3500
2727
1441
2225
278
1541
530
3864
1145
2705
172
2334
979
1321
2291
1238
892
2762
4184
1784
1826
1040
193
2234
3954
414
802
3847
2951
4632
17
1484
3795
2440
1266
1204
1979
4342
1400
684
4184
415
2695
3452
288
1989
2027
1869
4460
1888
1267
4251
2769
3069
4988
1236
722
37
748
1265
4563
2604
784
2997
4671
2476
900
3918
1362
490
2463
2959
845
3973
1522
1712
2434
1003
2696
2724
4772
4342
699
1330
4793
3864
574
2327
2723
4532
1781
4447
4803
2693
507
4961
4935
4051
4849
1273
454
4749
1826
3821
645
2624
2479
1995
335
4617
198
2884
3611
689
4655
2436
4396
2172
2810
2940
2535
854
2674
3436
2077
752
2218
3182
1029
3828
975
2225
1438
1865
640
3565
4013
2610
1468
1765
2742
1438
4801
3517
1032
2396
3347
1706
1464
16
2361
3502
1965
4638
2327
1947
712
4886
2249
3451
2134
3768
3153
3087
3357
3961
2022
792
397
1436
223
4165
1590
1546
1681
727
1859
804
2513
4129
1865
194
3098
3952
892
3506
4171
3177
3007
3497
3016
2446
3458
3808
413
2854
2162
3986
3070
2570
4669
400
1224
4866
3503
3383
1990
4524
3359
282
4233
2150
2266
1625
4498
3424
1233
3918
263
1189
2756
2772
4727
4433
3509
1273
2431
4290
214
401
2571
4964
3088
3453
4199
2638
202
1763
361
1381
504
4585
619
948
982
3093
313
3178
616
4046
3435
3556
63
4397
3254
2130
3738
3327
2817
2503
550
4102
3269
4134
603
624
3180
578
1742
3966
2368
2286
2973
462
2002
3587
929
109
1313
1715
1476
1985
580
4786
1751
3040
2274
1704
3601
4222
361
962
3132
2095
797
3863
2475
2254
4473
4885
1005
44
3080
2981
4070
3721
56
3592
1647
1444
1029
3386
3370
2358
1577
711
4482
581
4587
2275
1354
4090
2037
1323
819
3052
4093
3306
3772
3917
3474
390
3763
3605
3908
243
154
845
4459
2120
2266
796
2860
2710
1552
2985
3281
4405
2273
3471
842
739
3780
4847
3736
504
3527
3595
473
2362
4342
4769
615
709
2425
1910
235
1048
4693
1194
302
73
3442
4927
1942
3251
1935
59
4441
3742
1668
2723
2965
4181
4849
1021
43
4773
3919
1297
1314
415
4146
2868
1444
4071
1961
3036
3809
1051
4953
2131
1318
816
1419
2667
2794
3292
4104
4784
708
4249
4495
3471
4635
4071
1489
1683
352
4600
2811
3846
4302
1722
2494
4738
2275
3484
3144
2739
616
4621
2444
3515
1671
4172
922
2769
1050
3463
3908
3470
2691
1550
2999
1228
4415
418
924
3701
3455
1762
369
3152
2159
4690
1453
4061
671
3421
2929
3812
3613
4602
4369
2910
4557
1347
856
2003
375
1331
3427
2325
900
31
533
2690
2422
3815
2220
3793
235
4349
2575
2763
16
4072
4727
4472
2928
3075
4021
418
2287
579
1812
2114
3608
2449
472
1906
4459
2832
4125
3637
4675
4889
4510
3565
3268
2765
1206
4157
382
611
3561
4066
2286
4406
3427
369
2672
3203
3216
680
3528
4516
1608
2902
4098
4011
2924
669
4254
2035
3505
3303
1186
1075
4979
3436
4664
4563
1784
1523
2191
3294
382
203
474
4249
1832
259
1707
2110
2046
3241
3295
3681
4226
4678
1263
3017
2996
1071
1288
1628
4854
3289
3591
4142
356
4080
4837
1650
367
4174
2078
1011
3890
2369
4903
2668
2603
2310
1715
4497
2104
4032
757
709
1581
4004
510
2588
2312
2538
2951
1734
4059
3532
109
105
3304
2513
4968
4343
2566
2058
2821
2819
1358
2525
3129
4571
2362
3409
4173
508
469
4813
3570
3400
2302
4557
3490
3518
3784
484
674
4252
1153
3133
698
3353
3167
250
1599
3276
2228
4023
1202
2376
1197
3749
1734
886
1849
614
3038
2567
943
4925
3434
4673
4087
3312
4259
1227
35
1227
3753
2003
2202
4294
628
4810
2205
2349
602
3618
2672
3840
1294
4206
4535
907
753
377
2301
2379
2902
1275
3392
1000
1405
4074
792
4756
4131
2467
1444
72
3265
3735
4585
2387
361
455
4137
2365
3422
4972
654
2631
918
1441
2396
3456
1245
2686
2016
4273
2830
1419
4007
4886
298
2577
1667
3875
568
4605
596
2014
2917
2746
2377
508
3242
2950
976
3151
3530
1669
2145
485
4742
1679
2086
1928
1284
2415
4512
3711
3841
2682
715
4240
3780
502
3302
2749
589
2337
1099
2425
180
4277
592
236
2818
203
425
3887
4832
1956
1439
1769
2427
408
2980
4336
1455
1185
2356
4058
1174
1614
4347
3371
3022
1230
1701
4597
232
261
2655
2112
1995
3115
3976
4788
1789
1707
4348
307
3783
146
75
550
3244
1359
4213
814
2776
1381
1179
1893
517
1173
2942
3617
364
1113
2663
4469
3996
0
1087
1820
69
4607
4718
965
983
1564
2441
956
1465
4832
1022
307
4666
2923
3494
3104
2574
3873
1738
3329
633
3689
1069
3271
4545
630
4955
2907
3125
3374
1838
271
1457
893
854
4929
4571
3151
3700
1489
4789
4362
3099
4842
2947
3600
2717
654
2740
1018
3477
184
2257
3210
1848
4026
1795
2172
2778
1402
3970
2205
655
3473
2863
2635
4164
4992
3660
1345
450
1131
1632
3285
4563
332
3448
3820
4021
1964
2124
351
1131
2478
2143
3490
4104
1658
735
3858
2846
903
3578
491
1971
1178
3541
4127
2836
3649
4657
4089
3332
2729
4700
2566
3867
2629
963
1895
3704
3788
4830
3383
2205
2651
3433
4150
2938
1486
4780
2814
1220
3621
1562
950
2085
2223
1879
2778
75
4890
692
847
1107
3908
3304
2432
1775
315
1292
2826
1023
1988
4478
1919
4613
2320
4692
3973
605
3294
1695
2909
2134
3351
1016
4952
3625
286
4953
3678
3793
2199
3399
3380
733
2208
4086
2057
1614
888
1832
535
4492
331
3474
2046
3195
4947
2133
4198
1056
37
222
2124
1628
4924
3365
2662
2998
2470
2243
2343
2626
4227
4560
1970
508
4112
2250
137
4775
2700
3736
1269
4566
3434
4559
3205
4837
3665
2708
1926
2840
1450
4589
4953
2500
2800
4750
733
3644
2144
4214
1066
2910
745
3992
3865
1423
1065
388
2045
571
1499
97
1050
4954
2828
4229
1019
1693
3209
3093
4498
3731
882
1086
1024
1861
15
1888
1152
1444
3640
2094
148
753
2271
555
3067
1903
2463
2906
3824
3667
2879
3978
4442
2649
1719
1973
1908
4567
3731
4005
4893
766
4645
1736
1192
3811
142
1606
4180
4780
3910
928
2839
1282
2851
683
1680
1701
2122
1986
3098
1067
4536
4383
111
2476
1457
294
4718
1715
4090
4094
2585
3393
408
2827
4175
4310
4072
384
1275
2651
626
939
281
4522
4919
2942
4918
2816
165
3453
3082
622
3110
1599
2985
3118
1361
1251
1543
4041
3193
3193
3251
3319
1183
3759
337
3055
2804
2442
2112
3993
2279
2311
874
2725
4861
4613
4886
2943
2796
1408
1781
4538
2130
4378
163
2177
3375
751
3795
3798
2893
4095
3990
4892
3577
1412
3164
4668
3376
4498
2063
3127
4825
1472
4253
2627
1740
2862
1399
1576
4640
3224
100
3730
4247
4101
3995
1812
1533
4655
1072
331
1697
4716
1573
1194
3250
3436
3162
827
2203
2341
3722
489
1031
79
4213
1374
2041
687
3891
2933
484
826
855
674
2987
790
3177
3278
4363
2997
4978
3927
4666
4674
2100
4683
3546
2344
3484
4362
3937
2730
3623
178
1363
1975
3873
457
728
3231
366
1689
387
4546
1028
2245
497
4313
2924
2634
4395
385
467
3506
296
457
2358
149
297
4650
1459
4407
3708
1869
1259
670
4528
3723
4106
2602
4432
3617
4114
2817
569
3418
3065
4757
3528
3456
2926
2725
2776
2591
1685
3555
537
3481
4499
2405
1249
124
4891
1139
3334
2829
4435
933
1909
2542
4094
729
2086
173
4673
4637
4531
4781
1413
3083
325
423
1029
4014
3515
4086
2000
4921
345
3019
4855
2648
1552
4991
10
1885
2440
709
4431
903
4040
28
856
4254
4922
65
2632
4446
639
3212
3866
1595
3005
1462
3512
4319
445
2811
685
3851
904
1012
3250
2395
33
4274
1814
592
4145
767
3231
3435
4270
2427
3616
2252
3230
4334
647
435
4208
1629
2899
3860
1199
4031
933
2931
3442
4950
2101
737
3530
4200
3846
3629
829
4096
3114
4652
2750
537
758
2823
924
4805
4527
3159
3756
2147
3838
1420
1208
272
3116
1671
2864
618
1682
2567
177
4800
4319
293
846
1874
3893
4153
3049
1194
3696
2340
472
4699
2945
1183
3800
2140
2392
4974
3310
4285
3429
1584
1420
3603
67
3159
1098
2533
1616
1965
4857
1039
3982
4827
4795
3904
2151
3760
4709
1582
4614
4177
3837
4649
2219
1847
4918
3635
2766
3149
1315
557
3467
556
1798
2240
339
2676
4486
4770
861
4182
161
3860
3784
781
2535
3066
1389
3796
3428
1307
3517
1809
505
2773
988
2731
2713
1851
2496
3809
2374
2930
1309
2314
3328
3400
228
2941
1893
872
1724
4402
4592
2267
3907
4671
2204
2708
4128
2596
2378
638
1106
1188
1962
1310
1024
315
2911
2815
4219
4051
3713
3034
4358
575
105
955
21
1432
4201
4907
1887
588
4834
3280
4939
4310
2985
944
4710
3904
2012
1863
1477
4731
3091
828
920
4957
761
2539
3949
4761
2066
1588
3044
868
4102
3354
4062
2349
808
4107
2219
2223
1760
332
3026
3736
2378
2898
1386
853
2692
645
1697
2576
677
4219
82
1352
2839
1816
468
93
3833
2396
4001
1569
2934
2867
2625
4462
4808
4192
1543
934
3685
3208
2735
3428
1400
2749
2873
4717
4704
250
3694
1862
709
1356
3737
36
1855
3737
1839
1647
4361
2522
2928
2501
1003
411
1525
1277
1846
849
744
1512
4761
2120
2124
4808
3892
4437
2286
4279
4857
831
3958
4429
86
1389
3140
959
1853
3890
1504
3700
4821
3256
2663
2340
3237
2265
1956
1304
447
738
3993
3230
122
3800
1664
4120
3542
3206
3583
4953
410
3576
4144
3753
891
2475
1839
1243
3952
550
2233
1028
2967
529
1690
3489
2334
2901
4343
2148
1536
2900
2938
4348
248
472
1918
653
715
3454
4990
725
499
4204
4853
3280
4659
2453
1567
2099
815
2368
2359
3576
3834
3807
1341
1576
2523
1100
1946
4249
4514
4755
2302
1824
4408
3220
2477
911
3214
3553
794
1863
1935
876
4628
485
243
3009
3439
2488
4793
3811
398
2542
1665
4118
3288
1571
2540
1088
3404
1571
1918
4151
1131
3634
4646
4490
1109
451
114
1975
2914
2530
1470
2743
4137
3446
1284
4609
290
4353
3262
705
3691
101
4397
975
932
572
173
4664
2263
485
4386
978
4846
3599
2451
1304
3085
2266
1332
4500
102
2188
1384
1572
108
2265
550
277
4719
38
3519
3158
1985
2899
2160
3442
1432
3381
2457
3839
202
1552
2230
3155
3432
3779
3380
1731
1971
78
319
455
4941
3302
2856
2340
4338
3506
4870
1007
1333
3296
3779
1108
451
2289
2802
293
1665
773
3368
4560
1545
1492
3663
3552
2401
4255
3251
1633
3151
436
1173
1193
751
1389
1293
4242
4197
1627
4871
2368
2798
2122
169
850
3963
3375
3777
4576
3783
108
2708
2651
451
1896
2599
3016
1140
1085
769
4353
693
1359
4526
1524
3310
2270
274
3410
3029
1677
3201
2481
2686
4359
1710
2922
606
4529
354
4074
1309
4989
3881
1705
2969
464
3931
3101
4369
1297
1909
1268
4565
3644
2978
1526
1219
2574
2122
1521
1258
467
2834
2412
584
2578
2385
3701
36
923
4468
579
2351
1801
3912
1873
4145
1311
3285
1677
127
3235
4419
2325
501
3488
2108
1227
470
1696
1273
3714
3760
3435
2930
2440
1858
3192
2169
2923
1224
3513
998
1159
1590
3449
120
1549
1432
3514
3014
2672
3620
4863
1021
4346
1479
1938
2809
2652
2457
354
63
3380
1904
4884
2884
1001
2561
728
837
4474
2666
754
3159
787
1915
773
240
2637
573
1275
3625
1156
43
4878
3723
2064
1794
2841
3676
1593
404
1919
610
2974
1208
4428
1694
2528
2067
3617
85
1060
681
1459
1377
953
454
2091
865
4598
1058
1568
599
745
500
2482
3559
1826
3149
1245
2736
473
2639
2306
723
3602
4965
4743
1966
540
3316
4708
3619
4857
2646
1875
295
3146
130
1472
4514
2657
3
4553
1577
2640
3095
677
838
3801
2457
2687
2281
1259
2940
4061
2331
1302
1333
1964
2110
1278
4429
1619
2711
3073
1844
1591
4080
565
2466
1203
3451
3778
3122
4132
694
3856
4566
817
4277
3252
351
1121
3648
3177
3479
3588
2996
4254
4412
3187
4312
320
4646
4068
3280
300
1250
4905
1705
4286
1241
393
2781
461
4931
283
4416
3770
3120
4860
111
3266
4610
2560
4726
4663
1924
1421
3825
709
3947
1831
1940
37
2726
4250
2525
357
3704
3205
297
611
4471
954
3228
1401
2341
362
4236
3949
2293
3927
2932
90
1728
1123
2592
2924
1297
599
3676
1774
1015
2472
4368
4493
4824
2909
2163
388
634
4122
4035
3997
4047
2814
1147
3359
3432
2119
267
837
1232
2967
1469
3374
3398
2419
3147
2076
526
4921
2607
2537
3701
757
1932
2503
769
209
3633
566
1255
771
4500
3158
2418
4017
4152
2264
4027
3495
3524
2745
2095
3723
1298
1812
2702
4940
639
2804
3301
4494
790
4554
4502
781
948
4521
4399
2222
3493
747
2313
3136
3995
3505
1207
3952
2282
3135
4316
82
4014
4281
816
424
2388
2244
4742
2899
873
2852
4931
3413
3594
4357
1458
3362
2477
2564
1577
1515
4491
2831
3839
1303
4905
3932
4905
2308
4520
901
3130
1632
2653
77
3661
2798
3544
819
4881
2110
4519
3008
460
3535
4761
505
1743
2470
709
3215
486
3246
3626
460
2560
2584
3931
4561
1728
2392
1574
792
3470
1103
2410
4559
4430
3276
2774
4489
3664
3593
3731
2582
2878
2281
4999
3014
4426
3065
2599
116
2944
1991
1311
2448
2364
933
1712
3052
3161
1362
3933
3689
3703
442
4071
4620
1234
1383
2759
3140
2087
4818
3630
837
2128
4098
1338
452
1108
384
3871
4388
4658
3703
4312
3041
4505
3635
851
810
4723
2302
382
2737
590
4100
2160
311
124
3383
837
3054
1287
982
3972
4141
1550
3381
457
1721
749
1252
1269
2845
4714
2459
3417
23
902
3621
3264
703
4338
4815
4535
2482
1589
3571
4161
1364
78
2038
2323
2280
4048
4341
3734
683
579
4892
3559
1400
4405
4252
2092
201
3204
4679
556
3574
291
3739
2984
3117
4029
663
4003
4381
227
2971
2864
4447
1422
3801
3664
4311
140
1235
4683
4174
2356
2717
2313
2322
4902
4393
526
2426
3130
744
2947
981
368
3659
2832
1144
4613
1952
3540
3759
1377
3146
71
1693
2226
206
630
2068
337
3274
1188
3437
2254
3940
399
4096
3033
2733
4929
2766
2696
802
3720
2015
3414
2816
1824
4667
2710
2686
4352
3392
4376
3721
3590
946
2289
1456
1326
3418
2280
427
692
4866
3129
1913
1477
3686
1964
2374
3793
799
2249
3104
3310
3491
292
2068
1398
2540
4497
1219
2161
3400
3093
2675
1890
2860
1893
556
2006
2309
4033
4830
925
626
3461
95
3577
2188
415
751
699
844
879
2129
2231
2734
645
2991
4413
413
4484
412
4661
3239
2725
3465
4039
4205
4915
2384
2035
3942
2874
4948
715
152
1151
1101
462
3930
3919
4721
1005
4289
3520
1534
4116
1496
953
434
4304
189
4489
4853
4554
380
2937
3279
1928
90
4654
4624
2968
2764
321
10
3895
3868
2892
1852
2490
4653
4
2432
577
1773
4065
4761
3868
3265
3069
333
178
2716
1223
1734
1159
1041
2303
4599
3042
1347
3611
1507
3742
41
2476
3226
4395
2463
3509
1002
4079
2691
605
794
58
377
1015
1829
223
3706
2641
3767
4726
1294
3152
2519
1268
3945
2648
3221
4100
760
4411
3624
3244
3390
4721
1143
3108
4695
4386
4438
3893
961
3486
717
3963
225
441
47
1967
1673
2649
4266
1702
4107
3728
2291
4884
1048
4098
2836
3327
263
517
3389
1875
2179
4746
242
891
3134
3600
917
2870
2177
3007
2995
3074
2992
4546
236
3925
2648
1917
1922
2542
2183
3540
1252
27
142
3081
3443
285
3651
224
1816
1715
2308
1742
2909
94
457
4136
4057
4994
4629
1579
855
2758
4909
223
654
1302
1394
674
3409
3791
2147
4482
3311
2711
1646
3703
659
3397
3853
1521
1093
3377
876
4958
2877
1152
2984
2520
4476
117
3074
3864
1841
861
4041
3630
2856
2781
2295
693
3644
2169
3208
4476
600
4197
4027
4552
1502
2775
3480
884
40
604
3734
4960
4943
1972
2611
638
4061
409
4759
2474
2938
1183
3310
4327
4791
342
4818
4658
520
204
2172
1362
4242
4068
3511
4668
4371
1942
2522
438
2472
1525
2708
1997
2236
4860
2992
253
4601
4792
4255
4649
3373
830
3092
799
3333
3363
3934
2507
1978
3408
1773
4520
4390
807
2961
456
1538
2102
281
4917
2447
2677
2418
1467
2759
3101
3192
2507
3769
2620
98
1130
4165
4230
453
4625
2129
3351
965
4590
2471
2673
3169
18
1996
2249
3259
2117
1241
1556
47
4505
4161
1073
1530
4737
4404
1488
3643
2006
2470
3622
3699
3226
1341
3256
2994
3480
4469
1012
2671
4543
3540
2687
2408
3893
2689
3255
997
3014
4440
335
4850
3877
606
1506
652
3855
4640
127
1757
3888
2733
2713
4014
4211
924
3430
1635
492
821
1225
3882
561
3177
4253
4195
1372
3639
2652
3256
452
4204
662
240
4685
4355
4012
4842
658
2072
1425
2056
952
3202
4403
200
2856
4223
3666
1784
2238
3035
2467
3464
784
2719
3191
4687
1151
1612
3712
2314
3666
2679
2865
4028
2540
4934
2159
561
2377
3746
4802
15
1665
1795
4743
2196
3185
96
2682
2446
4854
3980
3065
4576
2973
4731
420
4694
3229
4453
3913
837
2358
676
4723
2490
4130
2927
4507
109
4606
3574
1213
2025
3023
516
2508
1047
944
1533
4137
2272
2986
4600
740
4116
4619
1093
3894
2273
1120
2945
879
4159
4797
4455
1302
4045
1724
3717
4695
2713
1257
3223
4338
3464
593
887
3014
1298
4482
306
4233
4700
2894
451
3092
2212
740
276
121
4750
1296
491
4516
589
56
4882
1579
2026
1387
2683
2403
2410
2550
3441
2492
1724
4100
1968
525
2913
2277
2846
3630
4279
2616
175
1364
297
3608
1035
4584
4048
2811
2202
461
3197
1202
878
356
3406
1943
4118
655
514
4729
3932
1835
893
4904
714
3862
1053
4175
210
1181
751
3542
2784
3287
2838
4721
3388
4143
636
3312
2394
1027
1441
4045
4306
1537
937
3671
848
3532
1068
68
662
120
4008
2355
4021
2974
2718
1044
3182
1006
2399
1456
750
4609
4816
1730
4220
2384
914
4139
581
1449
1525
107
4130
3869
5
1936
3332
3360
1894
2996
517
601
991
4795
1301
2978
4692
2733
2784
972
2030
4912
1969
2938
1826
4904
507
4560
723
1447
3462
2198
3768
3583
184
2549
2950
1784
2047
3052
2991
566
3303
2902
3700
3208
2856
144
4163
2889
3142
4223
1086
2066
449
3296
4954
1906
162
1819
4718
567
1417
4819
1649
4827
2713
3573
76
4900
882
1051
276
4436
1757
567
3443
3727
665
120
3890
4330
1009
425
4737
2251
3631
2908
2705
526
1444
1688
1569
2822
3947
3537
3086
4595
2934
283
2942
4719
1187
3962
1491
3277
1461
4637
3890
1155
3308
2061
1811
1717
2991
516
2941
2642
264
1020
2479
4230
4184
4825
2775
1753
4999
444
4079
2820
3700
3126
4548
3877
504
2857
4472
3267
942
2431
1061
2639
3739
3644
741
2239
4912
2585
2745
142
4142
1685
540
3279
488
3020
4354
397
4215
2830
547
2617
2099
2339
3038
1588
2266
1730
1349
1033
254
4650
3877
2731
1220
4072
2953
2967
4815
3404
364
1867
700
648
1819
2199
36
1876
1665
1433
276
2417
570
4640
846
1449
3559
2480
2377
1444
3385
1749
1159
1617
3898
3535
4719
4092
825
3198
3280
1538
1473
198
2248
2215
1284
2768
3778
2848
4374
4795
4609
2846
2172
3964
4071
3193
4567
4217
3790
3610
41
4226
753
267
142
1740
361
4491
2221
2707
273
4840
2613
296
1134
740
4663
2856
1507
1380
3049
3019
4639
155
1945
815
2423
4385
2837
1158
4090
3416
3270
488
1937
224
2420
1736
1750
3685
2923
1268
2896
4124
1524
3370
2582
3312
1880
4475
2987
620
1340
2643
563
1765
3578
94
4986
1647
4447
3625
4090
4264
2323
2081
745
1370
168
452
854
3300
4828
1016
4493
2842
669
438
4145
366
732
3967
2649
2667
3726
1904
3135
1317
4276
3148
1503
1514
2947
4805
2155
2787
3368
3148
4680
49
1058
737
2987
2711
4630
3002
3047
1308
1544
4462
1857
3135
629
603
4293
4836
2734
4422
3389
404
768
4298
3460
1683
4812
2365
2621
2922
4204
4066
3401
830
1718
2128
4012
2576
537
3591
2854
2682
1534
4381
3468
296
2066
250
2541
813
329
1197
400
2972
788
3320
1449
3289
2540
4259
4934
3145
4305
438
779
4339
4374
3744
2342
3908
4309
1659
478
4059
4881
3626
1644
788
270
163
3483
1639
4232
1400
4362
514
794
4000
3672
947
3422
3092
3727
232
109
2885
3124
2183
2540
2701
3478
4046
1688
3393
1800
2029
1381
2764
2854
585
4160
3705
2253
46
1006
841
67
4641
3678
601
507
3761
4580
2076
1050
4359
3945
3931
2828
3562
3934
4191
1054
576
3827
3528
2402
1070
1412
1179
582
3354
1034
1187
4359
3196
2488
150
801
1839
552
4439
2898
3407
736
2849
1301
4371
497
1894
956
832
3114
2945
2523
2913
2368
3519
3419
4358
2621
1818
4685
1404
1199
3582
64
4591
1151
2164
1481
1834
883
4521
1178
2054
3440
4606
1138
445
2820
1300
391
1174
506
4381
3199
1854
505
1065
68
1753
1362
538
3273
780
2187
4550
4569
3632
2279
2582
3580
1220
3517
1695
2331
51
215
117
3957
1714
1816
3268
675
2340
3906
1427
1314
2065
1630
2084
1321
1106
321
4533
2784
1301
1135
911
3093
3378
2592
2820
2521
2748
1215
1879
1154
500
832
1915
2334
3285
4443
1313
43
4755
2716
3615
894
3617
389
268
3347
3095
2908
1516
3019
1108
2660
1928
4159
3892
4046
2410
1033
1361
276
2461
2502
69
3473
518
4919
2976
2059
50
113
3401
3967
3841
860
1907
2900
3184
4270
2552
772
3536
4512
4857
4481
400
3252
1941
4710
2528
1494
3271
1309
3660
4058
3875
1517
3652
2118
1044
4183
3311
1400
3874
1941
4804
4095
639
4705
1091
784
2354
3436
2759
3257
4446
2945
1693
3527
546
2348
791
1864
4403
722
706
2392
667
3709
664
4041
1138
2259
3508
3866
2363
2726
466
1025
2935
3929
1947
3250
2162
2405
2150
2687
4811
1122
1862
2086
1311
2277
3990
673
1563
4984
4489
2855
2970
235
4615
4354
1631
2141
3444
4914
3873
4
3495
3478
196
2033
2687
4359
2375
4626
2610
656
3453
335
2279
611
4301
872
19
1159
2843
1907
2653
2320
2143
1911
399
1729
598
2046
3137
3493
547
2394
881
686
1159
2224
2101
2655
1903
4173
2873
2593
2380
4275
2237
590
619
1935
443
4645
1740
1042
4090
1517
4163
4637
1799
53
320
3662
4981
4157
2038
764
3764
2303
3885
676
2187
3352
2162
1880
4635
1687
4584
2274
1792
2719
4300
4303
3217
1529
4504
982
2238
748
4188
1185
1826
2559
1697
4210
3955
2827
250
2377
3327
4373
85
2186
4909
213
2444
4352
3905
1929
1280
4644
3822
4384
2728
768
3913
3421
4519
3839
3093
3322
906
2843
3059
4624
2427
4568
2600
4515
306
2582
665
4594
2917
2763
1555
707
2055
4924
112
241
1138
3719
2193
894
4292
2938
4134
4341
1820
3360
770
4444
3775
1936
2164
3002
4383
1717
4999
3538
231
2172
1499
1883
3729
4516
1704
1434
2304
393
3269
784
4192
4719
4027
3595
2131
4771
3100
1195
3194
799
857
3383
1781
164
886
2473
243
1303
1322
3443
2799
1202
1222
3655
2240
3387
895
1362
2601
2943
1741
2064
2696
4920
2196
4878
335
2434
1005
492
4176
3623
4480
3156
2365
238
1722
3303
2438
4627
742
609
1497
4908
4172
1225
4995
476
4381
2902
2405
1700
4487
343
4500
2212
2804
1536
3340
1037
3365
4447
1492
4685
3637
3902
1982
4072
2633
105
4134
1969
4189
872
2742
587
4002
2904
2363
492
3807
4507
2216
333
18
2250
1857
747
4465
3877
4112
1695
158
3053
2414
3778
1353
2350
397
4520
2079
4249
2324
1869
2003
4342
4345
4806
3749
1417
4098
2699
1202
4237
750
1423
4610
4586
1157
4155
274
3877
3881
270
4280
3657
1874
4372
1373
808
2981
4164
2854
2318
4493
4143
2426
1532
4303
2543
3885
4143
186
531
2336
3664
1606
1441
0
1664
2097
2432
542
4019
2124
17
4844
4806
3587
3830
298
4244
1261
811
1020
894
3250
1203
913
1393
854
472
2714
2975
3921
3086
3119
1433
2059
3446
3654
1816
677
3554
4680
328
4669
281
3850
3559
2752
591
51
2835
270
2234
4422
2785
4517
3639
4664
4949
4887
2865
3636
2049
3960
2856
748
1922
2146
273
86
493
3269
3226
1800
3296
907
1950
3333
4358
2691
2136
3071
3846
4775
4646
1790
4045
2512
2496
1065
929
2877
4809
3104
4050
3470
2847
4713
3431
4881
3091
3618
4316
3229
3463
416
667
1062
4014
4288
723
924
146
4848
3716
1892
432
496
4207
4955
1135
2128
1702
3501
3383
2588
2771
3343
1687
1162
634
717
4284
3234
4880
211
1578
2689
182
3680
137
357
3167
1988
1362
4951
2140
730
442
1912
1905
1413
279
2825
1535
122
1700
4394
3011
3143
247
2523
4774
4546
2045
1248
1625
1405
1622
3396
3442
2369
3463
1165
2038
628
4742
2276
4283
2477
2900
2347
3434
519
3145
428
4552
2460
2085
4907
1932
2653
2647
2146
3080
3461
2429
2553
1603
3446
342
3678
4560
1426
3266
556
4924
474
4017
2953
1643
325
185
2975
2098
4632
2580
3160
628
4922
4566
217
4103
127
1157
3904
4707
2086
95
4833
795
1886
3902
4190
4150
659
1764
695
3901
4329
720
3196
2972
2841
2200
722
2562
294
4698
1953
2991
1576
950
4754
4231
4189
1847
3237
3189
4494
183
1079
3104
92
525
2776
4893
4488
4443
2020
2735
173
1825
2437
757
35
3358
905
2617
4526
4078
2714
389
4463
153
927
128
771
2474
1545
138
1874
60
1398
1369
5000
205
4645
3844
2650
4366
4217
2526
3663
204
3079
3440
365
3239
4413
1764
3822
718
870
1384
1460
1831
141
4475
1416
2212
2740
3688
2433
2990
2204
4289
3903
918
3707
64
3030
4800
3047
4514
1181
3113
1056
2800
1261
3263
4201
3900
1883
187
1662
1355
300
2046
2046
237
2797
542
4465
3716
4526
2576
3401
2664
4125
3954
1647
2753
3118
4468
2885
3105
2324
548
2062
3963
4879
2953
1799
4529
3763
1944
1649
4841
4609
1908
88
4726
25
3228
4317
86
4408
4727
764
2364
623
349
4772
4692
2186
432
2869
1275
4973
2642
3625
1900
892
3783
214
4290
2582
1249
4657
1612
2732
1530
4757
2393
4781
4840
4805
3608
3972
4423
1283
1778
1871
1431
2843
4938
1343
4362
3823
4268
267
648
3554
2382
2012
1255
4309
745
4048
4063
4030
4039
2884
3107
676
2898
1715
3967
3052
1128
3740
3834
740
3069
358
2584
2563
4549
2187
2072
4259
68
1765
2895
3271
1859
2802
2712
3983
3612
2367
2350
2722
2711
86
3418
3224
3096
1015
1949
2810
1752
2784
4016
1551
3493
4938
1284
3098
4883
1784
2410
1692
125
2847
777
3038
3807
945
3339
3612
1813
3101
3554
2746
4289
2157
1871
1183
4355
1842
372
1082
471
552
2882
789
3556
3266
492
3045
3771
4853
812
2124
568
4485
2591
2014
3256
128
113
4613
1034
220
993
1604
3462
783
4615
1808
2155
2547
1097
2129
4367
4540
4228
661
181
4887
274
1510
3156
465
4482
2731
1501
672
3810
4078
367
3110
290
1872
3203
2101
1855
3102
1364
1559
115
4731
4
1066
1510
2110
4570
2408
3867
796
1939
4979
2125
2645
2255
165
2783
3641
4699
51
1826
3745
679
2640
2045
2567
1831
323
331
10
258
2039
4155
994
3301
1848
322
3418
2316
1829
3089
3176
2344
4381
2212
3771
2932
1453
2473
3651
1695
4515
4484
847
4321
3196
1654
1007
1074
507
3593
3072
448
384
2271
3900
323
1891
2519
1092
1845
1016
2571
906
3509
455
2806
3413
1467
1818
3111
3892
2858
4295
1968
2459
438
4061
4775
493
2484
4729
746
258
3824
4515
1656
38
2139
232
2590
1746
4624
662
2175
4913
3081
3368
4834
1047
136
2927
3976
667
750
948
1293
4787
3697
2132
1539
426
3172
4656
4813
3444
2121
2056
841
2625
4692
2170
957
271
1990
4854
3195
2175
4159
2339
4570
3648
153
4138
1810
1377
4333
4118
4580
3127
2748
523
2724
171
1561
4930
3354
2694
2413
1713
568
1710
4493
3882
1139
4168
1163
3147
3049
1840
3989
737
4086
1982
83
3993
3480
971
3247
2062
3401
4079
1543
3100
1271
2413
1336
147
361
3698
685
3655
1997
1524
2298
948
965
4338
2446
2591
2624
2988
4857
4832
4111
2336
3098
1214
3448
2965
2672
3507
4877
1436
4584
20
1798
1667
2143
4915
4565
374
2993
4900
4463
4892
1430
3542
3352
241
3111
4439
4030
4717
326
1437
3609
4914
3069
4829
2508
4714
626
4936
4004
1502
3308
4225
2049
1151
409
4770
2228
3572
1057
1354
213
3757
561
4169
3082
2876
1341
4114
1591
4978
4369
2836
933
3075
3934
2299
3969
1951
384
4071
3444
3944
3594
2680
4431
3079
4358
4369
3851
3077
1943
446
348
2100
4767
3114
3237
3310
1533
1626
2426
0
3389
2075
2819
1937
3438
2259
2661
3785
2928
2787
699
2347
2013
924
3080
3450
2211
4294
3942
2737
1410
2867
129
1335
2540
8
1372
2924
1222
334
3699
2662
4542
3455
4098
2478
333
860
59
2041
1010
2173
2122
985
2050
2995
1418
2072
2121
4502
3590
2172
831
1963
4608
518
1601
1654
2025
2938
2637
2064
3127
2143
3765
2842
745
3046
3219
2912
2716
2666
1661
872
2949
3244
1288
3674
4033
2138
3507
2681
4741
2478
2538
3306
208
199
3173
765
774
2900
3149
179
475
1214
1021
2280
365
1369
1705
516
4578
1693
1898
2851
561
4078
3704
3839
2542
564
4836
2001
4213
4981
4820
1216
738
1433
1624
369
4883
1820
1874
2521
292
1113
4972
2149
948
410
2212
4900
206
520
2053
1694
1186
2432
327
2260
3892
3117
4789
4831
2750
2069
3912
1271
678
4018
3148
2265
401
4972
2024
4746
4112
2924
2489
3476
4086
3352
3504
4385
711
3182
2646
1958
4187
4414
1594
3411
3241
4111
2994
1705
1121
464
3839
2918
4416
635
2815
2736
2073
2717
3078
4041
645
2723
1915
3510
676
3715
1194
2597
743
4793
3791
2814
3712
2553
551
2533
4887
1647
313
3696
2931
1010
3860
81
797
4526
1700
4596
3828
2106
3216
1884
3609
1496
2520
2222
3845
3004
4340
685
2774
1724
2884
1494
4140
2980
1647
2889
3739
3968
3216
2041
4904
4535
711
2330
1082
289
4846
338
1493
4076
4208
1252
1542
3127
506
2438
2972
4740
565
1402
2518
1551
2313
1286
606
1070
4480
2984
1852
121
1953
3275
2343
1398
4612
4281
379
2631
2441
3941
1549
2295
4011
4864
3932
4613
3188
1642
563
4148
4100
4880
3607
345
2937
341
3251
609
4485
3442
1176
4547
3333
981
1022
1576
4706
1472
3156
4383
231
1338
4552
679
4503
3555
680
1703
1136
2714
3139
2436
2746
792
2152
3131
4873
1363
4296
2922
2156
470
2813
1365
517
3141
2505
157
1939
4479
3930
2339
2380
4874
3537
4357
3915
3337
2859
4870
4348
4872
1032
4527
2326
858
2008
1954
4991
3731
681
4167
2962
1882
728
1509
946
2492
1210
4794
3176
4535
4493
4424
299
1494
3217
1893
4195
4356
1740
2513
2779
702
1571
2584
3020
1756
546
3230
4603
3051
32
4913
3449
2670
1181
3988
4130
1154
2017
229
2454
2896
4108
4320
528
61
1765
3059
1216
3932
3778
4070
1850
4099
1704
4737
2003
4663
4602
3435
3058
507
4552
3838
1017
2556
1204
701
2010
4607
2793
758
3974
4548
835
155
2211
1467
2271
4036
2311
3205
4637
4194
1026
3175
871
2575
3339
4957
4413
152
2882
4323
2138
2023
1862
3711
1351
1974
1281
2991
4737
257
4173
2382
1709
2866
1969
1360
1743
2641
4340
1944
910
3945
3385
1243
559
1379
2899
4953
4594
3763
2797
1175
2613
3013
166
993
2016
3055
3312
4608
3608
709
931
4641
1092
433
4584
1310
4206
3830
3594
4135
3847
2827
4760
2793
2456
1385
2912
551
2083
1527
15
2637
287
49
932
2948
3198
3963
4647
649
2874
2584
2303
1991
3740
854
2052
4100
2103
2331
2613
566
4770
1320
868
3841
4985
1179
503
2820
2115
177
2055
1152
1745
619
608
2845
4127
631
821
4331
2704
1497
422
648
417
4872
4092
4671
2870
1525
3237
4308
2650
638
113
3412
1183
1970
4578
1994
1694
749
3959
1338
937
2673
4562
1775
210
1629
1444
529
2139
4242
1937
2583
1272
588
307
1287
1310
1301
2253
4332
2560
3947
2069
3190
2821
4176
1552
1445
496
2710
4965
2877
3418
1756
4370
4817
4504
1447
4823
1561
1631
3760
1997
4951
4677
444
4712
2560
1661
2004
2056
1615
4540
4474
627
4658
1463
2522
2708
1644
3891
4044
2050
4415
1774
3796
1257
4220
3258
4376
4153
1812
4300
143
4031
3799
4398
1485
2157
3139
1108
3610
252
1638
1973
4050
789
1103
1850
4676
94
3504
3279
1241
799
848
3887
941
3451
4771
2586
1642
2329
1822
1546
2373
1343
4086
2352
1640
1396
1677
4335
3813
4677
4739
4478
3615
1035
3336
67
2103
1059
832
3046
653
360
3311
4998
1735
3284
2042
1611
4907
636
3971
3173
4593
4032
1872
20
1322
2379
4673
828
4279
1703
1239
3839
310
1944
607
1941
4300
3804
4084
1569
3450
3674
1871
3143
2987
1837
1471
1275
232
3076
4956
848
4289
995
493
2692
2861
2421
1436
4163
4112
2855
3077
225
2833
381
4254
4446
292
1241
2774
1422
2314
1456
239
3670
1030
1159
178
4867
1677
556
2402
1131
485
354
188
3233
2599
3145
212
2079
2647
2191
4330
3376
2870
2599
3271
2869
2444
1899
2477
3887
3527
2480
3313
330
594
3494
1537
2838
4561
3171
1987
938
96
2927
310
676
4076
3598
1757
87
4270
3900
2748
2537
2966
1924
485
517
420
370
3771
764
1531
1421
4574
3269
4453
5000
186
2683
342
1379
3769
3311
2500
4754
4235
2614
3927
3079
2728
3486
307
336
3676
2579
2129
417
3133
4116
3069
4187
4686
2407
4679
4276
432
2471
298
2667
4923
527
4083
3534
3304
1758
1983
2398
161
4838
592
709
1400
1094
4633
786
2249
4266
3951
339
2124
1519
149
4825
1681
3942
1589
4437
4528
4838
111
2845
4214
3075
1181
1584
1293
3269
3395
111
2705
1503
4238
879
770
2006
2105
1065
1025
3579
813
4557
567
3446
4507
429
982
174
952
4957
4433
4250
85
824
1998
2534
886
2952
1554
3921
1208
571
4893
344
226
3696
1762
4074
4285
1508
4781
2628
4570
4154
3339
2269
1750
1914
3219
1495
480
1343
768
4132
4585
640
4062
1103
4781
1867
3330
4628
4666
3241
677
3305
469
369
1986
618
2731
1752
1020
1643
3943
2663
2786
4927
4702
4234
2360
1649
3353
4854
4600
2933
4054
3468
855
2322
105
1484
1413
4118
915
4689
2543
3636
3390
2702
4605
3973
3147
1904
1850
44
4646
3178
4746
1621
1444
3785
1286
3442
3852
4692
3478
2415
1785
4216
2343
267
4756
2118
4188
1640
2743
3409
1300
3712
2167
572
895
2904
2295
4328
2496
4546
708
4368
1653
499
4768
145
348
625
1159
4840
4145
2993
1090
2076
500
2885
1283
1069
1583
4935
4058
790
4900
2486
193
4768
3567
1040
4325
384
3876
1803
1383
439
681
3589
2634
1291
4365
4068
1033
2842
2242
823
1549
2848
2633
3812
4654
362
4695
3651
993
1270
1653
4053
1625
471
1399
1002
1264
3424
3602
40
1561
2374
2772
1833
3307
1705
2956
4849
2353
4869
1303
378
1798
3953
4499
431
3001
4978
105
3922
3556
2976
3597
1648
3003
2812
320
584
4549
2776
3610
3220
119
2407
4506
3587
967
2539
3778
3154
2923
3025
4572
4730
4039
1866
3692
2611
1762
4844
918
4589
1487
4785
615
3853
4624
209
1625
2668
914
1425
1982
249
536
2711
375
3193
1615
4098
1602
3830
2107
1990
2321
101
2764
2704
3832
507
3822
2504
1125
3532
4101
754
3658
3942
332
2350
4629
2713
1218
1089
4582
4285
417
2871
580
3162
4390
4676
103
1816
2526
4682
2800
541
4773
612
3174
2617
2886
334
1894
4547
1908
1523
713
1980
2748
3082
4248
2746
4249
3500
4246
3744
2567
4770
3341
1048
3983
1159
663
2826
1950
31
2377
4137
4388
1459
3505
1856
1295
3536
2446
587
3570
3957
3471
3414
847
428
3413
3170
4757
4974
0
2093
3493
929
1398
3233
2446
4482
3428
1580
411
3659
3084
1653
4752
2117
2301
445
1897
3216
4813
4295
105
128
3882
79
3421
2013
1842
2723
4729
1842
3853
319
1847
1084
2433
4311
721
3110
2253
2154
2063
4738
3547
4772
992
723
3337
4408
549
93
1459
2619
1904
3893
384
784
594
2198
2448
4691
2031
1634
3282
4712
3522
1928
2884
43
1508
4066
838
1800
1415
1428
1377
3520
1445
3258
1886
3311
1361
3352
2512
3757
2741
1090
492
476
976
2818
3321
4848
744
3771
441
4062
4619
1823
3869
2782
2263
3594
2487
2838
2088
329
3284
1310
4444
2057
2532
4858
3733
4040
2971
868
4960
3940
2298
227
4689
792
236
1486
4529
4691
1490
3426
28
444
989
2240
1958
4472
4736
2096
3357
3106
1398
2638
2124
3305
2436
49
3767
279
226
1552
2665
4795
311
4939
3298
1398
3590
465
2020
1746
3489
4113
1286
599
4796
3237
4890
297
1715
4437
4618
2462
1092
3584
1043
3965
3746
1972
4500
1157
2175
4278
3049
162
3207
60
1142
1083
1800
4379
4858
4720
1933
4525
4608
1863
2005
3718
1803
1311
1767
4747
1364
4802
2731
1368
92
209
4338
2082
3070
3179
347
1733
4454
1628
63
3592
2508
522
2084
736
235
978
582
2657
4523
4714
4322
3133
3891
4095
1916
2971
993
3659
2434
4592
1992
1557
4498
1958
931
4805
1911
1862
50
581
489
2503
1709
2762
441
3385
133
4942
2960
2409
1064
2501
345
3359
3410
3708
835
1360
1026
4748
3025
4052
4590
537
4838
951
3026
447
2867
4110
3859
535
854
938
3757
2153
4284
2118
1752
1269
2706
109
1248
981
2775
2220
3152
1332
3869
2478
1234
3702
4586
1605
2044
4660
790
2374
1195
31
2599
4607
4547
283
2860
4025
4099
4345
1704
1259
3108
1347
4870
268
1172
726
1129
919
664
2535
3886
3608
1982
2735
4078
2905
2413
1392
4363
3654
1013
428
1707
4285
4875
1393
1354
2752
180
1934
4370
1463
2430
2863
817
4727
231
430
4817
1852
2137
2641
434
2118
3057
1000
417
3236
2802
2599
482
1966
4869
2712
3757
4357
3030
3192
1594
4185
4658
3470
4252
4871
374
3459
410
1194
4921
1039
4363
3052
3611
2667
3103
4103
3695
1556
4733
521
2722
874
1407
3198
3256
2503
1565
2075
4816
1159
857
2033
2633
1326
219
1278
591
836
4221
4037
4085
3754
579
2637
3216
2424
1644
4499
1599
169
955
1762
1026
760
3367
1763
778
2366
2455
4743
1249
2213
4645
1071
3642
3590
2902
2965
3866
4176
2531
1238
3561
265
4541
1147
4455
1392
4042
974
1687
581
4158
4457
985
4593
3557
943
4793
1241
2507
1217
512
1759
4520
1126
2576
406
2724
1031
3349
2553
156
2331
4860
4825
3358
3924
1712
2063
1527
1282
3181
1980
1902
1102
518
1656
1782
204
2465
303
3408
72
771
1753
2566
4359
2152
1434
469
1421
2465
3412
2281
814
4738
2199
3034
2820
443
645
1935
2266
4174
3697
63
2143
1061
4109
244
4114
2823
1716
1098
1479
575
4566
1077
317
14
4905
3905
2134
1120
4310
22
2434
1929
802
611
4253
1363
4936
1578
218
155
2295
3501
4444
2643
4381
1746
3375
4952
3989
774
1098
590
2921
4808
4304
1223
1117
3868
2235
4178
1509
3235
679
2498
3438
283
627
3595
225
1274
2005
1728
4001
1118
2314
2876
3607
1304
2944
3095
994
4157
4775
3941
4773
276
4515
3359
3763
4352
4014
801
4150
2149
4700
1571
2221
3578
1692
3968
4811
4152
3958
3323
1649
338
2811
2133
3520
4333
4042
4524
4463
3787
21
4955
2523
2587
3155
4332
2382
1125
3674
1979
4270
4836
2427
1086
1483
2039
3157
3656
370
1902
2810
633
179
1636
3528
2352
435
176
3141
2841
1265
377
4650
820
460
523
2098
4764
1712
3230
3657
2217
2359
384
251
4247
1478
756
3706
3345
949
905
736
104
4439
1859
3417
3691
4810
1253
2414
1208
2131
2192
238
2485
830
3812
33
3320
4855
899
1626
2635
1660
270
4166
3008
104
4382
4070
2564
4163
1001
4404
1543
3263
715
2569
3943
587
2976
4284
3784
1664
1329
2105
4441
914
1638
4854
1467
4255
2450
869
1113
4203
2410
3117
4226
958
3855
960
2311
4360
1265
369
454
4104
3687
4781
2098
2237
3569
451
2749
710
3450
830
4990
3320
3664
1610
125
4236
4163
1144
2094
2281
3615
440
107
4364
3261
952
1198
2440
1163
75
3847
1580
3403
872
1851
2480
4178
4750
2876
1837
3852
1735
2943
4528
1469
330
61
1428
3228
4189
4516
460
539
4537
3168
3752
3757
2956
1857
1254
4134
1667
2116
2219
2520
3000
1340
3744
324
4470
2380
802
4978
2340
3594
2207
3819
1343
854
4001
4799
3953
3390
257
3342
4941
1443
3955
3958
1174
3818
813
317
2051
4735
172
908
4809
4712
139
3601
4287
1357
3396
2295
270
1079
2052
368
2039
488
1019
3139
2887
3251
3
1948
2174
3915
111
3072
3140
3989
3604
2316
3236
3138
3697
214
3637
1565
4061
4190
2354
3107
4373
1269
4121
81
271
2856
3285
4562
791
3234
4840
4993
740
2044
545
4549
913
239
3424
4107
4109
3570
2670
3009
1910
1645
2420
1173
4719
1214
1401
973
790
290
894
4830
3352
3041
2741
3858
1014
2767
395
867
2384
576
2189
2219
2701
1135
4595
224
2900
2573
2241
122
4578
2681
1581
2303
4402
1049
1447
2063
194
1444
3450
1353
518
740
792
4918
1393
1923
3464
3770
1874
3268
4430
1240
364
710
3197
4029
310
1787
3190
2369
2845
3645
56
3083
4340
1972
2189
62
4914
4164
4701
1887
1111
2864
1318
2231
4789
123
253
667
1628
3991
3536
4908
1180
1874
1177
873
1982
1905
668
3736
1300
4673
942
4832
536
2466
3594
2191
1132
2028
1312
1187
100
4152
3168
330
136
4499
2828
2930
3399
1611
3834
4636
806
372
377
122
3887
2232
3929
1160
732
3663
534
2761
492
2124
1904
3739
2874
4670
4691
1625
2499
2151
2523
2567
3349
2817
4054
4155
718
4676
2500
2231
3220
3708
966
310
1272
85
3896
1022
642
2908
3001
1030
3503
2438
4361
4887
1976
444
4697
3052
4019
2963
1926
1387
3873
1325
1844
1622
2045
4227
2477
3429
4282
1876
4873
4499
118
958
4070
2221
3086
609
2233
426
4102
699
4392
1294
2002
4870
1850
3411
979
314
3592
1865
182
2961
2255
2894
1581
4292
2974
3123
1337
3779
3542
4988
3584
2786
889
568
1477
2298
2078
3241
1165
2984
3972
1974
3280
537
4564
1670
1629
2486
1918
2793
4913
2442
1551
1531
3627
3651
2716
2135
10
465
2899
3708
3087
2193
3106
3750
1864
1944
4866
3225
449
4478
2255
4931
4790
2707
3772
773
3351
445
4583
2683
450
1743
2998
2024
4792
3760
1544
1989
2647
2633
1302
3247
1302
184
318
4414
3782
1895
3960
3672
235
4324
348
3214
2034
3638
413
519
2062
12
3111
249
1860
2948
7
3921
1032
740
3656
2638
164
3770
587
257
785
2368
4236
1031
2323
4361
4970
4847
4276
3605
1512
3656
836
644
4019
2536
1451
3132
480
3583
1615
2723
4132
4663
4574
4860
1662
226
3295
854
1993
808
961
2296
4081
2803
680
1470
4363
4838
743
3905
1210
1276
3034
4893
2051
271
1493
2312
3532
3588
4193
3947
2017
2391
340
3517
2548
4033
3427
3628
3181
4716
4960
492
4592
588
595
3760
1210
2281
3262
1032
4914
724
3949
638
4468
1319
699
3149
3769
1409
3456
993
290
2198
4851
4128
3755
2255
3278
360
3286
952
1600
4748
87
329
3460
3647
940
2620
1914
4395
1872
217
497
952
1531
2704
3764
1509
493
2179
515
2626
2793
299
3832
85
1315
4025
480
326
4889
3880
2093
651
1773
4548
972
4405
4168
684
3955
3250
4840
3875
2407
2745
4313
2050
955
4828
1844
1857
3491
898
1826
1600
3387
3431
4217
3267
2884
2658
3822
4373
1087
572
4222
674
1422
4756
3514
2822
2315
1292
413
4831
1553
2038
2448
1986
3528
1216
4418
4850
1938
3597
1899
1111
4032
2479
888
3283
1020
217
613
2165
2575
2126
1368
4725
2386
3359
3808
4847
2774
514
2614
2512
1851
1058
3239
1026
1169
4402
4227
1665
3507
1477
2414
4873
1227
3836
2753
2000
1114
1205
4103
1769
1349
2324
384
4307
1120
4893
4572
3630
1091
133
975
622
153
1465
1571
2802
777
4736
4462
1075
4742
4000
4913
3291
1077
2457
4843
3287
843
436
205
4939
4263
2551
4370
61
3379
21
3505
3508
2787
4040
1783
295
3526
3331
3955
2235
4434
1160
925
3296
4000
3331
1555
3579
897
2316
1077
3227
2291
1939
365
1315
2474
2063
1108
491
2090
1704
4494
3833
4358
1581
3417
675
835
2196
731
4788
3160
3896
3149
2464
2889
2532
3091
2354
4077
415
1344
2171
444
4920
2038
4347
4200
4181
3619
513
430
2603
202
3267
3517
4849
3679
1791
1566
2628
2702
479
2425
964
3978
1319
4161
932
3475
561
100
65
1718
2360
2472
4598
3212
4101
3911
2075
1213
3867
2506
4132
2762
314
2510
3609
4216
2787
2096
3554
2912
4755
907
1907
148
3122
2880
1736
2450
3092
4994
3376
3167
3128
2636
1435
3325
936
4636
1061
1446
1437
1911
4983
2711
2350
4042
4327
2672
1539
275
1268
4728
2946
4527
350
3824
4410
1127
3205
249
972
4804
1924
1658
642
2552
3729
3299
2549
2380
2404
2470
2606
654
3760
101
622
187
3020
4073
1100
4307
3117
2681
151
4258
871
2872
233
1644
4469
1194
2638
1238
4251
1676
633
4857
4087
4595
1924
4073
4279
1381
2166
3137
3734
3612
3081
975
3368
1323
674
1431
4575
3911
2569
3611
85
4415
614
4993
4465
4705
3904
1620
4366
3951
4527
385
562
3449
2476
1385
2805
1506
3640
1911
2296
4968
2462
3424
3878
2855
3636
3429
2597
4427
265
2219
2347
3873
4848
2261
4936
222
2195
3718
4019
2707
2016
1063
4021
3775
2021
976
3591
3208
4682
265
1130
1426
3539
3487
1807
1450
2058
1098
3297
1397
1244
4405
3261
1162
2271
4586
899
4393
1113
2750
1275
733
4401
1673
4376
1363
628
3087
3461
1447
3241
966
4996
4464
2961
3142
885
1252
2507
1151
1163
2843
4679
3124
4678
2003
3970
3666
823
4340
2433
2288
2380
2065
2059
2568
1386
4
257
2474
1541
677
4114
2988
4750
1559
532
4668
836
1997
2613
3476
711
3573
4962
4523
1304
1395
4574
1479
1563
4335
2037
531
2611
4188
366
4225
1424
691
2970
4402
802
1452
4487
3183
2770
1627
4445
3941
2311
2831
2506
992
4986
478
805
3030
1738
2178
2150
1922
427
3777
3898
1433
4547
2463
3128
89
867
4929
540
250
520
4420
3759
4288
3120
1469
3187
185
2607
2928
2513
4792
3848
2359
2830
3411
2474
3126
3089
302
2996
995
2244
1392
2662
3055
904
1492
1674
3787
2490
1280
1121
222
679
4623
2559
2958
3956
1618
4164
2502
3989
4360
360
1992
2281
1786
4303
3551
3155
3936
1817
4065
4007
2237
2533
1186
2884
711
468
296
1098
2971
3314
4689
591
1265
4197
2996
1453
2364
4577
235
3817
1930
4507
2052
2237
2063
29
2214
1149
592
628
4992
3148
352
2488
1362
2862
424
3965
4651
4660
736
1549
298
634
569
4579
2427
1895
1135
390
4061
1743
3925
709
854
1243
2939
4616
1039
1334
967
2940
4069
2351
1642
791
4943
1668
4749
2957
3316
3121
1718
4153
4026
4675
186
1627
799
3206
2694
4903
3714
2051
4881
3653
4385
4945
3521
3340
4645
3334
4313
3603
3416
1837
4682
3705
3255
1264
2568
1212
547
1263
1422
3826
1700
3490
262
137
286
3644
4090
2806
763
2300
1390
1829
1884
3833
3276
679
3629
82
1588
1942
1065
3366
4197
2539
3971
211
1242
41
1663
757
2954
252
1084
3238
3338
2732
2824
1490
2792
3353
2640
3702
2432
4770
1704
377
1349
1741
2704
2100
1847
1754
4744
4249
2648
858
1225
2851
2705
922
61
3774
98
768
1961
3715
2862
4492
81
397
4677
3927
2748
418
1419
2347
2472
2978
1061
5
2759
104
1512
2542
3554
375
3808
3308
2268
2758
3080
3103
3993
76
3440
3848
4555
3193
503
268
2697
2014
1107
1312
789
4049
1601
1370
2977
188
614
4034
4313
3584
2326
4800
2126
4199
451
53
368
2803
2254
3462
4211
1675
1424
1322
2945
1340
4517
2521
2113
3079
3059
1186
3873
3500
958
3257
338
1968
3420
1155
543
3082
4875
3079
313
618
2659
844
98
242
4107
2736
253
476
847
257
697
3041
162
4147
4375
3489
736
173
992
3621
2830
2443
1055
2547
2435
4112
4405
2525
1051
3993
2273
2274
4553
4967
3501
364
852
4873
1651
1260
155
2286
4680
3545
1576
762
73
219
933
1990
3167
2829
4187
4243
2424
1504
1610
3902
673
4531
3231
4574
3219
4941
4798
3564
2667
3893
3093
2857
3757
3637
2360
423
1514
924
4500
1674
3447
4754
883
855
3932
4126
376
4246
4978
3528
3205
1365
1019
3075
1808
2476
2839
3458
501
1218
537
2160
1668
348
452
522
1939
1125
826
2128
3511
3700
1708
2781
3831
2630
3147
722
2413
4550
311
4053
1441
838
1065
2420
1810
1941
3592
1931
1814
4061
4138
2651
3083
3143
1214
2223
2455
4465
980
2233
1069
1633
378
3026
1860
3182
1467
4649
4552
4747
407
3887
65
657
104
2856
1039
3735
4829
3768
3933
3827
2571
3873
4612
837
3577
1956
532
1595
3169
4414
738
3574
2520
2003
4536
127
3182
34
673
177
1183
4700
703
3652
1173
3810
643
4950
1070
159
2342
4110
1938
1443
1411
2797
2824
3630
1536
277
1156
2901
890
3227
1313
4101
4036
4474
892
4599
1661
2415
421
4888
3317
352
2589
4572
4108
817
2625
4513
1349
592
3395
4270
1975
531
2475
941
2447
96
1947
3164
3136
4492
3591
1944
2327
1688
2169
1838
1535
445
2388
629
642
1988
2041
1899
1601
1249
2719
2088
1724
2797
272
4934
1705
324
4346
2506
535
4126
625
3825
2634
1188
3611
1642
1880
3616
2741
1651
326
4110
742
1062
1376
3314
2972
2521
4458
303
4816
2185
2540
4408
1476
4427
516
2917
1518
2154
1001
4823
3516
2994
2515
2890
601
1017
2175
436
2433
3331
4225
1285
709
2510
901
380
2211
2098
197
1231
560
3254
1691
30
1196
3113
4748
2432
227
783
4118
94
4323
1956
4489
4697
465
162
847
3187
1613
680
3010
141
1230
4804
1037
2328
4354
2848
4617
3971
4019
388
4937
2609
3040
3317
4159
1981
1158
735
311
4177
4009
3984
213
2377
4169
1152
2140
289
4943
572
1450
478
4942
1531
3346
4705
2316
2197
3353
2509
2842
1171
3606
4491
4103
3664
1369
3174
2072
3961
3674
3165
628
3722
892
201
3957
282
1577
1285
648
4049
2072
3834
4260
3847
2777
639
4780
4667
4167
695
4875
1214
2515
1266
926
3053
4774
3978
4979
1865
4
593
2926
4593
2278
1509
2870
3016
4096
4595
2326
2690
2731
2960
3257
3780
2772
1031
442
2226
2261
4081
3731
3446
2431
3918
1703
1236
2259
4422
1970
4832
4083
3730
2271
1141
707
448
3073
2629
4172
894
2834
378
3227
1761
4417
2982
3560
1908
2629
1824
2757
2738
1643
4723
1294
1928
1798
2706
1090
915
4286
280
866
2604
4253
214
2953
865
4072
3548
989
914
1070
4409
713
1032
4582
1463
2952
350
2800
4493
1288
1127
4005
2356
1145
4313
655
4921
1018
1447
1999
575
3623
1910
3939
4559
4286
1615
1925
2165
2508
1870
4728
3065
2328
2096
715
1896
4693
1503
3604
3570
3590
3925
688
739
2678
1794
4140
4533
1231
1119
250
2203
3016
4518
1128
554
1349
4163
1041
2911
3016
3851
235
149
2069
3307
2500
1189
3115
612
4341
1667
3214
4738
2805
4743
3274
2030
607
2573
4966
4758
242
2950
774
1079
3378
1716
610
4264
3468
3472
4618
972
1754
1598
2171
4234
4146
1350
1598
110
692
2174
3978
797
4659
3780
2093
3497
1734
3992
2310
3533
3932
568
4108
1462
103
3292
1464
4992
1176
3054
1311
2543
2922
4366
4840
3398
1621
184
234
1978
4061
2042
1297
2707
3908
2150
216
1892
354
2112
4477
4443
962
94
3640
3748
1885
2734
3064
107
1726
1121
3824
1547
498
2293
4471
2665
2936
3176
2362
4714
4498
3185
1294
3246
4347
107
801
3337
2095
2458
3906
2031
2097
2586
69
3888
1292
1274
4735
3795
3259
1992
4994
3883
1438
2420
2572
2872
4162
2640
165
1282
1489
856
1216
1540
2483
1236
3626
75
3003
2113
2515
2122
2814
2691
3328
1168
2364
4371
1204
11
1407
69
4244
1990
3011
2286
4528
1984
2225
3303
2668
3205
942
1716
4394
1810
1016
4898
588
3284
1949
3494
4525
3890
1204
1019
3358
3562
2740
1195
4098
2951
4662
3394
1864
2919
2792
3148
4322
2442
2378
474
4727
179
4114
3429
2671
4120
1187
1272
318
3892
1312
4120
2450
1615
4574
1364
1168
285
2807
158
2249
3213
1146
2650
1076
3513
501
1711
3531
2871
3846
4384
3644
2724
1820
546
3172
2166
3396
4661
1514
2000
735
2103
1478
343
3287
401
4466
2220
1942
1743
3652
3028
1678
1909
2995
4780
1867
80
4224
3814
1432
3553
225
4273
3369
3128
1503
101
1648
2904
4409
1930
4509
4129
3726
3804
2135
3227
4449
2526
3849
392
3099
729
2306
3485
4174
3961
1263
1625
3485
4349
1828
2552
4510
2214
2418
486
1018
3105
44
2068
1477
4690
1449
3951
2038
1555
2442
1633
1590
3222
3177
1791
1698
679
263
4008
2298
2993
2148
1267
3664
3652
2734
3764
572
1497
1418
4589
461
4382
3142
3465
4561
4960
1544
265
2559
1604
1306
1536
129
2668
1261
301
2484
203
4548
3830
1423
2925
2578
3660
3568
1318
4720
2352
878
4011
3766
1163
4471
1533
3648
3548
938
1288
72
3059
2094
225
1770
4618
2173
1447
3085
946
1086
4510
518
4201
3517
1873
3517
2797
3948
4485
3533
3538
2970
944
1198
3515
1131
2717
4805
1017
194
3513
4461
2985
1647
3692
4194
227
4800
913
3230
4367
2897
1355
3344
1463
713
3828
652
3948
3747
1376
819
2833
666
650
2464
905
789
500
2824
3727
2957
3930
4405
3509
989
3002
3839
4971
3565
2994
737
4480
3540
4626
3117
3275
2228
2929
2954
967
2602
3329
4375
1991
4039
1295
933
3881
751
1164
3463
1081
1525
4158
502
4464
4131
3529
4742
1717
1670
1411
991
1531
2533
1466
2682
886
169
568
3092
4781
1214
4097
2352
3556
972
151
4251
4312
4244
1303
4231
1478
4648
1256
1937
2453
4068
4297
2806
3587
872
4720
4510
4833
1026
2324
2088
3146
2270
1982
4855
283
4374
3942
3914
3650
1292
41
4677
973
4779
4576
666
1829
1638
1421
2364
2
3151
4297
1157
2756
4481
3852
789
3146
4662
2889
2663
4172
2430
2176
1871
3315
1486
2602
228
1376
2795
4390
4012
535
957
3681
2026
575
280
4256
179
34
1500
263
2141
2232
83
1822
3691
370
3548
4179
393
1742
3463
1428
4394
3569
2408
2627
3593
3809
4942
1678
2600
3451
2967
185
4181
1347
2661
711
3605
3571
1865
168
9
1653
2901
347
99
2010
1043
3755
4319
2613
121
802
749
3013
2661
1918
2344
4732
2570
4764
4999
1020
201
524
2876
1695
4196
4852
2015
4744
3059
237
175
531
3767
3456
1813
2593
4557
24
4653
1223
2441
3105
1189
2735
171
2692
408
2325
3400
835
1335
767
204
490
4124
2583
1360
4094
693
3306
169
1131
1822
1922
2345
2928
4614
963
1634
651
2710
2135
3070
4654
1773
1986
1464
2473
2177
3858
2381
971
4734
3789
4914
1155
1945
4079
2083
4265
3221
826
3821
172
312
1634
1448
1855
4207
2214
3363
2076
3412
1067
1333
1600
4388
376
4089
412
99
3479
1047
1814
184
2028
4189
1785
3194
4162
2848
3761
3858
2173
2379
81
257
147
4614
2629
1872
1081
1704
4865
540
4703
2326
2784
133
363
359
1384
1259
2582
162
795
845
1105
941
4689
358
3485
574
4192
1990
1348
2329
3252
2071
4889
3329
4541
3759
40
980
374
773
3107
1712
1112
4842
3957
1730
240
2575
1487
1692
2076
102
3941
2569
1762
4879
3167
3037
3811
1659
809
2860
4898
4598
1781
2558
2412
4500
3028
4126
2944
3034
4261
1060
1176
4436
2942
2490
3377
4437
4495
1281
1328
2695
1400
2150
3563
3809
1343
2462
1500
1057
1810
4062
1258
4044
4596
2903
4598
3901
4317
3449
2538
1526
1350
1028
2216
971
1917
4049
3971
78
1806
4278
4684
2626
1873
1272
4171
2870
621
4762
2871
3425
4967
3335
3268
1559
2507
3012
1942
810
677
4431
3252
462
3501
3253
902
2886
2165
775
2756
1215
870
1920
1123
4600
122
3857
1476
391
2426
2038
260
4992
4985
1923
370
154
3243
1698
4986
3474
4334
3112
3394
2876
1137
1648
1821
4970
58
3930
4304
524
4174
4346
3500
836
3135
4892
4836
2173
1451
2394
1764
3841
1576
584
610
1182
562
2524
3377
1266
3715
4767
2634
2440
3192
2159
2115
568
4574
420
2232
251
651
1589
918
3237
2968
4537
146
5
4052
522
1107
3297
4380
4328
1612
2010
4006
629
3412
2329
326
3349
4827
1102
319
2814
320
3376
1041
2394
2837
1374
4671
1800
3240
4057
1188
3240
2760
1757
456
180
163
1461
144
3223
2022
4177
4694
1875
4986
4727
1842
3268
3767
2996
3597
95
4463
3317
3211
1514
4581
27
1906
1965
3065
2515
3451
4316
4783
4018
3108
4299
196
3035
2734
1795
1055
2000
1226
845
3091
4973
4109
3896
1590
3607
4733
2971
2388
2997
3407
319
3560
377
4259
4082
739
4063
1810
1075
520
470
2518
13
2659
1697
208
2301
4115
3098
932
241
2216
3496
3352
1384
1039
4510
1769
1952
3342
3992
3079
1344
304
1750
4575
4782
3515
634
3127
2393
2119
4577
249
811
5000
2467
3997
293
2715
3499
3792
541
2668
2708
3953
2236
3913
1350
1717
539
4362
1001
2966
325
3440
4021
3542
2637
470
28
3836
123
1815
4009
1599
3304
3418
1879
3273
3326
3840
1913
4172
4082
2835
29
1441
4962
1290
1148
3801
4411
1850
4544
3472
1628
1453
3017
268
2135
2197
3229
177
4526
2681
1712
2949
3278
975
1858
805
3497
4243
3724
3535
2464
4965
4268
22
4203
4477
1632
4296
3755
946
1695
4230
4883
4270
1343
4291
2579
4789
323
3401
407
4319
2803
2212
3445
4203
1481
2788
1213
1912
240
289
2179
382
3018
1371
4714
2529
818
737
1797
382
2858
3136
1697
2018
1152
4932
288
4904
3228
446
720
3273
22
578
1770
2599
1299
4942
2094
742
3548
4410
3485
821
1878
4611
2305
2273
658
4944
755
179
2755
3307
2625
1509
1504
3829
1164
4560
285
2340
3337
878
431
2588
3209
4912
3407
4659
3144
2120
3377
243
3051
222
3580
938
23
2652
4029
1036
916
4738
3177
3681
1334
396
2840
2635
2622
1176
3646
3600
4474
3029
718
4403
2089
694
1456
473
512
3240
427
4622
3579
172
408
3481
3739
3354
3559
4661
3850
1839
2242
4822
4273
178
2776
3659
4791
1308
4821
689
4030
1973
1392
3866
867
6
2706
1543
2653
3164
4063
4530
541
4851
2142
1753
1366
4908
2655
308
2191
3291
972
705
2185
3573
645
193
2900
1241
2014
4810
2950
215
3860
1454
90
4748
2555
281
1667
3723
1616
3478
3352
3678
2705
555
2508
925
1505
1312
155
1479
3525
698
2692
4586
4254
4714
3046
2092
1374
3198
1570
346
1194
2869
4956
517
3258
837
2685
4629
2741
2292
4792
2131
1430
1636
4769
1067
4828
4659
1235
4722
4429
1701
4322
3622
4613
2506
1537
4871
4199
1353
4567
2508
2840
4029
2698
3221
683
3472
4864
1807
3439
1825
1467
1770
2086
3147
3499
4282
3333
1257
250
2401
4697
2258
1713
3448
1282
1662
520
1029
4971
4627
2412
1483
2479
1231
2457
3058
1150
3597
350
2525
4761
186
2714
74
3980
917
1522
4588
2040
1424
1854
969
553
3519
4489
4131
1376
2897
3201
2548
1868
3002
2694
1497
725
2339
3981
3185
635
3233
4692
3291
2694
48
351
1160
296
3654
78
125
4210
1651
1903
2841
432
932
3202
1945
4272
2508
3446
2220
2261
2791
3148
523
1254
3540
3574
4047
1716
418
3173
3943
724
1511
1208
4187
3800
2993
3475
3295
3467
4828
2664
3674
814
126
3926
4470
2540
4858
3341
583
2369
3905
2305
1096
3917
3615
119
1720
4909
3993
366
2050
3977
3905
4773
426
664
3020
3079
3826
1738
1875
4582
632
472
4791
3057
3804
973
1419
743
4874
2323
2737
965
2840
61
4463
2422
2316
4556
4163
2659
4404
3510
3692
4348
3762
2507
674
3971
786
1078
1677
644
1795
3484
2519
4768
1768
4964
3787
4525
1644
2066
1528
833
828
4986
3189
4537
4983
4230
1187
488
4605
2343
3778
4482
3192
4699
1601
2738
1003
317
398
1935
4189
2646
3616
4277
204
1262
3667
2074
907
1296
2020
2496
2024
2176
4013
2432
197
1089
3456
4402
1842
2990
319
1140
4727
1431
3770
4860
947
3565
82
2141
4111
2667
4488
17
3030
3802
3440
2618
646
2300
952
3148
4868
1590
2975
4677
2037
2491
958
1394
3851
3793
1538
2379
3607
4808
630
1584
1749
3611
1573
1694
4265
4152
2763
2222
3501
4012
1835
4063
76
2083
2011
1546
2706
3766
1432
1593
2378
3341
17
1109
140
1851
1134
643
4631
3763
59
2367
2597
567
1236
905
1758
2835
3719
2811
233
2199
646
1443
3733
1865
2872
1699
1325
3338
2128
2659
2765
1961
1295
4268
4656
3996
2839
809
1317
2955
1774
387
1305
4935
4577
1609
1575
296
1849
478
156
3410
3569
808
2296
796
540
3763
4943
4731
809
3521
94
234
4188
602
2698
452
3994
2729
1009
4342
1178
2066
204
392
1246
2608
367
254
106
4376
4561
4804
2237
4734
1690
3358
4621
3245
388
3106
2656
3330
1944
2994
164
1604
2891
317
2236
220
246
2600
4419
405
1438
2846
629
2030
2852
696
2251
647
3112
3006
707
3710
4349
1071
2313
3000
3023
3897
4205
4357
435
3742
3251
1109
4426
3708
2984
1824
701
4229
4351
4783
780
1002
495
286
508
3130
1658
1725
4041
3351
2910
3532
464
1160
1929
1187
558
1704
1511
3061
1994
1869
4291
866
4681
577
3758
3980
1682
1682
964
4416
4893
1479
4787
1861
1800
1198
1042
1490
2320
3892
2980
4750
3913
4838
132
362
678
3586
136
4063
690
4642
3025
2568
2172
3998
182
3309
3537
664
955
3902
304
2780
1954
1585
1363
1505
1954
379
3751
4185
3388
4897
2243
400
2977
3774
4291
667
879
1313
2724
38
437
3805
1888
3169
185
554
809
321
188
1037
957
1561
112
98
4762
2347
3605
1955
3184
1830
1323
1233
945
1852
720
3251
1183
1909
4050
1941
736
3892
1314
2474
1425
2263
779
3755
332
98
1921
583
875
3576
2361
4138
4193
2160
399
1102
4745
1220
1004
28
3868
751
4761
2165
349
4828
2181
3602
4015
1266
258
4208
4137
2476
3584
322
3455
2265
3290
1299
1409
260
2304
973
2334
2162
1718
4045
1985
3085
2373
1220
3914
1203
3132
1314
3947
2718
4487
609
264
1054
4441
2221
4762
335
278
4619
1841
137
476
2661
948
1828
2152
529
1417
408
2941
4957
4554
1310
78
2373
2364
3726
4261
4693
4192
3421
4262
4077
3784
4913
1599
1879
4607
2168
4439
3296
2294
1227
1118
4693
3659
2726
3016
4653
704
2672
3738
1956
4839
1904
4604
4751
4728
3200
3951
183
4283
2689
4081
4476
752
1970
1098
4252
4213
4959
2518
780
2554
1166
1672
3408
3874
159
231
2640
2463
223
987
1607
3046
3010
1006
4458
4580
4663
2541
4121
4931
4241
4807
3505
2655
2927
4900
4440
426
3906
2159
2230
208
683
429
2250
2709
449
607
851
3092
1563
2444
1432
1885
2286
2829
2316
1058
909
4203
3699
4803
2853
703
39
231
2810
1256
2068
1612
1084
2835
3753
3728
3507
1366
569
3075
3656
825
1754
163
4878
2999
886
469
415
4376
4623
4993
4973
3139
1006
3136
2288
776
1188
3687
4340
806
3268
4223
983
3322
2959
285
4772
2146
404
1309
1753
135
4109
4077
4337
2106
3936
4800
1796
4441
4410
3943
4787
3188
4002
2307
2567
3655
3713
4112
3915
4948
1146
3551
1500
2916
3533
1255
3267
4698
3937
4752
1430
3988
4833
3476
2855
802
4271
2828
2734
4124
3201
664
4027
1890
4804
575
704
3286
3884
1734
2427
3669
3219
517
4732
1012
3298
3196
3835
300
1675
2188
2268
3491
3714
1374
1768
3177
2486
3553
4992
4759
459
4319
4521
2880
4534
4298
1035
4867
1948
1380
17
2511
3879
344
3998
1814
527
2466
1440
3779
387
895
3487
2452
1670
4041
659
1179
307
4587
1465
4749
3147
416
4107
2489
2883
1686
1787
1789
2308
534
2055
262
1119
3434
1388
968
4425
1642
3465
449
480
1030
4764
1369
2343
421
2189
4419
2465
3557
3807
22
3390
168
3440
1819
4271
4878
2659
4165
1830
3795
3655
2059
3475
4225
1687
3035
2516
477
699
1788
164
328
2477
840
329
388
4590
1701
4300
1364
2923
1082
3696
3606
3795
3568
617
757
773
194
3757
1082
1105
3512
869
2263
113
4375
1898
3615
2708
4978
2719
2177
3666
189
2385
93
1832
2280
3609
4301
4987
2108
3211
2567
332
66
3482
739
4389
4085
2897
301
778
2677
2683
4204
4876
188
3797
393
1696
4507
429
1418
4512
3088
720
966
4637
1743
3830
2859
2841
4009
1247
1161
458
417
4006
751
1658
3448
1429
3120
4939
3787
3331
302
2867
1816
4061
1227
3115
2872
3926
4534
4368
4106
2176
3507
3960
1481
4526
1380
2433
4970
3003
36
4694
3104
835
3524
1643
131
4073
4825
60
16
3841
3184
3498
3487
2335
909
1925
1546
857
3567
1145
3227
1118
3847
175
2611
1072
838
4960
1359
2830
4880
1464
2989
3012
1721
743
900
1035
3964
2924
667
4234
4135
3961
2159
4252
4901
1499
4264
1926
674
2757
327
4356
3090
4480
4425
1893
4707
1190
3854
1079
1226
2874
4795
2923
2712
2954
1099
554
4606
226
611
598
702
793
3670
2117
1325
3359
1857
4146
4792
415
1537
143
3764
3252
3036
2794
1696
3529
1651
2873
1633
4129
836
1036
2133
3081
2943
805
3166
227
62
870
3221
2673
732
1419
1116
978
1302
6
4554
1360
3623
4279
1045
2092
3357
3924
1430
3385
465
3121
4731
1427
2293
2729
976
812
200
234
2925
1214
672
1882
3495
4721
4650
2719
43
3923
2095
3200
4774
4411
3175
4333
237
683
1338
3660
232
3582
4795
3882
3817
1039
2661
3341
1956
4351
4735
2338
318
1476
4580
4467
2551
4030
4838
3655
1075
1243
1182
4766
4832
3130
4793
3737
194
1134
4798
2012
2548
2090
4134
4192
1011
4185
4303
558
1039
4614
4637
2158
245
1160
4192
722
1720
4071
2321
896
4091
1772
4960
4959
815
1142
3697
1067
311
3370
1574
1823
2827
2855
4380
3624
448
873
2229
636
1421
4107
849
4563
118
1188
2327
287
4946
4695
3963
2162
4305
1677
3139
277
1322
1166
4186
62
720
3352
769
3257
1980
1656
2156
2088
1796
1485
3545
584
3466
985
4261
135
4301
2408
592
3906
4651
4191
4545
3244
1003
2723
4108
4130
554
3492
3193
1200
815
1402
3174
3278
2524
3832
4635
2858
1270
4047
4698
1281
3651
361
2528
4153
957
2522
3547
1801
4454
4088
4727
4130
1702
1068
1842
4391
3377
1975
2699
3632
4878
2711
1406
214
4912
1400
4947
1648
3874
2716
3065
3445
4230
3347
1990
4217
3638
2991
277
2694
2142
1400
1735
3222
460
2556
4572
4853
3251
2299
3326
3691
775
4271
1853
2174
3235
888
4783
4029
3278
3737
692
1907
1522
1873
3270
2447
2387
1329
3176
1031
163
4374
4943
2733
384
2738
4092
4567
1207
4861
521
4459
233
2347
3256
4792
179
1751
2205
1272
2322
1258
4702
2325
3288
3336
3881
4173
3156
4092
594
2381
2437
4170
346
3162
1832
1021
1132
4711
4155
1953
4313
4012
4459
1512
325
4550
4470
1851
4912
1162
4437
2965
3095
1709
4771
4293
3278
160
4744
973
424
1543
2073
698
1430
3315
4732
920
2489
3370
808
4112
1646
332
4184
4090
1483
4088
2570
504
4085
3416
3299
366
254
355
4452
4907
1075
1267
487
971
4016
932
1537
2814
4153
2658
1075
4130
2562
4212
4386
2142
480
3415
4090
1445
1224
894
3845
442
4014
1736
1547
3592
3319
1145
4352
1811
2958
1148
1887
4358
4663
1014
2942
1548
4075
4007
1306
950
3482
338
317
677
4354
1710
3396
3606
4657
1604
1611
1979
1593
3428
3792
876
1982
1599
4449
3962
3246
2864
4967
2567
1514
257
724
2746
4684
3197
1501
1109
2527
1740
660
927
4214
3378
2623
902
1227
615
2697
3009
4123
3665
434
4874
241
489
1670
3984
3294
3107
3320
1726
4170
805
1423
4740
711
4115
152
1555
1980
4912
726
1239
4539
3215
1171
4483
3305
2143
1251
3273
2699
1044
3629
3167
1137
2513
4255
3733
3637
893
1774
3841
1283
4316
679
4973
4932
1108
3936
4475
1468
4482
4637
4145
1094
729
744
3391
4368
3730
3983
2863
4022
300
3233
1717
3040
1344
2912
881
2306
4900
2818
3223
3569
3311
1178
1669
2605
1038
2655
452
1588
2145
1610
880
1067
2080
3149
4142
2115
4573
3418
369
3120
294
2468
501
2826
27
843
1414
2127
1566
1546
2543
2196
3753
3469
17
4687
3794
957
1545
1455
4968
1980
821
3483
2077
1872
4282
2352
4297
3026
776
1851
1587
2703
3572
516
1546
1818
2228
1147
2656
2147
908
1820
2889
415
2936
1344
4133
3771
2217
2353
3578
1077
701
1608
3449
2813
145
1766
4978
2669
3195
2501
2083
4134
2853
4712
291
3029
99
1538
1196
2035
2361
2277
1101
3720
3734
3388
1109
3366
4848
2050
2583
4910
2058
3303
4712
3192
3938
2693
2808
4208
1864
3803
2644
1299
2625
3536
3559
1396
4607
2873
2521
4231
3421
2514
2069
3021
2697
2856
3280
592
315
4044
1248
3840
619
2673
2948
2452
4672
4248
319
2253
3818
4665
838
2408
4950
3437
3638
1619
3459
3727
1243
2288
4224
545
1471
4620
1331
1252
3349
1610
2068
3762
1759
3126
5000
3859
471
3296
786
4682
4512
332
2093
56
4801
2139
4223
4642
4156
4440
2423
3244
949
1924
2113
3083
4567
521
2678
4942
3057
3462
435
175
4244
2420
1978
2226
2829
4131
1457
2842
3393
2077
572
4400
3368
4815
137
185
820
1919
2997
369
2394
1671
1017
1505
4744
502
4451
3718
2399
2266
4005
531
2341
2492
3707
4896
4168
2150
1253
4188
162
4392
2962
2442
968
2155
3844
2483
271
4185
4217
1455
205
451
3789
2008
1275
795
1194
445
3971
353
124
2392
2072
627
3150
1651
2015
4080
2019
181
3604
3168
3789
803
4094
406
3985
4378
2786
1491
352
1621
871
1031
4823
757
4378
2376
796
3598
4570
3797
1962
2344
469
2705
4721
2363
1530
4594
2217
2907
1119
3683
2280
3877
822
565
3037
4958
4164
3661
4332
733
3015
1968
1602
1906
2789
4258
321
1041
1882
2647
2592
4458
327
1595
1136
2715
4035
2894
3923
1803
4424
2652
2334
2707
1286
2393
4965
1919
3062
4660
3126
1192
682
4345
22
3473
453
3527
2795
4472
3496
1321
4408
4656
4577
3543
3770
1728
6
4205
2768
4979
2255
682
3489
1034
203
924
1583
3317
1454
1008
4806
2977
1947
1406
4307
1247
2188
3409
2678
3388
2737
3801
534
4213
2645
1905
1587
36
4689
181
4285
1979
967
1989
4781
3009
834
2618
3183
4820
3327
872
422
3250
636
3356
2430
1196
3469
1977
1487
4414
873
1305
2495
4438
521
1170
315
3331
4544
4270
3923
2258
3679
4161
2656
4078
4596
1425
2023
722
4813
3330
1480
469
1991
75
4882
4236
4913
1770
3938
2961
167
4359
1477
4184
3303
701
1370
1008
130
2336
3389
415
933
2118
2046
4165
3329
2858
2896
2643
2446
4688
2600
4842
4203
3465
1797
3214
2067
975
4819
2368
3557
2879
3019
4355
2868
3032
3423
3832
4194
4685
3276
1775
4874
561
1228
1207
2287
1069
297
3788
4111
3589
2249
1407
2939
3448
2942
2827
1734
745
2509
3960
747
873
4700
3964
388
2745
146
3442
4963
3652
2779
4368
2416
2926
1976
2876
1864
1323
3550
3883
2854
4677
4462
65
3487
1127
192
4809
1371
1675
1626
1207
4175
663
789
484
3906
2352
4876
1598
4435
3817
3260
1591
4660
4795
884
3310
1557
1720
1187
4058
3322
3311
4895
2948
3205
1518
367
4172
3481
2386
4268
1350
1965
1277
2476
3666
60
2009
336
2740
1076
579
2900
2616
881
3667
3968
1122
1188
984
1560
483
3423
2321
1426
2925
2790
3078
381
3058
2826
1104
259
3473
573
2732
3401
549
3625
556
489
3260
4656
2134
4360
1906
875
3486
1963
2615
4741
376
4038
2994
4719
4689
113
1506
4981
3975
2130
1088
1908
1503
1825
3820
4248
1132
3825
4707
2803
478
1476
1868
1905
1142
3942
3255
3242
906
933
476
4309
2357
2455
2814
2261
3466
2806
3565
3829
875
438
1810
1110
1973
1206
4675
588
1666
1533
463
3028
1590
4772
617
2900
784
3958
251
3802
3173
1876
822
153
4901
1565
3151
4693
1766
2525
4286
3872
1788
1406
448
4058
139
2224
4362
1764
1703
3750
1212
2075
4912
4518
1672
1388
3800
3012
4995
1781
1486
4151
687
3741
2668
412
771
1581
3945
317
4727
790
647
3807
2062
1018
2417
1510
3281
702
4483
3267
1717
2228
3731
1092
1768
4905
2786
2061
3821
855
141
2325
455
3349
2548
3091
4528
3890
3984
892
1708
633
908
3707
3672
2668
746
4592
1874
1869
1990
2200
4932
3308
4766
1138
857
3352
2984
457
1110
1742
2257
106
4549
3390
740
1031
4970
4624
4443
145
1277
4649
224
4098
3167
3763
4685
1899
1342
2273
3884
394
1706
4418
4144
1830
1250
3639
3340
4679
3976
401
420
4831
678
3467
3196
712
515
2271
4797
531
2293
3085
1698
1015
3274
4742
2018
3136
1248
2212
2367
3508
154
897
4505
3504
3646
2994
1967
1794
20
2898
3723
3709
510
70
3561
2021
4140
4784
1702
2435
1521
2540
1578
4698
2526
3475
2344
2355
409
4369
360
4989
210
4639
2163
3167
3916
2526
592
3420
2285
3735
2628
3935
2869
4573
3570
95
2929
4668
2342
794
4961
1408
1241
4408
4325
683
4775
2304
935
4409
1403
3576
883
2578
2579
1981
2666
3040
791
537
1427
772
4941
1150
1354
4442
261
1138
244
1492
1760
531
3018
1518
1345
56
1948
1858
3353
477
4651
1715
2713
4016
2088
1411
338
3120
4927
4098
2654
1605
1121
4553
3990
1805
3248
4017
3418
1016
701
1755
2968
2784
617
3272
3229
3661
54
2665
1598
4376
546
2165
2484
4530
273
1648
401
2742
396
4609
1016
196
3878
742
3135
2042
606
1047
4346
2709
2240
2552
115
1499
3217
2099
4554
4580
423
2897
2665
2247
1224
1483
4979
2063
773
1388
3036
3841
1448
3587
4056
4362
2117
1844
3833
4491
2200
1110
1444
1311
3723
2416
4905
1685
971
3857
3262
1947
4169
989
4893
1399
941
2978
2869
1575
2145
3491
4563
2200
4203
4064
969
3331
1791
1230
681
4183
3900
3104
1955
4278
4896
638
2679
4960
1330
2048
1147
1841
3192
328
3248
2197
2042
4584
2902
3728
1316
252
4367
2940
1293
2005
572
2933
2983
2701
955
3824
3888
3627
2893
1146
3180
2967
2801
3548
3718
784
673
3073
4982
1450
4459
399
2487
330
1930
3572
4798
626
2389
2051
1695
4057
2790
4284
4084
2065
4794
2179
4728
2144
6
3925
4266
4404
794
2974
3720
1964
941
1665
2075
1989
3265
1864
4367
1209
50
3686
37
1626
3025
4443
984
3448
3189
1045
1549
3609
1033
739
175
864
2074
3892
250
3124
1933
4652
1432
3083
489
4818
944
3130
1077
202
2330
3957
91
234
2929
4036
2792
3381
4056
4378
2542
3127
1118
2329
1703
3053
2894
2095
335
2399
2256
810
4819
4310
1483
3070
376
3870
3400
2240
3014
3255
2392
581
2239
2517
3094
3136
3650
3788
1569
2733
2331
1872
4984
4721
4578
4824
4029
1833
2795
3521
4183
4802
3571
3874
1883
4379
651
39
1617
4395
3733
2658
2207
686
3545
4826
4553
1595
3006
889
347
2006
1472
801
3544
2972
4212
3373
2931
3505
605
4712
2164
967
1748
497
3715
2927
2048
4942
736
2352
446
1843
2217
155
3024
3532
2805
282
1939
4733
2168
1060
4279
4360
1439
1402
1217
3400
2231
1415
2240
4418
145
1175
2865
3647
3615
537
3587
4233
2038
4439
4192
44
3547
108
691
1980
2679
3429
3039
2114
4960
1494
2137
2527
201
409
317
3787
4975
4732
1149
374
253
1445
4631
2514
1550
52
3525
1360
4890
4450
280
3601
944
2213
1030
106
774
446
2204
374
2214
2951
3258
1162
4450
2949
1943
4001
3829
3654
1652
4649
3861
3482
1501
318
3055
2008
83
3700
3213
2496
1684
2245
2439
3335
3179
456
2164
1043
2971
3841
214
448
2654
1104
175
2162
691
870
2170
2877
3663
535
3232
3658
138
1808
2144
1508
4504
4136
3173
1166
4279
1731
1515
338
1701
1755
1245
3245
4643
1971
4321
4756
178
4476
1392
370
972
2691
4172
4363
1803
539
3343
4370
2712
809
2095
3810
182
4122
795
695
4666
59
4922
2035
3764
4478
2062
249
1452
2980
873
1556
1348
1887
3365
185
819
901
2354
901
966
1368
671
548
4001
1475
4471
2625
2910
3963
3255
2826
2561
1947
3363
2155
2434
665
297
4179
4012
1144
4077
2323
1177
2995
612
219
3327
1386
3928
3682
2238
1132
2755
3652
4476
156
1838
3046
1302
4591
2196
2540
2134
3640
4007
4465
578
94
1994
222
169
4190
4278
3506
1492
2847
4346
4518
388
499
490
1257
4150
3109
3608
3955
3057
4404
1542
917
1804
2661
798
1030
618
1270
735
1741
3594
938
2294
1408
478
1053
4268
569
1675
2593
1343
2235
3445
371
3872
1595
533
1320
1825
2650
4606
3196
272
3734
3084
1945
4032
802
125
4490
2327
2235
4734
3184
3405
3225
1071
4088
2823
1251
4202
2778
447
3189
3696
2994
3295
3563
548
3218
398
2356
1943
2577
2237
1705
3020
2250
1706
2112
4240
1761
301
91
1886
1419
1498
1139
3044
3582
3149
1415
2226
3953
238
4858
841
3286
1078
1447
77
272
4163
741
3049
2333
3558
459
1989
4608
1305
1412
2236
3232
1117
2589
3224
3901
1768
185
1083
619
3733
458
3349
3634
3411
4046
4370
2969
2689
818
2357
2727
2220
93
3341
1217
362
3242
238
3069
2791
4177
4762
598
2138
3844
4621
3404
2020
1183
304
1510
2094
4622
3042
3234
4237
1781
193
4900
1997
4686
1257
1973
2050
4153
1234
2617
1962
491
3220
4517
85
3188
1933
592
3699
3023
200
4541
4019
1136
1024
1695
2766
3186
1894
310
3436
4950
3924
4937
1632
4202
162
2296
4005
466
2582
3795
4413
4136
3205
2489
685
450
3307
4007
758
508
1467
737
4842
2426
624
2561
4368
4107
452
1637
1822
2903
4075
4286
3701
548
2908
998
2216
4488
575
2270
120
4076
4917
2506
1061
24
3833
4468
3173
1024
4622
3288
1463
3123
995
4635
476
664
2073
4536
2613
644
3450
3950
3650
4892
2606
2219
253
684
1940
3052
2207
3644
4801
3558
3554
685
766
2775
3339
4325
4880
2929
3508
89
844
3662
320
4128
3484
4624
1233
2809
3728
4731
4874
113
4364
2651
4068
293
977
901
866
4238
2587
4880
3727
481
2387
4509
1337
2010
4915
3592
583
2029
1144
4311
4899
2293
1930
778
737
2718
908
4731
1611
1661
2768
2196
3031
2207
977
4717
1812
4039
1133
4369
2392
3585
2494
3891
3287
4716
4059
2399
4995
2230
4343
11
2255
1742
1589
498
1485
4890
1243
1740
4798
2819
2542
490
2578
1528
1787
364
461
634
946
4339
1937
3126
3499
1164
2002
1699
2581
3048
4385
725
4257
1475
3604
1023
2156
617
3693
2558
4815
3666
4066
2848
3060
3806
42
3717
333
1255
4404
4857
997
3671
1966
1572
3000
4907
2213
3762
2333
180
120
3131
2499
334
3050
3738
2975
4103
541
2351
2181
4501
4066
3077
3812
3727
721
2844
4618
1589
2512
3071
2416
862
1564
1183
3857
1531
3231
1056
3467
84
1878
3292
4431
592
2951
678
2932
3748
4334
1500
1127
3570
2040
857
2342
306
2251
3435
783
1702
1830
3500
410
959
1331
934
122
1149
1629
1772
3442
4208
4833
3188
135
2721
2511
99
1425
398
1999
2564
590
572
3513
3253
572
1319
3742
519
274
2846
3140
2949
2021
2405
4719
4986
3533
2306
2596
1563
4161
3534
3967
2301
970
3931
288
4318
980
2632
3926
4815
837
66
1855
3555
2612
1563
3587
455
4633
1839
3896
4547
3724
4536
3325
7
1196
625
2219
3482
808
2700
4587
4178
3386
829
714
2578
4377
973
4540
4036
3048
821
2673
4698
702
4072
3261
1597
3473
4635
1846
2429
1901
879
2112
4807
196
1906
3683
3845
1397
3262
4669
1754
2369
638
3067
3598
3127
333
2360
2838
3184
686
1841
668
170
3832
2802
4368
2158
1628
2251
1613
4893
446
3954
3271
3525
1336
3846
3323
2997
1799
1558
2470
2909
3218
150
2786
2617
2837
2049
2156
1523
3383
4451
1433
3692
4968
3810
1017
119
3436
2911
372
144
1149
11
738
4630
3862
694
484
2979
3112
4488
3733
1163
2253
2313
780
553
4229
478
3249
4786
2177
3964
4507
2209
808
280
3922
2831
2979
4153
4921
2779
53
1136
3717
4872
3293
2190
137
955
184
461
2776
2453
2043
1893
108
972
2737
2349
3172
4504
4702
1961
4260
4155
1664
3756
2653
578
1151
2548
1992
3238
4473
3281
4896
2694
3154
125
4256
167
4049
933
4601
4187
2473
257
1811
3992
3005
3399
4923
1001
1521
1366
65
4502
3617
4129
2380
1348
2095
4720
2620
1690
376
682
2409
692
3857
3127
1248
4264
1219
4807
2873
4326
3616
3678
3489
3486
65
746
4686
3104
2710
1800
3539
4424
1810
3445
4901
4132
2787
4893
886
2159
953
3669
3388
874
113
4543
1841
3515
4562
4474
4377
3794
1283
697
518
3345
2014
2966
2796
365
3259
4204
3184
3407
2768
4522
1925
308
1978
67
569
4547
2607
3433
559
1080
754
2819
4915
461
1131
839
2916
1633
3308
1514
2248
3086
3248
271
319
3891
1525
3027
4074
1270
4441
126
3290
3191
961
3251
285
2852
2651
3330
1950
763
3575
4849
4099
2706
2339
4890
774
3318
100
231
1255
2654
4566
1717
2927
4860
1551
4342
1965
3841
486
2530
1049
2035
4088
605
1114
3309
4472
2358
1360
1828
820
946
583
3019
3836
2251
2541
712
4906
2369
1550
4990
589
1228
4476
91
1250
3124
2862
1173
4207
3761
2111
2209
4863
659
2504
2805
1814
2978
1474
4565
599
1709
4757
923
4613
772
1920
1736
2267
316
2172
4680
3638
1450
2318
2034
617
1905
441
4125
2602
1300
4645
2613
60
1818
4321
4230
2406
4129
3931
3652
3256
2828
4105
3172
1976
1880
4302
3158
3537
3682
2238
41
1725
557
854
4369
4751
1735
1952
4966
1027
3569
3790
1382
495
3471
4485
1514
2806
1017
2552
2779
1812
2133
4032
3731
3647
2406
458
3420
2604
1967
1391
2696
4723
4319
3726
4179
798
1750
806
4554
1158
4024
2482
1897
805
1544
3538
1707
1676
1012
2295
2690
95
1373
1603
4227
4374
2835
1216
3904
2939
1749
4746
608
4510
4656
434
2787
3977
378
2005
600
748
2350
678
1347
2232
1329
2284
2305
336
1723
769
4405
3484
1356
4977
1776
3540
4249
3430
4954
3950
2505
401
216
3348
3603
3311
4496
1384
4575
4124
902
3303
4208
806
1636
4077
2846
4195
1683
2877
98
1729
2813
314
798
3066
2578
125
1244
2447
4047
2136
2248
1857
2161
3502
4702
4240
571
4885
4464
3394
623
425
2789
910
1216
4537
4134
4398
2131
1216
1943
799
4566
771
3724
4892
134
2113
3388
2028
3908
3966
2275
4750
103
1584
3599
4637
4735
1488
4306
821
4904
1813
4435
3620
4752
2369
2282
3040
584
3892
3212
2032
1402
2807
643
1841
4141
4717
3670
1385
2827
2552
2312
4172
2242
1044
3584
2193
3236
4090
2459
3576
2448
918
3700
818
55
349
2662
202
4126
4672
4442
1583
3379
2766
357
4918
4747
4769
158
4491
3105
2216
364
1114
1721
3716
3455
1435
1506
538
4469
1464
62
2100
4055
2831
179
1101
4579
3702
3809
2263
4012
3362
1284
421
4378
786
2104
706
4768
2238
912
3631
3370
667
2340
2326
1926
4709
999
2138
765
3915
3093
4022
2909
817
3675
725
1631
4042
1292
4678
2639
4346
4031
3577
1759
4556
4760
4144
4519
2991
4895
2239
4029
2051
1590
3390
4178
4091
1588
2952
2263
1017
3992
1534
1595
1531
2575
4877
429
1889
4074
4126
549
2110
618
1344
18
889
3769
802
3935
135
2947
1824
3929
4152
1249
3764
852
966
680
4940
2109
639
187
4069
4831
2314
66
2557
4265
3685
378
4279
2363
283
2172
165
4466
3027
4482
3741
1141
101
4972
3173
2218
1605
2177
4676
75
2522
4750
1937
3824
4298
1731
4160
4088
4376
4419
4796
777
3187
3022
3652
3254
3867
1475
1181
3711
4517
3502
3407
4569
2425
2875
2589
511
1156
3057
241
4034
4147
2935
96
1488
999
2471
4741
4441
3479
4097
335
4821
3971
1926
4524
2361
265
2551
1269
2871
1447
1313
3052
3157
3046
2097
4944
3334
3162
3609
393
459
727
2790
3885
2480
3640
4002
4378
1738
338
1432
665
3719
359
996
3586
2161
808
1579
4319
1772
3013
2299
550
495
533
1167
4007
4275
1719
3932
588
1842
3077
627
765
3858
3090
1558
3179
2628
4869
1476
3039
2040
3102
1674
3391
4741
738
2812
1985
4880
1643
1447
484
2344
2426
350
3979
805
4237
42
1168
3999
1611
59
3018
2843
4915
1257
4547
4811
2369
4901
2189
480
3404
537
2359
3127
1572
4216
1306
1763
190
1342
2761
1014
4248
537
4403
3866
1731
2769
3745
4293
2298
1053
992
3404
2235
2232
1096
966
4770
706
2448
1243
2092
2272
3641
4220
241
2754
4331
3150
2668
2150
1941
1422
2543
2869
4563
1059
736
2651
1881
1180
4823
4797
296
2572
4659
3927
4895
2229
1364
2027
3367
4951
3812
2471
2457
2232
3009
2213
43
4810
3408
2583
2223
1608
1142
2293
4640
730
4094
3466
1137
4139
4265
4682
128
872
1283
4869
1800
1192
2426
3800
3604
2062
1595
551
2249
179
185
2454
449
4490
383
1510
3794
3999
331
4383
296
4554
4773
3343
929
3080
914
262
169
682
1224
371
2754
181
2333
3874
654
2697
2035
4114
1858
1485
1950
1366
3809
1744
348
3644
1637
25
1964
1551
3417
4199
529
1488
4287
1440
1586
4126
2400
4304
2172
2376
552
2472
3929
2959
4222
2681
202
4944
932
2872
52
4391
3992
1836
4099
161
3474
3341
1841
3287
2629
3718
689
95
4450
2796
4329
331
4835
2197
394
1908
3488
201
2131
3728
73
3552
4320
3390
1823
1772
3737
4585
4256
4777
2806
1333
2683
2243
4472
2013
2840
2585
4555
3275
2538
488
2525
1579
1375
2249
4810
3741
1535
1331
3336
3520
915
1436
1944
2450
1024
1650
3631
4340
1441
2944
4669
3195
2498
3268
3552
2465
3995
4245
154
3844
846
2567
620
730
4882
4451
1117
2335
2405
396
2676
1144
193
491
2479
4990
1750
4889
26
3536
2355
984
3069
2529
1225
1981
3676
3384
1653
2237
3474
3802
3358
4941
3664
3803
2622
52
3985
4459
4561
282
2272
3577
1268
994
350
77
2576
1035
3031
4761
234
2100
4360
211
2082
4983
2217
4482
4446
4748
4165
4344
828
3990
4145
2299
3259
48
764
3199
4811
2945
2938
2676
4744
390
2570
4426
26
905
852
3100
1992
3069
4479
2078
4912
1702
1481
2712
4595
2968
2307
3801
3999
2768
3603
4649
1034
1829
4830
1463
685
2554
468
2620
286
2747
2414
3584
3563
844
863
4504
3790
1373
1271
795
1811
4582
4623
2497
575
2982
1575
1000
1859
4588
1571
607
2817
4352
4436
898
1488
859
3264
4701
3832
3355
3241
1397
2458
916
3759
255
1757
2902
2896
912
2865
1244
560
4830
3715
1909
3766
3959
31
2799
2351
1327
2813
325
3678
4817
2006
4558
1341
4218
4991
971
2466
3098
3859
1274
4268
3640
2794
431
2712
4312
321
2271
1320
1828
78
3723
1130
3140
3755
4969
4739
3437
1650
471
329
1166
4839
3432
9
4199
3862
3318
713
891
4466
129
4716
1759
1454
348
463
2210
4866
524
1126
2622
1470
2204
3162
2566
2011
882
3779
106
1647
4732
47
3159
2147
1890
1015
3055
660
790
1119
2591
2166
1642
2189
4629
2772
4627
3941
248
2478
1816
3498
4061
3892
752
312
1434
3444
649
171
1931
1191
3439
3226
4240
1607
4500
4201
3535
952
3236
569
113
4432
3846
1631
2741
1731
1248
1957
582
1603
2879
4592
2476
862
3778
4795
4380
4800
109
2041
4214
4949
2200
3520
4215
4572
4292
3274
85
1763
4923
1229
3242
782
4479
135
2548
2990
347
4925
4810
2304
4058
3200
490
281
2854
4395
806
3098
904
2584
2314
1260
2591
2203
2131
2071
4872
4126
4179
2485
1104
4240
1956
1234
3185
524
2832
109
1762
3190
2877
189
4695
4754
2821
65
3046
3404
4350
4217
379
3469
84
3406
2491
4434
3653
2332
115
1289
2205
4353
226
3808
1316
2964
163
3952
1312
4314
415
1898
3978
2637
736
2304
2073
3516
124
1537
186
751
2201
3178
4223
969
1587
3306
1519
3871
3567
1822
2323
786
332
1360
2667
616
4894
4551
127
1032
1744
383
1421
4362
1104
4775
1439
2655
3975
2883
595
712
4784
290
823
1366
2879
302
4044
3091
3942
381
2477
4481
713
4879
11
529
2054
1831
523
63
2932
3878
3921
4650
1084
3236
4481
2912
4027
2969
4551
3935
2225
681
4606
4439
1552
2756
3712
1215
2377
4440
2282
2960
1829
3874
3526
4150
3338
2883
3803
509
2627
3188
4597
1784
1244
4855
3413
4209
4496
3562
1544
1081
3512
1047
2049
4545
3639
3981
509
636
4331
3231
4677
2238
2595
4606
4319
1400
1611
3226
1103
2549
1382
1256
2641
598
4281
344
1590
3687
4987
969
295
4672
1228
1731
4834
4654
4162
1043
4457
956
894
3710
2914
1920
78
2174
2178
4226
393
3639
2709
1484
3613
2448
2362
565
1025
4256
4484
1583
259
1985
2552
2192
103
4269
1892
3357
551
908
2901
3335
2002
1040
3290
446
4794
2863
2712
2584
3962
1369
770
3420
528
2832
1957
3446
2836
2598
3266
1500
3177
3299
4783
2312
3100
1134
601
1569
4371
360
1132
2067
4794
4283
4885
3112
216
832
4947
366
3445
721
4310
3357
2433
3897
4399
4712
3783
1782
1564
4865
3677
4656
1109
2140
2272
2625
2344
3493
3624
3899
2581
2600
173
3478
3039
3567
497
439
4863
373
2959
2095
1313
2655
2661
3632
395
1864
2613
1539
1181
4808
3833
3749
2580
2016
2242
4669
862
480
989
3512
2149
4863
4662
2098
3223
4022
2199
1505
3848
1997
3974
2904
2682
4010
3761
2878
1869
3560
1876
3461
1843
2800
4367
2460
2509
967
172
3970
1148
3185
1411
3839
986
664
1807
2918
622
1773
4303
3489
4470
1264
1125
2564
3912
4497
4479
2821
3878
3722
3359
3658
3874
1444
4705
2425
2297
1343
3871
1523
1125
3537
1917
2250
2744
2687
1762
4871
1023
437
466
322
2317
4211
3462
2389
1857
1742
248
2199
1690
4087
2249
2218
407
832
2624
3007
2204
1385
3567
4037
479
323
3521
1752
4516
4749
2456
4786
4086
1001
570
1745
3320
2606
4830
572
4331
4316
2861
1442
2035
2533
4684
690
4246
4604
4565
1872
674
1301
1594
4144
3194
4117
4320
2649
2740
1711
2540
756
249
2624
401
2995
3432
3251
868
3466
2338
4947
3569
1277
2555
3342
279
3030
4835
1385
158
2151
3550
3366
4164
872
3722
2274
4574
2547
3891
4074
4465
894
448
702
1551
1105
1176
103
953
2770
953
3610
4200
2586
1530
4846
4967
3773
4538
4460
2286
2113
1063
2741
3059
4504
3900
1499
16
4976
4909
1890
111
346
2152
993
4564
3754
4889
33
1925
1392
3070
69
4270
624
2820
160
261
2815
3902
3836
3549
2060
4168
3729
3022
3061
2487
629
4354
2737
3320
877
1188
2618
2179
3640
210
2812
3459
381
1313
4036
3447
885
3095
2745
3262
2008
1535
2059
2905
4003
1919
2934
1264
3418
4998
1522
2197
1127
873
869
879
1711
3541
4983
586
3363
1723
476
4597
1857
3164
3849
2352
689
3787
12
2518
2781
3194
2171
100
2857
1460
23
3416
3174
3317
4398
3906
3477
2950
975
313
2610
984
1331
2571
611
4293
3291
2533
2211
993
4279
696
523
2011
414
1393
2675
2614
1003
2339
2358
247
2014
3084
3147
663
902
3343
1142
1031
3081
4364
4580
1841
876
2632
3742
4973
3241
2850
937
3694
3132
3269
2825
604
4614
1132
3964
2850
2050
4298
1131
4627
4530
217
500
2810
2308
998
3081
4708
2455
1555
132
3672
3018
3601
201
4333
1110
4463
455
1662
3766
2725
3574
2945
4283
36
4590
3999
373
184
2535
915
995
525
4101
2516
2119
2574
4667
3819
4925
4709
1342
568
110
1200
401
1701
2123
2647
4028
2586
3405
380
1763
79
726
4506
2931
4406
657
3919
4188
2600
2923
3369
2437
3122
4602
2043
2202
3788
1844
3297
749
4198
1434
2500
63
2669
2471
4425
3805
1450
746
92
2930
4561
571
2389
4590
1616
287
4273
4011
2117
2445
945
935
2750
2949
2927
3462
950
3567
1831
3160
2011
3402
557
3279
4229
3702
2223
1479
4530
4581
3731
2864
2174
2904
96
2515
3828
3375
3806
10
2453
1960
638
669
3255
4420
208
2334
4841
3478
1703
701
4526
4600
977
89
475
2630
4147
3431
1512
1727
2467
1585
3211
4095
982
506
1977
3699
3117
1666
2954
4943
3349
845
2839
1590
3792
3366
1760
3158
2974
4398
1552
4795
4205
4024
3273
1201
1038
1637
442
450
2584
3626
1598
632
1478
3178
2553
972
4444
1397
2918
4658
3037
496
2711
2468
577
3727
1842
3317
2117
4146
4786
1088
4901
1929
3068
3139
4126
3709
1595
3515
1396
2727
2084
1059
482
275
4923
940
1131
1190
4548
2731
1193
1
1686
3954
857
3343
3638
1959
2646
1448
1561
365
303
53
2436
1648
507
393
2237
1325
996
73
1478
3871
2716
262
4688
427
4822
1265
2173
2774
2076
4774
1066
4760
4317
2842
313
821
832
2008
3642
3747
3682
4329
4777
3254
4253
3387
4071
4168
2887
2772
3076
2859
2199
1231
2944
515
1749
3559
4107
2078
4484
3271
3512
394
3982
4765
1182
1989
4388
1447
282
2259
1008
75
4410
153
4015
4287
4660
1811
1274
779
1475
2313
4861
3712
4088
1849
3755
1532
1471
4792
1648
3932
1706
711
3378
4064
1855
1213
604
2537
3012
2444
2662
2403
1704
2963
872
4781
4621
2512
1159
574
2682
2762
2589
1669
3826
4982
4454
883
1702
4818
2441
1482
2533
2924
189
882
4064
293
1103
1972
4775
2424
2362
2871
1978
1472
1436
3469
1973
270
1124
1898
901
775
1510
4954
1966
3301
653
4722
21
1689
2933
3828
2503
4291
493
2476
4546
1435
2026
3191
248
2068
1451
2115
1998
368
666
1898
4251
3297
3144
1069
1394
3583
1732
2397
914
88
1563
2386
4315
2091
303
2938
4323
343
1515
2926
381
4087
1666
3572
549
1593
3343
3477
2219
4326
3918
71
4984
4333
2283
1888
2867
277
3952
397
3109
4638
805
1027
528
2692
3704
3576
2744
1377
4012
4240
477
591
2613
4288
2314
725
242
2034
937
780
1879
3425
4097
1345
3197
4659
4983
3136
596
527
2317
2664
2556
449
2900
3783
2335
717
2830
2581
1761
2462
3928
2474
2066
1825
3109
3690
2100
2925
1795
3494
4771
4414
217
3915
4747
1300
2500
3252
2738
4617
1044
3583
3010
2328
69
2178
802
4279
3880
4107
1084
4980
4863
3853
482
2625
2598
3874
2024
2391
224
3407
941
2228
226
1455
3057
2192
3315
2658
4218
846
2734
3772
549
1759
3095
228
3731
4022
2514
3129
3800
2989
1914
1638
3606
4652
4932
4154
540
4047
3630
2472
2080
1770
3550
1592
4336
499
1222
2222
4681
3568
4054
3412
21
2246
4758
4013
145
2694
1377
2242
3858
4362
2601
1586
4943
4057
2689
3413
1068
4899
3818
2533
2274
1563
3538
2206
4079
4466
33
3348
2916
4743
3431
4789
3873
1691
2732
3425
2132
744
802
4695
4219
3330
632
4673
3777
3189
231
3357
3849
130
4644
1473
1237
2498
4536
1810
300
1648
3364
2626
3833
2340
3205
721
4389
1869
2793
3368
1611
174
4908
96
3868
3501
661
2343
1370
416
2417
2144
1648
3532
3569
2485
2464
3098
903
1374
2855
2483
3275
2309
2071
778
81
570
15
2108
1645
4320
25
100
2450
3096
3588
765
2257
3247
2672
4641
1966
4486
3836
1238
2870
643
609
4283
2694
2701
4435
2366
1077
383
4097
514
1367
3850
2491
209
1949
181
906
2608
527
2156
124
4191
3965
4749
3335
4523
3010
4691
63
1719
2480
2587
695
359
4209
3697
2712
2266
4518
3008
656
3639
2004
2178
1236
4216
2885
3177
3007
1162
4903
4942
3271
2977
1794
937
3071
577
291
3163
488
1616
2823
3253
2171
3928
2312
1938
4281
4422
3552
2235
3732
1455
644
3912
339
1632
655
322
3290
1114
4181
2442
2591
4546
4610
1638
640
3414
1737
1443
3815
2344
4655
2564
2658
1582
2493
1516
3716
642
381
4249
381
4704
4910
1514
3167
4144
1857
2682
2476
3343
1556
2726
4028
2405
954
4304
2522
1407
1448
274
2269
2234
318
4240
2351
3204
2688
1958
3211
4458
2082
836
1614
4123
579
1085
3999
2866
4790
3298
2715
3388
4058
2519
906
1578
1326
3258
2323
1003
459
4099
1206
2105
4195
2521
2830
4788
4568
3341
698
1909
654
1168
658
2865
3009
588
3961
2410
203
3805
779
3999
918
3218
3497
4588
2796
3546
4253
3976
217
4051
994
2233
2605
3635
2789
2904
833
4567
896
3375
2752
1547
4785
1890
3021
687
294
4699
4801
4993
994
293
4847
4676
2055
3610
22
858
2098
2656
2761
4786
3224
3309
3725
4390
894
1196
3833
1395
4506
2730
401
1216
4340
3411
3507
1277
2451
3895
2817
584
21
695
1699
1038
1837
4362
1464
3317
943
2268
2340
2364
485
621
212
1420
2106
3699
4528
1748
3027
417
832
1985
3437
2408
1131
2305
3062
1658
1471
3087
555
1092
3544
1689
2158
4328
553
3159
3986
3311
1821
3476
3620
2349
3727
4071
4881
4691
432
2998
2869
4168
4953
3488
4991
2939
868
4394
4035
1919
738
3753
1558
1943
2809
3713
2026
2291
1083
888
3398
1368
366
3058
4110
4363
4060
638
4982
2620
3385
1382
587
2316
3271
2204
3833
2907
4904
1113
4012
722
2366
3945
1420
1861
1614
3840
2922
58
1587
1676
4706
2491
1607
4006
1279
3173
192
3710
1082
4072
4894
3006
311
3670
3150
4276
4934
3312
2108
3065
1131
3250
334
2459
2319
3919
75
815
2731
469
1238
3754
4681
3081
1669
4775
3396
1810
1819
2251
1999
2733
2032
4640
3116
1456
2082
2800
4861
4822
386
3833
2550
2436
2785
8
4557
163
2024
2813
3099
3678
3018
3490
2873
3311
621
4792
4804
3113
3333
2615
3827
3259
681
3350
3454
4306
1504
2921
926
3137
4481
4763
3808
4141
2882
2003
1081
406
2731
2428
877
3139
43
833
114
1992
2844
2655
2372
1211
4759
292
312
3487
1421
4353
2602
1278
143
3543
1732
2285
1890
2210
4450
2541
3482
830
804
2381
4420
4852
2326
931
4132
1038
4758
1157
3650
425
594
3968
3595
4328
55
226
1384
1602
3126
4222
428
2465
459
2957
3773
4314
1231
2553
580
3690
2363
3547
1891
4469
3668
2125
146
1039
4214
4793
1465
3714
1779
520
2955
3520
4805
3951
124
2392
717
1830
1569
4700
2184
3167
1738
593
2016
3624
3229
2200
338
526
236
1207
2341
1025
2390
1390
3977
4238
1258
4108
947
3979
3846
2104
1279
4301
4042
3031
4613
3881
1945
2541
14
2302
2760
1993
1507
447
1763
4598
1762
1622
4965
400
4004
2704
1979
2354
59
1500
2074
714
3308
589
58
1152
1630
1882
3781
1157
3553
3254
3251
2821
1797
1274
4098
2462
3574
1561
4777
1496
3522
4520
2598
3109
1223
288
4709
987
1402
4862
473
2694
3049
4906
321
1501
1510
4934
799
1808
339
1198
1220
1042
1219
4612
2653
949
1783
2776
2695
4511
2512
755
3285
296
433
4828
2231
2767
4143
354
3724
3088
899
3103
845
3318
3389
4846
2899
1899
4267
1506
1440
2740
565
3552
2886
4739
1454
4926
1690
3734
4630
2546
2579
3361
928
877
4144
1353
2483
2709
4695
2935
3332
1991
4968
2621
2083
2410
4573
904
770
3585
3001
4004
3496
4616
3024
2779
4720
2448
1162
3192
3466
242
2576
2326
2494
1336
1616
4525
3111
2403
3962
1978
917
1284
799
4623
1078
200
725
2961
2961
56
689
351
2704
2945
3623
1304
1200
4662
419
1065
4651
3777
1545
279
1128
2916
259
122
1091
2524
2062
4891
2422
3958
3677
120
205
3904
3425
4248
996
578
2454
2078
827
3162
1546
2389
1563
637
3018
3426
3289
3293
3829
1819
4365
3353
323
3324
4992
3614
311
3547
2163
1472
483
3640
2293
43
4011
3751
1908
4152
1225
3580
4449
4704
3229
2518
1233
4254
2149
1071
4716
4060
3868
1442
3749
3907
4667
65
4842
1184
1320
4260
1918
3840
3920
1429
3274
93
4522
4748
487
2863
1481
1936
757
3702
4521
3491
2762
4644
4834
4046
1205
3751
4578
3042
2616
3704
243
715
538
1231
2848
2355
3093
4827
567
3164
796
4697
1264
3882
4771
1145
123
389
4301
2996
2755
2481
1073
1564
3316
4459
380
2391
4766
4761
2977
900
1253
380
563
4583
4205
622
1898
1840
3676
3894
3433
4503
1566
3241
306
4294
766
1048
1779
3779
2416
2889
4258
1807
4552
638
1241
1270
3489
2886
3152
2403
1921
2182
3845
210
4325
827
501
1986
2980
3408
563
3752
2175
1356
1675
3579
3437
3713
1446
1185
1277
1178
3725
1652
3563
2470
1183
2778
2028
285
748
3305
3557
154
2848
1917
3175
90
1369
2815
1889
1197
2820
1949
1828
415
2717
4926
2306
4642
4030
928
2224
4851
3028
1198
1390
1965
4912
2079
1448
4508
343
1915
732
1021
1583
1640
2063
2850
414
2491
29
4181
3409
2508
4775
2079
4269
2634
4370
4405
1527
3588
1345
1412
2641
129
4542
2807
1012
1502
2044
2704
3931
1416
3397
1618
249
2143
2923
1896
2237
3083
3776
3853
3469
3764
4914
3137
2355
2249
1628
3023
120
2525
922
4314
1126
4534
3836
2732
1493
87
1923
17
3277
1846
1621
1841
2298
445
2624
4395
2249
2395
4032
4156
827
4084
889
630
4209
2748
1866
1774
4149
95
1270
2722
3654
1013
2254
2187
1211
3479
4586
2896
218
4571
4071
2901
2845
3239
4835
1359
3772
392
875
2188
4937
153
4155
4662
3993
2587
2121
576
115
4593
3340
4322
255
2889
3835
2290
1428
3901
1883
3252
4841
4677
1485
2111
4811
2590
240
1411
3634
3531
3780
1085
1812
4043
4471
3689
3373
1339
3246
126
927
286
2850
4484
3715
2031
2670
1269
3505
2722
1348
3857
2941
4596
4612
550
865
4476
4473
1029
1320
3535
2230
1735
1058
4973
4464
3094
4766
1872
4173
2640
1302
3523
3896
2248
3155
4595
4576
2807
2191
4900
3558
3110
2818
4553
672
4976
4055
4956
1747
3471
2309
743
1490
3193
3020
4741
3797
2115
3544
3723
2267
616
4897
3290
4409
1493
2039
2557
173
552
3316
3631
597
2950
2894
2209
4828
86
4739
3562
2796
2198
1360
4747
4557
255
1254
3863
732
1054
3556
1700
1276
2264
1160
4724
1201
931
3010
624
1247
642
3155
4002
1730
2001
499
2813
4479
2562
4852
120
1548
2569
1952
4703
1738
1739
1329
4842
4264
3355
4094
4929
2018
1833
3252
2788
1771
2759
1053
1346
2802
4401
3158
4002
87
908
772
376
2715
4774
781
572
1488
2640
974
95
2206
1126
1925
890
3893
2269
942
30
1339
2581
1758
4254
1744
1854
1865
1681
1534
1512
1244
4400
2498
608
894
1614
2139
3201
788
2646
549
4660
2127
1358
2956
1351
995
430
2997
4834
1525
855
4897
1445
3059
1136
818
883
788
970
1218
868
2564
1810
3912
3168
4221
4831
3292
1846
391
647
1061
4063
4430
3567
3081
1940
302
2625
1351
2183
3571
108
2019
1848
2140
4871
3837
4036
2483
4627
175
1742
751
4544
1431
3972
3565
2994
2420
1980
440
3745
4124
2416
4081
2938
1482
3879
2222
2337
3371
4396
2411
3943
1159
4417
4666
2679
3476
199
1692
1440
4252
1171
4850
1173
3195
4439
3021
4992
3120
413
4035
1917
1144
792
2522
1628
3979
4030
1212
1738
3902
4030
4469
54
400
493
3324
2710
4154
3748
573
790
3932
3376
3724
3984
3078
1971
3410
4698
2878
1512
2057
4316
2448
2616
4236
3846
1233
598
2038
3101
2239
2446
2689
627
1309
1009
3486
3066
1488
1111
2228
311
497
1504
3848
4420
3000
716
3789
4012
486
3218
1899
3067
3788
4839
3282
342
1172
2074
2018
3465
1454
2294
1077
3889
4875
3933
2511
3298
3771
143
2751
1737
516
2155
4012
4573
4070
3965
510
311
949
3594
1015
3769
3357
1542
4505
293
440
1909
463
35
2352
2942
4800
3473
1979
4355
3529
1267
677
169
1972
3337
792
1901
3467
4737
4373
4962
959
176
3011
2627
1801
3639
4597
953
1891
442
1669
4885
361
4666
3929
4591
2937
2476
1897
4855
4922
3810
1793
444
1786
3157
4226
4911
3486
1173
1006
1919
813
3400
2292
1016
3245
155
2305
4697
3751
3649
338
482
3364
2064
537
3466
1300
4563
1092
2325
1506
4454
4981
3031
3267
1799
4019
1953
1020
4143
4374
4638
4187
3715
4396
2962
3277
2253
4399
1460
871
4702
703
3153
4317
2979
1017
742
337
859
4461
4013
239
1440
84
813
324
4968
1353
432
4064
2122
994
573
3309
3814
1999
3076
4678
3265
1352
754
466
2305
872
2802
1489
4839
810
4357
159
97
3715
1622
3082
4564
4945
2701
2776
4782
3656
262
4697
527
1741
2544
1210
3915
2712
1997
4752
4320
443
1318
3935
271
3298
3693
4457
2650
4485
4471
101
4260
2426
2558
2101
4850
616
1715
3757
4706
2487
2534
1412
1877
990
1688
3671
4778
1612
673
4953
3095
1570
3056
4335
4975
3355
2432
2984
675
2460
3529
3550
3813
1678
3317
3592
666
3705
2314
1484
3113
8
3708
360
3344
1676
3922
1454
275
284
1409
756
2465
1564
3426
4496
1082
3164
219
466
3711
2535
1345
507
2162
3341
4501
641
3474
3812
291
4435
3724
1319
4592
1981
1759
4348
2017
3784
4078
1287
1906
1074
3282
4239
3789
2335
688
4522
2877
3687
4727
235
3160
3439
674
2698
900
1353
4135
2141
1659
2843
1231
1521
4639
1740
889
4462
271
4361
961
2391
4886
2510
1508
1555
446
3929
927
1415
4442
3380
3941
1841
309
702
2931
4494
2166
2348
3689
944
3743
3308
401
1580
1946
2582
2942
1884
969
4737
2547
2643
1160
4724
943
3673
3341
3345
2830
4757
1287
3508
66
1199
2026
779
1659
4389
2447
3640
372
328
4963
4661
3208
2463
1751
1280
4144
3940
765
3598
3235
3710
1636
3344
680
3408
2148
2933
1781
1386
3436
4712
1029
2794
3328
1556
2984
728
1338
1976
578
3976
3354
3057
3630
215
3500
3750
4552
2153
2305
1366
3245
3161
3872
2317
3949
4759
930
835
4465
2240
1574
2999
4589
385
1482
1907
3871
3867
3027
848
4519
1094
3022
2210
3626
4545
360
2936
2936
4462
3594
1734
2236
3966
4965
656
1456
1709
1502
4767
372
3962
3551
2470
4107
1044
2911
3132
699
402
2296
2811
4835
302
1386
4689
2313
4096
2820
340
3192
2090
3629
3204
2993
2060
2344
1799
3536
4608
2731
3034
2221
2976
2121
2628
3169
4228
1229
1102
996
938
1996
4165
1018
3415
185
4196
456
2491
2497
1843
1300
2244
2759
731
2093
3068
4485
2609
4375
4029
2617
2332
2208
4141
4179
508
2309
1228
1299
4668
1052
3498
343
4026
3390
1751
643
4473
1017
2954
970
4053
3852
2388
1363
4345
1433
2205
672
3960
2587
888
4956
2101
1697
144
3702
4756
278
4470
144
885
2180
1090
201
2248
1357
1884
2895
4866
4392
2589
1076
223
581
3698
2205
4910
4465
4952
3554
1441
4390
2739
2033
2138
1443
4267
2284
998
4114
2260
1467
3057
1238
2979
661
2119
1041
2316
116
601
4492
4251
3467
4776
1402
4711
15
1044
871
256
1225
800
1418
4870
3061
3778
2289
3109
4821
3576
3263
2741
1651
4532
1357
4234
1439
4326
299
4911
1622
4332
4424
4713
1812
2978
3765
1322
3839
4586
1473
1141
4301
4017
4319
3032
3093
3308
1333
2343
1750
1189
4294
1742
2249
462
2180
4607
2804
4575
358
3561
1835
4049
3155
219
1535
4693
1646
3246
3889
1557
2575
1651
4872
713
686
4738
1003
2314
811
1349
4065
2373
3111
4819
20
2460
2522
2811
4665
138
3782
4638
2982
3784
422
3655
4660
2101
2162
3081
4215
1465
3282
884
2503
419
3643
2816
3474
536
1669
1581
54
999
4637
3379
2626
4408
869
3565
3053
2906
1025
205
1363
277
1003
4927
2839
1660
161
3653
3511
1657
1620
4245
4854
4766
327
1771
1678
129
765
965
4233
3396
3133
4033
2971
4892
506
4138
2997
1848
3134
4678
1980
1229
4114
267
3110
4323
3428
3751
4405
819
2475
1132
4371
3418
1308
97
2926
556
2219
4045
4410
4586
1387
2622
2771
696
928
4714
2300
106
18
2514
659
1546
2864
4094
469
2235
3151
2971
4034
136
1394
3789
2610
2415
3056
286
997
3814
409
4910
2306
2737
1640
3959
2869
3482
656
2691
3749
2035
386
673
2121
10
567
2515
2169
4119
4723
3784
530
4634
4261
2890
2269
158
2185
2345
3472
2119
95
1206
3822
2585
2563
1814
1423
423
520
74
4741
3108
2270
1804
981
1300
256
4695
4940
1370
2483
3813
397
4167
3153
2995
4528
3501
1447
3731
973
4896
2797
3065
1026
815
1868
4359
2214
3361
469
1632
1515
487
1251
4398
632
2829
4206
4163
3188
1141
855
3611
2362
535
3320
3073
431
4533
4490
3229
4099
2234
654
3658
1467
1273
1730
486
948
3481
1353
3707
2461
1715
3821
4415
1057
377
2004
743
4461
1073
975
2116
3768
2387
2001
4564
2462
2217
2193
3536
3361
1449
1470
1935
3732
2089
4114
123
2202
1287
1207
1065
2123
4494
3597
4248
3518
2948
1645
4367
4002
3845
3932
3915
4152
4577
1026
3640
44
2842
4984
3799
2662
4709
1979
1074
1639
3202
1991
3295
3628
1082
2465
3807
749
744
1666
897
1336
2679
2263
2255
1355
2708
1988
3520
373
253
4019
6
2288
3479
635
4018
2249
4499
1800
3356
4049
2440
3372
4899
2513
4708
2675
2397
1456
54
2144
1833
992
1372
4106
3910
4865
269
114
3110
4184
2716
3731
1199
4416
4708
3900
2466
4535
2100
1769
3976
1069
4452
995
758
2797
519
31
3337
1645
1722
4252
3969
1066
2496
4657
311
1265
455
1789
2149
744
4983
4561
2865
2024
4464
2485
2746
1045
4414
371
4588
4935
142
84
2540
372
923
3034
613
3945
2995
1852
2832
143
2398
4680
4848
4156
1990
2109
1654
4355
665
1070
3444
1428
232
3149
4001
4901
838
1815
1600
3339
1796
4684
440
3881
839
4752
3131
2921
3539
35
3956
1754
2186
3900
2951
1548
4170
4824
1766
2472
982
3592
874
4226
2089
3860
113
1651
3499
2216
4838
2051
4506
3567
323
2294
4413
3459
4057
657
780
921
3043
3710
2173
3646
4191
3506
752
2556
2460
3276
1949
4693
1486
3454
3184
2834
1887
1700
3294
4500
4971
1601
2853
2632
4544
3497
54
4264
429
1006
4214
4109
561
688
3260
1862
1635
3051
504
3097
1568
92
3737
2163
3217
2020
2588
370
3958
740
3240
1594
88
4284
4707
700
297
2276
4228
497
1973
4376
3376
2875
2170
655
603
4071
3470
1734
2653
868
4774
2274
77
558
199
4146
3668
3681
3396
425
3917
4876
4247
4136
3541
491
1847
2523
3169
1369
2724
3243
4777
463
2015
2747
1524
1503
2645
2120
688
1194
3070
2578
1991
1184
1908
1416
1024
630
3280
3601
2746
1393
1230
4736
30
980
4687
4817
3537
3002
628
3408
3238
2841
2180
3245
2016
3806
820
1591
2971
718
127
4276
257
975
4690
3603
1073
852
548
1148
1512
2267
3229
960
3714
3642
2866
3134
970
1337
3522
1073
2579
4528
4228
2451
3530
1346
3850
2373
2670
2855
241
2633
4593
1264
3642
766
4822
3575
39
982
674
3461
4560
3220
3525
3782
873
1019
3374
913
1315
1279
3263
3925
107
1767
3515
4181
2721
3172
4751
2497
3310
3169
842
4629
4765
3050
905
4893
3612
4652
2591
1356
733
826
2916
3381
2254
1036
3662
1413
4760
3222
1217
2577
4520
3138
1931
1223
2453
1322
4700
4343
2495
3342
134
4020
1281
3487
2589
2485
2834
4000
4562
1872
1109
578
4027
3731
332
4958
4537
2334
3523
1803
4289
1292
1801
2311
2721
1025
519
1721
488
968
1447
4952
3976
1834
1489
3860
3640
3609
2294
1518
715
4556
1026
485
4304
3416
2506
4708
4093
2854
3973
923
2205
1292
2564
4319
4930
4575
3773
1432
923
2232
137
123
4096
2811
2627
170
803
1936
2333
3502
4030
2782
2605
1055
4201
3195
4576
4733
4692
2914
4932
287
392
1538
2987
808
2820
4941
1958
85
2956
3224
3976
2579
951
2947
3536
2623
2402
1235
1145
3131
3056
4881
7
63
1265
2364
2096
3883
3060
3373
1320
1030
818
1432
1127
4760
1633
1995
2766
4508
1339
663
3127
264
1409
943
957
4129
1274
1464
1938
447
395
4436
3923
4551
2515
3930
2646
4644
3179
1968
4539
1452
1202
4076
3905
702
2206
169
2848
4330
3700
381
1106
194
4923
435
3793
195
172
4103
84
3307
1765
1465
977
3152
1798
2043
4262
4022
3391
4577
952
4369
665
1693
852
1780
1398
1926
3756
1172
2600
756
758
552
3394
1680
491
4855
3367
1918
1880
2553
3271
2134
3543
3931
4123
2997
2657
1488
2211
919
4986
4544
724
2291
3525
1472
3596
9
2733
907
760
1631
4454
4261
1578
4477
1218
1014
4421
1370
4746
1399
2051
3882
3719
862
4729
1439
170
1515
906
2048
4120
3509
4844
3304
1805
2416
2048
3117
4896
3626
3735
165
772
2511
3440
875
1544
1700
48
327
212
2231
4159
3219
4891
2746
930
1143
2976
3528
1054
3573
2596
1888
3112
2473
4058
4993
4971
3600
4943
3718
2969
2067
2403
2543
1724
2898
457
1622
3462
3944
735
4650
3729
4238
1411
4635
3570
3485
4580
1516
4422
1921
926
1011
976
2700
2467
3625
4605
4021
4547
2093
1855
979
3741
2302
1719
4464
1641
1574
316
1792
3138
1520
3186
177
2610
3855
1870
4914
3218
3260
3396
7
4291
3870
934
3987
2463
2781
1367
3738
354
680
3360
1456
1520
477
1197
4735
2148
3016
4913
4999
1649
550
1275
1639
4804
1350
3297
3948
2339
2360
2708
1065
1645
4232
3570
3547
1888
719
2723
4415
867
3207
1470
4092
3305
4241
1662
763
4948
1313
2441
996
1360
3209
2749
4335
3959
983
2654
2871
2118
543
448
2228
82
1879
1338
1256
823
4156
3533
1006
637
2624
3867
1876
703
4148
3659
4472
2766
3189
4288
683
1905
2660
4004
1670
1079
3404
4747
2328
4695
1607
3201
454
1052
1870
2557
2263
925
2927
1385
67
0
275
1773
1879
3640
698
983
4980
4905
218
2255
3311
1636
3694
4041
3786
1520
3268
3740
4891
2608
2206
4360
2071
4563
4875
3007
4230
3101
544
4951
4340
369
1755
2543
2093
2185
2238
2978
3804
1004
431
1448
3910
3503
2959
1172
478
289
2267
3892
1671
4202
2589
2043
740
4086
1083
683
873
1161
3318
3310
2324
3308
3223
2393
860
4102
4782
1729
149
623
1457
504
4836
2332
1821
2527
4002
2262
4360
1616
239
3452
1941
3067
4282
3909
1138
4120
3201
2007
4649
1410
2787
948
3056
2637
3159
3736
4384
1717
1731
3785
1072
3088
4155
1751
1865
2685
1887
4128
4150
3402
925
2914
3659
3689
3996
2633
766
2602
2712
1800
4654
3170
4222
4419
3359
827
2907
2133
4424
3092
2800
1594
820
4392
403
4591
2807
4195
2197
2368
3503
1837
3914
475
2492
2827
555
4621
1759
2152
3451
3768
450
4621
4732
802
2820
2324
2500
4401
4487
1856
4179
3580
1192
2108
1205
4291
135
3267
4507
3804
1483
2385
809
2576
1030
1632
2387
1680
2250
4181
4528
168
2313
665
2008
3305
3371
1304
1002
3179
2778
1187
4993
2059
978
3319
2902
3042
4298
2048
1530
1540
3296
2967
1763
910
3954
3996
2586
1722
2356
727
2603
1371
4505
1826
3728
2247
836
3641
3612
3150
638
3944
2201
843
3550
3613
3705
56
179
2533
3024
1698
628
773
3286
3420
3539
3191
25
2200
2628
259
1211
4777
977
3521
4115
1753
1505
3113
553
2604
837
4741
2707
3539
415
1641
3177
4497
1158
822
470
4058
3386
2418
1741
2311
2708
3813
692
3809
4980
4060
2668
2213
657
2943
4639
1430
3603
1565
3736
1311
3015
1285
3523
2143
1498
1941
4348
4379
1793
991
3295
2293
2233
3019
3448
3940
3405
4577
1386
1612
910
2176
2379
2576
3431
2786
40
3642
1887
1476
911
1131
3845
1949
2158
4499
2888
4575
3358
4234
1831
3099
2767
4482
2410
4840
2168
1528
2753
3740
4674
4475
2569
2678
3576
3713
881
3778
2705
4893
3032
16
2090
3428
4265
2700
837
311
3083
596
3477
2922
4897
3319
3979
1241
3584
1846
4568
3550
434
3048
3719
4430
3889
3868
3976
313
4016
4371
3749
3297
3220
1661
4557
2807
2264
4912
2994
4857
2935
4238
4809
2559
4503
1603
3013
3956
3587
1369
651
1908
1614
3790
4154
2392
4843
4016
3063
884
2089
1831
4322
2414
3351
1312
797
792
4149
3891
3638
4803
1499
70
2256
4421
1150
4449
12
152
4565
4072
4270
354
1491
3713
2014
3531
650
2361
410
2126
321
4049
4542
1318
4348
2927
3125
3567
548
453
3854
4280
3099
4871
31
2157
1077
1852
27
750
4840
2765
563
1103
1219
2447
1991
81
3729
4520
4723
4611
1495
447
3445
3125
3013
142
444
1681
4608
4297
1812
236
1190
2224
1905
4741
503
1997
3790
3963
1768
515
4
3586
642
2042
416
667
3997
2758
2163
3919
4566
947
2691
977
3047
2146
3221
2898
2547
1410
4779
4171
1625
2966
3916
3048
4973
1290
2406
4020
3890
2717
2445
3964
3297
3702
4178
96
2919
2436
4512
3202
1134
1525
3849
2259
3557
1475
3355
4598
4185
2770
4341
2673
2478
4220
3017
796
2327
4266
156
722
3587
3564
3652
3259
2199
3452
2540
3364
3421
664
365
363
1133
1760
1776
3647
792
2114
2500
1846
1533
3298
2972
210
1952
4165
3123
1555
4627
1445
2973
1940
1668
1648
4501
3153
3513
1996
1287
3883
2891
4295
2745
1115
3835
8
171
1514
2707
170
4177
4426
4182
1734
2960
1603
3308
552
3221
3143
2178
1190
2645
2986
2954
4674
3327
1847
3793
2632
4086
2444
2512
3560
1232
679
2085
3147
298
1288
113
4435
2105
2533
462
2083
4212
4669
3949
3562
144
4628
4788
3267
3591
1002
2938
4296
2853
617
2647
1530
494
3754
2890
4519
2803
4055
1936
4772
1071
4086
1807
3584
2985
2294
888
2553
702
4898
1447
3314
516
4709
4988
3856
3956
2850
2161
1894
4988
3787
2135
3853
2341
842
1583
4436
4242
715
4621
118
3081
4385
3041
1107
1095
2807
1527
73
4664
527
1709
669
758
1319
3498
392
1031
2621
4532
2803
1622
3534
1839
4816
1099
1554
267
1720
3248
3312
4185
2713
3276
827
3261
978
4897
1968
2742
3433
4881
1278
973
2387
3784
2408
4060
215
3936
2915
619
4998
4110
2191
3976
948
596
4940
632
3088
2463
2150
2049
4543
1582
589
2494
1903
3536
2560
71
3937
3707
2703
1597
1222
3945
1403
3417
3368
1220
1688
1367
4702
989
2998
3813
4866
1871
2541
4839
3808
387
1136
4735
2884
130
2907
574
626
3625
4124
4537
3653
1369
4346
1717
667
1078
3778
1357
2312
406
2593
164
1378
2076
4098
4218
1070
1802
2932
4635
4064
4212
3087
1813
1452
3532
4939
3543
2822
3532
2063
2439
4090
2997
70
4183
1928
4363
4369
183
2544
3981
162
3068
354
4652
3033
4014
3450
4044
1769
4029
4040
4520
3719
2422
1038
196
865
4824
3455
1287
1912
3508
752
1049
3385
4986
723
823
2176
4331
2101
37
1059
3861
563
3543
3595
3260
4615
878
3479
3582
2193
1240
1612
1157
1638
3119
3338
3177
1151
2249
1395
26
119
4428
1769
2228
1103
2351
2932
4822
2965
269
4667
4336
2922
526
170
906
4602
3261
4805
3145
3511
4557
2609
853
1762
3975
393
4848
3895
2052
159
4805
4223
3592
1307
2905
3051
3057
253
4413
4590
983
4201
2716
4505
231
4696
2924
3684
2384
413
1469
3731
1975
585
3682
1957
2342
113
480
1907
555
473
2757
240
3308
284
2896
2449
3104
2139
779
1405
3652
4975
1755
1816
2654
4545
379
4729
1890
310
712
3755
4392
1775
2674
4315
359
4958
899
623
3446
1199
3370
1784
3161
3514
1113
1535
731
2741
2273
2898
163
1776
3908
4037
4789
1432
4198
3568
224
4863
3382
1253
1877
2954
413
1154
3145
3728
1851
3480
2761
1108
2594
2648
1274
2122
2655
305
3972
3535
3285
3655
2123
2010
363
4682
1295
2899
482
3600
2621
1909
904
2332
1808
1877
2589
264
1217
4579
638
2936
2814
1583
4316
874
3148
2138
1574
4802
1966
2595
784
4423
1688
1931
1076
3315
4324
3033
1724
2746
2836
1802
2972
4966
2637
4979
2333
1452
4917
142
1822
4962
4842
707
1981
3256
634
4855
3732
4596
1195
4289
3826
3859
3288
216
3127
4522
3770
2025
1651
314
3740
2965
4716
183
3289
538
1673
4739
3342
1160
875
201
4647
737
1150
3147
1938
4143
3703
4794
3242
3279
1472
1404
3699
4547
2255
2837
1037
1790
1080
1314
463
897
4827
642
1175
3250
1826
3555
41
4384
2594
2172
1597
2111
3927
340
1840
3512
4780
1127
4598
2162
4622
4005
3099
4832
1991
972
4893
331
1153
818
4382
3034
3199
253
3656
4287
2271
4368
2676
3101
735
1211
1848
941
2191
1268
1101
4462
3205
3356
1146
3693
2621
557
150
994
4567
4685
566
3038
1454
3312
2046
3985
2488
187
1651
2139
2823
4142
386
3568
963
1248
632
4232
2196
134
795
3925
1672
3080
2172
494
1034
868
4504
3312
2880
3192
2592
495
88
2533
2698
2197
2669
1608
1923
2891
3470
3111
2401
3268
3780
1547
2432
2199
1908
3723
1061
4078
2522
3140
3495
2294
1945
3983
3646
4059
2777
1402
3025
781
3250
3959
627
4726
3386
1416
4526
3763
353
2977
1134
3585
526
1402
3919
4112
2104
3865
311
2489
2486
3483
2296
3597
1040
190
791
220
928
1093
4433
3672
4663
122
3934
601
2992
2213
1723
1981
2611
2391
4762
2864
960
3655
4848
3758
2794
4660
4904
2451
2628
1839
2737
3858
4998
2975
50
2075
446
592
1514
2438
3501
4799
1949
2881
4986
3519
476
4652
25
4703
4677
1152
3903
993
42
3230
2003
3020
3296
3795
4752
1380
840
139
2338
4444
2745
1219
1465
4315
2171
3583
4736
3885
3426
4414
3073
2301
4568
4952
3091
3292
2679
4665
4732
3145
2945
2308
3310
3122
740
3874
691
4936
4430
3559
4424
726
4046
4770
3903
587
2064
3477
1155
2814
304
1323
1640
2886
915
169
3654
3828
1018
3824
4160
3326
4128
307
1877
1428
4853
4655
1373
398
3653
4894
4263
696
1857
4040
2572
4617
1940
3069
513
4166
2176
388
613
2770
695
3318
4103
318
3509
1471
1934
1855
2001
1533
2624
21
3477
1309
1375
1367
4346
979
4150
442
4371
2441
3765
4645
4037
1564
552
4305
1482
1988
4698
1103
1975
2764
3170
455
640
3227
1430
4482
1283
371
899
4640
3327
2078
1925
924
1591
4588
3739
4839
2083
2301
3865
2198
144
1086
3137
601
33
692
4525
3220
3047
895
671
1935
1999
3780
4701
138
2413
3230
1490
2158
731
4434
4643
294
1825
652
297
272
2325
170
4568
1176
4273
960
4133
1002
1375
2126
3152
3039
2358
1929
4182
3729
137
291
412
2990
460
3334
2080
2801
2398
2513
3218
612
151
4791
982
2365
413
3108
234
456
2309
2993
73
3143
327
1068
2128
3432
2147
4266
103
1532
3325
2445
256
2077
4728
1565
2018
2828
3549
2572
2715
111
4238
890
4526
4811
4106
3539
1084
2645
3464
3879
4802
1171
606
4998
4986
622
3585
433
4945
1588
3855
2313
2126
2563
1397
975
3289
1912
2609
3369
4160
979
4606
503
900
1264
2749
1119
4499
3346
1160
4372
984
1431
3814
4582
4736
3175
314
4172
3753
832
2541
3265
2790
4622
1957
1195
3023
625
1493
4952
3953
2881
4807
2715
2298
2220
1937
1523
1492
1905
3067
4547
2898
631
787
61
1481
4442
4247
3733
3857
3528
613
2070
4036
4737
3745
1142
1015
4701
789
4401
1488
3875
3503
3132
3561
3799
1895
3959
1784
317
1775
791
2123
4292
4101
360
1211
779
4808
2580
4749
4841
2360
520
2708
1010
4868
2853
1984
1261
1455
334
2137
2764
2694
352
1131
1773
5
1258
475
47
1707
1326
4614
2727
4183
4681
4788
2959
1493
240
848
4111
1146
857
3240
2508
2118
1067
2581
4272
939
2152
2658
3149
520
1796
2707
1504
1253
3747
4152
327
295
4850
4676
110
4194
2514
1768
4424
2655
4162
944
4129
2380
2645
4992
4321
59
4634
4876
1037
4484
2873
1370
4185
4686
2301
4417
2062
3595
3287
3640
435
1550
4232
4821
1616
2233
2646
1023
636
692
3913
2573
792
4893
762
4840
2918
4377
2097
940
4213
2432
2566
4659
1427
40
4876
2555
4138
1502
4431
941
2186
3795
1911
3070
4059
4713
848
262
1196
4469
935
3803
260
1770
1218
4423
4517
3469
34
560
598
1278
3945
696
3723
4753
1258
1792
1432
679
2214
1254
1624
960
3860
2896
1324
4620
1619
3702
2250
3368
1952
1793
3742
3840
142
4986
782
679
4342
1872
1707
3788
1379
83
2959
2696
1945
3825
500
2561
4206
3211
259
3894
2924
25
3566
2564
573
482
565
445
2412
1578
3140
1412
3355
1377
4793
2265
672
160
3972
3751
744
2056
424
366
434
4998
4466
999
13
4811
835
353
2206
496
3824
466
764
1355
2541
406
4708
2279
3798
1888
2129
2643
1686
4557
589
4690
1654
4277
1351
4894
2139
3095
4399
1628
1504
4632
1461
4966
2078
3804
2034
118
3410
1965
4418
4471
2911
3471
1254
1029
4250
543
238
4241
4958
2599
321
2335
4563
1725
1437
2062
1728
2877
3300
1969
9
3477
3233
4904
4391
3155
1114
2469
1735
3977
1843
1356
274
134
1125
2314
3833
2364
2528
1593
1160
2
2278
2006
531
1506
752
3594
1964
4099
2960
2776
4508
4840
1603
3440
417
1290
3119
1110
2206
4851
4112
3952
4009
3610
4891
3248
2483
2629
4049
1924
239
2953
323
2742
298
1024
2570
2295
1577
912
336
4529
1275
2035
1425
897
2882
2524
3030
4715
1785
4925
1844
2681
2523
302
883
2536
4685
93
479
471
782
1144
3342
3860
2207
4038
539
1266
3720
797
3254
4409
3332
2882
2215
1310
4160
4171
3274
3735
4995
131
4595
2302
4531
4231
1022
74
3731
2617
3617
2116
4553
3607
2641
3139
206
4437
525
1116
4883
4736
898
4592
2755
4415
1396
442
1303
394
4608
3869
968
2730
1779
1980
1960
114
2938
438
2801
1790
1053
719
1334
1783
1669
795
2191
1922
3648
2920
4451
2873
4001
823
1920
1280
139
3253
1639
4046
4904
951
1395
4626
1808
112
3256
2255
982
1929
2167
3257
3622
860
2344
4647
2504
4685
2963
1646
2220
1598
3132
960
1933
4922
2227
4487
832
1389
870
1447
1782
3186
1199
19
4121
2618
3625
257
3834
2256
4850
1183
4217
3689
4156
1681
467
2059
2051
845
514
4563
2476
3552
3421
669
3193
4228
2815
2880
3495
4435
2018
2710
3448
188
1034
3943
4304
4878
1490
4983
4344
2173
2135
4608
3784
3920
184
1915
555
2885
2008
1043
3846
4932
2251
3463
1283
4684
4297
3614
236
3014
1722
4549
2982
443
731
804
1616
2933
2241
4433
3095
596
3951
4173
35
4152
402
4953
4414
4116
1091
77
3682
3702
1501
4771
3215
1259
2965
3233
3079
637
1885
3282
3008
3471
3883
720
4545
4514
825
2345
1899
1381
2916
3386
3393
2932
270
3771
2926
598
1488
271
2393
1864
940
2760
2403
1846
2721
3035
344
4341
4923
376
1164
4379
918
3124
3338
4098
3592
1345
3574
2429
918
274
1737
1168
2300
657
3024
734
2701
3892
974
586
2418
4980
3329
1848
4098
2009
3101
3867
4005
888
1037
3553
2435
2198
3181
1652
4928
4814
3189
4202
3767
2484
3955
3173
539
4260
699
3917
1002
3223
2406
3030
1907
4426
3081
4122
4139
4379
288
4721
1243
1731
4440
1331
3958
3226
238
1884
429
3114
672
3468
4608
2540
4848
4655
1381
3562
2787
3295
3960
937
4115
4303
2676
4116
3008
466
3826
1659
1572
1918
3589
2876
408
911
4929
697
4563
4793
2465
2733
4624
459
1773
1283
2360
2936
3940
2665
2502
1030
911
3145
4920
3959
1898
3380
2466
4843
2004
3079
2187
4887
4631
2094
3305
2080
1660
3633
424
1661
4139
3446
2649
924
3408
3011
4501
3356
3530
2356
2516
391
2594
3630
3614
1662
4919
4085
588
3393
1472
119
4845
155
4145
4499
382
3380
709
805
2891
3389
4115
4703
820
2484
1184
1212
2774
3680
1719
1420
1693
4247
4453
1088
1088
962
689
3636
2559
844
1077
1826
363
3759
1664
4617
3348
2039
4764
401
4692
1242
4406
3862
4831
3743
589
2374
4514
2362
1487
884
930
4140
1099
1679
2834
1530
1998
409
2968
2354
4429
3788
2692
2521
2726
1970
232
4939
4039
3153
4597
2089
27
1689
1149
1005
3489
2518
2440
1878
372
264
1593
3843
1810
3142
4385
4258
2813
4810
2197
4910
3050
2714
1376
2084
3550
197
3237
2736
2235
1932
4207
2603
3695
2320
1730
1179
2221
477
2875
2067
3342
2528
2022
1099
2957
843
4501
2686
2417
572
4048
2103
1254
1741
2571
2896
2
4136
3870
4787
2309
515
2791
899
2873
2997
3887
199
2506
4867
660
2752
1547
2440
634
2239
1071
4090
3663
1814
1255
3448
1386
944
1693
4766
4832
2648
1641
3265
2201
3200
404
24
574
186
2463
1546
3458
1764
1071
3693
661
3350
4384
4354
4260
1022
4504
808
2484
572
3054
1999
4189
2928
2524
2741
597
734
4025
3061
165
2636
2526
3535
2506
2691
1629
1675
116
4598
1851
4651
2977
1928
4981
39
3079
1393
1679
3095
1622
2211
1597
2016
2384
2133
205
59
4124
4735
2950
2137
2906
3986
1157
1439
2359
3143
3271
1055
869
1270
2585
748
4319
3035
4386
2980
1586
3204
2820
4298
1728
2105
3545
2555
4612
2493
915
4637
2196
3426
3815
1860
754
709
3162
1700
4580
854
3034
4682
4821
1734
3425
2681
276
1486
718
3810
2219
4330
1300
4705
1216
3544
2944
1230
1837
3704
1747
2845
3646
1066
543
3606
4767
160
4882
4788
2107
1528
1485
4761
3481
1280
4788
700
4032
3898
4975
1109
4585
2549
2697
1282
838
3460
2444
2421
928
3639
2847
2321
562
554
2323
4860
4495
1757
1350
3694
4398
578
92
4183
5000
4628
4751
193
4740
4467
56
3114
107
669
4732
4275
1767
2206
3600
2284
2020
3226
380
379
3526
3175
4660
4548
1913
1849
4272
4370
3013
3142
4118
1916
199
330
4219
1902
2919
3389
79
535
4923
353
4509
1453
66
526
2882
2099
3762
1600
3861
2473
3587
1164
812
3696
2661
2298
3489
408
259
359
4885
4644
2506
262
3775
2965
1461
4543
4039
3812
4131
1320
968
4405
3313
2311
116
2370
4966
2585
3602
4178
3822
911
2176
2260
4534
3800
2004
3388
4493
4903
3004
4191
592
1361
4270
1556
3925
1550
4074
538
830
2465
1693
169
4101
2989
2009
966
3890
621
3610
3511
371
3761
4558
776
2550
1748
1159
2331
1467
1243
4130
1388
4767
3766
2025
3009
4559
4133
999
4861
3855
4357
4305
4267
4890
2740
3362
3365
995
4101
2696
817
1802
502
462
4954
1422
3021
1100
4706
674
2317
2704
3164
2421
2025
1867
3292
3954
1117
584
2924
4696
3914
4977
1777
1426
1307
1945
1933
1117
2808
3998
2198
2290
120
3965
3888
3736
2749
2700
277
1728
3114
328
1550
1493
1687
1643
3292
4797
493
3035
1959
151
2754
4255
2756
2384
2336
3903
4234
2380
4682
4403
3437
3036
3318
948
4398
3385
4942
4201
410
134
4613
1145
4067
3307
4559
2234
3347
4181
3977
4841
3430
4639
1289
430
959
96
668
3917
4187
3888
4327
4010
4514
2725
1766
32
1943
1324
4265
2375
4475
2662
2265
2769
3684
3054
1897
664
2785
1390
1856
2651
3154
3972
3302
363
966
469
3442
3656
3235
893
4502
1726
4807
3268
4471
2621
1907
3267
4739
3892
4612
4473
1479
1873
1520
3936
2551
507
881
771
891
3015
4447
841
3943
3405
962
4862
4194
2867
981
2224
2028
2614
3102
3013
1148
2726
3503
678
2651
4510
4381
4207
4046
702
2491
3692
3351
4472
725
3330
2293
2616
4312
973
488
978
2641
4725
2517
2851
1686
1750
513
2423
3550
1671
1684
3720
1584
1219
1419
1616
4875
3845
2681
2531
190
1296
2730
1784
3882
2601
2324
3972
1345
1125
4361
2812
2740
3457
2462
1513
4438
2948
2143
3612
1930
3300
4487
2015
2479
1031
2947
4245
2629
2492
4665
1051
3797
2235
4619
1075
1700
3302
1616
774
4003
2813
1290
578
4841
4337
2451
2238
36
2093
2916
2992
1333
345
2901
610
1052
3055
4005
4654
974
896
3552
3974
2739
1194
3635
2953
1347
162
652
1863
840
3547
598
1812
2450
4834
1246
2098
1999
3826
48
4709
2098
1997
1812
4377
3430
142
3311
4749
4355
2324
3455
2311
2863
2846
4822
2691
1559
3230
2509
1035
3245
851
497
1327
2246
762
431
4486
1453
3870
3341
4346
3161
2796
987
4291
2260
3720
1787
3133
2468
3281
89
2778
4667
3233
3065
3119
1763
1150
2705
34
1332
458
3168
31
4166
1444
4804
2838
3882
1300
4954
2406
2772
79
3193
1639
876
3570
2210
3998
172
1805
2387
3511
849
4950
4840
1981
4721
2231
377
488
4066
4284
374
4841
1305
1983
264
119
33
1825
4696
2268
596
2893
2791
3241
3678
1673
664
816
3463
2087
1605
3537
643
325
3535
82
4737
3382
3414
4127
2370
1239
4553
3838
3075
88
1518
2018
3275
3430
1079
2428
1538
4060
2345
2817
4357
4070
4544
457
4653
4316
3178
3252
2112
3471
4087
3136
150
4428
2096
2970
2130
2126
2994
907
3586
4240
1339
149
1619
4274
1657
2864
1436
2201
2148
266
814
85
4985
1595
4829
1236
1286
2224
3890
742
3632
278
4609
4175
2347
4166
881
4286
2762
1129
3392
4975
2444
1135
1421
2616
3157
1881
4231
4756
1415
2625
1148
3139
908
1034
4582
2635
1280
1578
1357
2673
3399
95
4790
1529
4277
335
3936
4334
339
1614
4378
2324
1722
4928
3307
2758
2520
4919
1388
623
4914
1010
174
1037
3418
3174
1121
3893
2796
4362
737
4746
4779
1972
4406
3907
643
3465
1226
4138
4943
3972
2810
4716
3482
2265
4400
2195
3022
4850
959
3251
1734
587
2164
3458
1068
4948
355
1930
1541
1264
371
1287
3077
2326
2207
2347
4397
2584
492
3333
4639
293
3185
2681
2005
3893
3740
3195
770
3628
2812
265
4860
4528
2038
2594
2550
2286
3765
2711
806
611
4994
1790
4505
335
3794
3530
2823
2758
4605
4335
3279
1950
2947
3728
4445
4891
3064
907
2804
4180
2789
2619
1874
2424
4946
3644
1408
2347
589
842
918
2753
3519
3800
86
633
593
4767
1135
3770
3106
82
1731
4721
4983
3537
1528
1498
332
1849
2739
1285
4031
3847
2520
1105
1290
4535
1299
1182
2380
1276
804
479
2168
2379
101
1238
4975
2488
3174
1350
1403
3742
1476
4290
3207
4293
4702
3555
4204
666
2983
4491
1420
79
4891
179
2406
272
497
4396
2423
2704
2063
1925
1619
2390
2949
1465
2683
4763
1148
3951
644
182
4693
2401
1584
3669
468
686
1764
655
452
4468
1456
76
4043
2927
4489
2134
702
3673
4259
4050
2150
1460
1024
4643
2036
4469
4438
2699
1639
3306
4957
3496
3286
30
4062
1873
1656
3032
4124
4641
2342
4411
3481
1093
3497
1123
4370
1684
860
1956
4440
4027
4906
1838
63
598
1186
1178
2803
1538
12
418
4941
498
1448
4715
239
2905
447
2918
544
3314
3933
3922
1693
396
398
1472
3381
4121
1004
3566
4197
4151
785
3440
1780
4242
3762
1428
1665
1178
2604
730
1284
912
3262
2435
4982
3646
847
4845
4858
2079
3687
4644
3362
3210
3252
642
335
2511
1836
1759
3809
1030
529
1468
2489
1283
4676
3497
564
2555
252
4365
4454
2052
4276
2704
831
1800
2494
3804
1473
4811
1576
4819
2621
4731
2771
1166
2204
4689
316
4074
555
3941
252
3658
976
1582
1640
4472
783
1465
745
2020
2663
4537
2293
4299
1468
3280
2514
319
390
2146
2614
3502
4484
1573
4776
1742
2380
371
2135
4685
3903
4491
2052
4644
3778
418
3756
4473
2983
3927
4049
1127
114
1929
2587
4220
998
3477
1485
2630
3417
1053
202
4082
4666
691
1115
188
3507
4428
1747
3238
4318
3961
2893
4237
3010
628
4696
950
493
1873
4635
1220
3846
342
3179
4640
4012
2286
3661
4857
3430
2048
970
74
207
2676
103
3284
3171
4075
875
4681
2680
3299
80
4069
1206
1362
1756
3736
2959
4014
2923
2907
3061
978
2185
2229
4439
1357
2608
1932
1676
1597
2405
4216
2581
4310
4963
390
2339
2129
4579
641
2624
1531
4289
4236
1014
2102
957
3720
459
718
3384
4473
3272
4741
4002
3599
4630
2990
1084
762
4863
3330
1636
1420
1924
506
4429
2933
1307
1338
891
809
3470
4517
3735
9
885
582
4452
2509
4084
4893
1258
2070
4937
4889
1871
2654
4078
456
4944
1282
1384
2465
426
1122
3267
355
255
728
2814
3495
1513
3338
3676
3208
183
616
2274
1135
636
934
1238
3465
1536
3514
552
4088
2361
297
627
4925
3355
940
52
2039
4160
2043
3732
4221
3220
87
3057
1144
2749
3051
4367
3016
870
2911
3972
1120
3588
3877
465
3026
1901
2662
3676
3512
3956
4071
2664
1235
3252
2278
2546
4883
3147
1619
354
591
618
3046
2405
4326
2061
4262
2511
2864
3335
3889
4824
2350
2071
548
1927
4708
3791
1937
2150
73
1607
3542
2591
3917
105
764
264
3269
4594
386
2776
4805
4469
3181
2423
2143
2267
690
3480
4826
4874
4534
1914
919
4736
2609
2889
823
1319
3497
675
294
1078
653
4441
178
2544
1045
29
3069
1730
4816
757
2974
681
3411
3322
3918
319
1592
260
3755
4464
4315
4662
2999
1713
1053
4630
2980
4966
2352
3197
4291
255
1724
4916
3879
1833
4046
2060
1938
4221
1722
4239
3687
349
644
4026
4356
4597
3114
2008
3856
3723
3988
1653
3603
3461
4332
2871
4174
1550
4592
3559
1147
1288
4035
1964
4306
1749
1761
3191
4318
3637
1708
4563
4147
41
1264
3888
678
3829
3062
682
907
955
464
3381
4870
2357
968
3356
4349
2495
1975
4084
2441
1067
33
3722
3594
4422
4295
4709
137
1233
23
3066
1703
2904
4139
3145
3083
1684
180
4988
3798
1009
3865
4285
4017
3306
2392
1383
1635
1186
4387
298
1022
1734
1962
2260
3774
3636
996
3813
4154
177
1108
3400
2913
4972
2093
3429
1215
578
4514
3184
2540
1551
3745
132
467
500
1222
3833
2384
1599
770
2112
4834
4076
1690
4564
3694
4383
3015
4313
4831
4221
3947
2497
1799
4355
3043
1619
1771
3026
2810
3991
2120
2282
2097
121
2357
2355
273
2506
3502
4060
1344
1493
4161
4600
1424
1339
583
3072
587
492
880
4966
4885
860
907
731
2916
2624
1618
3750
4789
4805
171
1637
2977
1820
145
2750
1300
3640
2774
208
519
966
4269
3868
1070
3438
3278
3959
4662
2341
3447
4163
789
2618
4087
2998
1344
2174
1401
855
430
1769
598
3202
1247
2621
4552
1911
4355
3293
1089
4172
2371
148
3138
3659
3788
3162
3893
1965
1265
4311
4750
3310
2277
3331
4362
2891
637
691
2281
2296
4955
992
2363
3018
1906
4210
187
1118
4668
2688
3980
1248
1481
2905
1427
3873
3224
2334
2504
627
3736
1233
2409
3303
4661
359
2070
4981
2066
393
4110
3898
2606
3805
2792
2436
3057
119
2809
1050
885
2427
1763
4512
3103
1202
4368
1322
1022
2639
3778
4605
1957
257
3630
286
2583
4189
1662
3809
3741
1532
3151
3222
2477
3535
426
3864
4753
4377
3886
1053
77
1034
1422
3772
4402
1460
1622
3037
1518
3827
1809
3700
1155
4245
2862
1422
3151
2078
3674
1636
3439
4257
2636
1711
1195
4452
1558
2549
4269
798
2838
315
3769
3873
2812
370
3869
1336
3098
2867
4695
234
3347
751
408
191
614
3776
1591
2474
821
1461
1718
4163
4581
3713
1880
1774
1889
4636
4281
3516
2292
4396
2069
3595
139
4011
4261
1888
2446
3973
3353
2319
2679
2594
3575
4258
361
1502
3985
4894
2759
2957
3331
2404
1811
1044
2150
2295
4843
1009
1579
4233
4167
282
2123
1431
3341
2448
4597
4141
714
3705
879
1698
3789
2721
4447
3456
4001
729
2278
4844
3093
2137
355
116
924
1695
2407
817
4182
3839
4335
1215
4984
971
2357
2218
1962
1741
525
1959
3011
3430
4656
4300
946
4868
517
742
2067
3985
755
679
4062
225
2637
688
3963
1004
292
2010
1114
3123
743
494
1759
4033
4289
4657
4254
1457
966
4351
3858
4930
2606
4055
2728
2557
1653
4854
3520
3429
1311
2913
4763
45
255
1916
1472
2582
1790
126
4110
394
4344
3340
1085
3193
1873
2319
4831
2262
4535
1315
1828
341
4910
2752
1868
1529
4480
1530
4812
623
562
1682
4034
2786
1951
3425
2386
3335
3771
307
2238
3293
3997
4318
1735
3200
1038
2958
4228
4212
4605
3810
1967
2218
1390
2710
927
2216
139
3246
2145
1271
647
1032
633
1306
3558
2951
2814
1020
477
2849
4955
1376
3767
1592
1541
3183
4040
971
987
2765
4695
729
3002
537
4078
3686
3362
2305
183
3630
4516
2285
4851
134
4984
1669
625
3055
2405
1930
1464
3940
3287
1352
4504
1385
207
1860
3481
1912
3255
3219
3180
331
1060
4526
2296
4180
4194
2517
2908
1785
649
2148
3889
3855
3327
1747
1321
3867
109
801
343
4932
2457
3783
1691
132
2636
1897
4002
3105
1579
222
532
1360
2563
3094
1960
742
4658
2618
2423
4954
3754
4188
4302
3076
1469
1609
3961
127
4496
42
2345
4083
2282
439
1039
908
1023
2017
3245
1732
3330
1974
3990
851
121
2880
3356
4260
4813
3287
1734
4932
1813
947
3526
1433
3203
2543
2629
98
4328
75
310
2659
3214
1315
4747
4366
3521
2193
2382
642
4524
2832
1290
1636
3973
1948
4893
4094
941
643
614
349
2817
4649
3266
3113
2809
3968
898
3425
4322
537
3331
2245
3343
2521
468
1574
2756
2882
4894
2009
4455
1119
67
1881
1946
2173
2374
3314
2922
1388
302
2498
3432
1083
4992
3618
2568
4169
4939
557
817
4750
1517
2793
3539
1949
4845
4216
1629
4669
3974
4442
4059
2705
1680
1955
1118
2156
4
4241
2465
4494
3941
1102
1228
3730
3979
92
3434
2658
4581
810
2827
816
865
4448
1825
4648
3500
1856
101
4620
387
2353
1473
4141
4269
2980
525
1900
4225
1701
131
318
3949
3224
3813
24
3666
4045
1814
4252
1769
2319
152
1252
4845
2651
2057
2884
4404
150
4709
4093
2166
1772
1530
3200
1127
1985
4170
2948
3703
4600
3825
2932
13
3028
561
3316
4584
4472
2724
3366
1030
357
1091
1440
1997
3663
3809
1370
2329
1138
2092
1976
617
4958
4966
1260
4620
4852
3108
4543
2109
1093
4681
2374
1845
4547
470
4668
1230
1122
700
897
1321
2219
4185
3988
4887
925
1561
2266
1617
2963
3138
3716
172
2169
949
2391
3288
1991
4167
4180
3127
4154
4644
766
4323
224
1072
140
4025
1304
2950
674
2759
969
4009
3460
1983
4173
2860
1740
1100
2988
4126
4187
2169
3960
612
1129
2340
2534
4972
3193
53
1921
4664
4188
2884
1069
3306
9
2737
4178
202
3297
4700
2588
3127
1149
3174
1428
3002
2553
3343
4444
3893
2439
444
2725
2603
4491
1417
3261
913
76
2240
2280
2634
1537
1301
4179
4175
4653
1171
4491
203
68
2256
1047
237
1066
4876
4751
4370
853
3160
2671
3074
4280
1182
2356
570
3987
1975
80
4928
1107
1848
4102
3381
4663
2177
2743
4033
2702
3125
2331
2148
3021
4213
243
3230
754
862
1208
1827
2857
176
877
1976
2693
4983
3980
3805
245
4536
3972
3380
1699
4311
3848
4825
392
306
1918
1636
92
2747
2701
3507
4519
645
4284
1223
2034
3939
643
199
3674
1430
991
3951
3618
3029
1154
62
1744
507
3081
4503
3259
1553
896
1190
3172
4482
1335
2812
4959
3789
1442
2541
256
3228
582
1242
524
2245
3735
1324
3758
4812
3892
3451
2725
4463
419
4353
1455
4209
3272
786
98
1131
2034
307
3009
970
62
3418
3479
1838
3631
3549
1076
476
1721
4610
1623
4252
3076
1950
2199
232
1329
2373
1349
3415
3875
2525
4978
4262
4790
1479
2217
2161
1370
2087
363
3296
2894
546
1014
4505
962
50
1857
1529
1272
1411
3814
1831
3329
25
940
2688
2163
2174
1174
2134
950
4360
4032
589
4643
544
4629
3725
1996
923
975
2323
456
407
3246
2185
240
2993
2743
1480
713
3273
3913
4752
1779
3997
1884
4316
2945
3159
2327
4983
835
1503
787
3563
1721
1697
314
2182
2009
1510
103
2659
605
2410
1111
929
2229
3433
3337
2742
2671
198
1298
1309
1242
1659
216
3676
4797
1381
561
405
1371
2288
1370
1275
2933
235
3404
4005
3943
596
2222
3573
94
3691
644
2815
1096
3187
4214
1760
3302
3274
1104
1698
3021
57
4482
1327
19
128
1306
874
1061
2662
2421
3383
2788
343
1605
233
2256
2073
3217
3105
1461
4666
3276
2911
950
2278
2555
72
2940
2006
1329
1333
3500
3070
3230
4258
4023
1204
4869
4965
3465
4821
1547
1740
4585
3217
211
4651
2235
3979
3290
4307
2607
4427
4569
4836
4172
4172
2900
3133
2880
2427
2594
4862
1443
3612
3493
1438
2057
161
4036
547
3602
1725
3721
450
2796
1171
2310
787
4946
2172
977
4015
2694
4304
3385
3388
4679
1675
1610
3061
218
4928
4746
3622
4029
1705
4382
2826
1745
4390
855
254
1739
4341
4524
3823
1420
4087
195
2206
4221
3716
3401
3646
751
2810
4736
4702
2317
3789
1268
3789
1720
3139
4547
481
257
1277
4389
4470
553
1708
2666
3050
2096
2782
3619
3236
372
2220
1224
4079
4956
3144
1532
1929
610
1500
4250
2947
3228
4027
3971
409
3843
3951
4901
3714
3928
3958
4327
2246
2183
1156
4589
4519
2604
2684
3269
3626
238
1980
826
1943
4473
3570
2493
201
3697
1360
3125
2484
414
2357
2488
3144
1259
427
1588
2551
106
75
1553
598
2023
2895
3674
376
3698
1847
3351
3990
1996
3936
475
4686
2501
2302
274
337
641
2089
4162
1232
117
4655
2018
3630
4302
3880
2684
3049
3979
4652
2283
2698
3115
4235
2523
2563
1694
2187
1716
4749
4584
3896
3270
1146
2338
1489
3916
1253
1880
4903
1061
1598
3173
1228
4415
1826
2472
3632
2055
1935
2218
4521
2397
2932
1181
2537
634
130
1352
766
213
2139
2503
348
699
1733
2492
159
3835
235
1908
1994
1276
3198
3077
4269
2449
4941
497
4236
4238
3365
490
1442
502
1388
99
2065
4881
191
2634
4477
3035
2095
4909
1668
4390
356
3965
1421
2363
1701
4553
3859
36
1260
3613
980
1731
4748
721
3024
758
234
2833
2451
3695
4331
4684
2083
3225
3525
2539
3468
2194
63
4295
2185
619
3996
3428
3886
448
2661
3497
4629
1421
4453
1028
825
1161
1159
3742
2522
1853
4746
4228
842
2488
4629
1686
2028
2403
3134
3913
581
583
4407
3650
383
2980
963
3532
2269
3046
4871
3501
3859
2705
114
1554
4263
995
4957
2976
57
3265
2130
4639
34
210
1026
714
562
6
2556
1671
3155
4140
1487
3126
3993
4513
1730
970
819
2104
1392
476
3941
2219
795
1210
1573
4757
2568
4796
726
2663
1338
2643
1943
1567
385
4751
721
3482
3938
2241
1203
4377
2445
3657
817
1756
1394
2584
1236
433
3651
2172
829
1742
4869
4085
1552
2519
232
3067
1551
957
2554
2013
4443
1320
2820
2877
246
1910
3157
3551
570
3977
540
3268
3145
4771
4105
1888
4706
772
2790
857
4785
2645
589
1692
24
3682
1677
1512
858
3655
161
3033
652
434
1433
3725
2949
2223
1456
897
2085
4313
1383
4057
3340
2857
4326
1333
1207
1158
3994
3749
2933
1239
4892
1347
3575
1848
972
1153
1490
2398
2989
2204
2965
1402
2214
3758
3759
502
661
4975
1806
2236
1029
804
546
4860
3371
784
4057
1031
2081
2948
3004
4805
2432
2676
4594
4861
953
2119
1889
2464
1545
3111
2807
3703
2980
1208
2847
3094
2477
1155
1671
1857
385
3444
2538
719
1104
725
4222
222
486
28
3241
3261
1050
33
135
2284
4651
1370
327
1968
2337
3536
1915
4458
4266
1745
1413
3845
3893
995
1062
4887
3360
2257
1971
4772
3926
1690
170
4329
2386
4873
406
4193
946
1135
3596
469
681
889
3232
2605
258
2199
76
3287
1721
821
810
4938
2263
149
4780
1236
2819
857
1186
2221
4627
3426
1421
1258
1650
2037
2795
1552
882
24
2067
4652
440
1003
3853
989
1808
4330
208
2694
4712
2053
1089
692
2971
1138
4768
1042
4874
339
4778
1610
3576
3412
991
2797
3403
147
798
721
717
3496
4215
786
1478
3755
3365
4188
4220
4130
1470
2716
3186
624
4862
4360
563
4320
1481
3408
3140
3529
3339
2210
2391
13
349
2066
584
1790
1097
4522
2512
4789
455
1209
4070
1221
1883
486
4286
1047
3255
1236
346
2696
3014
1387
3817
1256
4707
2377
3865
1530
2624
4067
705
1517
3305
2849
1431
1353
804
3317
2723
4528
621
949
89
2794
240
3532
4954
3855
3964
3839
3840
703
1275
2521
739
104
2510
4302
2166
4735
975
4997
4170
4467
1456
2467
1605
3403
2024
2969
3168
3940
3323
2308
4689
3448
2104
4575
4641
2116
4411
1124
2095
1840
3148
122
332
178
1033
2048
3612
381
4712
4517
747
3128
592
3020
1790
2860
4026
2319
1055
4667
3779
4266
3256
3775
790
3951
2856
2622
3469
2900
1751
3999
4433
1354
685
3454
2022
4399
276
4452
1853
1896
2066
59
488
3872
2973
2700
4396
3977
1618
39
3577
3247
2938
4066
2272
1416
4044
1816
2075
1777
3841
2591
2390
3679
2466
3994
570
4505
3978
1671
2855
2276
1161
4396
2317
546
2914
4477
4574
3552
4159
266
1635
2516
3419
3760
678
1775
1367
2301
3669
1775
929
2383
118
2279
3199
3836
2505
3738
85
94
1221
2102
3551
477
1885
1871
3310
912
4124
1167
4796
1095
301
3732
1297
4138
2628
4138
3453
1976
351
4257
464
4883
2920
1172
1013
4491
4303
3375
1978
1183
761
2376
57
3806
673
4899
1666
4116
1331
3773
825
2572
309
4552
2743
2935
2360
2395
124
2004
1308
1508
1801
4884
4937
57
1290
2676
4430
2994
4418
17
800
440
3326
3412
2364
1157
2266
4956
4195
3531
2925
142
106
630
31
4932
1122
294
376
4546
4272
2135
1036
3103
1468
2922
1833
3906
2121
465
2019
337
4364
3474
3967
4062
927
4163
4437
3693
4456
836
3167
3006
4897
421
4869
2478
1674
1388
4350
3651
2799
1644
1419
1992
2749
3463
1712
1018
4830
4640
1264
2677
3914
2412
1419
103
531
1287
2806
3254
1409
710
4038
1216
4954
2826
3701
4575
1608
1172
3417
1891
4781
610
3745
3258
3094
767
4264
2587
4796
2179
2759
3781
921
1923
2926
3391
4237
999
491
1431
4351
697
1279
4145
4813
4949
4613
4763
1678
4915
3300
420
1556
1267
3903
920
1804
302
2249
1349
264
448
4579
1449
4451
331
255
1355
2763
2379
201
4190
3978
4371
2741
3325
233
744
2289
4986
91
1334
408
1364
3774
4482
3146
46
820
2088
3429
2008
2030
2061
502
2207
3313
3329
1305
3445
2968
4379
1781
4878
1918
4949
4339
2189
3355
3519
3672
4570
4764
4982
111
384
1994
4732
4030
1134
1506
830
2093
1460
611
882
1691
2896
319
2299
1044
4049
4028
1682
3667
813
4877
2972
3883
2132
4630
4920
3672
274
2696
3070
4491
2695
978
3620
3769
4449
993
2457
2632
4077
3717
3415
2887
804
1718
4639
2761
3970
721
4476
2784
4161
2889
254
2364
3142
80
2147
34
1548
809
1489
88
2630
4717
525
3065
2445
443
1700
1857
4244
2409
2158
2050
2418
4528
1555
3445
4760
528
4417
2756
4077
3775
3151
2663
567
4002
541
1536
1315
357
796
2315
4355
3357
2196
1823
1976
1331
1684
2801
3561
4421
4071
3396
2379
1190
4793
3091
3539
3943
42
1891
767
476
2317
1558
3864
3791
3677
2394
4484
628
4792
2509
4788
616
755
214
1359
2967
2874
3574
2886
3826
7
4588
4992
453
3054
2544
408
4174
4764
2995
3205
1333
4845
558
4384
208
1990
441
2438
2452
14
1014
3482
4060
802
1358
422
3918
4855
1453
334
3427
4945
3127
2160
877
4754
3127
3941
1681
2699
305
626
4921
4308
4937
1353
1253
4729
3611
2897
3157
3183
3864
3623
1037
3385
1135
613
1828
2526
1069
172
1953
1544
4211
1426
225
2905
4557
4167
1827
1876
4075
1263
273
453
527
608
3371
371
4400
384
3779
625
3985
483
1878
4084
4665
1024
1537
662
2814
3460
4563
2370
4579
2554
4216
1903
2081
1399
208
2381
2536
1832
4044
2067
3428
414
1339
2471
2166
4237
3767
4293
3078
3203
1378
4580
1383
4827
1956
3676
857
215
4914
4704
3796
2714
4743
812
4877
2191
3279
1260
1284
4853
3615
3564
2539
552
4161
299
3511
4256
2097
820
4093
1045
2182
1405
894
4151
1120
3913
3369
2864
4296
4876
4292
1987
1654
3615
3057
4420
367
4286
1246
3734
4857
211
1793
4458
781
3560
1940
4718
3556
2265
3058
4676
1729
379
4714
3926
3286
817
604
1059
1066
2915
1353
3457
1429
1946
3466
3589
3075
2701
4669
4661
2065
4436
3896
416
2116
2401
2863
2765
1742
4598
4479
1634
3294
452
3409
1658
2256
2093
3457
3375
2383
2718
2665
4797
4214
4876
3036
4413
3714
3897
1070
2729
2553
1472
2880
2086
798
1934
2681
237
4050
1440
106
4964
1091
2781
3740
4211
1435
1397
1767
2332
423
4690
3557
4697
3544
1936
4531
2031
717
2321
4688
3411
4461
1149
1553
3716
2779
1445
1514
4657
3142
4740
1814
1459
593
66
2748
562
4021
146
4268
2868
5000
4940
2903
2092
3946
4964
3365
3669
2374
217
1991
3553
1531
339
4952
2428
111
207
3811
2529
3501
3528
1332
2386
2995
3469
3649
3412
2101
1161
2477
2962
2446
699
913
3107
1696
2599
3503
1221
3313
4806
2310
3368
8
300
1114
2404
4814
39
2810
1172
3267
3346
3117
2387
3772
1848
470
3267
3518
4685
4199
475
3163
1515
768
377
2961
652
3768
1291
3553
2387
2329
4589
940
3004
3511
3038
3812
2773
1695
3888
4832
1984
300
1584
1974
1276
4192
1041
883
2436
3235
4879
768
4454
3393
4893
2342
788
233
1216
2639
1248
1191
479
4716
4755
143
842
2136
871
4622
2857
890
1780
1161
595
1598
381
1434
4533
1993
441
4806
3986
96
1124
3324
4925
4020
4149
435
4646
761
4764
1480
1216
4971
3052
4935
3383
4534
3027
3766
2266
4482
525
1040
500
2822
125
1100
1666
635
2504
1806
2993
42
56
4218
1093
828
3237
2699
3690
4898
984
1895
22
2483
1622
2234
731
58
2905
3178
4430
4196
1066
4283
1602
456
1469
3210
4132
339
4003
1013
4398
2077
4214
4196
1282
1195
3209
1709
4706
1610
1162
2564
178
139
4287
3883
2345
2869
378
4
4718
365
2994
566
1893
1955
3385
2941
2301
4850
1195
3109
4733
2601
3341
4014
2182
3769
106
1838
4973
2858
2629
3004
144
3723
2579
4040
3173
514
216
203
2918
1478
2996
4825
107
1521
4753
2297
3189
4287
358
1707
3604
1942
4209
4452
1704
774
1754
3923
4580
475
2508
3807
2631
2631
3837
4071
1575
374
2015
4628
3089
2557
3945
1799
1402
2378
3364
2957
1871
4636
415
4288
2413
4517
2877
2733
4136
2968
213
2607
159
3858
461
1902
3280
3742
4263
2515
3301
211
215
4282
2968
4314
2414
4545
3978
4975
3189
982
1557
597
936
833
1528
687
7
1980
4378
3955
4164
731
2291
2894
3351
970
691
1776
4978
3684
1239
2651
3522
3741
188
51
4473
3636
2571
3948
133
1209
265
1944
3890
2715
2390
2030
4943
3646
311
3867
671
4720
4088
286
3756
4560
4777
2501
2639
2037
2168
1882
4264
3838
95
661
4736
4772
3309
1732
3648
2593
3439
2286
647
2304
1603
2909
1744
4494
3120
1363
3185
2142
4638
523
1207
3607
227
2029
3118
4561
4490
3078
870
515
2264
4718
4885
3638
2051
2266
331
3745
1244
298
3038
3406
4819
1052
2563
1837
2164
1432
3519
87
1290
793
702
1371
281
4899
250
736
3332
3320
552
1715
2314
1519
2788
4143
2215
3149
3829
1081
1249
3733
1262
4460
2118
1764
1033
4850
4468
1678
1100
3325
2738
4170
2531
3895
4007
4245
1026
2959
4572
2143
4971
4358
2905
4588
3898
4939
2853
1614
3542
504
2115
4979
135
3362
4875
763
633
3818
4623
157
3973
2515
373
813
2180
3537
685
2871
4147
3147
3487
2491
4322
3754
4412
2929
3710
3866
3987
1888
1853
4010
2034
2527
2285
3584
3344
373
4173
3752
1047
3122
1285
1225
4930
2972
3493
2041
4231
3024
2812
3460
4252
4392
2129
2179
4594
4034
1948
1664
4995
1166
3716
3399
3288
2206
516
210
3280
4737
1192
2290
3106
237
3446
4871
4464
1632
2635
491
700
1731
25
735
4758
4140
1231
3984
2782
3934
3124
1490
716
78
1273
2227
4992
1780
4176
3995
3139
3856
1205
3678
1837
2776
2300
4900
2786
4985
3665
4733
1990
3469
1175
3995
1381
3772
944
4738
2971
3785
4303
3766
251
3459
2966
4082
3228
422
3444
3840
672
1388
2231
4509
3858
4888
4375
4298
2536
4104
3225
106
3593
1420
4096
1501
1342
3129
4606
2000
1499
97
3905
364
621
2385
4074
2683
3871
128
4331
1983
2583
279
1476
1261
4186
4316
1000
2338
3381
4500
2279
2934
1271
3508
4614
3901
74
1752
881
2871
4143
2307
2816
4466
3355
909
241
2860
4123
4752
1805
3805
2991
4097
4222
1125
2377
28
1326
419
3696
3330
2442
3487
3261
1953
1523
1407
798
2899
3837
1310
2037
919
2282
2866
438
3069
1224
2455
2296
3265
652
79
2323
1698
3943
4480
1737
996
3297
2277
4844
3334
740
1132
2246
127
3176
562
2849
3898
898
4106
892
2911
2171
4596
3563
3451
2140
4275
4229
351
2236
760
2605
4380
2944
1167
3161
2070
4585
3808
22
727
3141
4113
3288
3724
4547
2883
1127
434
358
3388
3954
1523
4816
3139
4763
4083
3593
564
4823
3057
2319
1840
2271
2356
4475
1141
3824
3658
4385
983
285
4806
4404
3267
4980
1585
3998
1649
1535
3652
3202
2857
3250
4465
2748
1177
3832
771
3358
2278
4191
2465
2120
2753
2113
3195
4724
1940
2594
4765
24
2736
2455
1724
3680
3029
4140
346
438
924
3038
4005
1322
3089
4893
3778
248
1486
144
1781
767
3520
1936
2512
1974
3410
3433
1906
3527
285
4509
2758
329
4663
1456
4891
2701
4371
186
3035
1797
430
1356
2168
155
470
2806
4525
2929
1581
1866
4988
1412
4458
2324
4162
4160
752
4583
56
4310
2662
1557
3671
317
1832
2843
1380
4919
2698
2765
3551
3804
1301
4631
2880
28
420
3621
726
3153
3241
3749
1155
1498
4232
922
4505
2647
461
3481
1486
18
1420
2520
3652
122
4946
2280
1569
3460
3361
2563
3350
1028
4306
1057
4474
4942
3413
3229
4929
4485
3068
4396
4383
4068
361
490
600
478
4588
4147
2701
2167
2327
4685
2295
3919
1153
1488
2164
4926
3140
4037
512
1011
1133
2810
1947
3209
522
737
4620
3284
3169
4306
4266
4924
446
4602
4423
887
844
4788
4085
369
4201
433
730
3468
1624
4588
4657
1353
1345
17
93
2222
1202
3213
1917
4419
3129
3064
287
4196
471
2697
481
1248
2267
4539
60
2380
3295
4557
1589
781
3968
1552
599
2625
2608
1832
3327
2865
754
4634
3828
3228
1048
3101
1421
1610
3117
883
1609
1215
4083
268
2737
843
3680
3468
920
967
2836
4731
4006
979
3498
1875
3623
4065
3721
2344
4148
625
1406
2157
4503
4844
1975
4655
1728
4918
3646
1234
3032
1844
595
566
4732
1340
2860
2427
2953
4535
546
3201
3058
1112
2152
2547
1319
1773
3223
1554
94
3868
3768
3611
3580
3412
2791
4144
3630
773
2848
3112
2420
1550
4565
242
1554
4328
1191
60
4516
3801
2566
2947
2349
4960
3182
130
889
4259
3309
977
2209
2559
4655
1050
255
514
292
2253
130
4689
216
746
4261
608
2243
1227
379
4428
4874
4386
629
1167
2792
118
413
260
3226
1380
3766
1472
4834
4734
2384
2114
4974
4860
1155
3462
3979
2453
586
3004
3112
1150
1676
3413
568
1739
3757
4857
3854
86
2692
181
3455
4373
4505
3783
4029
3273
1321
3407
2098
914
319
4327
3597
3603
2735
1054
4111
4509
3466
4275
1365
4640
2261
927
2510
4863
2773
3109
1088
3968
3366
3961
1008
560
2743
1687
2945
1570
1617
3039
4668
2173
2346
183
4455
158
3774
3840
1922
4053
4557
2649
4667
2817
3871
4986
4801
1074
2369
1099
3515
3239
898
943
4100
3031
1092
4894
4585
335
4746
776
3337
2247
536
3269
1205
3641
727
2689
1820
356
780
3447
3896
597
1562
4840
3031
3119
4725
1178
159
4696
2373
3742
2129
1408
4061
547
1174
3669
1736
329
4991
143
4367
180
2099
1846
322
3169
3128
3752
4471
1778
1063
3960
1486
700
513
2824
32
4662
102
2029
2998
3682
578
3028
3834
2092
1064
594
1664
178
2586
61
1729
4791
172
1546
823
3843
724
705
677
3950
3964
3152
3669
3949
4693
4394
4691
154
1177
3923
4522
578
3579
4787
1762
2723
1258
1893
4208
4208
1701
1098
652
263
2566
4130
3994
2647
4964
1772
4022
2431
1049
3262
4074
1726
1990
2604
3307
1138
3243
2708
1814
2889
363
2656
501
2062
3762
1713
2899
1899
2727
3959
4325
3854
2110
172
3728
110
1563
3523
4150
178
2031
4580
4654
72
1289
4819
4226
3240
1251
2865
3098
4735
2179
825
1238
4253
2830
222
2853
3019
73
4047
1309
2725
2358
985
1205
2931
2386
1246
2694
1178
2526
2906
140
2765
4318
2002
4188
2151
3590
616
3673
1765
4239
2955
3015
1014
459
360
858
1900
3274
4251
4477
1091
4445
1127
3655
3396
195
950
1853
1547
2831
1534
3484
2978
3024
3889
2015
625
1900
1537
3567
3688
4907
4278
4251
4258
1919
2373
897
1522
1942
3856
4705
975
4078
2397
1408
71
27
2736
713
4199
517
816
3599
3945
1479
4774
101
138
429
1972
950
2776
3280
4970
3154
85
3293
1850
3338
4050
4759
1198
2806
1196
2209
4404
4720
2906
2514
3698
4201
1196
3095
3166
4543
314
4555
366
4156
3660
658
2869
1540
2000
2662
3520
2156
2709
461
4042
730
1979
1208
2434
2910
4331
1220
1797
2391
1122
1549
4847
215
889
3073
443
1354
4236
3409
2435
2756
443
898
152
3211
3991
4283
544
718
2551
4007
3444
781
4476
2061
1758
2373
4264
679
1808
3924
3658
3769
140
3872
2530
1719
2717
4379
18
4605
2255
3335
3164
3198
1992
15
2383
4539
4096
970
461
3577
392
4222
565
3620
350
141
3917
3822
4153
4866
4018
4388
4097
3390
2013
1037
4352
4135
2045
4379
4914
3980
2262
1808
1607
3231
4365
4011
2458
226
2953
975
229
1303
1234
2478
2319
611
3425
3150
4889
4050
2772
1450
749
346
421
4772
3797
2637
3296
1481
4717
1203
3402
3586
321
2817
1545
2670
3038
1036
4350
345
1114
4481
1313
3797
832
2622
133
4031
461
3133
2119
4095
2441
4700
741
2387
3725
2154
2048
955
1793
1345
3962
2676
89
4669
1847
2448
1781
4402
1300
3340
509
795
2714
2986
1614
1634
3252
4218
704
918
848
2336
2181
959
3294
1202
2885
2472
167
4671
3769
4585
542
3435
4466
1325
3015
233
3998
146
268
3195
4099
2554
563
215
1662
568
1532
3560
1922
231
3897
1734
2437
241
4412
4241
1733
2123
3505
3428
3735
3748
1281
3240
3279
2852
29
1138
182
4277
980
2478
795
2320
198
1386
326
2515
3834
1502
3375
3302
351
4609
3776
152
4752
1129
377
4967
1369
2683
59
3315
6
1377
187
1679
2436
1942
3315
845
2890
537
3782
4508
2367
3199
3650
4022
4784
366
3204
2659
1144
1649
1976
4784
1818
3268
2371
42
589
2102
2192
4525
2490
4865
2130
4506
3252
3628
1411
305
2627
2802
3001
1893
4648
1322
709
1631
1004
2933
1277
702
3951
2381
2081
1396
4274
3526
3706
2955
2663
4339
1044
2188
4697
4827
4581
1690
3686
258
594
2980
715
1557
1150
680
4712
1303
62
4467
3233
837
3360
2758
239
4050
3855
52
1497
2072
648
552
2024
2510
1729
2848
1251
4442
852
3235
4475
3042
1680
3732
4528
2059
4186
3358
4816
3402
1009
4759
194
4976
619
4605
1741
1015
3846
3681
1845
4850
4151
2039
4146
752
4413
4621
1832
1407
709
2450
3428
1779
2588
705
4095
2094
231
2323
682
3598
4727
4049
3808
2952
3705
616
1595
3612
3355
793
2822
1928
3182
3562
414
3060
1239
2124
1895
1913
2368
4751
1934
4200
4695
905
4589
2310
1470
4588
1970
1525
3302
3803
439
61
4082
410
734
1886
3637
596
2828
2623
1056
4501
3212
284
4853
3610
604
3909
142
1418
104
1045
1373
3817
1858
1213
4364
718
3160
3615
2450
3187
3715
4779
640
1397
1009
349
489
2421
3175
1118
3784
3500
4483
4319
1821
1862
3796
2206
2669
2974
628
799
3237
811
1071
1017
681
4189
4513
494
2443
3328
3451
1992
166
4991
4250
4802
1914
28
3372
1635
4720
3938
1653
1661
2039
1576
1905
3517
2173
3726
4916
1811
1907
3213
2911
4426
2603
1435
2691
2767
3957
2005
1425
4932
4241
1230
4763
502
2380
4973
3785
1548
3992
3370
2973
969
2863
444
1260
4083
933
4891
1634
3140
2424
2435
1127
1623
2254
2628
3205
1340
360
2981
524
156
200
3736
133
2793
1482
4614
3880
4618
1519
2205
4759
869
1836
3433
2688
600
1724
3746
929
901
4667
816
1023
279
4808
355
1391
1053
2875
459
2002
2744
916
929
2673
1695
1500
889
1755
4109
1031
4677
1471
4294
4518
2170
567
530
1555
1034
1930
3265
4378
4572
4566
4851
2838
3170
3416
4709
4813
3906
2885
3166
547
414
946
3277
2601
1683
2534
74
4716
2431
1173
4787
2798
3540
3295
3733
287
496
3422
4062
4799
380
5000
1183
3625
1
4041
216
847
1845
2683
4562
3843
62
1184
2563
604
1795
175
4817
3038
455
2785
1969
441
3213
1678
4173
2248
1438
3851
1241
2345
4988
2479
4356
3657
2850
313
1378
1099
3489
772
4388
4188
4832
159
993
2957
1049
147
4023
1685
1841
757
2839
1761
3281
1969
3345
2293
4822
3943
1578
2579
4365
44
606
988
3253
1754
4336
2580
2617
2530
2215
4593
2098
1606
1980
1744
419
854
2027
2578
3483
2992
4621
4305
3290
2742
2218
3439
4204
883
1764
2844
207
2997
3576
1929
2469
4358
3218
1539
397
1831
773
3719
4473
3454
2950
3073
4304
4829
694
3335
1684
384
2331
3517
1699
4101
2922
545
705
2232
2308
4548
680
434
780
4895
423
1324
1413
4314
4781
282
144
3577
1763
4149
3586
3484
3452
1818
2552
592
2210
2193
3492
3798
4873
1092
1813
4576
3846
163
503
3613
3799
3049
649
2418
3075
398
3990
1754
4732
3646
2867
530
753
3138
18
2762
4592
2401
1739
3114
2285
4771
3503
3286
2790
4783
3428
3998
280
792
501
4692
3071
4634
1905
4266
36
3520
3385
3010
862
4539
811
1850
1048
1600
2751
3735
4361
2599
2741
1823
3165
777
211
1911
3112
249
2661
3699
4800
1790
744
3162
1055
1993
3302
1249
3068
261
92
1302
632
1294
3730
3979
4878
571
4020
1695
2125
4402
2776
772
1943
4932
4679
4529
4392
3251
2139
1430
4782
1366
1919
2675
2386
658
4427
4779
4874
3364
398
3577
2925
3706
3014
1068
580
2101
2122
3504
4929
3003
2910
1019
2073
4176
3766
4738
1733
2708
2836
2470
1635
2847
832
89
1821
4719
4717
1512
3128
4527
2721
4204
3202
4795
651
1629
726
979
880
4220
3759
2231
1719
1843
4417
2969
1806
3790
4715
3001
2837
1508
1428
2229
2751
3343
4331
2335
2109
4961
131
1460
3138
479
3243
855
3921
939
4325
2240
1506
4051
1517
4200
4328
391
1203
4784
4930
4830
4847
2886
4140
1804
3261
260
1953
3243
1261
3130
348
407
276
1796
150
674
2290
4318
3977
3130
2357
4733
1901
2942
3095
2903
1175
984
2842
1862
2823
534
2557
2978
4631
1880
3624
4804
4879
4191
1204
1406
2674
4771
3038
1975
3232
3040
1324
4008
1212
758
1292
3188
4092
1985
2645
4391
2610
1888
3121
4990
3821
3890
3502
4934
254
4053
50
2894
4487
172
2914
4919
1522
1034
3317
768
642
2548
1828
2162
103
3082
2108
3655
2250
3903
1892
824
1502
3036
853
2205
2255
828
4719
3182
3490
567
1492
3541
3064
1134
4858
2853
3108
1480
4907
1099
2326
413
1159
3497
1092
3615
2150
3894
332
2830
4513
4900
3817
1740
542
1503
2829
4880
1918
74
3230
4871
2554
213
1108
2906
1240
2728
4172
3238
1954
522
483
4662
4413
3719
2558
3407
3014
4402
2434
4259
3535
2177
1439
493
4953
3526
300
2892
1009
1565
3613
1297
3400
1308
2806
2868
3642
2898
2572
4419
4714
647
4746
313
4330
3600
705
4241
4668
1738
4024
1257
2136
1402
3075
3813
1912
894
3758
2809
3576
1736
1881
1759
1269
2434
620
2121
2623
898
1653
312
1682
3317
4387
4433
4747
1957
290
1727
3059
2921
1072
4682
1492
2889
2165
4421
4432
4637
4732
3738
1558
4014
3931
700
4236
2259
4321
4377
24
4443
3164
3876
2838
566
1022
1676
1437
1296
3040
1813
2923
4298
3114
4514
2067
1669
3354
4091
548
1148
2139
2395
1574
1739
3160
513
3118
2936
4826
2470
2216
1071
4690
135
4338
3975
4271
4228
508
4323
880
3035
3855
152
4946
2162
2379
2853
823
1585
2842
4093
1166
4759
1634
2304
3755
4907
2882
869
2711
2764
2865
36
1346
991
2099
3160
980
291
3058
3198
881
1503
4087
2647
2396
608
4804
1438
4271
2414
3744
276
801
1775
3872
2526
947
879
330
870
3894
1586
2432
3960
4072
2319
4968
4885
2574
643
2562
1665
2303
2799
4835
3552
1859
3917
4039
2600
4769
4251
989
1953
3345
1961
3401
2704
3529
4018
3171
1461
3215
356
4303
4112
3967
907
3292
3963
3525
2848
840
2384
4734
3541
223
172
2654
4023
3561
484
1592
2356
3754
249
1654
4496
2802
4361
3843
2172
1465
401
3552
3247
1337
4812
4691
2918
3504
602
2161
1870
1666
4773
1829
353
4228
3218
1628
54
154
2331
4480
4941
4000
3105
3929
3946
1138
4104
4339
3742
1746
2202
1354
1251
270
3984
0
368
3330
3712
3090
936
4053
60
1459
1178
3614
3940
4465
2935
322
4195
602
2363
169
2248
1666
4294
931
4986
2104
2847
1255
583
4797
3663
1879
4160
2328
1584
4999
1772
2294
3720
4161
2344
1473
2236
4204
704
4538
104
1348
151
4171
292
3177
2946
491
677
883
1541
3527
2983
1054
4070
2296
80
1158
1945
2029
4401
205
3061
2080
4872
2493
3111
4190
3563
3748
3465
486
1477
4094
2192
2166
4756
465
1831
3096
1847
4712
402
4533
722
16
4153
986
3065
4787
3187
580
3690
2625
223
2452
1354
1405
2904
2940
1173
2766
1893
4604
2623
2083
2746
592
3373
4751
392
335
2053
1292
2850
3677
868
4060
719
4458
511
3279
3313
4548
92
4231
1220
1273
736
4953
4981
3161
2339
3644
3891
4227
2857
2403
1207
1169
2914
4481
3021
1851
978
700
439
1140
3004
1899
2891
4930
1026
4502
64
3784
2171
3993
4047
621
4018
2992
4387
3987
2085
2862
2811
4036
2226
4173
4433
662
4611
245
4079
4406
4570
4989
265
2079
1911
2541
1156
710
4227
4041
3421
445
1111
3240
1789
2305
1969
3838
1186
2416
1178
4548
2494
1961
1275
2938
1297
2856
4530
372
2230
1731
904
4110
3711
1940
290
3945
2424
2702
3908
3333
234
4539
1890
1373
1383
4872
4084
4198
1825
2868
905
3441
2271
4719
4470
4115
402
3501
2149
4309
675
325
853
1487
3042
1630
1272
4440
748
2
892
4905
1293
734
699
2466
3014
4946
1932
527
3313
2002
1946
3475
710
2707
1150
3184
3003
28
873
4985
2379
3762
933
1939
878
2591
3287
4224
470
4639
3141
1998
3939
2699
168
3770
1729
2303
3103
429
2128
1452
4556
572
4718
1462
3283
2226
855
1881
764
2560
762
2807
1755
3885
3395
2869
3586
2381
4871
2766
546
180
1475
4448
2566
3961
500
366
639
3071
3033
4955
2302
3242
4143
4620
4098
3767
2486
4022
1823
3607
2760
1158
3187
3280
2897
893
3837
2917
4363
1721
4477
4130
4111
1686
53
1499
605
2825
2751
2073
2381
3843
1104
1120
3276
1098
4816
3745
1058
4717
4773
476
4941
2326
4483
583
3983
4613
4062
3961
1091
2164
2260
2208
2432
4249
4657
284
3489
4262
1260
967
4885
413
1482
4460
1048
83
4382
4345
1277
2664
2285
2817
3829
2970
3463
3204
2056
1360
3172
1172
468
26
3496
4531
2437
2067
3260
1397
41
1347
1654
3860
2774
4336
1327
4549
3684
586
664
2730
3613
1606
3366
3515
1342
3904
4620
4745
1918
2518
4632
3514
4144
368
4631
1370
1671
3182
3338
2702
2867
1813
4336
746
2474
1939
2179
171
295
3657
2738
3712
872
4587
1092
2172
524
3350
201
4411
4386
462
256
304
3299
4266
2119
2989
3540
1684
3564
1952
2499
4490
252
4521
2144
3727
642
106
4966
1862
2570
3408
4885
4239
778
2454
3678
4411
2776
2933
3700
3190
2201
1897
1931
2757
757
2580
544
3803
1376
1382
71
330
229
3988
3231
4920
922
2329
118
1285
1577
1717
6
3270
1998
1037
1116
2448
1748
1671
170
4139
4708
4746
3204
1510
1254
4686
425
3399
3831
153
1107
2451
2547
3338
802
2407
3221
4282
2304
2709
2725
2425
1168
484
2263
3635
790
3400
2022
968
2174
4353
1135
1199
2526
888
1641
1836
113
2364
4533
3886
1506
1912
777
1588
4561
119
4502
3854
651
2287
3258
2180
2087
948
2066
4536
1201
3091
896
511
2595
3360
3652
3349
2916
1863
2502
3231
2973
2105
2843
596
4088
2859
272
741
893
3419
4663
1102
3171
409
211
4792
1721
4082
2586
4465
544
3976
2019
4461
47
3320
3489
3058
1965
3163
1397
4249
2896
3506
171
2872
3808
4250
4302
764
1313
3091
4254
4010
4501
1408
16
1422
4177
1810
3492
3416
2888
2245
842
820
1390
2700
4843
4254
4149
3935
4017
4114
4698
2310
1722
2003
68
3100
2899
499
4562
1252
2299
3157
4873
3657
4714
1125
759
1908
67
1611
3041
1855
2048
1657
4907
3727
4901
739
1547
1895
1026
617
1613
1115
3935
4522
86
1220
1593
275
3607
2664
812
4435
2890
4695
2069
2031
2466
1074
1069
4549
3169
329
2264
3054
2240
2916
1523
2266
1770
3418
3870
4976
674
3240
848
706
4846
2202
3135
1448
2673
710
1813
1586
1416
1714
2615
3664
1086
2751
2074
1668
4860
4332
4984
577
1525
2869
2079
2514
4511
3412
4386
414
2127
652
4533
505
0
3680
3863
2013
731
3027
4542
4921
24
2382
2345
1482
1033
2864
1847
1952
626
1413
2769
2720
2203
3348
4792
4647
607
4174
2320
1321
1351
4718
274
1620
3850
962
1563
593
3311
3262
2162
2508
4062
4100
545
3464
1701
3242
1100
1422
3626
274
2887
3680
476
4208
1335
2295
2684
2072
1869
365
3153
1134
2478
658
4612
2875
101
4489
1144
443
2525
1221
614
1547
2860
4681
2547
2628
2652
2133
1354
1294
4919
2714
2950
2770
2178
887
4916
1018
848
4760
4699
377
1025
1186
3255
3520
825
1699
3096
3056
2722
1256
944
740
4515
2381
28
3205
3037
3901
277
4816
2461
1300
235
4684
1015
3920
2998
4775
2301
466
632
2154
431
4639
1765
1483
4808
3687
3908
2997
3973
1514
74
1859
2401
4471
912
4973
4338
4286
1150
1269
1860
1025
623
255
4443
4799
3062
2490
745
4503
810
2243
1089
1014
1300
3536
4183
79
1482
1156
1452
2241
1044
2294
4130
934
3006
211
1740
971
774
4114
1644
2978
3115
2512
2899
2552
4796
2551
2495
4
4100
97
992
4429
2343
340
1954
155
2220
4810
3230
2398
3804
573
3571
12
693
4721
67
4643
4116
1315
1515
1158
2887
1195
4676
1891
2838
4920
2990
4048
3030
822
40
4400
727
4608
4016
188
3404
420
4865
2006
1550
931
2650
663
3652
1825
2598
557
1146
388
4755
4223
4350
477
966
2898
4036
4729
1350
3310
934
939
2908
2755
2754
3592
1539
4889
4810
88
1665
409
3193
3439
3720
3771
1129
3698
2362
980
4165
4561
878
2627
919
268
1028
4116
3534
3775
374
2724
4040
289
575
3193
1307
2795
4135
4409
3521
1121
3883
2256
4797
4583
1120
1878
4626
3543
4103
1789
3133
4130
2468
15
4083
566
1451
3640
3717
2650
2822
1473
569
4897
3190
3566
2749
4710
2150
4578
4012
1299
2128
798
2367
154
2719
832
3124
1625
4892
4915
4648
3923
325
1027
4841
3520
4566
3477
2869
20
748
1484
4271
2258
4833
3964
3360
4217
2203
3831
2698
159
4696
3390
4640
4522
1840
2659
158
4080
4260
2456
2531
789
1030
417
1845
4244
2058
2268
1708
3886
4794
2951
3815
4478
2282
3320
129
4873
3607
2219
1503
2585
1076
573
4724
1174
1681
63
747
4146
3504
4435
3295
1595
4234
4115
1913
4698
1522
4798
258
2589
1687
833
2039
1652
2885
3718
2393
3964
2885
3762
254
4801
4006
4539
533
51
514
1387
951
4547
3424
3889
2664
4151
3087
2618
1691
1890
3665
2409
3497
3354
3360
3471
3492
1215
4986
1873
2974
2434
2654
394
619
13
1524
2929
1213
2470
4784
2806
3450
2264
1924
2904
3430
1091
2880
1359
3871
4113
890
1353
2265
2506
1568
2991
67
968
2105
3996
1339
3942
4162
4913
1778
1353
3719
1918
4269
2866
691
3452
4448
3221
629
2461
2710
1609
527
4676
1903
2909
2961
1189
409
4926
4441
301
3714
2558
4656
3833
4241
2395
3839
3874
4210
2106
1807
3860
3200
68
3984
682
2613
3078
2562
3890
481
2278
4955
844
4011
1856
3648
2882
3843
2331
1844
1458
425
3261
1659
2903
767
1025
106
1360
3020
1971
3360
2034
4753
3387
2337
4463
16
3341
589
2960
4801
549
530
625
4535
3127
1319
4690
3481
577
3351
599
4794
2155
901
594
4491
2973
2020
1763
4350
948
4550
2787
4166
4504
3196
1433
1995
430
1580
3492
2565
1893
922
2954
2565
4480
2662
2266
2685
2494
2748
2371
3496
4967
681
742
465
1063
4458
2242
867
889
1840
1280
4727
3982
1761
865
2048
1825
60
4716
1271
3855
1177
4263
2473
2868
2743
2140
2455
3153
1469
4234
4186
4675
3585
1449
4586
3933
562
1943
4618
1428
3464
2638
4673
3975
339
1367
4115
3788
4309
542
1097
305
2950
267
3401
1312
4154
1518
2138
1148
2994
2950
388
4550
2508
2215
1313
4838
2963
3328
4971
3944
873
824
4867
3079
358
53
4039
980
3409
2574
4335
1655
113
4006
1321
1928
940
4050
2264
2452
1365
2859
2620
1082
1093
3656
1336
4176
4355
4332
4182
3827
1661
201
1823
1606
1877
3154
2839
813
807
2262
3954
4657
4784
275
4427
1686
4095
118
3866
4201
1174
1574
3774
2257
1629
2688
2791
239
1614
1739
4582
1481
3819
4629
1243
4609
3686
896
2691
2798
3843
2557
724
801
966
4152
4781
4362
745
2739
4278
1567
2493
4979
4237
4376
2829
3992
3894
4017
602
2751
4602
3774
1734
1913
1718
4116
2943
2204
529
1849
2968
1338
2346
3177
4253
8
2343
3742
1703
764
1970
2368
223
2908
4556
2465
3385
1578
4705
3030
281
1078
787
3335
2952
2314
1173
3399
3531
2747
4620
2449
2606
3271
3292
4360
2672
26
3931
4865
2776
3897
2552
4373
955
2671
4305
1331
4155
2783
4376
1673
2926
4560
4577
2362
206
983
1629
531
2676
643
2461
3844
90
4803
742
2647
3263
733
2024
1733
2031
1574
2298
1450
2342
2151
707
2556
523
219
3214
3255
2187
3951
2714
3927
4511
373
2348
1050
1130
736
1558
4687
2446
403
1727
1965
2397
2758
2623
2042
3515
4071
1183
130
4193
3360
3128
4192
2760
1229
1860
2151
757
696
685
2383
2780
4239
3752
2477
3188
954
524
332
1678
4833
4596
3747
2641
670
892
1598
158
779
3545
3037
3593
952
4062
553
259
1317
4949
464
938
2459
3925
3895
3791
3802
2506
1821
287
3304
1041
1045
2046
3275
1001
1427
4868
4376
508
420
1825
3965
3877
566
1216
4351
571
2292
1316
3341
1777
674
2130
1865
2581
894
782
690
3262
4815
2531
576
3307
3744
3044
248
2337
1245
2550
3616
3109
3891
1085
442
2664
696
3608
1527
4167
2570
3621
1131
128
4894
1101
4689
3519
2156
1399
4143
1061
2099
2417
4590
4289
3313
4808
371
4326
3612
3747
1148
4122
3971
2212
2925
2336
2381
3835
3298
727
4531
1880
4468
3318
3477
850
538
4265
516
2328
2436
643
2370
3530
4108
4826
3250
116
3686
3274
3913
2866
1554
4514
1536
4695
557
1997
4942
3447
1944
1966
507
2591
773
2912
651
2627
2437
712
226
1425
3250
3125
1020
2187
454
4613
220
500
3419
3351
11
3598
153
3543
4393
3619
1751
486
2231
3427
3070
4329
2865
3978
3688
1765
4905
3755
513
1627
4825
4624
2140
726
776
4192
3026
4622
2302
710
2344
2040
849
3582
267
2551
1400
3177
1179
196
56
1914
3247
4704
4476
2353
4991
1911
1936
3451
4485
780
3199
84
4589
1479
2122
3138
2698
1786
4821
1201
984
4568
894
205
4758
3935
3948
2090
2900
1310
1110
2757
3236
197
140
4113
2922
450
1298
3271
2018
464
547
1682
3409
80
1152
3566
615
4932
3154
345
958
1900
2551
1575
1070
1581
4391
2199
4685
1222
3610
897
3346
1035
1926
1526
0
2913
3680
604
3461
4116
1687
703
4999
4255
3268
617
3743
1571
2653
1040
3992
4463
2827
2893
4456
993
2861
2944
992
2659
128
4102
4450
181
1492
1966
2125
1361
968
4046
794
474
1103
891
2417
4772
4879
1802
3011
3044
4075
1455
2097
2343
3087
3130
4670
3485
2513
3168
1106
1463
2764
593
4206
4255
3991
3024
3669
1596
634
3065
3167
4107
2616
4268
4261
510
4681
2804
3243
3208
902
4231
321
733
1427
4041
1010
1093
1018
3129
3468
2166
2691
4075
1680
860
3385
2017
2686
3371
1522
1874
87
2453
221
4139
3039
2653
3612
4803
1550
1065
224
293
2700
1135
1328
4651
1176
3984
1176
3298
271
3298
1988
4109
443
4380
3238
1323
4834
2923
1020
3725
250
2757
289
2339
500
1439
2506
3854
2255
4976
1143
3652
3625
304
1303
4497
2509
4877
1863
1101
2129
649
2489
1156
2222
1164
4690
4456
4253
4693
4101
4629
4494
2327
1400
4013
3541
3523
2684
3249
4879
4296
2514
1734
567
1825
3493
1062
3442
130
4696
4069
2304
4163
770
4828
1831
3812
1320
1025
3731
1300
2112
4823
924
2667
4841
4277
4041
2801
335
690
1937
1679
1075
4343
4245
1008
2603
4338
1666
2241
1371
4671
1138
3520
3166
4464
717
1856
4535
2439
1689
1448
1271
1105
2823
1578
3664
4810
4276
4358
4810
875
695
3543
1988
2358
3238
1945
2924
1561
2103
942
1583
4859
359
2217
535
3345
948
1700
4133
2848
1228
4756
2568
1333
2768
3590
3753
928
3975
1336
3325
1967
1009
4561
556
207
3376
3682
538
736
2147
1148
2829
604
4816
3864
2132
1385
2358
2183
596
3347
209
944
2174
2039
3004
4569
1346
4945
2580
2423
1048
4867
1983
365
2544
3254
3785
1869
1615
3453
2102
3795
1009
2709
996
2490
992
4986
4996
1323
4603
664
2958
3833
2676
3436
1335
1907
3543
4466
4912
3404
733
3003
2886
4019
1879
4287
4670
4625
3553
1356
1371
4311
2064
3137
4046
2133
1799
1008
1013
4564
230
1999
4426
674
1626
3853
324
782
3097
3644
4067
4892
1876
1666
3013
2497
723
3750
3160
371
2953
365
798
1361
4009
1301
4832
137
4090
780
2483
4933
3510
4403
402
3252
667
2689
3998
1673
186
2795
4802
4772
4842
3257
212
2183
3772
4017
328
3199
130
4228
1792
4467
2097
1627
4864
2458
1259
2916
23
1990
4113
2305
185
4614
4893
3029
4618
1907
2620
2317
4093
3462
140
1077
1877
2416
2906
798
2084
4606
2078
820
4152
479
323
1915
4235
62
2397
753
354
3920
4324
4642
1091
230
608
3785
4409
3958
4518
832
3487
4059
1627
4159
4784
1582
2210
2302
1493
3674
314
1661
4379
1016
4795
634
4578
2753
2107
1649
2142
4080
4184
1522
3053
1390
4809
438
3009
822
3169
4485
1608
1427
494
4595
840
1464
1479
2517
2034
2799
2152
1198
2588
867
4471
4956
1404
1672
3727
3040
4940
2297
548
2349
3613
117
1810
3989
2249
2793
154
4995
3662
2162
2731
2341
4631
1033
2912
2679
1799
882
4098
1615
4011
3693
818
4819
3963
667
1121
749
2964
721
120
1471
1979
2419
3220
4291
261
104
3873
2838
1281
2234
895
980
3050
4610
3472
1108
3071
4713
3760
3433
2282
1364
2063
3486
770
4272
410
224
640
3154
4477
1433
3799
3733
3079
1038
2268
458
3132
2439
3205
4224
4364
589
4049
4944
3848
4188
4165
1840
1730
2353
4455
2528
4733
3610
1265
2311
4534
4291
3664
3401
2323
1801
2313
443
947
2472
1518
475
4965
2670
4880
3026
405
3936
3286
3379
4425
3553
2014
2664
1028
1448
2030
310
1087
4426
4230
1517
2908
4122
188
4992
1913
1160
1205
618
2278
2586
165
2121
4293
3431
2663
1403
1256
2702
1081
609
555
1014
2174
2461
4654
4359
3673
4980
4927
4959
3068
4128
857
1603
1263
1977
3438
1262
245
2994
3110
2271
1385
4770
843
859
4947
4956
990
508
246
4583
1507
1740
3661
1433
1009
4039
2252
4653
4441
1477
1924
1929
1400
4299
1204
3268
4059
1656
3840
2197
2564
750
2493
1288
4068
3720
3423
3403
940
2362
692
942
3214
3331
2508
2247
4299
1059
805
2429
2417
3723
745
2173
148
971
4457
992
4576
1341
3630
3507
3583
975
4377
4044
2469
856
4956
2135
3321
4024
212
4912
2039
4154
3875
1396
4306
2841
2972
3465
4930
4313
4131
480
643
2605
1657
3654
2795
4449
2836
1478
4418
142
2590
3450
1562
3729
7
1329
203
3642
1870
87
3464
3119
994
4392
178
3378
3847
1421
4745
1679
3262
3665
1999
2099
1798
4190
1441
3357
341
910
4118
1745
3763
2861
2318
756
1745
4577
4825
2752
737
1689
4418
1056
2580
411
4923
2529
2886
1147
825
204
1195
3044
142
4554
2221
4443
1445
2516
2802
2822
1505
320
3784
3
3386
1050
2522
3643
4523
487
4752
1314
835
3993
3312
772
2157
2891
4761
3129
563
712
4068
4732
4733
441
2050
4901
4279
1061
591
3421
2069
4511
3817
208
1608
2166
4254
4807
4574
4828
3943
4380
2720
4900
3148
1909
3094
4906
4087
1152
4814
2922
296
1899
4722
956
1478
2678
417
4088
4178
3624
2802
4044
2246
3284
4164
2159
4543
1675
4178
4610
4961
3681
2233
533
1210
1096
803
1462
3157
1788
1367
4433
3971
2903
3523
2610
4451
2032
2329
2388
2159
2394
77
802
3456
4337
751
4296
292
4536
188
2017
3117
512
4015
968
170
1863
2154
2726
1057
3617
2951
4742
2834
4451
4695
2945
394
2495
3501
1844
4905
4899
2865
1202
4435
166
34
2156
1292
4355
1435
2096
4563
2535
1926
2822
1345
2329
340
4310
1320
416
3591
2914
4321
2729
469
2502
2061
131
3797
4265
1167
3044
2035
3753
305
3754
3548
4031
53
3161
3359
102
3379
496
4144
3719
1134
3310
863
4896
2509
289
3922
534
778
3078
4802
245
243
3101
291
1713
1724
2392
4041
3798
2583
4475
2884
2591
3756
2452
4930
3999
605
4361
3239
3833
669
1677
1076
2497
347
2747
915
2731
4521
1987
649
4986
3534
4114
4812
4969
4205
2908
1505
2469
2403
570
2573
154
3850
3181
3835
2998
157
3084
1065
3779
803
1556
4833
4221
290
690
2509
770
3127
3853
3445
3935
1572
4951
984
2938
245
338
3956
846
1971
2334
874
1568
636
976
3480
1335
4028
916
3648
462
4555
1101
1396
554
2898
895
2466
4402
352
4154
883
1744
2851
1932
3902
3705
3633
93
3286
1717
1139
3939
3259
1036
1335
537
4098
1786
2028
4331
4765
3896
1352
1508
1450
3727
4559
2996
2781
4153
3531
3516
1929
2527
1317
3743
1876
252
3644
162
2774
3888
3322
2190
583
1518
3264
3472
1267
1261
3202
3980
1350
1289
427
1716
4744
4155
4017
4108
1851
1533
2077
1373
3367
4041
3150
3050
1101
4650
3222
4245
2040
1650
3994
1507
786
2844
2045
1311
3484
3503
3701
2185
3212
0
362
350
396
4311
567
4593
4018
481
717
4991
1882
4040
1512
40
2717
2266
876
3468
632
84
1478
2476
2443
4197
2221
4956
33
2238
1022
2745
2848
2159
1015
1365
368
2339
17
4823
25
3438
3086
882
812
3355
4162
3409
2377
1335
4424
3465
1589
4987
2932
3803
2209
4883
4559
4946
4103
2553
4587
4537
1413
422
1321
3261
1959
23
710
2740
1361
419
2984
2454
4763
2545
943
1669
565
4666
1315
3665
1016
1376
307
3993
3912
3595
2346
37
1411
2815
489
4609
3452
1753
3104
3843
3532
3626
4281
386
4159
3784
3140
3716
4738
3604
4479
4426
3109
3560
2539
1955
285
1008
3239
629
358
4538
2905
3845
975
1195
2380
3087
3050
4732
4648
1380
4810
93
4518
2211
2447
4693
1776
2770
1344
4083
4322
2027
2504
1023
2809
3326
3773
3813
4121
398
4174
68
1569
4936
1525
3354
3825
3749
1556
4340
4365
1230
4689
3258
2332
3270
4104
1418
3140
841
1237
2002
3394
3791
243
4916
791
3642
911
3934
3413
106
4529
3030
2756
2551
1611
4607
3994
1629
3828
4958
3992
4155
1203
3181
3484
2778
1180
1874
1964
4586
1433
3732
2441
3268
2636
3390
3937
2379
3796
1162
4424
1169
4316
632
2997
2271
4518
1955
2930
3107
3373
2377
2109
3726
2624
2673
4378
3231
103
4938
2601
420
3057
4530
1541
2430
2667
2847
3398
2307
4207
4857
4765
2694
1371
4743
3052
3752
772
2886
4781
2492
3394
334
2038
4881
2949
509
2579
4332
3489
3159
2870
1464
975
180
4641
1561
3486
3182
208
2397
958
58
3148
3885
4671
1218
3958
3140
3331
4008
4041
176
200
3382
4288
3359
2561
3885
4320
1212
2717
2960
1614
2688
3484
4026
2632
119
3954
3448
1739
1177
2500
4621
2285
1651
4329
2334
1425
3451
4789
2493
4511
2456
705
2482
3522
3978
3427
1781
4386
3799
893
3993
94
3209
3682
127
3976
3274
3215
4353
4905
4672
2931
3836
974
2632
4953
2879
1449
3689
2599
32
8
1019
520
4470
839
4211
2803
2629
122
4136
433
4731
3307
1752
3295
3100
165
2948
2051
4130
1827
3997
2282
4109
1305
1330
2744
3567
1720
278
3962
4736
2045
2595
3199
1229
1138
1739
3847
1552
1942
2045
4194
151
4772
4932
3157
3711
842
3846
1665
1040
3919
3303
1419
1355
2507
2816
2370
276
1317
3773
1509
2238
3754
3881
4088
2515
7
3545
3318
4993
4018
3552
4302
4262
258
4708
422
4196
1747
3938
2428
843
3312
334
490
1608
768
2829
1163
695
3640
1461
3415
1178
788
17
228
556
1861
781
849
4396
1198
4842
1611
2097
2470
4257
1812
2687
1072
4257
436
1401
1298
2355
1611
337
3573
4507
1423
4890
3221
4292
205
1877
4956
3108
4541
902
4871
1847
1820
4281
3221
2367
2776
71
3578
4927
1457
4965
4049
819
1042
1261
52
1724
804
2992
1059
1780
114
4053
382
2817
1869
3130
526
1548
1596
3493
4285
709
1467
4633
2939
900
2467
594
4929
2423
4778
1483
898
741
2098
3161
2722
2856
2125
1765
1719
4964
948
4314
2628
1390
1043
367
4758
4311
5
1765
4501
1487
2482
3306
885
120
2371
520
2473
178
4412
2705
1675
1066
3170
1597
4798
697
1911
2546
3012
3600
4033
1796
508
3002
4270
4887
2085
1683
3266
2412
3523
1279
3168
4648
4663
2309
1519
1766
3166
4642
66
4856
537
4000
2089
146
630
3738
3216
556
2504
2269
576
2753
4635
4513
1291
3831
1065
4947
3103
4008
2365
2309
3431
210
3339
1629
4497
1115
1567
2582
4191
3442
96
1826
2193
4788
3107
774
3790
2333
3401
1946
1581
1903
2706
52
392
4283
3985
1622
1986
343
4241
879
2048
4624
386
3875
2318
1249
2471
4593
3260
3810
430
1309
3958
3121
1339
1091
1575
2164
4294
3680
4260
1724
2703
1294
374
4105
4389
2239
378
1850
462
1676
23
3246
3529
2355
1704
4743
4504
435
1378
2327
4569
2218
1431
4469
3987
3762
285
135
3619
2052
1349
3784
4551
4017
3099
4469
1197
3452
1581
1385
502
953
4820
4567
1478
3699
4810
3446
2492
3283
1702
3472
2249
1733
2013
2960
625
2751
4816
2903
3984
1536
320
2197
1185
2691
466
2166
1046
1801
4808
3095
388
1101
2891
1370
2121
4516
3090
4474
3639
2065
4479
3589
2986
265
4015
2074
316
2867
3371
4541
415
4162
1079
3323
1574
2897
4048
687
1030
3764
1399
916
2406
3042
1072
3998
2633
1599
2780
2225
2817
11
2733
2528
107
2916
3332
2479
2921
961
2938
2579
2944
1155
796
4287
1909
3385
2466
1508
4839
637
4917
587
3453
1902
564
1562
2155
3468
2150
4273
490
2268
3918
3476
303
1953
3288
664
2512
3300
71
85
793
3120
4035
97
980
57
3212
806
2562
801
4769
1509
3361
3179
2816
4467
2053
1887
388
3724
1855
2008
3089
3463
3530
3948
179
2992
4985
1206
1296
4776
4294
4949
3596
2338
2854
2183
4064
4869
33
1801
2530
2394
4476
4547
3965
3967
891
964
4776
4720
894
4372
4593
905
4939
1707
4163
1900
3797
107
4849
20
4967
4429
2134
3168
4536
1421
1732
2670
745
3871
927
1594
489
1100
807
4860
435
3614
656
260
3538
1692
4992
695
4877
3906
1582
2509
526
1188
134
2436
946
2721
3877
2817
631
4964
647
2832
3298
3411
2007
1080
2447
55
2312
3875
3202
2294
3703
3567
4214
4393
3032
2030
1456
593
4624
3481
3568
3682
1782
3434
958
1493
456
513
625
3163
757
4032
4583
3342
1554
1513
3666
3421
280
3292
1243
3749
4758
4843
4548
1832
3827
3445
1661
3708
2051
4726
3270
4853
116
4736
4985
1657
1654
3255
3567
2759
4034
11
4141
3250
4129
3684
3273
1509
1570
4838
1649
4266
4112
3984
469
213
1486
1833
2554
4981
2638
163
2542
4476
1524
2883
4057
284
1789
1017
876
2556
3167
2466
1107
1592
1150
4419
790
2465
4552
3908
4042
4303
2998
1294
1212
2847
4000
4310
854
491
3605
831
3121
2792
1088
4147
1035
439
1877
2851
3068
797
1085
2523
1453
3306
986
3845
3066
495
3729
999
1950
428
3464
3350
3797
242
718
1705
3019
2593
2031
4734
498
553
1170
3905
170
46
1988
2909
3651
3210
2282
3778
2281
1848
519
2512
1361
3246
552
3841
391
4824
3184
3596
299
89
3997
3008
110
3709
4087
4906
984
1157
3739
227
3363
3118
1420
4302
2434
2359
1728
3695
1412
2588
2947
881
1173
4541
1719
4535
4082
288
830
4717
357
1508
1588
1128
3137
620
1888
3742
509
3365
1200
1143
4631
3699
4653
1372
1998
2193
4652
3534
4174
4752
4044
1203
959
3294
966
1399
2693
2670
3605
360
3328
458
2455
1936
3160
181
4065
4442
4450
4043
4519
749
1735
478
211
1517
804
1003
579
2438
963
2338
868
4451
335
3488
3075
2193
2477
1685
865
367
3135
2092
600
3499
236
3879
4166
139
192
1870
3077
3474
4275
4486
1389
3871
2156
4906
1994
2657
1932
4282
782
968
4390
1020
1899
3737
4280
2697
3983
3590
3535
887
214
96
2624
4588
3198
2996
936
492
1447
4374
1899
2765
274
2086
4594
1280
3734
108
582
2732
4090
4074
4626
1875
4717
355
2938
3274
1320
527
313
4312
2358
2873
2104
4092
407
4376
2820
1694
3103
11
1705
2106
2738
1411
4530
1850
2565
3892
2630
601
4961
2155
3077
3514
3834
4849
2479
2609
4878
4847
3917
3940
993
1310
2987
3058
3944
1228
4080
2994
4455
3696
1642
4063
245
2432
2069
1285
3757
1029
4830
123
3628
1483
3343
2626
4897
4389
1481
1738
2104
1761
1585
3778
4609
1331
457
737
1786
521
2894
3395
1220
4971
214
2776
1040
2912
175
4641
4562
1759
2056
2784
3940
644
114
3507
3279
2163
3291
3932
51
419
506
2746
4019
1174
3053
4450
3311
3362
285
4085
2795
1540
1544
4723
2416
381
3271
2412
686
3744
1650
1134
2861
3567
3712
1053
2266
322
2967
706
4625
272
2608
519
2927
3330
3758
2116
4476
3804
3686
2237
77
362
2857
4007
4398
164
878
1656
3845
2440
2483
3478
17
2587
2462
2463
3116
1433
3565
3324
3478
3059
4431
1895
325
2019
3412
3556
3561
1961
3454
1613
552
3997
839
1014
484
2993
2895
1617
1714
2061
4141
4266
1026
1506
4898
2957
2153
1400
2450
271
3035
356
2259
2921
2582
1035
2131
1896
2721
1163
3457
1503
300
4192
1526
1468
457
2738
3062
2849
1041
220
4371
4367
4503
3932
179
4588
2118
4758
1228
457
4582
4355
4482
608
962
1190
4185
4194
2515
2258
2656
1057
1151
4884
3665
2208
3377
4489
1210
1349
3500
3672
4450
3296
449
4865
1882
302
465
2631
2580
1188
3175
2591
2511
683
2513
1933
3610
4452
1949
3115
2130
4866
3450
2278
3473
2384
1290
1079
308
858
1016
1998
798
4937
4103
4053
1618
3133
62
4891
4144
1608
2505
2690
3059
3817
3911
2778
601
3602
1156
2965
3160
987
2963
3262
4426
1103
1467
4662
1990
4787
47
160
38
911
966
2922
4201
3203
4277
3772
2314
319
3717
1989
1556
1008
717
295
330
3442
2056
3058
4148
155
179
1474
4755
740
952
413
2751
951
282
2461
1569
2479
2006
2838
2183
4742
319
4476
1349
1817
1181
4710
1205
1176
3196
3688
3365
2762
3034
3987
474
3381
4176
1443
2646
1066
4501
1590
3700
4665
3200
2506
2402
1505
629
199
705
886
3202
1390
4957
683
4920
4419
33
510
4884
2126
4901
3186
3766
1286
4992
3000
2131
246
3542
2591
4823
591
3942
4166
1351
3795
2126
525
2325
2558
1581
295
2683
327
555
1
1284
4250
4211
3990
4370
1748
2165
155
2101
1308
3352
1352
4491
2223
3927
3502
557
1464
3340
71
871
4734
4104
3643
4664
1637
1639
4930
2504
1325
3367
1853
3404
2429
2045
3649
3542
143
4204
1957
1573
1710
2365
1445
2910
4263
3198
1308
1631
1286
2619
483
4115
357
121
275
1792
2971
1616
254
2324
3603
1952
3656
4715
3127
2439
552
564
889
3050
3368
4208
3253
992
4214
1764
4194
4087
912
1406
4519
2245
3559
1519
1806
4475
2727
234
1499
62
1473
2215
4626
3186
1357
2879
1777
1948
4946
804
3429
3616
2573
1678
721
3047
962
4810
1262
3297
4991
696
2515
4189
4101
2212
476
2289
3828
2747
4365
1070
1925
4587
3622
577
222
679
4796
690
323
460
3206
33
1714
2554
1945
1767
1339
2201
984
3490
3732
1512
231
4471
4763
2279
3761
4148
3242
3718
1633
3456
4632
2191
375
1866
4746
565
2466
4637
4431
1735
1643
2283
4051
3280
1873
4728
1179
2978
2412
4820
3019
4723
3055
2437
1656
4189
1210
4033
3245
3828
4774
2198
4845
3555
450
4021
1825
1401
1375
3461
1375
139
3425
4871
1114
1654
3444
2866
1238
4253
1686
1049
1369
163
4866
882
3379
4381
973
2743
3418
2248
3421
3285
2618
3120
1013
2323
4195
3956
2742
441
807
470
1895
859
62
1908
439
3109
877
4861
2480
3939
1737
900
947
1937
3688
3293
37
3601
1622
3019
1207
1965
3785
4833
409
3785
3022
4718
460
3005
2520
3209
426
2500
1957
1766
3739
727
4416
1052
1089
549
604
1742
2909
2855
4553
944
271
2875
2069
1559
691
53
2348
3791
3945
4344
4159
765
2459
4918
4770
3790
2406
1073
4771
581
78
4448
2297
1981
297
238
4271
1910
769
3522
2147
107
2737
1036
361
3273
1626
2383
1874
234
259
518
3828
2155
3914
157
3720
4937
2366
3460
764
2623
374
251
3747
4470
4113
4709
2258
2761
1324
3285
3005
1766
2537
2038
3533
581
4467
2282
3989
1106
4231
3993
3117
3351
2745
3558
4647
1267
4529
920
1547
3837
1210
4921
1844
3859
550
2709
3156
1498
1147
858
3280
946
4712
3252
3843
1283
1129
4696
2710
3275
2131
807
553
2189
2632
705
2216
261
395
2784
4834
2200
87
4185
4810
3395
1681
2155
4404
456
1680
3121
2995
4519
2812
265
1690
1757
1664
4275
3071
3435
417
251
1128
2571
3642
742
3607
480
4244
3564
2617
3596
3831
4913
1842
1628
4135
1351
1096
2957
3488
1688
1053
2154
2640
2974
3873
4263
3729
1651
4195
1012
1655
220
2896
1736
3047
1606
4238
4656
4756
2268
1832
4402
4455
1343
3459
3899
1178
2605
834
4404
4874
3962
3518
1549
160
3017
2660
4719
1384
3242
2746
1718
4161
514
719
961
1401
1808
354
1736
1102
385
2697
4795
738
1076
4924
319
4358
2273
3378
4216
1522
3768
220
3286
3155
3506
90
2033
3900
2902
2962
3332
3231
2057
4751
923
1292
3811
232
4435
4100
2648
3238
434
2550
2312
4422
2654
860
560
2697
4620
4794
2902
4494
1067
184
3866
3471
4525
861
2860
1943
3866
3552
2951
3293
204
1542
4848
2917
4000
3149
396
4214
3750
1517
2956
2692
3398
4719
769
2183
117
924
170
1759
3478
2833
2525
361
4638
1681
2534
2741
2760
746
2676
3551
630
989
4541
2150
542
3622
492
4875
756
637
2890
3039
3016
3604
2515
4088
2096
800
209
281
3207
978
2923
1758
1347
3260
2244
328
3937
3016
2211
1160
3303
824
3610
3450
3797
4332
3586
400
2263
1332
4094
4882
2105
3702
4582
3055
2477
3924
4857
2331
2816
3558
3795
416
2413
1869
3255
4419
486
1928
2741
4305
3
899
4303
3169
1633
798
3279
257
685
3113
3271
1843
3907
4684
1556
2124
4802
335
4058
1507
4165
2074
4954
4824
2628
99
4878
4947
608
276
415
1692
1407
2096
450
2817
3036
4657
190
330
1030
968
3487
4078
1160
4331
979
2887
750
1796
2606
1248
511
2027
4878
1566
2033
4543
2652
1325
3854
1544
3963
512
2723
376
1119
3485
4569
3345
3491
4580
594
3112
804
3982
405
4186
1986
3736
4805
312
1047
1719
768
4678
490
4359
2619
3116
2060
2240
4176
1677
3791
400
1995
4934
638
1285
4245
1793
3495
1789
2081
1169
4857
1436
3222
3376
1812
1806
2188
3700
3430
1794
4069
3381
958
685
3283
4964
2686
3538
1879
4592
1416
44
949
4850
382
3587
1754
402
957
758
4404
4670
3633
2613
267
3288
2342
3344
1511
3721
3071
3806
379
1519
1150
1848
492
3508
1252
4465
3863
4757
3983
2608
3221
390
1661
533
1916
806
4163
2371
2294
4204
372
608
1660
4568
3497
3658
3858
127
2903
4619
997
1290
1424
4794
4663
886
2838
206
954
1278
3387
1146
1604
249
3273
3534
2986
115
4502
3155
2418
2659
4572
4548
2134
403
3020
980
4584
1969
693
2021
1988
3014
3641
991
484
1876
1189
930
801
3916
2171
1457
4712
1995
138
3744
1751
3757
1758
2904
514
1290
4923
1384
2858
4475
4508
2692
2964
4540
1788
3723
463
3905
4054
3106
3737
3795
4752
2679
3720
2038
1257
577
3247
2935
4777
2052
4291
3619
1467
4927
2314
1334
2815
1127
4925
3377
883
412
2447
4513
4905
3947
910
2515
1324
262
4321
3313
736
717
4998
2205
1099
3749
4686
4848
1346
3188
4925
1037
4306
3977
1712
4953
646
1343
2290
3988
1728
2290
888
3503
4841
4570
3895
3590
348
4495
1654
3336
1526
957
1465
1898
250
1152
328
297
1006
2782
897
97
1886
1008
4451
1028
3373
4026
285
2578
1412
4985
1275
3886
3186
740
637
1863
2948
3531
3015
3184
3262
3095
4737
2959
4635
4910
2338
4573
2087
4365
2599
4586
2875
1605
3549
2887
992
2519
2632
3122
996
1625
821
1769
1670
519
1563
183
3659
3145
4426
3883
3913
2145
2612
4892
2219
3553
1887
1242
1526
4946
4963
2031
3708
2907
77
91
4099
113
3466
2576
3990
2731
268
3071
2106
4075
1006
1956
4938
4958
2835
689
4579
1457
1821
697
4442
151
2032
2052
1163
4402
2340
2969
2554
3048
4268
1351
1059
182
127
1141
2556
144
1345
1946
2087
3273
1974
2804
217
4457
2368
4836
1377
3965
4728
2732
4816
2337
4033
4840
1693
2217
3031
59
4129
2253
1590
459
4572
2245
2885
3480
987
1406
4058
3520
3567
3115
4766
4270
3431
246
360
900
2131
2603
155
1345
1426
1219
27
3640
1661
2744
1392
194
3739
1139
1970
4849
2174
1164
292
1468
1449
1562
3670
4453
887
977
3453
2475
819
1117
355
3007
2597
4257
1305
1981
1640
31
2237
1072
2166
933
2616
69
4393
1571
691
4575
1809
4040
437
2888
4153
4441
4664
736
3358
975
4661
4260
4776
4905
900
125
3746
3820
3012
2646
2938
893
1121
3841
3477
1933
25
162
1742
2938
2850
137
3474
1607
3383
4829
4453
3943
4728
2458
1522
2131
2438
819
4593
86
4433
3277
3957
4645
103
2222
1522
441
782
2490
798
4212
2084
2025
824
1485
2063
4791
1942
4086
882
33
4990
2959
1954
4225
3407
4120
1654
2630
612
363
1404
2318
3277
3147
2875
8
675
3052
1569
264
2670
2554
4289
3920
2915
261
1518
4286
3953
1629
1031
2203
3294
4746
2511
3661
4516
1881
2360
1978
2380
2440
4511
3919
4381
1061
3602
2284
1497
773
4448
1949
297
286
946
586
677
860
438
2062
4404
2911
3142
3935
690
1515
4634
2685
4986
4560
2812
3833
3077
1012
1833
1239
1691
3460
4880
2128
3512
4737
2163
3035
306
2221
2665
4497
3944
4263
1801
197
3922
1453
4002
3366
2756
792
4987
1625
1116
2829
2021
508
3408
3111
2166
2104
3742
3256
3888
1271
1065
1171
1206
1697
3026
4936
2603
1925
4350
168
1767
4455
1651
3218
597
1187
2424
91
4991
1336
723
4526
3978
1274
2836
2611
4729
4772
4878
4121
4263
4369
4054
1804
790
3968
4751
3641
96
1080
1240
734
2319
109
2479
4574
3850
58
180
2368
2310
4948
3723
4039
1113
3804
1908
4608
462
1093
1548
527
4540
4464
2651
2709
4931
3789
3323
4256
2675
1383
1314
3347
4824
3505
4811
2629
1751
4020
2543
2898
1395
3881
3951
1787
834
2178
3758
2171
4007
4763
2388
4409
2235
4059
1297
4098
365
2272
63
2226
2163
196
2539
3161
3492
288
2088
1699
3720
2376
2284
2935
2007
1549
3968
240
2688
108
4587
4554
755
4284
619
2322
1407
2678
1180
1590
2355
3368
889
3180
1280
15
690
2853
4351
4089
1206
1203
4830
4637
3645
332
1232
1047
4790
22
2033
3465
4283
346
291
2980
2861
1827
580
2544
1417
401
3721
3592
665
2115
1650
1618
976
2343
4246
4773
2944
4803
4243
2462
1289
3923
4578
1097
1005
1931
2840
252
3686
4532
107
2848
666
587
4934
1316
3494
437
1868
4271
2596
3171
1263
4289
1033
4225
4813
2979
3994
4903
245
346
4923
2034
2631
4887
3897
1117
3092
2090
4295
244
4986
4745
4218
4095
4067
1089
3836
726
4953
4640
4516
391
335
1316
291
4981
2363
420
1355
980
73
4327
3951
4926
2566
2077
1181
1263
3755
2032
1943
817
1606
1905
4129
4102
1443
2569
1123
4968
2419
4126
1138
4335
3802
2129
844
2568
1670
826
2958
531
4021
2224
4761
1480
315
2390
1308
268
4212
372
3360
4677
449
3993
2966
593
4707
4154
145
3710
638
174
4937
2336
460
2357
3068
4808
1673
81
4887
2362
3360
2371
3134
2737
2694
1941
2803
234
3004
799
2760
1835
989
2618
1029
2426
634
3648
4773
666
4883
2750
674
3851
3298
569
2086
2958
28
3675
3927
2465
941
573
3994
4601
3957
1568
4226
782
4641
2465
177
1965
4756
1120
3182
2452
1667
3154
3272
3726
1802
478
320
4612
4102
1071
4200
3911
309
4504
1232
4821
4711
4840
358
898
1980
28
2788
1451
16
4089
2161
3692
1777
603
2427
926
200
2344
1641
2730
1308
690
833
2054
3002
1328
1244
1475
1571
4701
60
431
163
4864
3548
277
1111
958
511
3306
315
3476
4680
1626
884
1247
171
688
3022
4619
2071
2632
1996
427
3779
4747
2155
2648
1937
3638
464
2584
1681
950
456
14
26
4566
3274
424
1407
705
1840
3938
1901
3926
290
4442
2388
3265
1430
4464
2784
2820
3015
1851
1277
4088
2038
2107
3056
2080
898
4625
4482
440
4445
4396
1220
3224
654
1409
1029
2393
3920
928
2305
1224
3637
791
350
2314
3392
4987
551
3110
2724
2862
2863
1969
705
47
761
4024
1342
1739
4000
4754
1015
3937
519
2528
3407
4594
661
1737
4609
2271
3451
3367
523
4535
1939
3936
3423
4777
1090
2692
3715
38
2322
3691
150
3037
2186
3670
121
1968
4935
3059
1647
2896
4508
1035
2331
4688
4652
2536
4669
1425
4551
4738
3706
2886
3126
2928
2350
310
1541
2643
4542
2865
4876
1677
4438
447
1506
4821
2159
3793
3277
4727
3228
4624
2737
2747
3774
4020
770
2845
49
4910
1405
3660
2384
4130
3175
3443
3672
4686
1691
644
863
1055
674
2984
77
2332
374
4434
1730
1716
4642
30
1583
3965
2654
882
4220
3311
4496
1983
990
4563
1718
1855
1591
175
987
137
4948
2381
788
3542
4142
1519
1374
618
2090
4634
3353
1181
3855
2274
3747
2046
4144
410
2163
2410
2160
1858
1196
2232
2042
1789
2144
1088
3290
4628
4529
586
2498
4877
4603
888
475
2190
4462
2913
3125
4902
4255
4139
2071
1659
1752
3785
1976
3504
1879
2887
2984
108
1691
1535
4878
1539
3250
2910
2539
4426
3511
2261
4840
3033
2067
4618
4433
2518
3292
885
247
2301
4053
4062
3316
2884
1929
1671
300
1939
3872
410
1323
143
1858
125
1607
3558
2286
3402
2573
1809
1458
1786
4298
3140
1622
4496
1190
856
1955
46
4579
1660
4142
2651
801
3505
625
4164
4208
4253
3751
448
1114
4970
3314
710
2416
85
4471
1289
166
4304
2917
2129
1190
2874
1028
4152
649
2505
2301
3105
2099
869
3980
2129
806
1215
2086
2028
4355
1826
4989
793
4178
4669
1081
4882
1423
4272
2416
4234
3677
4680
2847
3886
4256
1047
2953
3621
998
1264
2488
651
4652
3814
3879
3661
3323
686
144
408
1974
4898
4891
4806
4738
3758
2069
4468
4003
2336
4697
3998
1310
770
4807
3942
3522
4101
2371
3497
254
4819
1064
655
4071
1055
2956
4918
34
2435
2148
2661
726
1892
4947
2042
615
3469
4095
4381
289
4146
3421
342
3915
540
1660
2712
150
1941
2405
4946
4701
4751
4644
178
2725
1202
3212
4180
1392
1596
4090
1933
2632
942
3400
813
1351
4626
2491
2718
1084
2444
1897
3254
1584
4360
2620
4117
1971
410
3193
2065
2055
1162
3937
3024
754
2899
2768
3738
2955
4389
1220
811
4764
2916
2220
1400
880
3995
804
4734
2705
1154
629
186
1049
1124
835
4148
2672
3404
2366
1170
3135
3807
1535
2703
1457
1122
1356
2954
4707
2675
3255
3250
939
4334
1452
2289
4770
3558
1893
4368
4998
4113
1364
2817
1989
1875
3305
4420
2627
4837
542
1759
2792
360
1372
4479
3001
4747
1735
4375
1759
2979
561
3816
3917
1311
4704
1224
1728
3846
2317
3908
4367
1799
301
3536
3924
1158
822
3974
1121
1769
2065
897
428
2079
3118
4663
3200
2191
2988
348
4863
4873
1865
25
594
3870
3539
3335
218
3172
1247
3415
4757
3890
3221
670
1416
3977
1214
2755
4251
715
3095
1948
3303
266
374
3395
2580
4487
3114
3584
2826
168
3690
3922
729
4053
2943
1253
3096
1978
1125
1193
2685
1847
4889
1026
2777
207
4998
469
3405
1541
2838
581
4739
2544
187
4743
4464
340
1889
3988
2328
1845
2139
29
2841
947
2846
1925
1596
4096
2130
163
458
2120
474
3350
839
2492
4554
959
2204
3788
2862
1182
3707
1086
3053
598
340
460
1069
2041
2873
3397
4619
3709
2742
1615
3822
1632
2493
2685
310
2676
3380
2410
4150
2397
1626
3418
3763
1700
780
386
2312
4607
1817
3642
1841
1943
3409
4992
597
2074
1020
4983
766
1143
101
4107
3003
199
4700
2548
2411
4361
1365
4588
1166
1652
3816
365
2928
4606
3839
683
1539
167
1476
3418
2464
4375
4952
2561
4602
765
4469
2372
1493
2425
1257
3885
2184
2948
1094
845
4039
152
348
1185
3702
3425
4230
4675
1074
1668
2383
974
3170
4660
1190
4543
3704
2751
3318
467
4111
147
4184
858
2192
2959
1749
124
2832
1716
591
1108
2003
1579
4535
4530
607
2066
2414
2889
4889
4496
80
3018
3396
1623
778
1724
4998
1205
901
2460
3982
28
3290
172
1882
4
2675
745
1169
3199
4971
13
4144
1121
2272
1750
4280
46
1399
4149
3848
382
3724
1655
4673
4833
2438
3070
1719
3391
3009
2860
2466
4421
3447
1196
3464
2571
4962
2461
3737
466
3048
3875
219
3058
1658
3886
1633
857
3783
229
3240
3108
1545
2888
3470
2949
4972
199
1029
4888
3418
652
542
2177
2122
2488
2832
1167
790
3840
1429
4866
2509
463
1075
2515
336
4370
4765
227
4908
3209
2722
416
1912
4795
1183
1817
188
3739
3110
3618
2944
1279
2545
1307
1713
2466
3678
1682
1007
131
1064
167
4125
94
2030
758
2216
1850
4268
928
1570
3801
3256
3349
2644
2769
2291
4508
663
2222
209
2585
4413
2319
4208
4005
3947
3587
2482
4203
4968
4654
4088
895
4538
4509
1812
4049
1885
736
3546
4937
3450
1115
3472
4432
3237
926
3823
1802
3724
3341
3694
3168
2271
4715
2347
1447
702
1126
4230
2349
4588
240
1535
1318
3002
401
1066
4455
2917
3541
3732
3898
638
2760
4578
3373
4685
2584
560
1856
4872
670
3845
2972
3630
2005
4519
196
633
2148
1919
316
4974
1733
4243
1947
20
2775
220
923
2496
4551
452
1966
1348
1253
1325
3966
1726
3938
4430
4959
1919
890
866
3423
80
3917
4148
3535
1351
4086
2725
2239
470
1044
183
2824
3306
1980
1906
1633
3047
1668
4641
942
1566
3401
3997
4002
102
1721
2359
4123
4066
3815
4249
1398
1945
3050
3190
4276
1110
345
646
4613
610
2149
2940
1659
4584
3405
1853
2782
1313
2988
4956
2289
4569
1770
1893
826
3550
3147
2072
1096
4148
4400
2162
646
2268
2850
3911
4334
3708
3550
2568
2510
759
593
1330
2347
75
4508
2607
3584
2838
3218
3954
4275
3978
4831
1463
2254
2109
450
1369
603
3645
966
2488
564
3409
971
540
2140
3149
4797
4553
2121
112
1387
2718
4295
2780
4434
1482
3529
2572
1886
2538
1525
4753
1127
1798
4385
428
1147
3455
3325
4876
94
4657
3506
513
1296
1610
955
4077
1156
2736
4994
3853
1402
3473
1901
4209
2880
3375
1167
4757
3223
3988
3220
4241
1550
3188
4242
303
1979
2891
4048
2302
4532
4182
2115
1677
4575
2448
3985
567
3346
3507
1567
2319
3884
989
2598
147
1383
3894
916
398
3614
1833
3351
4934
4741
2107
2919
981
4344
355
4924
3114
2708
1945
3243
3277
512
2201
995
3945
1844
410
4364
2786
443
962
4
1258
4296
3865
2400
3633
3625
2531
1629
4470
3778
3205
1243
26
4933
4059
340
2356
4274
1371
2026
766
3151
382
730
4969
3117
4879
4327
1763
2152
3316
97
1095
1380
1454
2464
2676
1607
4989
4044
2724
4575
3683
1352
3830
2208
1034
4048
450
2311
316
2720
1073
2112
3386
4620
3578
2820
1687
1700
1901
2092
3925
1160
1955
1336
2174
2815
4969
2662
1744
1126
971
4802
3219
2117
1378
404
427
4020
4792
4822
2626
4033
1268
443
3061
370
2016
4936
812
1293
4864
3596
2788
4004
2489
2281
2470
979
199
4442
4136
1169
3491
3658
3778
1579
2439
4644
4495
1711
3507
2701
4070
4713
1390
2742
1448
4087
1678
2773
914
2054
2772
1921
3701
3221
2430
3567
4613
2034
1172
3082
510
4970
3380
2539
1762
291
380
559
1542
1773
3017
4588
1009
1846
3082
4034
1238
1819
4264
178
1339
1882
2370
3223
3145
4460
161
4786
4180
2924
498
205
3724
3685
2695
768
2786
31
2722
1488
3448
2520
3009
401
3551
4138
2085
4415
2520
398
24
642
892
2226
786
2996
4931
3513
285
4700
4399
3706
61
368
2349
3494
2978
3543
2572
2061
541
1876
1874
2832
447
3667
2033
4629
1260
604
281
306
660
549
1477
4073
4274
2845
3927
179
1376
3137
4255
2008
4055
1958
3466
810
4487
3023
2337
898
2691
3283
2869
1762
1330
3941
2925
1947
2974
4454
942
2417
8
3404
2174
4229
2322
1048
1063
3939
3876
1638
434
1186
4557
2971
807
3190
1808
4051
1911
2192
513
1948
14
2585
2528
1164
188
2576
1487
1567
1737
2628
2853
941
4388
4178
301
3732
1515
759
4175
3445
3654
2464
356
1665
82
276
4237
778
4510
1437
1455
4809
1944
1786
23
1537
324
1105
3814
4380
450
4101
3532
3178
1958
1484
1291
3841
2804
2889
4164
124
3208
4671
905
3042
4365
4833
582
1047
1609
2216
75
116
3057
1705
3788
1
1962
4929
4032
2427
4456
3608
458
1315
1017
3631
188
905
3344
3539
67
2003
3472
3076
4498
782
49
1106
3030
3730
1474
4559
4739
3308
1714
3878
4248
3592
3078
1410
4521
4419
1941
3756
2045
383
1718
3479
362
2893
2440
3392
4697
328
4169
2518
1350
1928
4627
1172
2118
2805
2232
1578
1744
1092
646
1654
4215
1397
4110
3933
827
2441
1709
2685
3838
4259
4520
305
4770
4784
682
4009
3289
3918
3308
834
274
327
775
3421
4658
527
188
4761
3459
3589
3468
505
2948
4126
1082
1617
4708
4354
1912
4688
3330
1077
2220
3867
7
1210
4951
1084
1573
4468
2750
3028
386
2001
528
124
1460
3034
1610
3399
3389
827
2228
1254
3037
4332
2803
4423
3697
1923
2106
764
2728
940
4332
2653
544
827
2916
75
4704
1831
3523
1167
2746
4191
3909
4454
4993
4026
234
2145
4062
3783
4440
1254
530
422
3529
398
2536
2284
300
292
3173
1911
2358
326
4908
4082
4386
248
83
0
3853
2127
4032
3835
98
3262
250
1525
3154
3474
610
3292
1755
1599
3473
2112
2316
2668
1917
2558
3872
3462
396
9
4886
1528
4350
996
2500
266
4465
1608
4800
3452
1444
923
1001
4431
4342
3087
926
4822
2455
4691
2418
62
2554
1869
705
3396
3997
1527
2491
2816
3579
3335
876
3692
4555
3448
4192
965
2896
3815
4981
8
388
4145
983
1975
1245
2335
4155
1381
4575
1056
3958
1971
3709
1314
4988
1290
4352
114
2915
4966
717
1465
818
2519
1397
4525
3887
1693
3947
2217
1999
3572
435
2663
3874
3737
4300
331
2386
2280
2192
4066
3685
3144
4501
3996
2807
3546
420
2207
1130
4527
1096
893
2515
2564
4333
2538
3444
326
200
4715
4438
897
1124
3192
584
2413
3233
2906
918
102
1815
2677
237
1330
713
2141
2655
3411
249
3117
4362
505
4344
3323
4759
4042
395
1120
4391
980
763
222
4446
2386
711
2489
432
986
2913
34
676
3601
4941
449
4880
92
1563
3456
138
3789
4593
384
3271
3882
2435
3940
2307
4614
1516
1083
4077
4227
2039
4044
1492
3806
2337
4959
1582
7
2631
1543
402
1697
4844
715
1525
755
3547
2155
4995
4963
4526
1865
4977
343
2339
4079
4318
2184
3428
4167
2647
3589
1948
3824
265
3706
660
3220
3990
2178
1184
3455
4859
1513
3392
2597
401
1958
3442
4169
1043
2928
97
4945
3979
3499
3090
2488
163
4582
4942
3405
2569
4714
4924
3958
565
2095
1582
931
4306
2636
157
4756
3622
1729
1421
983
444
4429
1138
4475
3405
2255
607
3465
4070
4748
406
4163
1736
487
3769
4437
2946
2246
2205
3913
937
4576
413
2851
4263
1743
170
77
1350
1919
1303
2479
81
4832
746
312
4909
1458
4144
2804
4164
4050
3719
1816
4463
4066
3011
3356
2948
1198
3687
1268
2152
2243
1785
1431
4763
1528
183
272
4820
1960
2164
4613
3575
1749
1489
4750
2636
1704
4384
1426
3426
1196
1820
2313
2638
1344
2328
3153
2965
1517
3590
2171
1109
1452
3531
1098
520
2485
1216
2997
4003
4700
747
3798
4072
3050
1862
1550
2606
3662
4826
941
144
614
52
746
1145
2762
265
2120
713
4782
4775
2439
4176
2967
518
1690
2580
2238
4061
1529
2423
4740
4054
2300
3310
3767
576
2622
2865
470
4636
2732
3768
208
3185
2184
1451
561
4662
2720
3380
4572
3848
3191
3505
4148
2108
944
1348
2292
2779
530
4621
142
802
2868
3685
3284
798
2652
4726
2136
1724
3069
2791
3160
4079
2759
4386
4191
3613
2999
2022
4732
1322
3766
1529
3630
2144
3163
3028
3515
3451
3357
4452
890
1980
1796
826
4994
1408
3253
850
2272
1866
3675
2485
1186
2124
1450
1558
2885
1654
3831
3403
3377
423
4182
2604
603
2568
1606
2244
3539
4114
3664
3597
1708
2741
2336
2751
3556
3202
854
1811
1094
3684
4627
4496
3626
537
2869
2820
3797
4054
418
3864
2063
3908
4142
4446
3473
3585
880
2034
3632
2700
3229
2281
2167
3265
3581
2110
481
260
1217
1648
4286
2945
4789
4784
2997
3962
1300
4863
3677
2750
4146
2714
4863
3909
4143
2367
3376
4466
3314
3809
2063
1755
489
3134
898
2748
2097
4525
1945
3641
1655
1616
2535
3937
707
2707
3758
2561
2198
974
1835
4371
1095
3308
3243
1838
679
3740
4386
2471
810
193
1840
2119
916
4514
106
584
3219
1890
3978
3246
105
3102
1486
1640
3842
3362
503
3241
3591
4859
1452
416
2665
1504
547
3967
1435
4507
2748
3735
3311
2718
4323
2979
1118
3475
1536
56
2127
1636
2917
56
1031
4567
1968
2079
4667
45
3018
4854
750
3094
2737
1509
3270
4480
3605
4147
3934
2357
3492
333
2
231
4837
3459
2522
531
981
2214
3895
2249
2030
4520
1418
3224
4698
2938
1096
4245
2362
1297
242
426
3214
3231
945
4769
3742
970
1321
1232
114
449
2810
3818
4323
4080
4629
1493
2701
45
2166
3963
2504
4711
778
116
2367
2686
4065
2498
4382
1819
3293
2059
4017
3944
2237
235
2750
563
839
3261
56
4417
4246
2440
1418
4527
952
4004
1421
3160
2342
697
1865
965
2488
355
4369
2688
1386
1884
2376
2637
1174
4093
3029
1851
1742
2623
3187
4283
823
159
3774
3869
977
3609
4560
2221
2506
2751
2570
4629
3074
2676
2672
2329
2624
3560
3783
3970
4874
3904
4134
3134
3547
1321
3235
310
532
2877
4924
1569
2455
65
148
3280
910
1908
178
2628
3185
2959
275
1699
2736
4418
837
3271
3026
1
4372
2021
3728
4850
3179
548
4527
3367
3102
1116
3344
3570
2
432
4433
4047
1081
306
3479
2979
1176
1867
1590
4522
4593
3289
748
4842
116
1000
4511
1446
288
4590
1281
1901
2241
1696
2254
4526
3223
1101
3393
2277
3994
4437
2793
2715
90
4373
1931
124
3332
4806
1272
2769
2777
3334
2942
3760
2481
2406
146
1709
185
3480
887
3781
444
3724
4389
1272
4317
2029
1332
471
72
1892
1063
3307
1263
358
259
4256
3566
2356
1101
1000
589
4846
3343
3581
4793
2548
1496
31
3907
3347
2973
2351
5
4412
4636
3831
815
2322
4434
1652
3527
4814
536
2017
313
682
2992
3255
3709
3834
2500
1928
3806
3438
3496
839
1875
1069
2547
1863
1931
2910
3281
19
1428
3866
616
1607
1790
248
975
4056
295
4028
2200
3021
3815
2915
4277
2303
2758
347
4815
949
1611
3248
14
4718
4721
881
287
2635
2699
3883
742
1411
4664
1684
1549
1590
1918
4506
2607
2656
817
2739
4865
4170
3291
2375
2358
1368
3660
2327
1963
2030
1462
1908
252
2384
3256
4705
4398
2264
2369
2773
662
3248
2452
2056
665
1088
3316
200
369
851
2898
4301
2178
3313
3812
4491
328
487
2611
1121
2589
4265
1010
1444
4815
4456
963
3041
2967
716
4622
4463
2851
240
2199
2961
2692
4398
1629
456
1706
2095
2679
4965
3757
4303
757
3576
4030
2943
2976
4426
120
3641
2531
2805
93
1225
2159
2757
2266
984
4967
2273
1887
3872
1487
4569
4221
3857
3799
1078
2053
975
2689
444
1620
2058
517
2199
2337
3517
2430
439
3839
1547
181
267
4444
3544
4055
3404
3666
4968
4856
884
3435
315
4876
3434
368
4430
4360
285
4461
3751
2489
4016
2391
1629
2039
991
1129
567
3036
445
3820
1415
1033
1725
342
316
4921
1683
3721
2073
928
981
2241
3322
343
2779
1979
3533
140
2409
3388
3589
2767
3987
3478
3131
4177
3084
2485
2960
4922
714
3441
4528
3132
3798
3175
596
1651
225
3653
4981
3175
177
3334
380
1337
1382
1757
1418
4674
1890
4136
3176
2615
2776
3977
4974
567
1136
2036
2299
1769
3411
1076
4780
57
3440
2940
4210
1187
2762
1812
1298
3829
3629
2632
2444
1377
1230
4404
4225
4098
4247
3482
4161
2222
2489
3468
2334
4821
4142
1530
969
3831
3117
1993
4733
1974
4301
2944
2820
2082
792
1379
2336
1616
3822
1025
1774
3391
4582
1883
728
3190
4629
2145
4790
658
4374
4435
3099
1487
2678
454
900
3142
766
4783
1100
548
3681
4642
3268
2488
2317
1053
425
4831
1007
1972
2298
1250
1448
4252
1698
609
411
1445
4717
1988
2691
714
2294
2615
3425
326
1862
4569
845
3716
3644
2074
2992
2035
2115
406
4923
4038
999
1592
3378
1178
3899
3323
3628
4690
498
2271
1644
2832
3551
4233
3841
2381
455
2447
3098
4320
1978
1799
1734
1010
4869
3505
3489
4378
3638
2453
1716
1447
3182
4843
330
2152
2390
3037
546
1322
3715
416
1162
47
3099
3149
3077
3047
3906
2186
4832
3595
1077
2019
2259
347
2293
1831
3011
231
251
3461
3463
4537
1205
3261
1734
1369
279
738
3481
1514
1705
1374
1282
1082
4676
145
1839
4539
1338
1052
4276
2455
1513
2879
2206
2482
4897
1729
639
1182
4244
3049
3850
3792
4590
1830
2198
1526
4607
784
2110
4697
4610
3882
3879
1843
1754
1526
2191
42
2526
2659
4952
95
2643
4301
3159
4371
2400
2487
32
4868
4211
1139
2674
2750
4823
3264
1693
1363
2768
3285
134
2866
100
73
2358
3908
3228
3008
4761
480
49
0
894
1630
4269
2745
1767
4594
3070
3917
3203
4125
1193
2706
1459
3004
4498
45
344
2683
1632
3698
1133
1601
964
3239
615
2725
2436
1131
4780
4755
3726
1424
3482
1948
2793
4613
2680
1350
3735
3312
1397
3441
1764
3141
2890
2599
1121
869
2871
384
1659
3499
2497
4768
4591
3752
3827
582
575
2410
1229
579
3738
4693
4380
2306
2136
2319
4791
3535
503
603
4391
1437
3235
3267
30
2408
3473
1923
1107
2993
1689
2230
4600
2485
941
1210
3057
917
4670
3684
2546
1934
1703
621
45
2284
4135
678
1480
3066
2646
3079
1723
1090
3623
210
3326
3585
4792
2406
2173
178
3159
1575
4073
515
4832
1524
1302
3929
691
2551
2641
3748
3541
2140
616
3496
3105
3329
2138
1195
2076
1620
4067
4849
4670
2701
615
1880
184
1891
1219
3848
1704
38
1627
4576
2442
4112
1119
3110
3027
257
4307
1499
2666
2358
3120
2866
948
795
3799
919
3371
1218
2368
471
4529
3193
4592
373
2410
172
3477
1076
4588
1968
2087
4859
3894
1791
3171
3903
1167
4092
894
2573
3467
3221
2847
486
219
3015
2049
1509
3624
4025
4017
1065
1361
1371
1662
3794
3436
1519
1385
3920
4815
3780
3078
708
1698
2159
1683
2621
3572
1781
4254
1985
2649
2687
1120
1251
3836
930
4073
4364
4733
4037
4143
2829
2896
3652
2561
230
4324
4184
2570
744
1773
450
3113
4853
1627
4791
2168
1024
1796
4414
613
1932
2256
2125
2543
132
298
1705
1387
3344
1433
2656
2471
2815
892
902
4720
2398
718
4192
3760
3853
745
3339
3031
4567
1255
1882
43
2653
2639
3642
2717
1182
3719
1579
3867
3937
2473
253
1794
4790
4855
848
1495
4624
3721
3979
4363
4066
3680
1521
555
978
147
4202
1777
1524
977
2340
738
274
1784
4278
1298
2709
1087
3261
2592
3488
167
4351
4851
4957
2114
3179
3435
1413
1948
783
1601
2282
1226
493
2248
1184
4763
2104
1087
935
1051
729
3163
3877
929
3663
2242
3744
2364
3091
4360
4757
1884
2250
3465
2450
4003
2122
606
3289
2578
933
1309
3098
1156
1428
3747
3828
4001
3754
3554
524
3636
4817
2182
1131
1406
4671
1989
1141
512
4577
3016
1080
2600
4534
615
86
663
4984
3244
4119
1181
2928
2320
3552
4669
4355
479
377
559
618
608
3766
2450
347
4955
3710
2550
3027
1552
376
4163
1440
4751
3264
2434
958
2933
229
3758
3484
2503
2484
2236
469
901
878
1142
2680
1195
4414
4966
4346
390
4829
619
2696
1697
2706
3545
404
2832
3414
634
4069
3342
2895
225
3162
1315
1183
1523
1478
4685
4933
633
218
452
2229
2421
1066
2074
3823
1223
1991
3250
2619
2574
4851
1026
419
1760
1568
3176
2569
2480
3886
548
3888
4757
3739
3582
467
1753
1114
4134
4759
4677
455
1536
3505
306
3594
2490
423
3805
4187
4291
4183
1627
4501
4873
2147
2801
852
927
3818
1045
2869
1149
3487
4604
1791
1034
3683
969
4746
3747
4671
2556
2754
3457
4337
3979
4464
153
3636
3751
3457
1381
4933
3563
864
3033
3464
1522
3567
3153
2256
1511
2561
1574
1030
4200
1877
2956
4388
4964
1137
2564
4331
1425
1595
4344
4981
1671
1496
3365
1350
476
181
1170
1917
4332
553
4544
3707
2227
2171
3292
4421
3425
4294
2535
4181
1100
3205
2736
81
2674
4785
4607
2376
983
64
1171
1128
2554
4670
4221
3690
975
3351
1890
3823
4091
2059
4974
2815
2423
228
4391
47
2065
1116
3522
3139
1022
4428
1626
4931
2022
3164
3226
2344
2559
595
2320
3795
4799
1012
175
2330
3455
1840
1735
451
1129
1413
1956
2987
3039
4862
1123
2219
784
3642
2594
1428
2682
2462
3718
2228
295
2608
1184
2547
2461
858
3838
1752
2045
135
3030
865
1030
1780
2045
4095
3452
287
167
2715
2826
2441
3179
3920
3765
128
2062
4500
312
728
184
4853
1566
1650
4304
3629
1328
2284
1643
4337
3119
1239
3056
3986
3058
2583
3946
3520
4516
3543
2126
730
2639
2660
3494
1559
1007
3329
1857
1942
1176
603
1955
3476
3260
3764
873
131
488
676
3573
4659
3434
4231
3257
3238
2334
4423
459
4383
4531
4147
2182
1586
4840
2221
1106
2954
4691
174
4250
3506
3538
2818
323
3052
2763
1367
3491
28
3978
1692
3832
2283
1119
3777
1235
1454
4685
4321
267
3852
1135
3013
461
4716
797
986
4740
3507
605
849
1226
290
4618
4102
1615
2772
3113
4564
3687
1915
513
4844
297
2729
1023
3080
1271
3658
1771
2090
1788
2170
2313
465
2151
3842
2332
2416
2964
2714
2221
3120
2837
2830
1419
3169
2947
2717
3581
1095
1250
912
3663
4857
1700
3688
3523
3562
1584
4019
4329
4573
3751
3753
1465
1484
2159
2541
4499
2110
3603
2115
4613
259
2502
2899
3093
4005
3493
2355
4686
3159
207
182
1545
3389
3423
403
4924
2528
206
2451
3332
2539
2202
2935
1223
500
4648
2846
4555
382
3616
1366
4938
323
1291
2106
3714
4446
1630
1014
3865
3666
880
2361
2904
2877
3765
3729
2484
3020
2255
973
4536
3362
3260
795
849
499
2035
3218
4657
4772
4662
234
4256
1946
4350
2191
1780
3772
4792
4189
2007
46
1065
3993
2003
1953
187
2096
4126
3832
834
4764
397
2793
2297
629
1053
701
3229
3502
3766
1253
376
2296
3406
2773
3382
1096
3833
3732
1265
2802
2148
4066
3502
1355
2300
3145
1570
2688
354
1364
2157
4546
3113
309
3385
4869
1106
1101
2017
1403
3724
1017
2860
4518
66
327
4674
3737
928
4595
3780
223
3310
3476
2630
4805
3931
4933
295
2612
4644
1248
4741
2437
2174
1040
1183
3789
3810
2753
4174
2528
1046
1199
2417
2737
3383
3361
3421
4606
3234
1909
1758
4066
3994
3019
2658
3236
1367
2625
3260
3969
3067
3484
3114
4104
3999
3140
536
4016
3169
677
4854
3797
345
2779
969
3701
3426
4986
3370
3744
1284
1244
4216
1248
1958
3502
617
445
290
4798
3642
3821
2973
2943
3154
2090
569
4872
1951
67
2691
2027
4507
1912
583
4534
3159
4096
1091
4775
3625
1136
85
1088
1891
3595
2317
3565
997
3078
1786
4089
3336
2193
242
2754
4350
4007
2628
2986
891
3237
3059
1769
2784
4852
277
1285
942
3761
2240
701
1465
4912
140
432
435
4005
789
501
3152
2398
3111
3869
853
4553
4683
1342
4223
2539
3807
843
2200
557
2501
3462
4616
4622
4348
3191
41
2405
1619
637
2276
3253
4385
1826
290
1774
1756
2959
1179
3670
4422
2390
1087
3860
2809
3611
3573
4169
2048
2541
2478
3148
3050
3474
3493
3402
3335
3356
3578
4940
3691
111
3594
4629
3169
2569
1900
4185
1627
2881
4176
2022
732
2831
4305
3012
3300
2841
3999
3426
3381
3021
1366
4920
2732
4923
4638
3354
191
276
294
2239
1943
3742
317
836
3652
1439
4
402
4452
2630
1956
3923
1302
222
4785
4171
1319
1938
2896
2877
478
491
4900
3176
2199
4995
4571
2503
4939
668
3541
2640
2476
800
4976
2347
1406
4973
1514
2118
2369
4493
1401
3605
3365
3102
4220
3214
3799
4157
4884
362
1411
2150
948
1710
4775
2192
2640
3687
2468
2150
2114
615
4905
3901
3342
4469
2476
3885
141
843
4378
2335
1477
2527
3100
3258
1234
4002
3567
3570
2560
3248
1102
2673
1522
19
3467
231
2349
3319
4090
107
3519
2829
2079
4665
825
4378
1572
2972
539
1495
2261
1843
3788
1054
4854
1725
3150
3945
1925
4144
135
3920
2883
4076
377
3993
4680
3958
532
950
3174
871
1139
4399
1421
2887
2881
680
3797
57
2047
524
1060
4843
4321
3309
4201
50
3326
369
1021
2237
4651
1208
4859
3795
830
2763
2201
2019
4402
2996
266
1345
1879
459
3498
3098
3612
2380
145
4829
4020
3477
3270
4528
340
1165
922
162
3907
116
3292
1398
4758
14
567
1048
2804
4643
1557
4178
4231
820
4509
403
537
2218
2744
4086
408
4938
3360
2712
1156
1941
3744
401
769
4346
4749
31
1002
87
1310
2462
1843
1896
4181
835
1003
4392
2340
3908
697
1074
949
2435
598
1332
2865
143
1151
2322
1893
1206
3328
3178
2215
912
2533
3726
343
3252
1302
3498
2701
4253
2522
3649
3766
2716
3928
3314
1250
1829
307
1567
3927
1116
29
4648
4633
1731
2078
4458
777
2991
1460
3601
1177
516
2819
1587
446
3014
1366
1400
1615
2807
4391
3297
3401
741
2810
4639
2473
4726
2616
2503
2850
4637
766
3214
3386
1004
2034
2230
1333
4286
625
2815
251
1727
4967
4475
3436
220
3767
1870
1550
581
3058
3308
108
4963
4304
361
78
2720
906
2440
2002
1219
2678
4677
2197
2017
163
1840
1189
2874
1553
1900
525
617
746
4394
4006
2896
1167
2634
4958
2613
3612
4275
4314
3685
1615
4155
3942
1194
4080
3866
4204
1952
4741
4535
4829
921
2931
261
4035
156
3848
2132
1816
1146
319
3856
2087
1444
410
2917
644
2785
4534
579
4105
3118
1905
2726
4056
2282
3662
544
790
3823
1444
4254
3832
3329
3553
2496
4856
3465
2383
3999
1340
3517
2805
183
2379
431
1692
2206
231
2943
2969
3317
1429
3557
1088
1421
4778
3154
1909
3856
461
3857
3566
3822
2381
551
2857
3630
366
5000
3950
194
826
3532
620
4564
4604
2285
4922
2571
4216
1905
4889
4043
4914
3615
1736
3263
1808
3519
4316
812
273
3259
537
2
1945
79
2508
3238
1416
3158
3752
1235
2151
1046
981
790
2040
373
3948
2596
3420
3507
4796
4882
3234
1158
3040
2364
1306
1972
4543
3464
937
3322
4298
1488
1632
4992
4070
3728
4597
87
3746
4485
3518
880
3975
3075
1988
2194
2845
1307
4309
1497
2948
2629
1259
283
1868
2053
3079
1549
2462
4031
3732
666
1119
291
685
513
2798
4195
2520
540
1355
4859
79
4239
4721
3985
1247
431
3185
2435
269
3147
1586
2582
4211
2947
2446
2306
3756
3285
317
3218
220
3599
3085
344
2246
73
83
3575
1974
4913
310
4672
523
273
764
2900
3553
1971
4402
1593
2767
3474
421
4430
4927
3402
2950
4821
4833
1535
4962
418
1757
1267
3191
3658
1655
1946
1505
256
220
214
3608
3058
2193
2843
2143
1265
1678
660
2937
4915
35
625
3477
1648
576
4329
1550
3759
4507
2136
1598
3409
173
1470
111
4144
91
4100
1920
3020
1044
2374
3700
1639
3466
3248
1084
3573
2661
1470
2335
4077
1839
1040
411
1517
278
3814
3333
4945
1144
4629
2924
3470
4411
2357
4024
64
3214
264
462
4845
3361
63
4802
3679
1257
692
703
2004
293
2425
1865
1788
511
1426
4199
3583
1630
159
1296
3796
2127
306
3658
4138
1181
97
3916
1197
4176
1703
1164
3468
4133
422
2585
792
3732
4402
393
1594
627
1409
3051
2607
1425
3069
3425
3245
3127
591
189
3481
1727
4348
621
2362
3512
1100
2907
1728
1539
4526
1080
4484
4319
3468
421
3536
890
419
2553
3701
9
548
333
710
4661
142
4786
4105
4624
4716
2063
3102
4728
4737
4934
1714
747
2966
1758
4037
4190
646
1782
881
4741
4474
1990
4274
3080
4567
1549
2811
2928
2794
2880
1110
2733
70
724
4942
3132
4824
1439
3002
3405
4400
1220
4154
3789
1165
358
4322
298
1995
1032
4057
4126
2079
3763
817
3409
2298
3738
3508
1883
1662
1932
4293
2480
702
3050
3881
2149
2805
1330
3005
2344
4440
3584
4106
2324
1672
4774
2769
2518
1369
2983
2150
4003
3861
571
909
3400
3808
4243
1635
1153
521
302
4667
114
2621
1041
3641
475
3219
41
967
1175
4245
682
3159
1183
1012
4212
3081
1829
2270
4595
3562
4938
2058
2348
1318
4352
2005
1400
1627
3828
763
4964
2411
1521
833
186
4020
4976
4211
2555
3852
4792
4800
3206
37
4623
450
1134
2672
842
4953
1037
233
2140
2305
4978
1398
3477
1101
662
1662
1031
1230
514
2530
126
2699
3202
917
3706
548
3609
4587
3265
4613
3222
983
1673
3724
1404
587
3500
4953
2024
435
1917
2672
3044
154
1893
4088
3680
3134
2128
3816
1062
2018
2158
1168
1821
2988
217
4139
2498
4122
3424
4382
2009
3278
1486
1671
4360
2568
2160
2610
2440
3246
1214
3384
4556
56
4986
1364
1590
505
3491
2315
1765
4796
820
4319
4644
1340
1383
1901
2853
2090
2811
4398
1796
4408
2330
3881
3346
3978
3240
1419
1402
3702
4385
980
3688
1406
1913
2336
4758
1694
4014
2872
2868
2491
3304
364
2507
213
1477
207
731
3188
1953
313
4305
4816
3378
497
1756
4550
1896
2661
3496
1127
682
4711
4577
1895
3062
3570
3056
2060
1006
4970
693
2441
2291
484
3258
4601
3315
1582
3483
3915
3775
2363
4964
3712
3645
1091
1095
642
332
3522
280
369
3001
2334
4737
352
4718
3599
2514
4524
1030
4207
854
4194
3213
4874
2805
3212
1272
2059
1196
1437
1441
1326
1985
3987
4476
145
1245
1900
544
1721
1174
885
190
566
2478
996
519
4017
4124
2654
2322
3425
3626
2495
4337
3709
1768
2187
4588
2679
3502
1467
3183
182
1700
1508
2795
4447
3995
3163
2458
73
4932
4031
436
2110
2788
4802
129
4811
4010
1476
76
2133
1674
1995
1906
2588
1691
4220
922
2793
317
1292
1353
2331
4681
1102
2933
3796
2872
614
3701
2372
329
2828
2846
3780
2929
4922
2317
3856
4732
110
4810
833
3244
388
4966
2762
3347
4903
1142
172
4680
1634
2894
2012
3963
2459
1691
4371
3054
3476
1010
1630
3254
93
2856
165
959
751
1550
3275
1267
3033
252
3594
3719
26
91
2692
530
784
1691
3632
4591
3697
1078
893
2065
2897
3776
2008
4992
2413
789
1635
2381
535
4368
1930
4038
2078
3020
2810
4159
28
87
3918
1764
1919
1565
2076
2398
849
4582
1763
3273
1110
1132
915
4105
1963
1604
1951
4034
3865
3791
983
3859
1719
2360
3291
2437
4712
4434
3140
2603
962
4450
106
3605
4508
3985
509
368
4596
3832
4011
825
2111
4616
1043
4849
1286
1460
4637
3553
4058
939
3091
2856
397
3703
4970
1901
1407
3658
730
3055
3659
3964
4266
459
1176
108
179
462
2141
76
3214
1231
109
2557
4150
102
3666
2003
1336
984
4354
3531
1440
3293
4837
2634
923
1503
4682
2620
847
4607
2183
263
148
133
2610
117
365
4715
4003
993
2055
368
3414
318
1904
3706
3120
4978
96
97
4957
4864
3719
2654
1156
3601
3825
2434
3545
1117
647
4009
583
4204
1519
3854
2424
2482
728
1010
1583
3043
2650
3495
3821
2726
3569
3231
1946
1983
44
3335
889
1223
4178
2213
3584
4036
379
1031
2048
433
3580
1151
4869
1231
1075
4884
1247
2261
3767
868
2270
3286
1834
2581
1534
1817
350
1016
796
4851
453
2166
1795
2562
3313
2542
4354
3186
3711
4684
2268
2982
2759
845
4358
2823
3965
4051
4494
1488
3823
322
1070
4225
3463
1019
376
1151
2906
484
676
2497
156
2552
3312
646
4074
4846
2411
3680
4030
2047
4188
4408
1231
145
4753
3839
2472
2399
1251
84
97
2235
4674
3850
1237
911
67
1283
381
638
3571
4154
1335
969
1765
1870
4494
1684
3649
3400
992
841
3818
1378
2620
2251
4393
1723
4144
3052
2811
2470
3134
3456
2082
652
2967
2042
1417
4079
1914
2052
3443
4119
1617
15
4356
1125
4048
2929
3426
4834
3225
4177
3102
3099
1112
1272
2063
3580
1209
4033
1061
3904
510
3638
3247
4824
445
3333
1044
3100
820
3884
1018
2503
2937
2545
1998
3823
3748
1891
4642
1596
1921
884
3265
871
4447
2270
1843
2820
4139
1875
1795
4388
1483
1978
2939
1054
2225
997
662
3222
4071
2065
1981
1328
1778
4750
19
1150
2529
3458
1966
956
2042
2027
4601
982
1943
4471
3692
3528
3124
932
1148
773
2657
3876
3847
1034
462
879
2194
3931
4642
1981
4110
804
1726
3063
4241
1921
4910
173
964
3787
1197
4055
4987
2871
1546
4225
4690
1334
4653
2825
1643
4699
4789
4112
2237
1264
1359
3034
3682
4720
3806
984
4814
171
345
481
1401
2526
2709
1937
4935
2935
2155
407
545
3823
1540
1726
4444
4710
4598
3165
3769
259
3716
3605
1868
4139
2307
2956
4523
2719
1245
3384
3691
448
1759
909
2062
1124
706
2350
3971
453
1777
2752
4250
1003
3838
4360
1489
819
2387
151
336
2566
1864
1097
761
4448
3698
208
391
290
4012
4740
4244
418
1038
3178
3703
205
1541
934
179
1293
1851
1425
1920
2296
1980
1175
3005
2223
4360
1388
3695
268
1641
2398
1581
1472
324
661
2682
1553
4645
1070
4928
3030
1818
1488
2222
4293
1840
1169
4708
3858
661
3880
4367
4055
3103
4780
1378
3050
1908
4646
1946
2794
2054
3798
719
4535
2543
270
4030
1360
1083
860
2016
2241
3534
2608
1237
2146
1652
1865
2626
3217
3471
1606
928
2921
3073
340
2230
2358
309
3917
146
3475
4927
1685
3442
1911
1172
3643
2917
4648
2193
2152
2687
3708
1775
1203
286
1497
2711
3015
627
3786
1087
4374
3921
498
598
2275
1748
3508
2654
361
2554
4203
791
3963
3271
1564
206
2296
58
3579
1883
1167
254
1046
2406
2818
991
3855
4126
1315
4974
4682
1001
3143
4543
4377
4820
2074
1714
4463
1070
4613
283
4220
4076
4379
1910
2418
2117
108
3471
1102
4461
4941
3956
2171
253
702
4881
4068
3210
866
3510
4391
4364
4916
2922
397
641
2333
267
3144
2768
3047
3995
795
2602
98
2576
2405
3422
3212
1186
2357
2609
765
408
1142
2891
4737
526
4287
569
274
2823
1601
1602
2973
2254
1933
2970
3471
908
183
2783
4929
77
4840
3346
4614
176
3852
0
2158
1575
3984
2213
2859
1916
2309
4287
3526
1175
3610
3791
2757
2780
1608
99
4184
309
1653
3346
425
2208
4459
1694
2731
3735
3273
1497
869
4517
3715
4342
1483
2659
3050
3073
2426
1438
2735
1233
1393
1890
4757
1813
2222
2578
3962
1268
1536
3484
1180
3888
3517
1342
513
1959
4743
2951
1523
2912
980
1544
3892
706
1207
912
3122
2574
2562
4093
3825
3622
960
192
299
1967
3381
4976
4638
1986
2394
949
3813
2943
89
3726
1389
4584
2115
2874
3785
1230
632
3628
3557
3776
4843
2597
3404
3811
832
3603
2668
3754
34
3772
2014
4293
2065
2473
4164
2622
23
1996
2400
4747
3789
2035
3030
526
4597
1079
3340
2192
858
4926
425
3865
832
2040
3968
1178
3464
2252
2604
3663
1031
1077
2736
3393
1358
4163
805
2625
2003
1938
2267
798
2671
3891
3496
4226
169
1663
4138
4816
4002
4273
1545
2802
495
3935
1036
4066
1740
2171
242
2390
2879
176
1661
2187
4133
2190
4195
3890
4491
1798
1247
3461
1812
3926
1834
4475
4480
2605
629
4841
1071
17
4308
645
660
227
4674
2077
419
4258
533
1421
767
4033
2199
4103
2094
4988
4629
3346
4937
1092
1399
4464
1312
4752
2038
2646
3975
2387
1375
4206
418
1629
683
2371
680
1742
229
2969
1803
25
1391
836
746
4051
3577
1080
3042
3144
3694
263
2001
4759
889
2429
216
1347
3920
2852
2622
2145
4324
1155
2627
2394
2933
3213
2399
2762
599
701
4370
2778
4051
3700
1105
2585
3764
4109
1892
4997
1269
839
2072
4119
4695
4374
2196
490
2974
4416
4911
2323
2201
804
2602
1688
4368
377
537
3750
230
46
2399
1674
1863
315
2512
2769
1704
376
2962
3330
1236
4258
3386
3907
515
37
732
4361
2565
814
2401
10
4652
4279
3270
271
3619
2580
3470
4365
1053
3728
2444
3222
4127
1101
345
1855
93
2187
1495
4878
2757
656
49
305
1224
3285
1567
3477
508
3795
1786
2555
2932
20
3752
3054
315
1700
4038
2749
466
4925
3199
3353
1174
3168
1794
2205
2216
3580
1667
1222
1672
669
2623
4551
4578
762
2360
1947
145
3914
485
4064
2719
4856
1416
4162
1527
451
2355
4768
1197
155
3157
3664
4717
2402
2279
973
3420
911
3397
770
2112
4861
2872
1867
316
86
4960
2679
4558
1389
590
711
401
732
671
4330
5000
3549
3140
1610
2255
2756
1130
3589
2617
700
2562
3363
85
3241
4158
3100
4788
4041
2742
2556
1057
4013
3243
722
1271
133
1300
186
2925
4733
3170
2165
1892
2346
3799
1288
2888
2806
3156
1167
2748
532
1674
4941
1416
4833
4436
4493
2901
3207
130
1602
3149
4895
3809
1412
3534
72
4453
230
444
2327
2738
2275
516
762
821
3785
749
2324
2101
254
227
4240
1667
220
1918
883
2214
1662
1655
3474
707
1289
161
1478
140
3020
4779
3521
1963
2277
2199
2215
1430
3740
3236
4494
320
192
838
3941
2436
2269
3326
896
4394
2724
2078
2296
3054
526
2127
153
2042
4134
4722
1368
1348
2744
1248
4976
4987
4565
2226
2618
3801
3645
1735
1143
2726
124
145
985
2331
4242
3705
2399
4563
823
2761
4474
987
1783
2977
1998
2027
3476
2310
1425
3232
1733
407
705
2706
2638
2658
2271
4444
4858
4564
1756
4355
4434
3000
4155
1307
4464
2894
2382
1600
4439
3317
1212
720
4207
2226
1409
406
4072
1408
2952
4350
2969
4288
2658
4671
2365
2511
480
2203
211
4044
1101
2072
2594
4486
1897
1469
3513
4242
1970
81
4840
3521
2446
3438
2344
4892
3796
4465
2681
736
1592
2412
3257
2973
364
2871
788
2171
729
75
4073
66
2322
11
4546
2543
3532
1956
2301
3409
4719
2115
478
2840
804
4516
917
3996
1463
457
614
523
2489
3533
3349
618
1940
3324
3794
3189
1852
4138
2365
161
4112
912
2008
3760
1527
4258
2876
1327
1110
4184
3554
2492
3396
2298
4830
3122
4850
3410
4347
1150
3680
2893
4415
4938
4936
4198
882
1514
1532
4833
3378
476
3206
2635
893
1634
1645
3515
4081
3009
4801
1859
1060
3874
3673
4690
1555
872
3059
860
2188
570
23
2601
1991
545
1807
3329
894
4253
1601
221
4382
956
579
4761
1194
1314
3141
1823
3636
4873
3989
674
2431
4066
840
2961
4662
2720
4503
1704
1821
772
3337
4628
1385
1520
856
259
162
2414
4482
2826
4276
4139
590
2775
3695
625
122
1336
4819
1728
3336
3838
4934
2442
4493
2583
942
1987
1973
2731
1987
4552
1492
3262
4086
3692
2451
2108
499
3347
1414
3752
3151
3374
479
4736
922
2973
2595
1725
553
27
3985
498
4745
3545
2535
232
540
660
3362
3360
4166
589
4123
1487
1721
3384
1949
3131
304
1558
3674
4415
3746
4387
2758
1816
1458
1503
4953
4463
2502
1971
2345
2230
3974
1100
773
39
1209
4954
3667
842
2197
2326
3027
271
435
2890
3117
2623
209
1472
3831
4722
2944
3053
3118
4639
2207
3091
3529
2497
4862
66
2743
4812
1075
38
310
3427
2818
3062
2889
2532
208
2123
4609
643
3008
770
1509
1442
4752
2512
60
2594
1670
2158
1865
684
2466
409
867
2393
4618
2650
3205
3198
1490
713
3049
4782
3908
1738
4754
2216
3514
3108
3770
2041
1101
3862
351
4536
4728
3891
4745
4728
4884
4787
2490
341
3002
1587
3186
2745
3228
4209
1205
839
4036
3605
2453
4031
1876
2489
69
1509
4782
4599
3512
2381
1135
4547
459
790
2924
2540
1719
454
527
1164
2734
3674
732
4794
4310
4299
3169
4803
2389
1472
2015
4638
798
781
657
4239
829
4473
2674
3171
2693
4080
4384
2051
3585
1621
1086
4603
2025
3031
2225
978
116
207
3701
3824
3095
4425
1238
2814
3448
4725
4154
2909
1075
847
3926
3989
1499
4179
1614
2077
933
4357
227
1128
1635
3441
4912
3873
2080
515
3026
2875
1531
3225
2190
787
3265
936
1288
2568
3546
440
2502
1361
1086
4515
2079
2684
3464
760
2799
2907
307
2937
2844
9
1161
3895
365
842
4780
4940
3288
4003
2069
1865
3767
1890
2450
4384
3948
120
1013
519
3291
667
4265
4016
3531
1284
4639
3829
2096
4046
112
3196
2479
2310
2715
952
4094
1974
1094
3491
1673
2678
4306
3462
449
2162
2505
4880
1088
601
2295
1457
672
3263
137
740
3029
4910
3872
1782
1458
3236
2183
3261
1650
2356
4447
970
4852
2274
1113
4245
2898
3444
2709
3697
4540
4545
1413
238
2971
3543
3283
398
788
942
4804
3365
438
2900
2358
2474
594
3250
3262
4935
598
770
2916
1666
4481
4102
1009
3439
639
1877
4477
1363
1252
1310
4840
1001
1351
1038
2568
3374
251
421
507
154
126
3536
4879
3314
602
2838
453
4742
1586
3555
452
2840
4138
1318
2077
2586
3608
3400
755
904
1937
3259
1207
3263
891
1859
3350
275
69
1529
4284
2755
4854
1344
2764
260
2158
3753
2428
4985
2319
4078
1245
4173
119
3569
3475
3549
2681
572
4802
3185
2392
217
2636
2852
1100
1884
1748
3165
280
504
2250
924
564
3130
2292
2099
2053
1742
1595
3708
8
3136
3281
2673
974
3870
912
794
3427
2515
485
1820
267
131
1069
2685
4482
809
3363
1797
975
4587
1589
3298
4820
99
909
1159
3934
1790
524
1488
4098
896
1490
4070
3483
410
2440
4429
1590
2567
3375
1704
148
780
3281
3906
1627
2700
112
2124
2079
3176
1245
2274
2575
3620
3623
746
811
1356
4744
3864
4342
4797
3780
2275
178
4836
4961
4860
3984
2081
3605
4816
1375
2752
4853
345
1013
1501
4023
3997
1839
3990
2055
4504
123
3088
1025
2102
4886
208
38
2701
2250
431
4459
3823
4421
151
2557
2991
2223
968
3378
4597
3987
158
2253
1585
1273
2926
4991
3662
2968
4430
1140
2682
1893
116
2450
3129
729
1859
1682
1004
2494
3776
1041
2029
1407
4075
312
1860
576
3749
2975
599
4239
148
1004
4367
4537
2209
404
3903
2528
1315
3647
4491
4146
1113
3139
619
1837
2531
1907
3131
1183
444
4069
2096
1737
3202
2766
1005
105
1656
550
2800
3651
4875
3371
4601
306
1038
4350
2407
1129
3041
3790
936
142
1176
108
4570
999
3848
3168
2549
1899
447
2621
1963
3939
4177
1583
422
3903
1007
626
457
2363
1556
170
1218
4780
37
213
4386
2849
4894
1526
4167
570
4635
2820
2540
3513
364
4371
4244
2634
4555
1870
335
855
2385
2251
4037
3136
2703
78
1646
4073
4432
2029
404
1973
2423
3560
828
92
1148
3725
330
1513
4345
4370
2370
4361
738
747
414
508
3782
2275
1545
2540
4590
2048
1236
2257
3951
3609
3333
2547
4926
920
2987
103
4028
2371
3433
3412
1714
679
1740
2118
4317
1255
4528
4330
4242
12
81
1507
2369
4120
2084
217
1584
1826
3545
4415
1902
2621
707
498
221
2714
4702
2735
1492
2085
1109
4181
1240
1395
3242
236
1160
3003
4446
1287
3772
1607
1735
4902
2916
1000
1043
1467
3733
2984
2988
2960
2916
2048
2674
4019
1903
138
2224
11
3011
2810
2284
2646
4539
1978
3605
1836
3696
202
2323
4657
570
388
1121
559
2484
1172
981
260
1226
3702
2572
506
3321
4316
3601
2991
3964
3642
2323
1936
3787
2571
4429
3581
1367
2547
2962
1292
4596
3332
4454
4332
1868
610
1485
4497
3740
3412
2807
4810
1503
198
2346
3434
4879
4781
507
3185
1692
1280
3142
493
4949
3419
566
1522
2434
2658
518
460
2190
4400
2289
1612
4730
934
1387
3696
4920
3185
4124
619
94
2625
2806
3156
55
417
2209
681
330
2573
1408
1213
1028
4054
1129
3637
526
655
48
1742
4512
1837
2246
158
2568
3497
4994
1051
3324
3608
1742
944
6
2178
4318
4321
325
652
1929
15
4486
2804
1300
317
723
271
4192
3488
2053
1445
4030
4633
1381
1688
2686
2543
4367
2792
2175
2229
3316
3290
1042
1758
2662
2888
206
1814
3825
1005
4266
1240
3705
803
3332
985
106
3750
542
1122
3703
2604
3959
1213
3494
319
815
891
2748
296
850
2702
447
1567
4401
2903
636
356
1401
3784
4994
3352
4810
4320
2188
4007
2249
2576
476
1080
4486
1154
591
3017
3997
563
4525
4578
4525
207
899
4805
439
4039
3851
873
3708
2304
579
4614
1062
3173
1168
2233
3856
1551
1093
1591
4833
4281
1297
4673
4164
48
203
1466
4162
1655
2090
1197
1558
674
3104
4399
3974
3896
1538
3939
2764
1617
1381
3410
809
1506
2226
3936
2724
3856
3670
2768
4256
592
1795
3749
3063
1100
1221
463
1125
1927
3066
1661
1584
1282
4083
935
2123
4844
1201
1944
3840
3495
3997
832
3816
3848
1227
1584
3834
4954
4694
1243
3386
3389
886
4708
3367
1312
1994
2316
4184
2983
230
1321
4443
2778
542
1414
4737
3078
46
3594
4578
1591
2386
29
717
1242
4255
56
4534
2627
563
4134
3802
184
4773
1542
4412
668
1036
4983
4584
3779
3778
117
1443
1300
605
1012
864
2506
1815
4065
2309
242
4143
2482
2254
724
3055
4525
1814
2284
159
698
4999
328
1014
3663
4512
2083
1027
1887
1669
990
243
1056
1244
3469
3851
1051
202
456
2305
1404
1617
407
1593
1788
4519
251
409
4731
2143
4032
4113
4879
2341
4115
3805
3565
4827
3250
2824
3251
3161
4930
3086
2976
2397
3029
123
4437
4778
56
4997
2229
1175
507
536
1445
2881
2295
4547
2484
339
1704
582
4793
4004
4068
1944
3187
2685
2843
3318
916
1710
4761
3258
2493
1102
3369
1339
2601
3004
4369
4653
120
1643
2869
4442
2185
2388
3319
1031
3775
867
4984
2835
3030
2849
2744
3279
2897
3945
2017
3734
4119
1377
974
1278
3450
2340
433
632
206
2654
3273
1830
2008
1987
3866
2462
1192
2464
3456
4112
4372
3328
3146
2967
3718
1482
2485
4171
1997
3965
2458
1457
2800
2829
2556
4549
3811
1523
4472
325
3315
124
3838
3583
3269
2088
119
2040
2290
489
3705
3620
3443
551
22
2972
4430
3007
1104
2532
1631
3085
114
4280
3379
1201
1917
543
1497
184
2315
3801
4816
990
111
1160
600
4580
2187
4799
4340
3837
3656
129
2916
1933
169
2940
1129
407
4656
2357
1263
1496
4517
4492
3605
720
3373
1314
245
4304
4866
3006
2169
1775
585
261
1348
2297
1184
944
3726
4722
1841
2504
2872
3702
2689
4092
4497
3052
109
2966
2458
3131
4338
2354
1469
1040
1156
2719
15
479
1619
4579
2846
1919
2585
555
3661
359
4859
1803
3713
483
1081
1327
2324
602
1612
4227
2898
4205
4161
2845
4439
1680
4059
4175
3325
4355
1570
4800
4373
1849
147
46
3841
4906
4514
263
3131
4861
3537
3094
1612
3365
4604
2251
271
3286
4648
3053
4789
302
2743
2130
4765
2296
1122
1994
1076
4986
707
1376
4345
149
2370
4199
1593
792
2406
4947
2655
2104
2515
2555
2274
780
47
2647
3437
1925
4618
4912
3952
4034
4571
651
591
2464
4698
2871
2408
1191
2502
3367
4205
2748
377
1732
3902
1518
1544
1208
1588
1184
2293
4916
3545
4988
2936
3025
816
2683
176
3207
3831
4413
2629
2057
3258
2944
351
2512
4746
518
2374
4392
3559
1069
1067
2399
4052
2433
4591
3926
1968
1608
2434
4849
1309
2183
4153
2122
4331
4401
4325
1211
4487
1730
32
4127
1245
4076
3241
47
797
459
1199
2152
2778
4827
1389
1747
2977
3704
2162
3086
920
464
987
2314
3605
1004
3587
450
14
4973
2521
412
1490
3543
4424
755
3315
4218
2816
1480
3339
1077
833
3484
3651
43
3887
4418
4610
3945
442
4236
602
481
4003
2134
972
762
936
2731
430
3654
962
3445
2594
3918
1483
3494
4818
4287
3797
204
159
3700
1474
2620
2088
2723
4223
423
1566
2528
1586
4063
2754
2936
3747
4827
4493
4640
1494
2106
4248
413
617
3732
1275
599
1220
2390
2940
3327
3968
1162
4658
4850
1747
952
2241
3128
2676
3209
4714
3344
3911
1798
839
3379
1002
116
2617
274
1031
1609
2381
2294
1124
2936
326
257
4250
3774
2568
4777
4113
4304
1216
617
1329
4251
2268
254
3828
3095
3822
3518
4367
2436
4639
1228
2139
1344
3314
2196
1315
18
3150
1417
3962
4274
2094
2164
39
2165
1278
2209
2181
4629
3899
1399
2894
1622
4236
749
2940
1476
4699
1997
3661
1118
1233
2022
4546
4633
2438
2103
99
65
4493
591
2182
2307
585
3547
337
4477
3519
3311
3521
2537
380
2091
1479
3265
1680
4503
4365
4660
490
3548
2278
696
668
2074
4514
4079
3283
3215
2510
3038
3451
4080
171
1155
4432
1610
1035
1891
1241
3317
2706
4007
4227
3241
2890
2403
2878
2823
4335
4184
330
1234
2294
3830
1081
2798
4352
4385
272
4701
3774
1460
1170
3783
1264
4268
570
2090
3891
4394
4323
1318
3081
2905
3656
4322
1854
436
2669
1504
1921
4666
297
2212
101
4687
182
3954
1467
162
2774
2455
976
2998
2094
3074
4186
1831
3482
443
4283
2038
3539
3757
1437
568
875
758
1318
3207
483
3130
2973
2524
392
2652
416
2463
401
3936
2881
440
1650
2250
123
4163
2377
703
3391
2320
4202
3504
2345
4127
3275
4829
1122
113
524
2730
4669
4878
4371
1831
2142
168
4964
2121
2578
4750
1434
4958
1377
27
4916
4287
1654
3579
1433
4269
435
5
3366
2198
3234
896
3949
54
2310
227
1667
1740
4464
1242
2708
1126
4621
4275
1469
663
3029
2888
124
3746
2858
914
3544
3891
1203
2130
254
3241
635
3926
1041
379
2892
3620
4137
4841
3635
3174
1173
3437
3709
3200
3060
2684
4418
3788
702
3606
1338
2985
2969
1771
4479
1958
2991
2190
3035
4804
1855
2759
1778
151
2700
1875
752
453
159
290
3322
3442
2636
3735
3093
1079
1655
627
4605
4484
207
584
1557
3419
2791
316
2733
2100
1107
2046
291
4011
4977
1306
4814
55
3210
4444
1219
4619
2288
12
3059
5
1489
3405
1158
951
1866
3153
4844
2332
918
3596
4983
1964
4143
4087
1362
3698
4562
1197
834
1889
2308
4363
4422
3832
4618
193
3876
4782
3651
3928
4412
1135
4012
926
4181
3495
1420
1191
725
4353
3698
2689
2923
4680
3387
4597
401
2392
3453
1575
845
3860
334
3706
2165
3309
4317
2087
2843
427
282
4839
4656
4054
4020
410
4023
4145
3592
3073
741
504
4619
2255
1439
1492
44
958
377
1516
2801
3823
696
2863
2828
4160
1426
1690
3704
2388
1324
1371
931
4290
4247
2839
565
883
2127
2919
3101
1046
4530
2478
1098
1240
217
4063
2284
1690
2509
1164
2583
1151
4640
1154
2685
2301
2326
2338
2024
240
742
803
1367
1516
3927
3702
3034
541
3112
92
3612
2127
4451
2971
879
944
331
2948
1778
277
4830
464
3644
1986
2135
1601
2276
1387
2760
332
1410
630
2865
949
1266
2243
1851
4824
374
4695
1359
1075
4941
2103
875
322
2006
699
2901
1305
3552
1981
4194
1686
835
3557
3730
1800
15
3464
3234
1872
2482
178
4179
2174
2231
2421
3241
169
1640
1162
405
3021
465
4343
4819
414
1526
1099
1451
4106
1690
3340
4875
3895
833
3592
752
2809
4029
1417
3315
2310
894
2836
4444
4085
1900
849
241
3255
2052
2157
983
694
1038
189
833
370
2720
4264
2430
2653
2543
3031
1318
2366
818
1971
1196
1318
1425
2148
128
1204
3665
2769
3872
1400
2062
4290
4772
1720
961
3068
619
3692
1662
3006
1577
1101
4646
2229
2487
687
3001
326
1141
3466
947
4002
1661
4194
1949
1260
3699
685
3314
4737
2597
4617
492
556
4336
530
4276
2040
923
671
161
2443
4722
1512
4620
1765
2745
759
4805
3132
602
4773
4138
4783
4454
45
3457
2106
4441
4460
1632
3265
4361
4204
459
717
3854
2013
982
2482
1537
2145
3701
469
1454
568
1631
4460
3279
1742
4865
1800
4520
4937
2602
3118
251
4846
2093
4531
1181
2811
3864
4992
4091
4535
1315
881
4395
582
4626
1366
2933
970
1171
2937
4918
2578
2143
4522
4427
2040
1629
164
4306
847
4768
948
1198
4316
3050
1654
1796
1051
1098
484
2262
1146
2306
2754
2833
4836
2077
472
640
1295
2978
1002
4421
91
254
219
2502
2121
4121
291
2521
348
2486
3197
2455
3498
3723
2055
130
116
1168
2087
1300
2493
2757
1824
850
1725
3004
4506
617
4872
3203
2667
1395
37
3258
4674
4647
4406
3376
2268
4079
711
3766
1359
3222
2027
1138
1179
2832
3110
4599
2387
4947
2412
4393
2808
4313
3932
1842
3780
962
3670
31
2237
4105
4429
3413
345
1402
421
526
4651
456
3683
3583
2006
3917
2428
4099
2416
681
3102
4668
664
4147
1120
2579
2010
1876
3680
2679
1004
3020
4187
573
1743
3860
199
2411
444
2273
3693
1780
2571
4979
2279
2713
121
3343
3968
3000
1893
2832
970
155
3408
20
3632
1247
1215
1407
4058
535
1419
404
4919
2867
929
3055
2832
1167
261
4612
3309
295
2911
4402
4026
3946
2228
1230
4468
60
1160
4386
508
156
476
4612
3023
4949
2658
3676
2358
3529
112
1772
400
1354
4846
857
2395
3084
4076
1855
4752
3031
1749
4553
1475
1123
72
3668
4631
1114
3127
4726
2757
2121
880
2040
4901
2720
2749
3304
495
2134
389
3906
2842
967
2319
2070
2493
1330
1003
4484
2515
3050
2006
321
3099
2118
4908
4780
2262
466
4543
3701
3751
1420
4661
152
1990
1431
4308
4692
2051
3852
3271
1412
4647
1057
3028
1805
815
3142
3214
457
104
2407
1120
891
4760
480
4271
4930
2973
3319
4573
1275
3815
4636
4552
4504
1239
3107
2590
3867
2842
1591
549
599
3341
262
2569
3874
4786
4476
3392
247
1217
2831
2735
3005
4943
4176
2759
3924
2619
1935
4840
4351
3797
1141
601
4091
2781
207
4553
457
954
708
2189
1794
3837
241
3725
2740
3183
2837
2181
3346
165
197
74
3089
357
4294
3133
2506
3382
2656
8
514
4543
1809
3024
3158
880
1159
2952
1425
4951
3224
935
4592
3618
346
3459
1608
3572
2197
1103
4908
485
2120
4455
3360
2482
3691
1981
1988
386
1286
1875
1544
4662
563
1847
2086
2689
2793
1613
2770
2483
1099
3709
2787
2871
4761
4731
2400
2309
3746
3979
756
4044
199
3017
1237
2919
2621
2217
2108
1558
347
4376
1964
4235
2522
2302
3065
2269
1790
1278
3187
4411
3112
2692
771
4983
2079
1089
4154
3101
2886
2621
489
729
1799
1997
3066
287
3330
1572
1496
3175
122
4460
769
641
2915
1140
1176
488
1126
4256
269
1552
2780
4755
2388
4291
4891
1063
1007
3690
113
2910
1606
3134
3216
1622
3461
2684
2245
1374
1438
4177
1914
648
1301
4279
2248
2968
1774
2952
2487
830
2357
3002
3148
2068
2266
688
3737
233
3464
4662
63
205
9
714
4455
263
1651
3831
20
4411
3648
4666
3240
1958
1335
2828
2697
1849
1236
3221
1065
3092
3624
1012
1676
1856
195
2421
1763
43
4933
77
4882
4584
1403
3159
2166
496
4528
969
1906
895
3790
3636
2774
3781
4833
4308
4729
3927
2839
1823
1094
4472
3738
4537
151
2624
161
1222
993
4671
2091
3323
3999
2206
4271
673
3266
3203
2000
2678
3451
402
3500
2352
2975
2668
1896
4812
3183
234
1873
2938
2927
2437
1793
2996
1489
3843
2543
1427
4980
2952
3030
4137
2013
3948
3862
2992
3638
4421
2806
3007
3448
161
1473
2794
1349
1549
655
1501
1088
2121
1282
1007
4814
552
4571
4152
3380
1937
280
4436
4082
982
3234
637
1714
3358
3289
1416
2508
4386
4648
1249
1620
4744
1723
4634
2458
431
1012
3492
1297
3065
3768
1048
1657
1892
3053
2370
820
4738
3385
3266
340
1152
4238
3107
4692
4518
1539
109
3839
3184
4835
3566
2933
1292
1718
190
1196
260
2985
4928
4076
2819
1401
2222
3036
1594
4809
569
2038
1280
1058
409
1488
2906
1233
3949
4888
2826
4552
2803
4278
2644
2845
4527
4177
4432
1077
690
1546
4281
2078
1060
471
1090
1617
1899
1294
218
2476
4750
4678
3105
1238
2272
676
2033
4068
1186
4220
3960
2368
826
4855
3213
4974
1311
1760
4129
4539
4166
3371
4644
1984
1553
2398
4621
1481
4392
3497
1551
599
3920
4094
2119
2630
3622
2388
3107
198
4446
4726
286
2971
4188
3797
718
2957
4541
2575
105
1824
3940
1419
1245
522
4747
1801
3769
4588
3891
3940
826
44
2576
83
1369
341
407
3786
843
2261
3283
1762
4227
4685
1524
4613
4909
3087
782
1381
4780
406
891
1616
4483
1097
2769
3330
1082
4278
2818
1609
2675
3757
1435
245
485
330
1834
1355
932
2889
3981
3280
1250
3584
1026
6
3026
42
1331
2294
1162
707
1580
4617
1678
579
3398
1883
3276
1850
3677
3934
4942
3970
45
3116
2967
4001
4867
2051
43
4023
3765
1503
458
2518
1396
1823
2441
1571
1566
4532
4976
424
841
464
766
4838
396
3333
402
3511
3937
3679
3103
427
3011
125
951
1068
945
4975
2881
888
4728
3922
983
2675
2566
604
4711
967
3870
3139
484
561
2483
1914
4491
4150
219
3501
2890
2853
4992
2600
3554
3871
1527
3931
376
3884
4434
327
4821
1970
2653
2760
1123
2517
2588
97
2158
4133
137
909
4653
1096
4115
1190
513
4545
1593
4700
248
4564
2660
3262
2699
2154
3195
984
2513
740
1092
4885
2654
461
2260
4421
1921
2427
4690
3511
126
3917
2186
3867
2352
2701
1061
1505
3190
3708
2141
2851
1168
2755
2808
3374
1232
1779
1115
1898
2488
3479
3781
757
1722
2647
538
2300
2167
4572
2767
4497
1827
4548
2009
1481
168
3272
4867
665
4060
2279
2873
4418
3164
1447
899
3373
3297
4754
1971
1299
3398
2849
662
660
1878
2698
905
1731
24
346
4182
4986
2463
4981
470
1969
4210
4302
4558
1424
1924
3620
1116
3990
1341
2063
2886
761
1987
303
4804
3675
1768
2350
2935
1125
1510
2695
320
3254
4851
3328
869
3811
3946
4760
829
3509
706
889
1026
63
4268
2845
885
3717
4355
4490
4421
3108
2614
1460
4514
2497
4835
827
2362
2487
1077
379
164
508
2294
1827
603
3374
300
1471
654
327
360
4809
3908
4185
1815
2234
4528
4955
3650
971
1440
971
691
1147
4861
446
3429
3456
2388
3785
2845
1679
3626
3605
2359
497
1710
3704
4744
340
3300
4305
4726
4464
2862
3854
3851
3791
4545
1619
4664
4366
2032
4694
4397
3299
2465
4345
131
1539
2592
4538
3404
4062
4651
373
4423
4690
2375
2154
3237
2053
4938
3809
2956
4266
1567
36
1552
2682
4171
345
4327
4743
97
3435
3201
459
1072
607
1076
561
4205
4032
778
1769
4864
1016
4846
3044
3577
366
2881
3332
563
3727
1882
1394
4317
3425
3268
4621
4646
699
821
2795
4285
3847
3362
2233
4594
4356
940
4714
2222
4895
3150
3283
4984
4748
4129
2047
4079
2326
3576
63
4127
1419
2482
4975
3266
3447
4094
1156
31
4798
1909
1252
463
4427
4214
1295
2690
797
3776
621
2174
4607
1594
4415
2873
1039
3308
1993
3547
2662
1248
3783
966
1473
2217
1427
992
3660
909
1366
733
4447
849
3842
4458
1491
3036
2651
3991
3301
2248
3518
797
3288
1181
465
4763
232
2520
1395
1604
2169
4333
3533
2049
2024
976
4552
749
379
4759
3220
3503
4634
3296
2614
269
3338
4891
555
1041
1228
3338
2176
3801
437
591
921
2230
2235
1043
405
4910
1688
2062
4303
300
234
3652
4793
4822
2671
4889
2660
3134
3380
1345
490
1957
3475
582
633
4698
1338
4190
151
870
703
1947
1603
3829
991
1071
1815
4721
473
1576
2381
3040
1701
3123
4259
3769
1584
4985
3010
4006
1055
898
4715
1494
2374
1479
2317
4266
2074
4253
930
3243
3771
4466
4779
851
3387
694
1210
4648
3409
4186
4453
2099
426
2378
156
1888
1014
1733
3498
4746
2799
2963
4501
430
3661
4199
4033
4005
4441
2086
1339
2934
26
2033
4633
3824
1566
830
3117
3283
4406
1759
763
320
1550
4867
700
1472
746
3635
4247
3328
3619
1580
4038
287
1369
3705
3908
1434
2645
4935
4866
2905
4423
2494
927
4932
3949
2925
3814
48
3484
1740
2887
3328
3046
866
3815
1789
2462
926
2075
1076
2861
554
2036
4934
2359
350
314
1589
3587
2526
3233
4645
3174
3886
787
3804
2176
2676
815
4587
3182
2650
622
3131
662
302
950
1236
2892
3962
1651
2972
3738
1891
1172
469
1431
1460
3155
206
2760
4200
2237
4972
2753
1172
2639
3969
2377
4631
4950
4618
4808
2118
2662
4232
346
3359
2973
4047
2903
539
152
2304
9
1280
816
1826
4507
3919
1667
4684
4428
1779
4013
4894
1640
4665
3966
60
3251
905
3677
3805
3931
4419
4303
4323
924
3014
3755
4972
3070
3683
3614
3453
4513
3969
3772
2611
960
1967
302
544
4163
1175
4193
377
2385
2863
1027
1941
3957
3977
3264
3948
1722
3725
1285
1381
1784
4730
4663
2070
2810
975
1552
2555
2615
52
3093
1753
4579
1521
4244
3743
4136
2628
3146
1467
4610
4252
2996
4740
1287
4506
2294
3840
2342
2542
2891
3802
2137
1031
3584
780
1879
2931
4747
2617
1968
2802
375
1295
2478
2369
4097
3124
1630
2332
1625
3041
52
711
3591
1993
2656
398
4541
1250
305
1547
465
641
43
3969
1351
4683
4040
4413
567
2861
4836
1345
4868
3574
3853
257
4271
4796
4373
2428
1410
982
47
2168
3213
2765
1817
502
4193
2609
3886
4865
192
2615
2287
1489
1761
1584
558
4425
3450
4271
4902
2832
1228
4748
1988
4390
3074
626
243
4577
2994
3883
3328
3315
3822
2726
2434
1819
2704
4421
3880
964
4489
204
538
516
2987
1988
1153
1454
3034
4982
1992
2975
2868
2881
3268
4299
1348
4349
937
2755
4404
1799
965
4349
3394
2454
3085
3666
887
1467
2948
3445
563
1565
4094
3718
2489
3842
4821
3680
3217
3145
3712
772
2932
4165
576
1463
797
4066
543
2994
2537
2147
2409
3938
1482
1170
2905
2652
3736
2511
1406
1309
3199
3392
2379
3788
2331
2040
4987
2707
2517
3112
2675
4433
2165
2011
1106
2877
452
2400
4585
4472
4483
2513
1187
4628
1116
4982
3973
2448
1958
2454
2847
4962
1252
4073
3421
1199
2986
1987
929
3491
4375
1512
4954
1502
1010
899
4620
4537
694
2136
977
3003
2583
1854
3085
2988
2322
4479
2913
806
2436
99
518
551
760
3085
3670
1071
4158
1060
46
1782
3509
4147
3426
1489
51
2517
670
1369
2655
4712
880
2036
2402
4017
570
1017
2190
2746
3914
1180
4100
4211
2482
2795
3003
2579
2153
863
4464
595
84
2983
656
1101
3481
3818
3100
2613
2453
3740
3296
2666
1387
2454
1375
1250
1944
4705
430
4199
1317
574
1513
1984
3191
327
3091
4962
4774
2586
647
1173
3656
3014
2298
3367
3041
3611
695
4338
3145
268
4087
4195
2900
4998
1715
1846
1085
1007
3016
90
3122
3903
2655
2957
4700
4542
845
3431
3266
2010
781
2157
4188
2119
3689
4442
1917
3126
3454
4385
1990
4676
1064
1075
1009
97
1478
2915
279
1249
1977
910
685
4972
565
1458
2819
4339
1948
3810
3094
917
674
1021
4074
2370
2287
3904
4624
2684
2993
4906
4109
4619
1798
218
2225
1777
3177
3164
135
4536
4874
2632
4747
1183
2881
188
4583
2098
3226
993
1956
2580
1627
2110
3915
4629
2040
1595
232
1156
4948
2247
2573
51
4220
4058
4041
4948
3755
3617
96
3568
2057
916
2033
1294
213
1920
2946
1864
4674
1082
627
2072
1362
2636
3783
154
333
3911
4598
1733
4040
2914
1771
2676
1220
300
1876
1369
1008
4113
4861
4996
793
4652
4288
2107
1779
522
1930
1618
2111
4553
314
1804
1234
4301
94
318
3895
3829
621
4428
3382
2183
427
796
743
4415
911
4740
3566
2470
3234
2005
1662
4747
204
1273
4411
4380
3876
3407
4321
2274
2656
1319
4603
3260
1879
975
2005
3102
182
326
4251
859
2350
269
2621
4850
2554
4043
944
365
2036
3694
3790
4039
1544
4486
827
696
782
1930
1806
4219
2210
1306
3704
2812
1909
4233
3224
3314
3526
446
3528
3512
4976
4194
4442
3732
112
1328
72
1006
2741
3227
1385
454
1194
4982
3494
4354
3513
2693
1501
471
1632
4536
2149
873
1048
172
3222
4360
4692
308
2068
2767
1976
2243
920
3448
1802
35
1001
4344
4344
3607
723
994
1732
1631
3034
3073
2674
4980
3956
1793
52
1909
1768
4509
2147
534
3688
3824
98
4610
103
3862
1953
2563
2254
2234
2269
1763
2694
23
4036
1310
3904
4117
928
4400
1919
1966
1718
3615
1308
1798
2058
4063
1957
2563
3529
4937
1796
2988
2088
3994
4868
3694
2651
2653
4949
2464
4608
140
2198
3364
2763
3454
2127
3491
1264
4396
1142
4398
3
3426
3326
3588
27
1304
1310
444
1626
3068
2372
2877
4078
2957
931
1241
806
4442
4891
4728
2756
2158
3930
1353
1264
1044
3087
3698
999
1816
3737
4892
4921
2324
2762
1114
1016
4185
1411
1497
4162
3784
576
1925
4321
1871
200
3598
2783
2700
4905
3408
3328
277
2995
1802
4886
2452
1561
2997
2716
1646
2306
2087
2469
1099
3762
2599
1351
2791
326
4994
3115
3875
2566
4439
2703
3594
4792
309
1388
4795
151
1557
3028
3951
4048
368
4764
2070
3434
4154
2626
2537
153
7
1678
3490
372
2021
463
109
4064
644
1351
3544
1994
1434
3963
2845
1865
4389
4236
3707
4862
3279
4415
2566
4599
1852
3278
3362
4883
275
3697
69
4801
229
4930
1359
2855
4441
1654
3410
4751
57
4266
1054
3859
169
4552
3741
535
692
278
2793
3822
3013
3542
4905
4007
3420
1143
1299
3446
1877
657
4381
2475
3588
3567
466
2378
760
3214
2524
3196
1236
1223
3024
1579
767
2817
175
1385
3716
3389
2087
270
190
3860
4937
3447
4749
2390
846
4482
3167
3610
3321
926
4218
3196
2212
128
864
3233
661
688
820
92
3988
3602
3817
3773
1521
2778
957
3597
4943
3516
4367
1645
784
2532
1251
1459
1033
3463
1487
4895
4943
3872
4965
4272
36
312
3269
1066
4349
3723
1752
251
2593
4996
2788
2181
4369
4635
4619
462
2530
2239
1600
3376
2381
1482
1027
3564
3677
3088
1130
3349
2789
367
1672
3422
2700
1398
779
5
4716
2753
3002
3034
3892
4533
4077
925
4628
1303
3570
597
4282
2377
2853
4813
2757
4019
4602
3777
1972
3343
428
2108
812
3277
1726
1724
2829
3535
3503
4395
2389
557
4955
1008
2756
27
1543
1987
2660
3140
3501
4471
1656
1311
4821
3976
3976
1316
317
2232
4357
2265
4764
803
3861
2396
2844
122
1303
4214
225
4320
2199
1968
2669
1115
2179
3321
4729
1199
2595
566
4192
3801
78
2325
3273
225
146
3482
3989
4599
2202
1401
4018
4409
761
2792
311
358
1714
2401
2965
4504
3719
4889
1302
1210
3350
4180
3948
20
612
2563
1498
3156
2574
3680
690
1983
1422
400
3269
604
4259
2852
1691
1449
757
1616
1109
4989
2200
1778
954
3608
4387
1636
2934
4753
4495
3131
752
2451
1589
2267
3854
2940
2164
4550
1784
2298
1504
2595
1036
2023
2776
2426
821
1487
4840
1019
2075
1144
1001
3712
2522
1481
312
3298
4886
4067
450
1852
4260
2049
3796
3668
4114
3453
2459
419
3523
1252
4303
4117
4818
2638
398
362
697
3253
224
1465
215
1567
2368
4094
1594
580
4533
1768
4851
4208
3530
883
1149
3778
1540
4097
1865
2571
4611
2766
3056
3713
3614
2675
2494
2363
3847
1641
779
4586
3414
604
4047
1101
2034
427
4426
456
2941
4745
809
4436
3688
3240
4065
1353
2058
4220
2999
4011
964
4210
2313
3737
2698
4495
1393
1294
1806
3393
669
4509
344
3672
4238
2944
1733
3026
1251
4715
3175
2191
3317
1578
4270
588
2965
870
1592
2069
312
2053
3970
1418
1240
4847
4042
4297
1508
2767
1063
3110
1917
662
142
4365
2738
1752
2360
3922
2390
2236
887
4722
1726
3148
577
2606
4898
2922
1753
3897
3729
2065
4278
2861
511
2007
1206
4505
1317
1612
20
4942
778
1633
624
1024
3233
1015
230
2096
454
2808
2336
3006
3974
2327
4346
2825
2155
151
1921
664
2899
4257
1192
1018
2
2494
4215
4425
3433
1316
3367
741
4227
179
551
1272
4912
949
4951
2947
3147
552
4689
1330
2030
1568
769
305
1897
4192
1652
4886
2232
2831
1324
4623
2306
2867
993
2171
4591
3510
195
4588
4518
2373
2331
2399
1021
2292
4540
1174
4126
1724
1574
3946
1593
3015
4371
1889
4323
4515
4623
3069
3974
1106
4005
3886
3957
127
727
4630
4762
2257
1492
749
2987
2584
2781
541
2312
1996
1076
3624
314
2543
1916
588
3293
3729
3206
3032
1492
1008
4901
4399
161
3021
4340
3237
2579
2903
2436
2052
145
1389
4747
1179
346
2164
1738
4242
680
1684
2006
2157
4824
4682
263
2576
2916
1554
1773
4572
4598
3147
888
3096
1435
1803
683
2644
354
3468
1617
1514
2244
1369
990
1415
4965
2798
1217
1171
2217
2023
2649
3848
4684
3525
4820
3470
1179
4346
4752
3054
1773
1767
2397
1591
4381
4142
3181
978
1587
4902
1931
4406
3177
2632
2115
4736
1260
1476
2826
3836
902
327
3076
4280
858
534
1299
4569
4532
3163
623
765
4919
3064
1279
3370
3429
143
2816
311
2409
564
1798
549
2226
3861
2600
4308
4823
2447
864
3797
3487
2914
2804
2694
1079
2945
4525
1319
1740
3839
4319
2328
441
359
2751
3867
2249
1314
1752
1613
4570
94
1285
1122
2063
1490
3933
4921
2507
350
3124
110
4937
2789
3171
4802
4480
4711
3112
520
2423
3225
3168
3416
4766
4638
467
2462
1489
4573
2804
1822
4685
1652
3295
3005
1931
1917
913
820
4716
3480
4386
3212
2499
4251
1261
4457
2076
2151
4143
3947
2864
1782
4284
72
1402
647
2321
563
2393
4386
1707
2885
1750
1588
310
2837
2017
128
1293
928
3094
2084
3014
23
1698
2144
398
262
1110
297
4942
1878
750
3853
1195
3598
4254
4121
4484
1970
4197
2158
1777
3037
2937
1804
1340
3282
4186
1344
2288
1112
2265
3324
2323
2846
3828
4315
1131
4720
151
3853
1876
1864
3318
4181
1626
1114
1492
3676
1396
587
4307
4781
3138
3663
4782
1207
925
953
2195
4630
2192
4744
4584
4393
3581
4435
2096
2021
4280
3074
557
3595
815
426
1172
4030
695
952
60
1444
4732
3711
383
2063
4610
168
270
2497
1236
2524
2218
4778
3777
3544
3783
2502
1290
3278
3875
4349
4436
416
2071
1161
3617
957
3426
4357
788
4537
4785
1608
2368
4130
2389
4115
849
4031
1379
1521
3824
1654
3742
3709
4512
1861
3302
3875
91
4401
1777
4578
1939
3390
1107
4059
4401
2227
1444
4222
2052
4701
4812
3302
4997
4752
1967
3536
795
2582
3132
4237
1397
780
4921
3107
1927
103
3116
2773
96
4290
19
922
2352
3516
3638
3244
2201
2574
1865
1800
38
2286
1396
3938
2911
4577
3239
337
1721
1435
3257
177
656
211
1952
4157
3236
364
4180
1992
3964
3823
2707
2365
2807
388
2411
4906
424
4944
568
850
1433
1111
566
2755
455
637
4542
4932
2302
4796
1992
4319
2324
3170
4614
2177
1249
3279
2423
1098
1419
4891
4658
4261
3074
3078
2966
1613
4647
4722
3336
2729
4893
2368
1864
1825
717
1505
4239
2822
1270
4017
3692
3545
4231
1056
2084
283
2276
3545
1546
475
4207
1433
800
3030
2119
2073
1581
907
2036
3952
2753
4765
3600
116
1244
1524
3855
506
418
3761
3855
2705
312
1348
493
1562
1646
2928
855
4520
1095
164
4006
3407
1442
388
1358
2151
2865
3815
3467
1488
2441
82
41
433
710
2763
4934
4441
3165
256
1513
839
916
1814
4075
3436
1899
687
4117
3980
4026
4703
1637
2026
340
4237
4306
2920
4559
2618
1634
725
3360
964
4131
728
3305
755
1890
699
1104
3743
2314
1205
167
536
363
2035
4214
1736
3120
3942
3416
269
1365
4167
3705
2859
4067
2109
25
1805
2055
2238
695
4622
2470
1373
4699
1889
1495
1669
1659
4005
1835
4021
3065
3113
1903
1055
1156
1295
1246
2272
2729
324
4726
3225
271
4268
3737
3307
169
22
1770
997
2061
2286
3842
3008
974
1909
4961
2451
2425
3115
2714
4223
234
3311
2996
2656
1137
388
4639
3011
495
1773
3010
234
3232
2568
3487
548
4374
3518
2838
4457
4665
3312
1784
3840
189
3116
1831
1077
310
4147
3272
3618
269
2237
2081
1186
1558
897
2065
2786
804
557
260
1717
411
3683
1101
4798
926
2488
1411
2004
2147
3156
373
3036
4311
4688
3818
2610
2682
3013
2274
3776
2795
692
1758
2142
3198
326
186
2030
1459
757
4499
265
2874
2170
3420
964
2626
4832
2674
1041
3350
3411
27
3271
1793
4501
2633
2824
1077
2154
1347
4305
4923
4343
3634
1664
3829
804
3362
4347
147
3346
116
2237
4089
245
4637
3106
1838
2168
2154
878
147
3097
3679
2715
1894
2161
4999
4245
1304
1505
508
2195
666
4545
470
3883
3356
3428
1548
3930
1805
289
4560
1661
1527
1862
1478
2180
4880
4779
3040
1473
3947
3996
1792
4925
3144
3916
4905
4378
111
118
4831
3218
2381
2988
2225
1324
4181
5
4799
180
2662
3884
3818
1857
1499
943
805
4750
32
4155
1411
801
2542
2481
4036
1070
2530
712
2056
3811
2029
1546
3365
4071
1163
1280
4328
3258
372
3115
3610
1397
986
3618
1991
401
4464
3730
3385
4166
1697
3969
3682
4011
1997
3547
1154
4297
4385
4405
1153
4120
1896
170
4087
3581
4469
4270
3219
3677
210
2056
3969
770
1080
385
1899
997
1142
3300
120
2073
1560
278
671
2605
2128
2063
1814
2286
4428
4387
1746
770
3245
675
3632
2210
4840
4248
4969
4536
3541
4450
2823
644
3202
3411
1008
2101
2475
1052
2200
2896
3214
4597
2185
3068
177
1952
1926
3490
2959
2958
3062
2190
3846
2185
4031
2154
62
3377
356
4313
1511
4017
278
3183
1334
3019
586
2954
448
4911
1766
733
3548
302
197
2040
3804
1157
2511
2529
1907
408
3832
4859
4206
2463
2857
1430
2650
2480
3409
3479
2198
4075
2876
937
2990
4436
4399
3595
3456
4883
1560
935
4622
859
1530
4263
1578
539
3943
682
1635
2425
2458
564
4718
4333
4790
4077
2303
3472
3390
4513
4462
3249
1251
1504
1743
1556
4638
4105
4099
2835
2936
4895
3132
4917
4704
2118
4648
3699
4782
3666
4769
3230
2161
1155
3599
174
3732
536
494
3868
3371
238
2873
4983
2796
1928
1109
1036
3934
515
2608
2505
616
1766
724
656
4195
2484
130
1282
1973
4319
1300
164
3157
1696
2502
205
3945
1823
747
4827
4250
1459
1356
4045
3175
4881
879
217
4067
714
3267
1207
1659
4196
1035
2775
3921
1630
808
4612
1457
908
1528
799
1889
4293
3857
1096
1228
4008
4908
732
3489
4808
1164
3138
3305
3923
1583
1435
4983
1679
3935
4554
4708
3758
3440
3187
3483
3696
2748
1462
3984
460
669
3166
4671
282
4358
811
4214
4060
134
381
2202
2832
3153
1087
4883
1600
3717
1612
2505
3445
1051
3968
927
2523
3065
3737
263
1250
1171
3730
839
631
1155
702
2298
872
3803
795
1587
4652
1646
3542
2851
990
191
1826
4015
4328
2140
2893
345
837
4044
4079
3478
4319
4493
3354
1530
4249
1051
3792
989
2492
2814
4577
4474
1660
1928
1549
314
349
3453
330
169
2972
3445
4489
4216
1142
4664
3295
264
2715
1168
3206
463
532
2542
3435
3007
934
1085
2287
2916
308
3668
2153
3567
4822
2487
4788
3120
13
2823
1653
4960
2113
3308
4326
4846
361
2123
2004
4011
1376
783
633
3718
2167
2630
354
2069
2045
1366
921
2476
1763
4042
4548
4829
2706
697
1410
1977
642
2876
836
3162
1863
1492
1648
4148
3972
3522
1101
4222
1074
3589
3892
2886
1388
612
57
2619
3310
4361
670
2623
4917
3802
743
737
2304
3621
913
4636
2696
2450
2414
885
4124
3288
1734
2723
4211
1978
2194
2203
3553
1516
2910
3342
2484
3894
2920
349
1721
2850
3990
2432
3992
403
381
325
983
1753
1307
4112
1254
3573
3922
713
4390
1518
3826
2338
3861
1328
4064
3344
3802
4813
346
2313
3206
1230
1312
1238
3680
2496
465
1807
2085
117
2243
3910
4895
1784
356
4047
2126
327
3225
4653
193
58
3348
4031
2224
4879
3160
3874
1671
294
2733
1018
2154
4941
2095
2759
4537
1552
717
3559
3413
679
2001
857
1533
91
2360
3120
2638
3096
2195
1677
131
4601
4819
2769
4654
4181
2804
3887
493
3372
3848
3603
4661
1079
1522
2317
562
3896
3201
3970
2457
196
3909
2376
1596
1824
2611
2207
4364
2022
126
2907
4299
4529
682
2050
703
667
3133
4392
1815
3494
3237
2718
777
4412
778
2996
3973
3075
1438
440
2162
1474
4971
554
3571
3368
1773
352
3436
513
803
3444
2563
1522
999
3903
2327
2933
3869
966
4029
2143
3112
3396
4955
4888
3697
36
1733
3987
4855
511
933
4851
3414
1407
2909
250
4198
938
3100
2395
3961
4302
167
1153
4347
4280
2463
3616
2666
2506
1187
2403
2223
2998
3059
477
3580
1572
4702
735
636
4901
4181
222
3957
1433
4436
701
740
1992
1371
3527
4843
1296
1624
3648
3132
2771
1685
1233
4943
2707
2501
1788
3646
3663
4195
1062
1449
4712
0
709
1857
2887
4143
1077
210
859
3148
4844
4020
4448
1236
3037
2947
2153
1398
4238
712
682
853
3450
2991
2424
535
158
3541
4586
474
195
4232
4290
1625
879
2611
1124
2810
2786
4356
4001
2733
2816
1426
1097
4386
3909
1340
1468
963
1512
2318
1809
4517
373
2358
1440
2933
2417
1167
4202
1073
4927
3881
4718
3830
4089
2892
2962
2914
4579
3819
1536
3745
2948
8
899
46
3163
1379
1001
4387
2028
3057
3678
3274
1773
3690
2441
3903
4418
2558
4269
4648
1448
2543
1841
349
1293
2939
3045
2173
2931
2099
2032
1000
830
3395
4278
1712
2533
2169
1946
1464
332
1324
2104
3222
4709
4008
3656
554
934
356
3613
4578
4160
741
4281
4985
2548
1137
2853
1370
3039
3230
2509
826
4356
2115
3844
1320
378
1421
3362
3044
1269
4484
4300
1465
4071
4733
717
4512
4856
4025
586
3706
347
3701
1629
3939
2576
1114
1528
3293
4355
193
2438
4941
2513
2986
3468
4836
1253
1767
4958
2053
994
1970
1509
4020
2345
180
2584
2717
784
1455
3413
3073
2960
577
979
2507
1505
2186
1467
3832
4486
3935
3667
4977
3153
3381
1989
2793
2887
1443
883
2422
3053
2283
4476
3945
1931
2399
2349
813
1100
750
1302
3257
1670
313
894
101
1909
1726
3330
2725
1988
4698
2515
3690
4595
1805
885
602
2239
2073
2577
3895
2087
4922
3012
4417
111
2543
2828
2318
816
1367
1798
1881
4862
4766
2057
4079
2461
2812
2328
626
4247
1387
2378
3496
2203
502
1487
3932
3551
1334
345
4052
4297
86
1469
3130
2355
526
1987
1241
1659
3374
4217
2102
4744
3458
710
822
2948
1387
3084
4297
2633
2492
1586
1722
660
4557
2380
4199
3954
3610
3674
4353
4360
3456
3960
4754
1104
3968
1892
1851
1539
133
2465
2182
2044
452
1554
2968
4170
2260
845
2495
3742
4104
35
4045
994
280
905
3844
3119
1549
1344
2666
4774
3392
770
2059
3220
1711
4735
111
1340
3405
4085
1871
1426
1140
2294
3954
1096
1871
2424
604
4750
1323
1142
1040
2373
2792
1387
4157
2045
3659
4751
4131
3662
360
2856
1688
1859
3798
2388
500
682
1396
1448
364
48
2038
225
2207
4988
4222
4942
4368
1303
2098
875
4662
2385
3255
2761
1498
4953
299
1916
2914
3280
672
1953
840
3616
2912
3789
4464
2980
3219
3986
2031
3889
2891
103
793
4331
471
2613
3266
2124
3493
4233
1614
4040
2309
567
1498
3482
292
4402
462
3601
607
591
2009
2586
3330
2728
1493
2797
1800
2049
388
1430
183
4685
3255
4241
1136
2874
2841
1940
3654
4088
3591
53
982
813
1551
4384
2742
1436
1628
2850
2943
2424
730
2953
3310
4210
3324
139
127
854
2926
1900
1592
814
890
3339
4564
467
3923
1803
458
3838
1200
2524
3360
2654
3868
905
1901
2758
226
1116
381
1689
4207
4738
1163
1726
3134
4280
3826
3466
1064
2122
1234
816
2858
1437
3943
1848
2606
3481
1627
763
4886
2708
4972
3824
2412
3376
750
3716
2765
250
3506
938
1177
700
1069
4443
2012
3538
2259
3266
1511
4600
1084
3247
1784
1995
3018
3002
4336
1239
216
3280
888
2041
3690
1666
3352
4275
3725
23
1272
1024
711
4955
2864
4357
1344
2349
3870
637
3395
1023
641
4706
4320
3843
2652
2488
617
2011
4769
2896
1995
4643
4990
3812
1280
3097
2892
39
1880
1616
4263
4557
246
1785
961
2157
3907
2935
2904
555
3598
25
1408
3389
4002
4044
930
2292
384
1427
3118
1828
1939
2346
2775
2960
2491
3402
3503
4254
2582
1777
992
2177
2096
1718
3496
3137
945
4499
3678
4945
3976
4795
2357
784
972
3978
4404
2478
730
4469
3916
2419
1157
4764
2265
1171
2403
410
3326
2213
799
4573
2877
1911
698
130
2872
1566
1548
1797
627
4541
4024
3919
4659
1044
2441
3679
77
4147
2190
177
2084
2103
469
233
3876
68
3016
3999
1487
2011
4078
184
736
1096
758
694
2510
713
3938
2924
2784
418
1727
1281
3209
4892
3222
365
108
747
3295
3510
3282
3959
2834
637
4553
1975
1833
534
3549
1419
4221
2826
2107
1574
4528
3827
2713
631
3853
77
1811
4706
223
2767
208
3022
512
3454
4032
1522
4142
184
1124
1137
30
656
1442
2579
1876
1909
1059
4619
4183
4791
1563
4356
4241
4870
313
1207
1130
813
2534
1011
4498
312
1333
3392
4629
3825
1640
1443
1919
2270
4168
2772
2464
3098
4337
4032
2022
476
2207
3019
391
1280
1872
941
1201
4152
625
312
4356
2137
1886
3103
2213
3553
700
3268
1433
4046
68
441
1753
2018
2220
352
3330
4310
4333
2878
4614
1617
1699
408
2222
4380
3370
4056
3419
2921
848
317
1977
4458
779
466
4059
3275
2729
4892
3018
2162
2431
3618
3645
4888
4761
4917
4770
3419
413
3229
3257
2319
4925
4789
3302
567
2384
1599
1217
2722
2848
931
4525
880
3975
1301
3062
2726
3688
4111
4003
101
474
4553
4722
2146
3867
3838
2294
2348
4997
4098
2060
3629
2886
432
1957
3233
2012
520
3601
1628
231
4910
3144
2642
584
4801
2398
677
3089
643
127
1613
4745
4253
3514
3699
1537
1802
1954
1515
1813
3366
4841
233
4742
2709
3801
3378
1028
4881
2058
284
3362
191
4961
768
3849
3960
4543
3506
232
2497
561
1768
2109
4355
3405
2820
2413
872
1485
4145
4689
4238
3395
2620
4109
1755
2678
827
2752
220
4563
1768
4528
4375
4202
2562
4574
3315
1156
2259
1242
1639
4257
1552
51
1259
1159
3024
3704
1258
4317
2211
4202
3228
930
4923
4874
4815
3299
2902
746
4307
2915
1775
4072
4286
4233
549
4404
1355
4274
3301
3490
4445
1831
1167
3292
1252
3045
250
891
3077
3355
1761
10
3582
1338
1587
438
2676
306
4313
1569
3163
1299
42
4773
2565
2725
4995
3253
1547
175
4433
390
1207
1220
1453
1534
4510
4689
2558
1877
3305
4148
1635
1234
914
3441
4020
3105
4876
2447
327
75
2962
4800
3288
3483
889
4124
1603
4097
1378
2503
3527
843
1626
3821
3516
482
1556
1063
4756
3180
1220
3207
1172
3271
1635
218
3260
2290
10
2958
4499
667
1611
1859
4658
1757
3754
3481
4501
4135
4003
886
3715
365
4266
4240
574
3061
398
3330
1008
4234
4733
4143
2122
4512
3715
3153
461
1225
492
4193
2649
2172
1146
642
1957
501
4522
2791
497
79
3941
1817
186
4130
3546
961
4093
2148
761
720
282
3946
2241
3004
2087
3732
3181
1958
2570
3712
1045
2960
2715
2401
2764
1602
2367
1208
4526
4149
4206
1316
4163
3089
2651
3106
678
4622
4351
1062
378
3813
945
3640
3159
1158
1158
2790
2907
3807
4791
4975
2479
2254
3240
4972
2577
4602
949
2284
911
4647
2074
1836
4333
2441
412
4829
4111
4888
2918
893
3454
4251
3065
3014
2301
4160
1551
3607
247
4019
825
4399
4652
4943
1179
2155
4858
1800
1194
3793
4026
1731
305
4847
3206
3305
2557
1919
2443
1042
3892
4734
680
3451
887
3058
2785
165
3352
1040
804
1878
2445
1634
843
1254
1282
3789
3414
2625
4447
4332
3224
3711
4817
3500
4103
501
3031
1291
1125
4238
2744
1731
3570
4246
1637
1482
3525
1248
648
3629
1502
1091
828
3582
450
4144
166
2851
1375
3112
4958
3083
4685
911
3521
2131
4144
425
4518
492
4693
812
2209
3874
193
4668
127
106
1420
2760
2902
3792
1686
4877
357
4589
1905
326
2409
4276
4824
3026
3315
2061
1093
3334
4374
1214
2170
70
994
704
3153
1827
4352
1824
3654
2155
3053
3527
3081
3386
3841
3947
1096
4426
2424
3732
3663
4298
1339
1263
1129
259
3263
4203
971
2605
4870
4515
3152
3227
1371
2517
1852
3037
4621
595
3225
2335
3038
3188
3322
3921
4003
2251
76
810
351
3360
285
653
2690
2158
3178
3572
4313
2132
4898
4496
2501
2477
1203
4066
1579
101
4051
2581
2773
938
3816
3838
4079
2379
4119
2010
3120
499
3079
1253
933
889
3710
1838
4456
1863
1072
544
2731
2371
2627
2859
1345
4355
3428
402
69
2743
1740
3978
743
906
3539
3491
3892
4267
2389
4026
1746
1344
2170
4205
4705
2626
3223
3394
4074
2829
1539
1933
4224
360
1046
4247
414
4893
1623
2781
1647
2307
424
773
3753
4484
506
796
2472
3025
775
960
4585
3030
3973
4070
2493
559
1086
4443
1479
1819
4588
2320
2257
398
1568
2428
3823
601
1971
2293
1927
3985
2366
4733
4911
294
2093
18
723
394
3188
780
476
4288
1336
990
3443
3192
3511
3958
4651
1295
3082
1492
4361
4467
1641
2518
1490
4518
3993
4453
1804
4923
4179
4673
4384
2392
4201
967
1919
2035
4420
729
1764
4819
2805
3317
4656
3168
2817
629
1916
1612
4122
3228
4181
2324
2324
4485
3907
2001
4142
971
3565
3394
719
3913
4193
2770
3310
3869
3030
2749
4967
3601
3041
3956
3937
852
2710
2576
543
4322
3286
1856
4619
2536
2194
4787
3694
2470
165
1567
733
317
2427
4062
4992
1003
331
2065
112
1387
2748
1667
3008
2940
2181
2925
243
1833
1928
864
3046
1949
2145
4448
168
236
4
83
3730
4894
990
4407
2545
1245
3282
853
4544
844
2194
2127
3429
1777
3836
3724
4618
3772
4447
4031
1117
1418
1904
2701
2635
1047
2209
4205
2048
4917
2093
2384
488
16
3262
4541
4551
1084
838
2362
4556
233
3330
3575
640
1771
4065
4807
2410
2164
2494
4475
709
308
1467
2347
745
4228
2529
2645
4152
3807
4530
470
4397
2839
2167
3781
4114
1221
4510
4690
3446
88
2213
2947
2729
3405
2378
1116
4017
768
3048
4992
2651
357
4872
2513
3439
768
1921
352
4003
4114
1492
3093
1277
2452
4089
2121
3374
1482
2581
802
4612
1017
459
3654
3479
3291
2657
1849
2890
1356
2497
2458
307
4400
2569
2587
3412
3539
2789
1507
3657
1069
1983
1138
653
3635
3368
4285
4973
1249
3447
2774
2295
4869
333
1691
3659
3460
1461
2458
2752
1021
3648
1541
1439
3706
3328
3915
1302
4026
444
834
822
732
865
2678
1668
1478
1106
4540
3109
2220
2576
4329
3153
242
3444
1591
4543
337
4207
3933
497
932
2790
1470
62
4807
1579
4021
4679
3588
2794
2453
3476
4577
4247
3737
3114
3683
4620
3596
3993
197
2346
327
1605
3596
3465
2307
921
404
257
4808
2502
4091
3674
3586
4642
3047
4992
4087
2796
1470
1936
806
4959
2285
2782
1093
4857
495
1826
831
1646
2022
2263
4982
2397
4152
4220
1801
3657
3182
3924
1881
1330
3777
2058
835
257
2098
1596
1433
3582
3198
992
2771
4345
2188
2963
3726
1258
401
3187
1316
1835
4504
3986
3856
2714
151
4343
4812
548
4082
3859
1098
562
1659
158
3758
293
1510
4017
2100
2619
3878
3307
453
1115
3829
650
3315
342
3117
4932
1167
1668
3543
1373
4035
2856
901
2403
657
4248
3565
830
3800
405
1942
3053
2490
565
4137
4023
4082
973
3679
4317
1489
3798
4080
932
3353
4971
1255
483
2911
2184
4881
3323
940
1408
973
1862
2607
524
554
3457
3029
2214
1361
4201
4825
2819
171
1402
3096
3739
1654
4002
1944
4025
309
1912
297
1902
1076
4657
3503
1453
4415
1913
2061
4458
1601
3921
827
2221
1181
1754
4161
605
2979
2004
4506
1548
3221
3514
2699
3347
371
4011
4812
4573
656
3219
666
2693
4976
288
2032
4870
3147
3571
1982
3124
1576
3451
3757
270
2221
2744
3329
31
1331
3780
4496
4019
4882
4568
3664
221
3112
3516
1063
2619
1737
2570
2321
1155
1480
3828
2213
1034
3417
1696
503
576
1232
1267
2163
1447
4107
1488
156
1953
292
3974
4173
1196
4381
1287
2348
549
2456
1514
1684
544
1224
1198
2230
4185
495
85
2693
2739
4579
862
2712
3901
2725
3197
4239
4712
2419
3583
780
4831
3419
4125
1729
125
4466
3144
2432
2466
965
2797
1361
2678
487
4863
3838
3360
1374
2724
1110
4515
4145
4166
4206
4943
4256
309
799
4525
1248
1228
266
3470
1139
2799
4735
2468
3708
1602
1239
743
4316
2925
3715
2830
2411
4669
2146
138
2845
1636
3575
4742
1554
2064
3619
3911
1127
1203
2766
3214
1157
1566
2366
896
2504
2412
4764
2520
4172
1345
2632
4900
1996
964
2980
1964
2112
2119
3186
4232
3264
80
2008
1300
3588
1790
4121
1379
3571
3687
1428
4438
2742
4573
1496
3637
1241
2424
2547
2521
787
4258
4233
3663
2196
2069
3948
3327
177
4267
197
734
2161
3941
70
3649
4763
2795
1338
759
4269
3223
458
3614
1624
77
80
2206
4406
1935
3179
215
3661
4712
851
3029
4426
3315
3592
2311
4946
71
1985
1668
1768
2178
1733
2446
3455
3861
1123
4438
3027
2811
215
3523
3035
1643
1465
3223
1061
638
2428
4308
216
2400
2977
4168
175
323
356
2929
1344
677
2278
300
991
2021
4134
128
2174
2258
2657
4651
4507
4573
398
1975
234
3995
1003
2793
3675
4144
4337
367
2150
2153
3448
4703
3276
240
3780
2108
1135
3048
561
2617
1725
1953
629
2722
1880
4346
2380
170
4306
4910
153
3967
150
4877
3252
1374
3397
4173
3745
3705
3203
4749
4284
4595
2853
2899
1331
1915
3381
4465
2161
4190
4993
3726
228
4006
3377
802
426
113
4190
1344
376
1531
2784
2226
743
4532
4641
4961
2122
3619
2292
1901
3970
4504
1782
2269
2317
1919
3823
1701
867
2539
2558
1621
2614
1051
3024
4117
664
1813
2495
3256
4499
2214
51
1277
4128
2457
2152
2636
2638
760
2349
469
550
2064
3569
2206
2694
1138
4665
4507
2470
2337
3716
4094
2915
1723
1371
1058
4517
1008
1148
1955
4905
362
1126
540
1003
614
4527
1906
993
349
1665
890
47
2035
4601
3504
2514
1744
448
3148
3644
2430
1983
1522
376
3640
3945
3978
386
1569
3606
3597
1665
3539
3408
900
2027
652
4058
397
4156
4247
4766
1093
3109
1250
4531
804
1718
2531
3286
4325
346
2395
1834
1144
292
2337
4454
3683
1844
303
1522
965
4469
1435
26
4892
2992
1158
4951
2730
2794
2757
3147
4360
3978
443
3445
1361
2745
3954
3076
1031
3988
1732
141
1823
4623
2473
1643
1774
735
763
1159
4095
4495
1430
2199
4028
2414
109
442
2246
2929
594
274
4772
2220
2521
2723
3263
4355
3058
1418
3050
1259
1058
1237
4763
4961
3750
2706
4843
3241
4642
1579
2285
3149
2885
3795
810
398
1672
4590
1021
3990
830
160
603
889
3195
4165
1274
2462
3248
4440
2131
391
4490
3999
2138
718
456
4419
3858
1770
663
4708
4821
2616
3465
3906
2360
3884
202
1007
3153
2702
4664
4960
293
2042
2913
1210
1504
4774
2612
2550
517
3079
3599
1931
72
2435
4166
4138
2821
18
2556
300
4404
1224
3799
1867
2506
2700
2860
4983
1157
3744
3245
2601
1387
2070
2707
4305
2553
3655
3396
573
1179
3678
3268
2918
745
3153
2170
2298
545
4842
511
3599
1813
1131
2858
3303
4784
3127
181
2827
2747
4182
1373
1802
1294
2133
3723
2814
3834
1659
4960
86
2329
2394
465
368
1143
4715
475
1387
3528
2796
2795
4089
1824
3377
851
2863
1609
3524
2698
988
3212
98
2904
748
3122
3488
4358
3723
54
3725
891
256
3342
4468
4144
1282
1961
3150
4612
3441
3372
2811
371
1388
156
3915
3745
1095
3710
2278
2636
1030
591
970
4026
3582
1882
3930
2691
365
3008
497
2824
3786
3154
4413
444
1009
927
2347
1594
465
539
2983
4424
159
3938
3378
1048
4857
3188
3834
888
3699
295
264
2753
872
1329
66
3635
2986
977
2942
3903
3041
4648
4165
2557
519
3595
3697
1305
329
2787
2946
672
3973
1657
2457
2292
2458
4123
1814
4742
208
2635
290
898
2491
4927
4736
2742
4836
3915
3033
4811
4480
1212
181
1457
321
4324
3537
2374
2830
1082
2710
4774
750
3172
4638
2120
2640
2589
2577
2940
4044
550
897
2067
4734
3973
855
2483
3134
4332
1418
227
2899
3748
2737
4252
4176
2552
699
163
630
3650
3614
2985
4261
2956
2361
2087
2050
1213
4134
527
419
3716
4037
3585
2489
4570
1015
4718
1933
2924
198
2220
4820
343
421
2963
1019
4088
923
1106
3384
3152
4915
1494
3613
1937
756
3256
2679
2641
4065
3669
238
4444
1962
34
4907
3275
4024
3152
3926
745
2250
1415
26
1177
4589
2318
4245
2336
2404
2078
4145
4033
419
44
1908
712
3989
3574
427
843
327
2449
3165
685
3463
4038
4917
1134
2912
2837
4570
1194
4594
4066
4048
2230
3976
4124
1471
1665
4562
4045
910
4057
4970
2777
503
4103
3383
853
1501
1227
4958
3619
1744
1262
4337
4433
1796
695
3935
2360
3997
3607
3688
368
2438
688
4230
999
358
4440
3739
4339
4444
1512
573
60
34
4694
1034
660
4429
3540
4010
439
2194
3102
3239
3534
377
3773
2577
619
1403
36
1279
4840
2399
3527
829
2799
1715
1506
4696
283
219
3291
4926
4690
4664
1017
872
1927
3332
1485
1706
2865
4144
1293
3188
652
1832
696
405
873
3486
1563
4405
1437
4806
3741
1348
1366
1943
72
3496
3079
2437
2717
894
39
4059
478
3579
4173
4989
433
1062
201
3390
3756
1932
2722
1221
3212
2648
2710
448
4779
1512
2933
705
4859
883
277
3823
4153
4816
874
3457
1998
1278
1235
1330
2488
3213
3320
1505
402
1074
1278
2877
4659
4765
2569
3488
3894
2311
798
4704
1017
1642
4275
3328
1818
201
4853
2052
1227
4749
2441
3826
3601
4795
50
3713
1598
457
156
2878
169
2758
39
3788
1722
3573
3518
2989
329
1462
1179
3562
2993
1397
948
89
1656
1894
1425
3510
4856
3989
818
1059
2308
884
4182
1760
2553
2405
2347
4408
1525
2386
3005
4843
2227
4461
2296
4195
36
3760
950
1161
3324
1686
1215
2347
4485
4689
1121
401
4477
2685
846
1008
2940
1910
4213
3299
876
740
4644
943
2733
4320
1029
2682
698
864
1425
3838
2304
953
2020
3358
3485
1106
3140
3175
3107
1957
4417
1334
2064
1273
911
4559
2542
472
64
4498
370
2123
1329
2634
1515
4969
3731
62
1240
1133
2343
2724
1257
203
1495
3875
3970
4438
2172
2730
2944
1963
3514
1114
1936
1334
786
4350
2955
4694
4492
4880
1486
3879
4179
4591
1200
4807
4751
3792
326
175
3516
815
2128
1147
3792
3217
1287
1337
3744
3285
1131
4321
2908
4107
1677
730
1201
1592
4216
239
2109
4565
1432
65
376
102
2250
2384
4537
2651
515
1711
3741
4544
4301
4772
4709
698
690
846
258
4936
121
1707
4429
234
2732
3624
2221
4278
419
342
985
4344
979
796
3358
2188
730
4010
4579
4242
2444
1682
588
3956
4626
3077
4036
2478
408
3421
2180
1202
1008
3592
53
2247
2100
3348
2907
1218
4080
2830
722
4167
1271
2022
1064
2139
1389
4097
4068
1543
2407
3834
3146
1052
2770
2642
4387
3004
3768
3792
2884
1939
3288
1051
3647
2989
4277
2869
2205
3632
3473
1232
3330
3718
1888
1105
2068
4252
208
3362
4206
2173
4190
686
775
4438
3251
578
2040
3379
3914
711
569
2811
4773
2840
2067
2794
2900
3820
1047
1606
4736
2782
41
3450
2703
3306
1726
700
3267
1646
1967
2196
3880
4516
814
2076
947
3845
3484
4579
3331
231
4515
4642
1513
2621
775
4445
240
1815
3783
4063
262
4427
466
3076
393
389
3692
3724
4757
431
4233
878
326
4465
4181
1936
1556
945
4926
4586
3916
2406
1583
2919
3920
2943
1317
3479
459
2651
1277
2973
757
1781
4632
3497
4412
1415
1764
3921
1476
2453
2815
4874
4990
991
3932
2113
992
3806
1412
2869
1933
3933
901
4406
1729
861
1888
1704
2031
4657
714
1879
1651
3665
718
1876
4234
2674
3911
738
2234
3280
2868
3234
1113
3984
543
4947
1121
2000
4427
3764
3930
3359
2625
770
4546
1041
2383
1446
377
1824
2010
665
796
161
4387
139
2258
284
3654
4506
4817
960
2628
1929
1163
1388
2439
3460
2511
3982
3277
4866
3110
1150
1228
466
2807
4023
1808
1606
3992
1009
2141
1450
2665
4310
4812
2790
3762
2945
1123
2401
1497
1856
2691
1479
1075
1242
3292
3527
1339
3796
3992
2242
598
2079
681
3343
2739
570
2946
53
3285
1588
3361
3435
3148
1944
4835
1828
303
4807
3717
1845
4872
4187
1002
1493
3401
1778
244
4135
4704
1578
4413
415
3864
579
4592
2912
2310
397
4441
2016
2980
4500
4856
4156
4657
3148
2058
1139
4701
3749
896
549
3906
3778
4547
3140
1032
2061
2573
2520
4717
4813
1181
4547
3319
1264
2427
3381
1077
1531
3702
3787
1453
4471
3840
3208
243
2087
3577
3959
2906
428
2160
3082
2206
1509
3019
2622
1913
1254
849
1617
3136
3512
1618
346
2051
3186
30
4661
4281
1600
3402
659
1474
3212
1707
3490
4482
4920
687
846
2953
533
3506
430
1820
2259
4795
2188
2373
4982
4234
4707
1520
3050
4479
345
3595
2373
2577
1365
4422
4943
3975
4610
3595
3134
3530
3661
2273
2543
3952
4471
4025
2241
1557
1057
4532
3900
732
620
322
4411
1455
923
615
492
915
690
180
4103
4366
838
1203
4799
4439
391
1187
2107
1468
3291
4160
505
3912
4356
311
926
1260
3504
4614
1347
3598
254
1489
1766
3628
63
3421
2022
4365
4354
2966
948
1603
3611
3015
2911
3577
950
2275
3167
2851
1294
421
4694
4401
1540
462
2917
816
2042
2638
476
167
2189
830
2887
821
1918
3743
3727
2894
4764
768
3007
2082
2772
1132
4995
4898
1494
767
3531
118
593
2969
2454
4177
3882
790
4198
4820
4214
335
963
3731
2080
3451
2966
2366
4288
3277
2525
1401
2113
669
4203
1538
1964
3514
146
3494
1827
4697
425
1696
4833
2361
1850
4688
2806
1252
399
4267
3223
4040
1603
386
498
4451
4395
3578
4170
2464
4262
937
2477
2235
2014
2332
4847
627
3917
592
1995
3664
3375
2544
2501
3882
1273
2533
4335
4385
3432
568
2250
1897
1552
4821
2400
4342
3033
2813
295
3068
4759
1836
932
4961
1676
125
1926
2997
4230
4786
3745
920
97
870
2289
933
286
1740
3152
3286
3941
2701
4419
1534
4021
2458
991
898
4204
3221
4699
968
3499
108
138
2562
3345
2423
2448
594
4222
543
4998
3356
1785
2450
4609
4452
380
613
2729
2915
3470
3231
3458
4538
4973
4734
4512
1339
921
3883
4941
1398
456
2162
3668
1332
1227
3701
4194
1409
4918
549
1787
2479
4249
3069
4746
4192
2883
2990
1360
734
464
1885
1644
1827
450
401
3577
1835
3415
1430
4437
3836
3766
1033
4926
501
1093
2365
2467
3457
1552
4751
1098
3640
3921
4035
3504
721
4957
4796
4090
790
2495
3063
3218
3345
663
4875
962
1476
717
2809
1959
1365
1720
2167
3989
1052
2600
3218
1512
2654
3076
2408
1155
2115
4436
2569
3763
1342
737
2899
4218
4853
4382
418
1504
4000
1709
3237
18
4252
361
1709
3743
101
4720
3393
930
93
382
3819
730
1247
4215
2851
2106
4992
4087
2204
3597
2099
4362
2014
2602
2550
2996
4750
3984
4456
532
2916
3226
1045
4098
2441
1161
3795
1430
4852
3881
466
346
2601
4292
2865
1718
715
4144
4819
2311
3581
4055
2674
537
2981
3274
3058
1027
2636
1633
3212
3732
2201
1478
4189
267
703
3485
4816
3952
261
1930
2190
3729
558
1707
4630
1139
4319
2552
1317
1041
4428
455
3126
1489
1160
1309
2789
3950
2529
974
3777
189
4794
3264
2721
3251
3826
4418
1837
930
1369
3366
1431
3220
4094
3240
2075
1257
2272
3102
854
607
4182
1476
907
4866
3469
1228
4602
2256
1751
4283
2337
1722
1113
3403
4231
3048
660
996
4675
4833
4359
3861
4385
2239
1843
3534
2045
2865
234
1527
532
4422
1452
3167
2463
4311
1158
4720
1323
3064
2881
2480
1895
3076
1935
426
2012
788
2821
171
4124
2617
3890
4912
3819
255
4590
1404
1446
2999
3607
1457
3268
1753
1129
1550
1311
1421
245
128
3046
1788
3577
2255
1153
1737
474
4025
4086
4746
398
2707
478
1191
1444
2504
4125
2177
3857
4080
1152
3155
60
4758
2337
4549
293
4749
272
2883
138
1800
4837
3568
1153
1302
4690
1073
3869
2064
2759
1069
1795
3794
4297
3549
1614
4537
1596
2215
451
3933
4069
4223
3598
3987
4853
1980
3945
4860
223
2953
942
1916
3676
2103
4674
3503
666
3637
3089
2523
4924
2328
1376
2463
4353
3299
636
554
2884
4887
863
343
1105
4837
2013
2942
4103
2991
973
3478
2455
2561
179
4723
2108
2708
45
3943
3217
4343
979
2820
4518
438
4560
3075
146
1809
1028
4815
3904
2911
315
2328
4977
4051
3287
3394
3009
4827
4860
2908
4012
4589
1924
3511
4602
33
4808
4994
2508
4163
2434
3443
2692
1226
648
2453
3527
3498
4612
540
57
4042
1187
315
1958
2424
689
4379
716
1758
1040
3682
4280
2071
947
3989
3594
158
4823
3920
3992
3350
3427
1356
4657
3420
2480
3349
102
2964
50
4338
2227
1960
2869
2633
2413
2888
3984
71
2709
313
2341
3103
4517
1292
4563
4294
2677
3333
4089
2900
2685
1236
3216
11
2401
3942
2667
393
535
3738
946
3328
879
2641
894
3371
2030
2101
4321
1206
3367
730
1034
2188
2808
3357
3567
3371
2717
1263
3157
3047
1451
30
554
4876
4103
3714
2722
3716
4371
2975
1624
4708
4250
4407
2652
703
50
3360
1418
3631
1909
646
432
173
735
3930
694
2745
4323
3427
2828
2175
3284
2977
1420
2669
2573
3840
509
4128
777
2928
2219
2095
2095
758
152
247
1774
4734
1262
4566
97
2635
3861
2988
994
695
1601
3860
1316
220
4467
1889
2610
4153
4743
3238
2516
4497
3530
412
2600
726
439
33
4048
1033
1115
1084
3456
4554
3119
302
4828
2153
63
4359
4840
3113
2143
3909
1826
1044
3307
143
253
3604
3506
361
1414
1903
3459
3395
1608
3091
3637
775
4648
1526
1204
1041
3922
2571
2742
3977
2014
589
4916
78
4225
152
2474
1663
42
3335
4178
3284
4463
1739
2062
3868
4897
4638
4852
258
1179
1470
423
4528
3357
818
1903
4218
3340
2793
4648
2669
922
3796
1690
3896
3646
3121
2078
3097
2334
2205
3373
3958
206
725
3202
888
3041
1890
1884
1051
3807
882
738
745
2143
2212
1261
4937
2024
1823
2132
4180
4999
1168
4884
618
1788
2879
3862
697
3633
3690
3956
277
3756
3949
1751
1625
2279
89
2822
3930
146
829
2157
638
1300
2894
4814
2866
3060
3069
1599
2257
4246
1267
1173
3277
1410
2253
4218
4840
555
351
4763
435
1278
647
4981
2010
2089
1594
1240
3989
4481
4795
1622
4446
1264
3310
3718
597
2750
4828
3790
3600
200
3066
3964
4894
4619
4159
776
281
2599
2781
383
1804
3496
2898
766
1374
4315
2678
3300
186
807
3960
1026
3306
4854
3894
2687
854
3983
1342
2731
4916
160
4504
993
1589
2609
3889
1304
4188
1961
4120
1064
4556
4804
2979
4890
773
3988
4053
1676
3389
1149
2254
36
2182
2437
489
4623
723
2278
1471
4551
3715
1821
2612
2032
3327
2568
2322
4739
2269
4580
4125
4739
2972
4039
1550
793
4588
464
1671
1836
2894
1815
1953
3558
937
1972
2496
3164
3108
3556
1623
3140
868
897
4171
349
727
643
3178
1231
4281
98
1655
3129
1743
3383
1054
1027
726
1645
2862
4331
1411
2441
1099
1575
2252
4290
3662
2199
2919
1205
2659
1026
4322
2175
4446
1155
3922
1181
126
847
4604
652
1294
3181
3837
2355
2842
4302
2665
593
2758
4188
2558
2007
4701
156
4646
1349
4190
1288
4132
2330
2796
1624
1122
4714
2615
1838
4583
2031
1534
834
4419
3432
4735
4134
1843
765
3986
2863
1066
1950
2139
3353
3356
3862
3962
909
2293
3173
2531
3657
894
706
3123
3911
1745
4045
125
1631
2044
3726
3862
45
3856
234
2190
1625
3278
1154
4086
4017
2964
4943
1232
1946
2039
4330
3790
4207
2180
3332
299
4020
3418
1310
1964
3298
1395
4134
4830
2480
2390
4284
562
1853
3988
1362
4727
640
3225
4458
2271
2369
4345
4312
1877
3193
4094
3139
4387
1055
2187
4269
823
158
2100
3485
2000
3548
3494
4588
900
1451
3880
66
4381
4280
1855
4284
4588
1070
4150
190
2282
26
4136
1638
201
4585
4492
2458
3127
4849
756
4227
4703
4112
277
489
566
3231
2078
4573
4532
1794
2336
4886
880
3199
722
3477
1267
4937
4605
2374
4594
2704
2505
3870
2471
2631
90
3988
2091
1820
1421
1546
1735
3513
1295
725
4904
4328
3735
3752
3649
1574
3481
1808
4242
129
1645
2521
1528
3483
3475
496
2546
4764
1157
1373
3665
1042
1751
3708
798
566
3559
1924
3024
3994
3354
31
919
436
1430
126
3828
3761
4545
1259
862
2732
307
14
2019
4472
2356
2749
2787
4461
1341
3739
2149
226
4997
1481
1813
1664
3556
1346
749
1865
4848
503
2875
96
3073
3723
1052
3799
2129
592
1167
4016
3199
2956
1210
1148
2269
3329
3522
3353
3258
1874
892
4423
2464
325
2467
836
3069
676
2565
811
3616
1255
3196
1049
1356
4051
559
623
2299
3940
1203
2636
1465
2364
2498
3494
3780
3367
570
4647
634
1093
2731
1244
2575
3359
3085
3702
2181
1262
1866
1304
1718
1794
1059
4037
146
870
4397
328
1308
3039
3040
2589
2901
802
2439
2488
3873
343
2515
4093
1487
1131
538
4783
3228
1223
240
1241
3675
2163
4518
1629
1005
3575
3710
2779
1484
2806
331
1530
775
4151
4911
184
1559
3807
445
4373
2029
343
995
2517
1204
1736
1574
618
3799
3993
2455
595
3692
1215
3810
669
3021
720
364
49
5000
867
3360
1544
3010
819
4033
2195
4709
4745
4379
4044
2942
2252
1722
1764
2609
2423
24
4160
2152
4535
2630
79
972
3398
2644
1738
239
1130
3225
3794
1367
2473
246
1306
1217
97
483
844
2956
1941
3837
232
2712
4059
3522
1886
3807
3176
1568
4265
1844
374
1159
4434
720
4765
4609
4644
3916
3501
62
3707
3492
918
1605
3764
4551
2070
3278
4866
4081
995
1093
2121
4354
2950
105
1442
4141
3862
2880
3124
554
20
395
4551
1735
4821
352
4492
2437
2460
2958
2162
3797
4245
382
712
4630
1911
4321
4133
1007
2561
3644
1570
3043
4963
2892
1266
1946
3230
4963
3064
4623
4788
2280
4901
4111
4821
3849
4077
1273
3226
1668
2193
516
1679
197
3817
2301
4603
232
2823
4744
3439
64
1515
1646
666
158
2577
4788
224
1324
2168
2814
1502
116
496
525
2333
2442
1535
4853
3195
3652
421
4972
61
1532
2673
4322
2449
2058
3197
2542
519
1409
552
181
3223
3587
2294
4055
2089
2717
4446
4104
4192
4152
2327
2913
4118
3243
4953
3941
2058
736
2178
1553
946
295
939
3919
2333
4453
2116
1003
3621
1541
43
1309
3305
837
4343
296
1848
2906
1594
3105
4994
3037
1986
4070
2162
1607
455
1810
3989
3594
707
3992
2941
2808
801
486
491
1503
3730
3294
1555
1343
3189
725
1406
2031
2276
4852
4089
1112
1821
4826
4257
2285
2801
217
2957
2282
1709
889
3957
2994
1917
4885
2993
4201
3969
3489
555
2366
3217
2604
1929
2428
4359
897
3095
290
502
4203
4467
970
2622
3986
3448
4100
2902
3445
2416
2051
2207
4149
3278
2761
3641
125
3878
4826
2110
2284
1928
733
2690
1277
4722
2228
2970
1651
3622
190
1339
2680
523
3553
438
4758
4583
4288
3941
2424
785
4309
793
1622
4360
1924
2565
4295
2123
4840
2796
3251
1663
3860
4170
2495
4398
4833
2760
1459
4972
2024
1455
4051
2326
4261
2683
3856
2501
2954
251
3006
3524
1344
7
1313
3447
640
1311
457
2254
3304
3299
4635
1339
105
2324
2905
3576
1724
291
4956
977
2245
4670
2665
4712
2298
3307
4969
617
1430
3888
1476
4048
1367
719
2390
3885
1191
4918
625
3789
1625
555
2795
2025
4832
4566
1414
3919
3566
2980
516
4884
1114
110
139
159
2305
1443
2825
196
1388
1492
1190
3760
1172
1520
1486
1825
4934
2433
4636
3852
2765
379
4775
2106
4428
2234
280
1177
525
3435
226
4320
3177
2013
4187
4724
1705
901
2211
4467
1406
2069
478
2819
4838
3650
1019
2016
2533
2807
3844
2835
3554
3047
3698
2623
226
329
3257
2631
3970
4779
2373
2986
3715
959
3332
4957
2908
1629
1937
4586
4321
4978
2327
948
2450
4560
4220
2670
3173
3256
4264
4729
4979
80
3
1569
4423
2210
140
3836
4566
1418
3705
887
1156
2886
293
4928
90
679
2765
2270
46
1418
862
3267
1336
4624
3605
4445
1005
2903
872
3708
4467
2539
4761
3573
4287
3302
418
848
2836
2664
4274
4987
1373
3988
2356
834
2566
1151
4119
4800
3256
3546
3517
3421
4802
1178
3779
2198
1748
2692
2830
3188
2379
728
2378
1001
1119
2889
2772
2380
3066
2866
81
1821
1619
3326
3407
3764
1908
2785
2306
2190
3519
336
4701
2159
4352
2902
2746
469
2555
1755
496
2607
4968
3564
285
3312
4323
4034
3298
274
3604
3494
4267
1409
4330
4485
3921
4524
3724
4924
2552
4485
2015
4668
3445
2480
1471
3262
4241
877
4589
89
4230
1289
2085
1547
1910
3384
2183
2951
915
40
4272
2788
4607
2698
2130
3152
2140
1932
951
3011
3751
2336
2428
603
3030
311
2977
2475
1933
2532
1910
950
1321
2092
527
3518
3025
15
4998
2137
3022
1092
2573
586
502
1300
1845
1058
379
3608
901
226
4009
4831
3940
784
2044
220
2374
4553
516
2509
712
261
4179
4898
1109
2633
3173
4833
1885
4224
1562
4831
1989
2447
881
4081
3067
746
2719
3911
4299
949
4283
2112
1910
2223
3018
4765
1535
752
2512
60
3432
158
1342
1789
440
3221
861
3955
4344
1712
4763
2979
1965
3393
4858
4163
1000
4618
270
497
2
629
871
2460
1799
1599
3173
4939
861
3897
4455
1315
1155
3432
4184
966
4804
3260
260
3938
3990
3496
45
4352
4296
3839
4832
2554
582
4201
4206
4211
1129
960
3074
1193
4477
2416
3524
825
4536
3203
4385
223
1369
1540
3098
3776
485
1857
4272
3988
3787
1772
2833
4358
173
744
3801
4315
801
2074
4327
3894
2359
2962
1783
940
622
1832
4342
686
562
4643
3826
4576
3093
3093
3279
3133
2772
3766
3865
2457
1115
441
4529
4075
2839
2123
713
1076
4135
584
2344
2489
4208
37
2027
4997
848
4353
508
4160
1925
156
1011
4427
2388
3799
3940
2580
1164
2070
4604
2668
255
4594
712
2889
3241
564
962
2777
2445
1027
4584
2264
1526
3642
3002
2872
1111
3726
3248
1112
262
3405
789
905
887
4412
1655
4949
309
3970
4653
2529
2450
2485
3572
1145
3499
3838
529
2920
203
1448
4453
1335
1827
3423
2352
3201
652
916
2736
2405
4458
4932
4697
4910
3299
4888
2925
2523
1920
3608
3611
268
602
3117
2540
1770
2142
4294
1035
4501
1078
471
4857
766
1929
4979
3388
1788
842
4777
3044
193
1064
1430
1459
2414
3710
4767
3243
4164
1680
2632
2221
1417
2768
1698
1408
1721
566
1125
4341
750
3031
4736
4379
4545
2577
3684
4185
2158
2999
2547
1676
4854
2008
1658
2305
1668
14
2433
2090
1802
30
1812
3358
972
4275
157
3598
1463
1905
4608
993
757
3335
517
4069
730
1736
2205
540
4370
2688
2280
1375
3707
1870
1026
3637
1853
3634
960
3010
4082
1698
1317
1491
3794
3158
2931
817
1101
2446
4433
155
4291
2998
1020
2342
1348
2703
3629
4532
802
3320
1278
4038
3514
949
2762
3858
4383
4633
1838
4364
3130
3685
459
4587
4606
2052
1794
4742
154
2258
3041
4019
2843
2876
4613
2475
1030
927
1952
1079
2553
587
1244
3380
166
3162
2892
834
994
828
1380
2931
4999
2706
2316
634
618
3806
1681
4547
1167
1058
747
3385
3736
3488
4599
983
2361
2348
2805
4610
4153
614
3148
1247
4815
45
2307
3364
3942
4436
4394
2915
4823
1095
1367
2189
4752
312
277
745
1804
4524
2058
4704
3473
139
3547
3938
2034
1942
1911
1092
119
782
4783
3541
4081
3380
664
4766
3129
3995
1966
3162
4835
4901
3754
3219
4236
4193
4855
2200
379
2936
3650
3365
4801
4106
4463
3511
2053
539
519
4168
401
4151
1519
4212
827
4094
3983
4749
952
1822
290
4328
4898
4736
4894
3434
1410
742
2895
914
121
2981
2021
244
560
3970
4510
703
1873
2366
643
611
4437
3884
2869
2689
4141
2744
2283
899
2937
1197
2844
2059
769
395
1106
126
1511
3459
1650
2307
2878
4607
2114
3385
3308
4098
2872
3784
1980
2156
2891
2603
1983
1563
996
2479
296
4605
477
4236
1060
772
970
2444
2961
2227
1053
2992
1682
976
1554
684
349
1235
996
1115
1728
690
4602
151
283
4419
3506
1762
948
2661
1572
1724
4960
1827
2786
3293
1725
1195
4749
4818
2540
1939
1521
693
1516
3194
1330
3355
1972
2148
3008
3964
3084
429
2868
4298
776
1
4257
1905
4196
3785
2346
1540
191
308
3007
1536
4171
749
3376
4792
1211
1514
2416
4825
4396
866
2455
1011
2705
4592
10
3151
1454
1083
1039
2520
513
960
3803
2112
93
151
4152
4381
2410
2749
4733
4495
2246
1135
2593
4354
1256
958
36
1890
3803
912
498
3604
371
2792
4916
3144
2616
408
2934
2555
3698
1552
3648
1706
2232
2459
4466
605
4841
4050
2369
516
3963
3998
4061
1635
3152
2937
2449
4514
727
4726
3296
2864
4693
4850
3517
37
1922
1045
776
429
3152
4232
120
3592
2933
503
4407
1535
2161
4759
3146
441
2433
1818
3715
2394
408
891
591
1688
3036
2046
2610
324
390
3102
1953
1028
4089
1625
4199
3161
493
3844
3846
4944
4513
4928
4869
3187
3765
3714
4880
4817
4001
3477
2294
865
3519
130
1511
4312
4377
4090
4576
1991
1135
1780
3367
3075
2466
3816
3853
1961
892
4547
2954
4832
2667
1915
4644
766
4942
759
1571
1520
229
4687
3556
392
565
4367
10
1684
938
4933
4648
4291
3008
3846
2604
1866
4932
207
1708
4616
4925
3450
4686
2311
213
4865
3198
4499
3092
579
340
2110
301
445
3504
683
4888
154
2739
4712
4
2097
3724
2330
1069
4004
1589
4999
3439
4848
2153
819
1230
790
695
811
174
2416
1254
3659
2304
3908
249
4701
1582
432
4157
475
3177
3301
4139
800
3019
1411
2776
4998
946
4238
4940
1096
593
3965
1175
772
3023
3340
512
526
4528
46
980
1805
3467
1386
2055
2374
3356
864
958
1771
4178
2185
890
2765
1778
164
3399
3554
144
2846
456
4687
1195
3063
911
2703
838
2867
1218
612
3929
2674
2935
1395
3400
4376
38
199
4331
3218
4753
1849
2251
198
3064
237
2903
3452
2757
2945
2972
1555
815
4903
134
4730
3947
1774
2976
4697
3177
962
2279
1086
346
1042
4614
1506
2262
1550
2199
3991
656
4326
1792
3519
2277
1653
2548
2038
4138
845
3067
1937
1851
157
3795
4000
2063
4517
4296
902
2459
4959
680
3708
3673
198
2603
3223
4912
4831
3793
3090
2207
2106
302
4922
2019
2313
718
416
4461
2830
89
1243
2180
2726
1931
488
1455
2674
2469
4104
716
2713
1890
1623
2305
649
4900
749
1072
3318
4700
3381
3114
4053
4332
3612
682
677
1884
2855
893
2792
3575
1486
1683
1504
1973
2782
2922
3815
4128
1681
2326
1070
1606
3978
1187
1417
4256
17
966
3455
313
4893
737
3620
4359
503
4107
3587
4569
1015
1094
970
894
4325
3617
163
29
2906
1353
904
3320
4010
167
593
2300
553
3187
3295
1300
3258
4537
1254
4947
2569
1734
1851
880
3518
742
4202
1684
3843
916
4454
219
2320
2046
2119
4066
4059
3393
3133
867
1482
2172
4517
3538
3213
2988
3928
1137
1096
1851
3506
2228
3087
4675
4969
2560
3430
258
1243
4665
4748
392
4265
3766
4725
2077
5
4914
1847
133
880
4752
1360
489
3593
2788
2754
3204
2374
3318
3565
2682
521
4180
2293
3516
63
2514
2206
1162
2747
4402
1298
3843
3654
2171
1894
3248
1967
3126
4574
2045
1368
1110
2880
1281
2142
184
4990
715
1445
3168
2836
4946
2770
1444
2822
2772
838
3780
190
2867
5
3058
2775
4936
1670
2281
333
810
4749
1604
1200
89
1757
1761
4863
78
2399
495
197
1085
2009
2583
3706
822
2699
2674
3228
4580
2040
4335
2869
3502
2452
1258
945
3398
628
4433
3522
4423
3528
2943
4599
4668
2847
2535
3596
438
4540
3693
3967
4101
4106
3232
3237
1964
4364
372
2168
890
4914
20
4724
1115
3389
608
2869
1100
3723
1858
3939
2241
195
2555
4335
1623
1318
692
4104
4324
2030
3378
3217
4548
1430
151
2386
4094
4567
1104
3995
2109
452
1489
3798
1980
1345
256
4440
3791
2292
2161
3993
4645
4939
1267
860
2181
557
3604
4414
839
2353
1572
3607
1126
2627
386
4320
1696
1005
1401
3276
961
2190
3821
4382
1552
736
1689
242
3339
146
2442
4509
3637
3115
321
4315
3343
1956
3032
4427
3197
818
2368
525
4068
2429
2005
936
516
1229
2718
4795
3204
4687
3052
629
3162
3199
1900
4933
4716
2304
4990
1785
1189
1836
649
2400
2459
2687
1002
3023
4938
1630
4457
2479
4692
743
895
2759
1540
2044
3696
4004
4791
2805
3907
4468
4644
3740
957
3555
4921
831
1794
1296
1144
4986
4208
1367
268
4453
4987
3656
3523
1397
3826
4636
4109
2141
4421
4126
1452
451
4984
633
1470
2307
3082
1911
465
3527
3847
1185
2382
972
2331
3831
4023
2387
3069
1030
3245
1384
2590
380
3423
737
4154
3910
514
1240
1642
1316
2343
335
3365
4647
538
3997
2683
903
1953
805
2072
471
3592
508
3632
3729
2264
3820
3562
903
3833
4879
2012
3967
2273
4778
3107
1146
1959
4256
3760
3257
598
1593
2325
2722
4603
2904
2788
18
1536
663
4019
105
1318
261
1975
4318
2977
1100
4078
4303
1074
3359
1976
1274
4341
2905
4001
2176
2642
3671
3969
4202
745
1784
1230
4643
3509
3237
2015
3739
3573
2471
2750
429
2402
4904
4917
1987
2448
3895
2539
4054
3351
2035
2365
117
3090
2602
1376
370
493
4260
3645
1610
1126
663
1756
1574
155
1796
3726
3104
3734
882
4977
1453
2967
993
3455
989
3683
4903
1899
210
2018
4129
2292
2628
4527
542
2911
3110
4001
1500
4015
3160
975
939
4936
4507
553
1964
1008
4142
1366
4310
4188
2249
3712
1438
1619
2520
705
1186
3726
4971
3580
693
2238
4692
3160
2145
1418
4551
4628
2132
1407
3937
3560
3942
1788
4308
2296
3449
2297
3931
1989
3755
4614
1867
4921
1832
3775
3282
1946
4041
1917
2953
4014
3016
1074
3088
430
1394
1107
1048
944
2920
3963
4515
654
3072
4733
4669
4165
69
4112
1213
2941
971
3831
4065
1004
2513
2067
3189
387
3849
1240
3757
1829
3329
2228
1990
2210
1419
4955
1827
1773
2058
4902
584
3143
2395
4833
3536
790
1336
2740
4121
749
3441
255
2834
74
3268
4424
3875
2788
1999
4167
3911
115
3110
1871
1291
401
3271
2245
3767
4941
1255
121
3019
825
3239
2098
968
2298
3654
326
950
2317
4851
2743
2695
3696
1065
1801
2892
2384
4262
121
2835
4605
4796
383
41
2831
1358
4031
4472
1088
1148
2401
158
2631
3879
3633
2218
4285
1029
1487
1636
1579
4712
3360
3127
1883
851
4014
1222
1729
4364
3603
3014
1689
2308
364
2118
2406
3147
618
3714
1780
1187
4115
2580
578
2303
1209
4241
2201
3795
3856
406
4027
524
4758
3560
4860
3889
3662
898
228
4220
4656
2117
4535
4776
2450
4297
3514
3266
2386
1959
4730
1826
4699
1101
149
728
4035
4674
2970
319
3013
2484
3033
129
2264
3089
3304
1971
4562
178
1169
2991
920
4955
4487
4525
2336
2313
573
2474
2419
3239
1875
1296
3197
1618
4162
3243
2157
2711
3637
2404
2835
2907
1353
2741
4713
303
3264
1827
2008
857
3478
2765
1973
2304
4696
1103
4962
3361
458
2013
959
4989
4832
28
1376
2366
3138
94
4026
2239
4150
4347
676
129
816
4244
4273
4552
860
2484
529
80
3683
797
1643
2118
908
3060
611
1766
2218
1053
1261
3170
1342
2571
491
972
3465
3280
1039
1090
2490
454
1087
4876
273
3531
2255
2642
4121
3096
3190
3390
4408
2544
4472
153
2723
3824
708
4638
2151
1024
3881
905
4349
3687
1339
3044
1042
4904
3190
284
1254
121
1812
2119
1528
3765
947
1086
1874
1282
1717
2158
3684
1566
4868
1127
4068
1979
3913
590
2649
1123
1096
4968
1600
1423
922
808
4008
436
1663
2993
3860
427
1892
1972
1125
4480
4955
3265
1538
1752
399
3368
2145
4494
4621
2987
1054
2347
3873
877
4862
2063
4954
2200
1879
1863
479
3264
405
213
2628
2691
2338
3582
670
2659
1157
905
2318
4767
1815
4895
2685
4745
2130
3171
2913
3252
1918
2962
1200
2432
3685
137
1437
3444
480
1893
4260
4248
2983
2191
2721
4986
1766
122
2873
4426
2928
3986
2541
4482
804
4117
4080
2306
321
1543
117
1132
1656
4650
1201
1416
4061
4819
1846
4121
1832
1954
3138
3539
4250
4412
908
3912
822
2264
3084
2084
3667
742
4299
2437
4432
3850
235
1931
867
4932
17
1564
3028
2005
945
4646
4333
2370
642
3269
2287
2450
4577
1523
3133
2756
3613
3537
2200
3364
2576
2123
1738
3521
3649
1006
3872
1367
2511
3921
805
2440
3232
1579
1599
2277
708
1268
2248
762
3774
3885
2615
3100
686
3914
513
2124
4359
3040
242
80
751
3992
3470
34
4966
2442
154
688
767
3707
2182
4852
574
622
3793
3821
215
2614
3646
4719
2226
17
2983
3706
2718
2700
1452
3645
4544
4555
845
2216
2211
458
1151
4362
3024
4184
3594
747
2885
99
1081
1183
4689
3704
4422
2003
4644
1061
3343
1191
6
4626
3250
305
208
4961
37
2135
1647
4427
447
1129
4887
1257
2607
3243
3067
1052
4128
1959
3126
2742
346
3339
568
267
216
1994
2241
4231
2534
2979
3398
2485
3687
4082
3449
931
4851
4154
273
2120
174
4444
1885
3949
683
1333
96
4460
3994
3796
164
4988
749
1113
2189
2382
4742
3615
1370
967
2332
1917
3833
3967
4508
801
531
5000
45
1130
3463
4606
4979
319
1664
2243
3992
2499
485
609
1003
7
1089
1437
4085
3346
3474
4840
4810
4879
3076
647
4224
2951
2348
1266
2671
4053
1484
4370
1731
1100
3448
4434
2078
3475
3347
683
1273
3022
705
696
4440
862
2121
1100
166
4583
867
1743
4448
3074
4101
40
3341
811
4552
4689
4232
3748
1668
4213
1373
4282
1102
4329
582
1000
1144
4861
1797
2624
1813
596
4170
1369
4696
1135
766
3675
1693
4174
4869
2302
1591
2846
3508
1880
311
352
4801
422
1392
779
1154
2704
1751
3418
2133
991
2417
3637
1289
2870
254
2091
4193
2843
820
4310
3535
4316
4770
3622
2424
296
4153
4419
3706
795
3228
4536
1706
3838
4724
1570
1532
2022
3204
4172
2430
3496
2355
1319
2060
669
818
2333
2439
3540
1097
3719
4716
4896
4302
4138
2197
115
2246
1075
1134
223
460
4818
3484
831
2096
2384
3176
4347
3296
4092
4563
3228
210
1197
1727
4207
2354
2092
1125
504
2702
2335
1703
3041
37
1222
3926
1409
64
2700
915
2565
3480
1616
3973
2883
280
3055
217
1649
4040
3841
3632
1880
843
2546
1758
4788
1933
4159
2087
3014
1675
2789
3714
1113
1269
3984
805
1345
9
3599
1397
661
190
4084
1503
1289
910
4875
3422
18
1691
3402
1566
4522
3052
4987
840
2397
4594
741
3444
1909
247
3550
2451
2756
491
4936
1436
4045
2507
481
2455
4658
4847
2568
4541
1509
3965
3147
4129
1867
3639
1784
2219
1383
4827
4068
776
3910
1313
557
49
4747
2636
2673
3246
4017
2791
274
2621
496
3874
86
668
1178
3300
288
1469
4633
947
3535
3515
2505
4885
3649
2899
1546
1106
4086
3235
4181
4853
3624
3730
1956
3587
3594
1538
4828
3485
3863
2773
1248
2965
4948
1007
2010
2313
2643
1835
3116
2164
3530
1972
1191
2028
3767
4992
2971
3727
2375
2425
4586
3110
4949
3172
4354
3069
447
1422
511
2098
459
4464
2079
1192
3204
3080
1127
4163
4277
1380
3615
340
1222
4683
3532
4514
3980
2206
1589
4693
3934
943
2540
4880
1769
2860
1674
1437
4327
3588
1392
555
4321
3653
1443
2015
2981
2307
1458
1830
566
4710
3047
3636
3264
4867
59
3499
3881
1534
4857
1938
1549
823
4652
2446
3233
754
3113
3737
387
654
4381
1906
3262
766
1071
4615
1382
3526
3886
1447
4181
906
4963
1254
3183
2149
4995
1554
498
4368
207
464
991
4041
2668
3129
1386
2237
599
4457
165
2391
3965
503
215
4046
2222
4754
860
4921
4321
646
2971
3248
3008
847
777
476
1790
2677
4916
2671
1192
1338
991
3892
2213
4708
4972
3029
1459
1195
1679
1879
2725
2231
791
3591
4830
4543
1317
3542
4288
1275
2556
2060
3273
4906
880
4162
4640
1000
2407
2351
581
2083
4526
4045
2791
2774
105
1161
130
1608
3104
1462
4854
1284
642
1056
4998
3346
3904
516
4200
4591
2288
3935
1759
2080
3814
1660
3297
4417
1909
4829
2906
2547
2204
1130
602
619
4097
3857
4025
4006
1403
3738
276
3824
3470
3445
1133
561
2285
4040
1257
4455
405
4738
2204
149
77
4418
938
3580
1855
4303
737
1899
2774
2522
4795
4848
4599
4622
2054
4063
4114
152
3606
288
2975
10
2161
1423
3722
1198
3169
3398
4970
392
4846
1853
966
1886
2421
2247
3707
2562
1316
2551
1030
4251
1867
478
1259
2610
4826
721
4679
919
2135
3448
3846
892
239
3230
3794
3711
4324
4983
2890
2820
1063
2767
640
3609
561
2106
3290
235
2746
4115
3842
2782
4002
409
1425
335
797
1780
4523
4052
753
1936
1774
2176
524
1212
956
1453
4640
2001
4886
1745
4404
1718
1797
3803
1963
4408
2511
3856
4848
3433
4812
1940
3918
1324
908
3055
1133
438
1000
807
4287
2190
4236
2917
4526
4106
1438
3098
1142
4447
3023
152
2215
2822
963
159
4059
4772
4746
4063
4132
1797
1402
487
4700
4792
1853
67
967
4025
2438
2252
145
4149
1754
1369
1038
884
2794
3460
1198
151
1862
3653
3287
1756
3721
3248
1938
274
1128
4755
12
3115
4291
511
770
3006
757
2789
4730
732
64
2576
3094
2841
3041
3116
15
1123
933
3654
945
3084
4021
323
4610
3987
56
1136
3264
2654
435
1468
2869
4836
1427
608
1815
103
711
695
3309
1776
3090
3464
1039
3119
2125
2557
2793
4279
2342
529
3506
2081
2269
1359
1306
2632
3274
3147
944
3656
4257
3569
424
2467
1603
3715
3303
2617
4706
1045
1756
4977
2885
1647
4991
4041
4587
3548
4462
1561
737
553
1737
3249
315
4154
131
2937
2046
1730
1718
4895
2593
3262
3906
214
4414
1559
3378
2790
3143
3032
276
1091
4181
1470
1746
525
2096
1713
2497
1012
1877
2854
3318
3550
4957
2960
149
4705
2392
3599
4015
3040
199
2556
1478
1167
3256
1460
648
1144
3731
4441
2168
4520
3656
2284
2737
1152
3243
792
4609
3421
4877
2089
3997
3579
2324
4329
2496
1330
1766
1922
4679
33
2470
3403
3309
2332
4146
3222
1885
755
913
3026
2190
3687
1468
1808
3972
3348
779
2226
4203
2152
4431
768
1988
1070
2237
381
4218
4610
3097
3843
3094
2420
4238
3138
4330
2181
2560
722
416
8
1579
811
4951
1504
3495
3619
3915
2215
2959
4220
4895
4704
3746
4760
2193
4588
1638
2249
1573
2131
2928
4840
1315
145
4477
2600
444
3722
2507
3516
1680
3232
182
1967
149
3118
3336
4378
3394
82
4401
3979
4510
1610
840
225
3287
382
4580
3306
2940
3929
1387
3050
4553
1542
3789
3846
467
843
1811
2317
4752
1536
3652
368
2493
4564
685
4094
3054
769
4141
1717
3794
3524
1862
2727
759
967
3820
859
1200
3489
1901
4209
390
4421
4685
3294
4898
1712
2644
1812
3479
3008
462
1465
1907
276
2676
2193
2109
2442
4411
2302
3279
1579
3265
4594
4553
312
1125
1820
3581
4412
3214
1045
88
3089
2399
1613
989
3387
4443
4610
4262
1014
3846
2585
4714
1188
3556
4316
1676
16
3646
2278
314
1830
4237
4601
1311
3863
3694
4352
1111
500
3008
244
1337
3720
2995
3156
2498
273
2103
2250
4547
4151
2937
3359
2170
2228
1862
483
2108
2374
3648
4191
2868
4108
4178
1005
734
3799
975
4954
1904
1837
3956
4324
4550
3220
4523
3242
1208
1119
3899
4042
2936
1163
717
2109
4576
2196
2617
1807
3775
658
1243
2249
2410
2364
2181
4233
1831
4521
2600
3815
186
4046
348
3622
2324
3117
2385
2613
4086
4964
4178
3838
1661
381
746
689
1823
1370
4200
531
2357
4991
2239
660
2903
1295
2926
596
1122
4223
1000
281
2628
3512
1187
1381
2561
4243
4830
2338
2483
2277
2908
956
3970
1376
2788
3441
1395
2280
3627
201
3995
4139
266
1013
514
3352
3987
3025
3403
10
4737
3799
253
4197
3021
143
4438
3408
1356
168
4381
2354
3931
1723
4392
3615
2523
1958
4067
1907
3270
4915
4154
2524
2800
4547
1848
981
207
1574
2254
1356
987
2390
271
341
2875
1893
4218
4213
4555
677
1990
4640
3813
4993
2465
2235
2890
4744
1207
4075
4692
430
4385
2871
238
2771
17
3926
231
4741
541
4566
4942
2518
4039
4258
505
3548
446
2568
1639
1555
4942
3044
2727
1387
2210
1049
3139
1896
3823
2421
2224
2638
2740
4179
723
2961
3020
453
4150
890
2050
335
881
4095
1693
3786
3451
4244
3603
3119
307
2831
1058
356
2959
1477
513
3049
3672
903
4310
2548
3064
2305
4800
133
3734
1990
1620
2318
2761
3392
1747
908
4424
4755
4768
1404
46
493
3796
3807
1098
1208
4954
967
3980
3385
3880
1786
4194
1039
2820
218
4834
4139
3306
1865
1748
2367
3166
4028
2728
1383
2040
2995
1888
2051
3191
3415
1735
665
3072
4054
1766
310
2694
2092
3550
4834
1783
2958
3931
3212
2790
1382
1482
2982
2682
4328
4058
3831
3175
3858
3315
2592
1271
891
2579
2159
4847
288
4969
2605
1662
216
2432
2752
2499
690
1988
1335
3088
3300
2346
4391
2795
4533
4905
4225
1483
2746
1875
1893
30
3907
1753
393
1558
485
4769
2753
2455
3635
4945
2844
2058
237
4812
2791
1209
4199
2530
2331
3141
1935
452
2699
3074
1366
819
172
2454
2467
1993
634
1724
3484
1095
1436
3958
3873
2308
1849
3645
2183
4336
1038
4414
832
3794
4174
879
2883
3378
3113
3122
450
3007
146
2174
516
2082
1030
3118
1331
2184
2139
4666
536
1106
2907
1483
2209
4345
1959
2821
2278
137
1239
3200
35
82
4956
588
754
245
78
3629
34
3569
1429
245
758
1616
215
3823
2657
1303
389
40
1620
1918
2224
874
618
4923
945
2670
3957
4675
496
3491
348
1320
3294
159
770
1243
339
888
3597
2012
4457
849
3053
2317
3424
4469
2567
565
4645
1247
4828
1870
4473
3882
574
2642
1308
2853
31
2745
4052
2781
4392
3690
2533
148
2010
2109
2763
2226
2845
681
1476
1570
2746
1177
3287
3895
2819
2872
851
3065
4176
467
3603
2135
1385
2396
2029
4451
4512
2555
4863
345
3013
3098
4679
3425
4
3590
1493
1987
981
4554
15
2940
4386
2488
4836
966
2890
55
1480
4281
4730
2524
640
1142
2972
886
118
2117
3322
1231
3972
1035
650
4967
3193
603
3601
1938
699
4626
3080
3997
4955
2936
3318
4999
2016
3166
2391
1807
1879
3907
952
3988
3696
2660
1100
4001
4583
1921
2416
1515
183
3861
511
1256
2495
1807
144
3693
409
845
1856
1423
1084
1462
4709
4203
1982
4000
1428
4944
4589
1886
1639
2138
3612
112
2722
2811
1519
3184
2067
2853
556
3509
893
18
2560
4663
2283
4822
3991
596
1511
4586
3417
3838
257
3926
3139
976
2885
3690
4971
15
998
806
1590
4124
3616
2773
2292
2757
4433
1035
3407
3679
564
3262
885
4738
2357
752
531
2002
2780
691
4965
4042
188
2104
3517
3855
4156
1360
1531
4773
551
257
4305
4481
783
2571
417
3730
2987
322
2003
1829
4352
18
762
1545
3015
2047
3606
2956
1380
1737
1548
4957
864
822
1045
4148
258
2914
4367
930
121
3159
4190
1299
3329
2267
1228
297
542
3577
2786
1806
731
4104
2492
4017
3325
1938
1779
3578
2435
692
1225
2159
4629
4599
2246
3206
1205
3408
822
1151
3184
4310
3441
3743
381
2315
576
3695
974
245
3668
3544
15
52
1087
4987
4616
2233
957
3686
1761
2088
3306
1063
4954
4461
2550
2922
4599
608
3487
3453
3466
683
143
2578
749
3678
4987
4664
3317
2820
4057
4261
3525
1526
1908
4277
536
131
3842
161
729
2049
3255
3443
3366
2248
3411
394
1436
3465
3014
4091
1680
645
2777
4944
3330
4239
4244
3131
2128
4329
2440
1046
4915
4348
2532
4834
2833
309
1962
4303
1898
817
1921
2708
2819
808
4634
610
4720
267
4917
2336
2489
1011
1689
3554
4202
1501
1469
620
3275
3081
4216
1270
731
4608
2540
2084
2784
1161
2679
4108
930
573
3020
191
2657
2539
4867
2917
1588
4234
868
4407
2560
4711
1543
624
882
2391
1720
267
3670
2478
3429
703
3900
857
3507
3320
4771
1157
3356
4899
2411
2293
4672
194
3887
3557
4806
3953
3042
690
1208
224
1600
3900
4883
4138
1172
4000
2573
3078
857
4357
4337
4584
1018
3245
4963
2754
1502
4169
3338
4995
764
3354
65
1094
3918
686
2859
2421
3821
130
1307
2734
2877
3961
4644
4355
4797
4775
834
574
2917
638
2474
1946
1320
1892
1881
4319
1027
2170
4268
1518
238
2589
2760
716
2999
3987
2330
2468
4718
208
3595
1107
1911
1450
2618
4586
3465
3390
4748
4337
1844
3761
4350
1827
574
4825
546
273
4937
4659
2318
2428
2507
3458
1563
1452
3853
3339
596
3214
2927
3230
1091
1825
4795
1046
1479
4130
4385
4352
4665
2185
1442
3832
1946
2302
4717
3384
1685
4740
1572
3625
410
3410
4711
1037
1687
336
2951
159
292
4937
2008
252
2980
4899
2888
549
2030
479
1184
2403
1219
742
1529
82
892
2244
2548
4099
3292
1022
4806
390
547
2091
1276
740
188
1073
1169
4458
2079
1715
2009
2533
4175
3799
3243
3661
2462
1721
1570
1157
1253
2022
120
1385
962
4100
3677
3113
4407
4419
2147
423
1364
2143
2093
77
3473
2900
1568
4709
2367
4850
425
2774
1361
3917
1046
4761
5
2133
3718
3157
2497
1991
4425
4600
3278
2029
2111
966
3635
4757
2029
2564
1235
2727
702
4025
123
4094
3431
4484
262
3984
1214
2725
562
2046
1910
610
3883
1715
39
4504
4056
1719
4649
4004
4846
2658
330
2998
4145
3496
621
3753
2883
3147
1320
1131
1248
2583
3365
1345
2736
3438
3282
2842
3742
2822
3763
4197
42
1394
4111
903
1555
3830
19
4207
632
2528
4650
2884
41
2167
559
4206
2652
2286
920
3285
2189
54
3949
752
4844
3126
3153
4423
2582
3422
536
469
4003
3487
2088
1451
151
3298
4218
1433
1769
1941
1455
4471
1629
3690
4767
2112
3708
4961
1145
4988
3731
3804
702
2049
3610
4872
3719
2454
780
773
4254
2842
2955
1262
2971
2464
1709
2942
4306
4732
2047
2036
4730
4801
4145
4751
1015
3951
4818
646
3274
439
3614
3
63
2811
702
1716
721
3360
391
990
2303
1437
365
993
3787
2993
4132
4343
4862
2220
4662
888
1437
1669
3578
4353
2480
1762
2252
2158
3251
3487
1814
3996
3215
2370
813
792
1330
3574
4193
4174
3919
1628
2495
2748
3941
3168
3739
2573
1308
2526
1253
4056
4407
1345
3119
4421
1616
3589
2138
4265
3205
1701
1367
1873
1184
4838
1418
55
790
819
98
646
3759
620
2361
3093
4228
1380
4187
297
3647
716
2944
4013
3303
1411
1331
3894
238
1645
962
4452
2462
1521
1220
740
4588
4828
2078
2888
1631
4015
4865
2181
3898
3630
787
14
3185
187
939
2112
2164
1461
2435
765
1585
2144
1154
912
4885
3703
2287
1072
2822
4491
3273
3382
3282
597
3685
1035
499
4199
4962
2980
746
2442
1949
3107
4050
1122
3745
4079
4626
3165
4080
451
4401
2976
1387
937
4128
1245
3504
3847
1362
1800
1234
858
127
1501
4179
4868
2000
2230
115
4528
4124
2260
4767
469
2471
1125
2737
322
1587
2772
2159
1698
651
2121
624
4272
1446
742
992
2029
3670
3128
1586
2584
204
4448
1850
4410
2079
1949
1981
693
2
1951
3897
4173
4907
1908
1125
3355
4539
1271
2036
2457
2554
2634
770
4713
312
686
4722
3369
1235
3036
1548
2422
4440
1252
353
4052
1278
3328
4323
947
2415
3867
4123
459
2519
3622
550
1109
2305
2848
4416
4025
3470
4458
4175
1376
2699
4476
296
3562
4583
1172
3549
681
1314
944
3432
2674
320
1118
2451
1385
3629
3511
1971
4025
4684
4646
2111
1931
694
3755
1423
1050
175
1279
4996
4920
1268
457
4880
2459
1287
1261
88
3061
3065
85
1918
1394
4279
373
3585
2223
4285
3444
979
376
3263
1651
667
4605
3792
1176
1850
1590
4713
1231
4945
2171
2794
1793
4533
1281
975
815
2240
260
1254
3628
2760
2342
3639
2451
2543
2374
2331
4516
3839
2644
1802
3187
928
362
671
4231
4917
3870
424
4464
409
2609
66
4040
4510
511
4243
695
4563
1256
3265
1418
2706
4405
4650
3614
2223
625
3514
2279
2939
849
2642
3681
3571
2429
4809
3672
4606
4499
787
1819
4856
2565
1347
3182
2531
2198
32
3008
3385
422
3793
2575
3875
3467
2136
698
1145
193
2336
239
2588
2685
1020
2621
3239
911
3718
1276
3744
2158
4399
1749
2334
3945
3210
889
1849
2251
2167
3802
39
1584
3191
2139
939
1297
3902
2835
623
549
4591
3248
764
3480
4053
690
4534
2530
4472
4470
4602
1506
3340
4451
1128
501
1040
4500
4004
4943
2145
1238
3274
2410
3795
739
898
3988
2722
2266
13
4011
457
1388
4758
2874
4049
2306
3545
74
114
3285
767
3244
2669
391
2177
4620
4935
352
1242
3772
4082
212
3603
3085
647
2716
4362
1135
3805
1088
2463
2549
948
62
4247
3301
4613
4625
2245
2961
1720
3463
1985
4812
1892
3485
4634
3268
3189
2473
2309
870
2842
1539
78
2450
3884
4604
4387
3488
501
1805
1573
2793
2251
4002
4076
3134
3782
3178
2080
2949
4395
344
2099
4119
54
3752
4823
2894
1037
1362
1226
323
3829
2462
2509
1161
4874
4350
601
192
4491
3895
2246
4295
4361
4961
2145
1499
4438
912
3447
2338
3621
3518
2330
3942
83
1731
1137
1762
4832
1178
2298
4852
710
1793
623
43
531
4630
4110
4028
3738
4657
1442
4789
3501
925
4170
1551
3830
4456
1136
2496
1209
2658
2867
1220
3968
3884
924
3679
738
920
413
1831
3850
339
2930
3176
4475
845
1588
755
3085
1252
2781
1410
4986
1540
1038
1781
754
3791
3058
2001
349
2121
1998
3
2582
3549
2852
1562
1324
4097
2039
923
3597
4717
3737
4168
3855
2808
1311
2796
1663
2046
971
1769
4100
3561
2142
3582
3963
3492
1746
2791
610
3449
3379
2351
2084
1670
2751
3255
3028
1481
2315
1060
120
4585
2702
1239
1123
4109
1664
509
3631
1277
2003
2145
3087
3997
3601
1732
3154
3968
1320
3751
223
4653
794
1174
4452
4382
4771
777
4338
3185
2367
2617
367
2990
4137
21
3298
2180
1072
3951
4371
2530
1878
1771
1197
87
2357
473
4855
2994
2551
2365
1833
774
1828
2422
811
1713
2289
2401
3137
4940
1290
1234
3633
3683
4311
4118
281
1234
4182
1934
3906
2573
1427
2280
447
2918
2123
4719
3455
4909
1700
572
4938
4213
1324
3342
4060
1716
2465
166
2762
3624
4161
440
3652
4109
761
4892
3109
1254
4592
2365
2721
1111
3420
2115
2234
2898
1185
4159
1321
2894
2163
1562
4640
3932
1585
2298
1533
1166
3064
52
3892
4668
2372
2001
991
2771
13
2509
4544
1551
388
4402
4725
4105
2748
2857
349
3915
4118
3025
4949
629
252
4555
2666
1413
2074
2244
240
4197
1774
4073
1311
1755
3224
1715
3709
3720
4943
2265
251
3126
1603
4494
4241
4211
4991
4186
2246
4595
3875
4821
589
4431
4927
3826
3201
3905
1725
3635
3431
1656
1520
462
4643
2102
1383
1204
2588
4299
2047
2265
1123
3052
4619
134
3926
2135
4195
1588
2322
1727
3431
2842
719
4212
1069
2396
4577
4738
1816
393
864
3064
747
1786
1113
2500
3364
2037
1105
2709
2201
4026
540
3833
3922
719
2257
3862
3017
2090
3832
4060
1762
1383
557
3970
2423
2782
4342
3561
4953
841
1059
2937
4664
3834
646
4658
265
1145
2612
3005
3532
116
2299
520
850
4502
292
3433
3181
3239
1493
2804
1991
684
476
1267
4861
3985
2784
4682
1732
1316
385
2524
3434
1866
2874
3656
2676
3645
1762
1467
4805
61
2542
1429
4751
2543
2952
1715
3053
1792
2814
3112
1638
127
1289
3815
1409
1314
1127
118
1544
1428
1489
816
1094
4291
2451
3052
2010
2618
2262
3265
1409
649
1180
2683
2598
2682
1772
4634
1296
88
4526
3277
2081
451
4169
2604
4692
1626
1490
1242
531
2316
1305
2446
4773
4805
1617
1447
89
1249
1951
560
4673
3913
4774
1442
689
2092
4439
2663
759
3326
848
3868
1295
3958
2949
179
718
58
4860
282
1179
3457
1988
2109
3912
3305
543
409
2061
196
3992
3941
3579
2435
1278
3293
324
3291
2678
2567
1043
129
3518
4003
1291
2311
447
1372
47
4796
3299
2676
1611
4982
3415
2748
1158
2506
410
4118
4006
2552
4497
3268
1041
3524
3515
3925
3717
2158
1875
1023
245
4868
554
4215
191
2265
4471
4443
2430
2991
4612
161
1336
4891
4467
3049
1292
3562
3009
3681
775
2215
834
489
4825
1175
3515
3824
4621
376
2289
21
452
3918
931
3272
3227
1870
4745
3561
2097
3508
4957
2405
850
539
3576
2104
1855
282
1849
3663
4837
1815
608
3728
1187
1489
1220
4750
260
2751
4649
1354
4629
2178
2771
427
3377
1630
1820
2013
1942
4118
4643
253
466
2030
395
3401
2899
4368
396
823
1340
1801
839
309
2271
3715
2880
1037
4456
2939
2335
4201
4175
4369
4106
4666
4622
334
878
2279
2019
4676
3078
4474
272
1722
1293
4765
200
4149
4955
4938
1160
507
4009
4347
2325
394
1487
2597
3344
2240
4274
3625
2445
2570
115
3505
1405
787
4112
1005
1576
4805
4279
4804
3845
3377
4368
453
811
666
4000
4710
2256
2746
1252
2835
4442
398
4620
2313
1681
3171
4919
544
4219
55
910
4715
1905
1240
2477
2510
372
2671
3410
4900
1466
3414
115
4835
1807
3725
896
4601
4312
4837
536
3413
1264
2795
2250
3830
1628
4732
2473
4199
2350
4577
4101
1765
1771
4100
1784
3044
4577
2155
4178
3603
3706
4394
1274
252
583
2561
108
2879
324
3930
814
2550
1412
2795
2875
3813
3731
3348
2073
3332
3054
239
3862
1680
1946
2737
3921
952
3461
1839
690
4700
4678
3652
432
4291
436
2437
1792
547
3985
1417
4306
1882
3777
4022
358
4086
2318
4492
3397
4056
3542
3499
991
1699
3611
675
2681
1284
2152
2164
1516
1192
301
3848
1890
2453
3344
2800
4595
734
111
4841
1218
2095
3489
1828
4
4594
4518
1341
3145
1567
3754
1262
4825
571
107
834
1114
2659
1703
2493
4192
3240
1326
775
4732
4141
733
3348
322
2361
3628
60
4593
1041
855
2898
4470
4332
2161
1380
566
773
3371
3385
987
484
4283
4130
1747
531
4620
1848
3232
4142
2051
4547
2386
3163
1123
506
1372
2993
75
1893
3995
1490
1590
2576
3029
1155
769
1174
2736
4530
2287
4888
2797
3278
3508
2504
4562
3067
1307
349
4786
1479
383
3188
1356
2972
2590
4179
4094
3773
17
4597
402
3462
2213
4314
2578
2306
1825
3028
602
3148
145
4607
3334
3607
3925
1391
3950
3213
2763
4878
472
97
3533
3660
2205
2322
56
1759
2545
4403
4747
4225
3458
1371
1178
4978
2561
989
1653
4797
2867
4276
505
1131
491
4003
2349
2852
26
626
3233
4842
665
1193
1743
3994
1385
2347
3821
1314
817
3878
2717
3383
1195
2439
413
3345
1133
255
1880
3041
3390
2824
1865
3597
3437
2339
4380
4193
824
3743
2127
665
2664
658
1450
4592
4415
4951
239
1943
2398
2679
838
1226
646
1915
544
1225
4485
4143
3599
2778
3388
3938
1914
305
4144
1932
327
4181
1357
204
3410
1810
3261
746
1372
102
3747
2716
4609
4542
112
4554
2144
3040
3286
4609
4373
2344
4365
3030
1505
1151
2513
3086
2851
4091
3325
2189
3394
1730
3483
1455
338
3039
1767
2152
4955
4083
2521
700
3585
2521
4138
4898
4187
399
623
4205
514
4219
4118
574
1267
2994
466
1239
2448
4371
1971
4647
1047
4106
1496
2395
847
4610
4581
368
1068
4638
4903
1976
330
825
1227
2007
1776
3395
4873
3775
454
2460
3684
3969
1273
3753
3795
4496
4713
3548
3175
1572
4663
2971
271
4589
3738
1749
3942
1124
446
393
3836
3675
3396
4148
3726
3669
1768
3718
3932
1321
2183
1031
4485
236
2175
826
1481
4311
4845
872
1890
4204
3006
1649
4263
1610
759
4853
1081
3240
4558
3991
3929
3449
4399
650
1425
1962
3197
3735
4931
985
3395
943
662
3432
4705
264
122
4655
856
3635
949
1556
4319
1537
2455
2045
962
928
2686
4836
3518
835
2664
2080
4497
2970
4116
1755
1070
2560
2914
2906
2757
3748
535
3670
619
3623
906
2695
4247
4085
3331
2487
3348
3529
4972
3603
4919
725
3455
2296
2415
4638
847
896
2618
3170
4386
857
4200
4285
1342
4285
2662
3554
1154
1351
1029
3757
2905
2413
2408
895
2023
3532
2888
3708
2950
4957
3554
4554
1303
2880
3109
4028
1195
3065
1636
325
4775
1262
1390
790
4152
1131
4979
209
211
472
825
4546
1813
2294
497
2329
2358
3712
3410
3174
4307
3121
4635
709
4486
3803
1292
731
4895
2167
488
4472
2126
2886
2604
2168
718
2946
2328
4569
876
2183
2838
1432
2692
1891
1031
148
3286
813
241
554
1023
516
343
3194
3475
494
3493
3574
4423
942
1911
4604
775
913
1870
409
2135
4316
3585
1086
4463
4774
1841
1358
600
667
1260
3507
1317
3135
2424
4349
331
524
4483
4359
1593
2084
4422
2117
3720
4906
4607
2900
570
4951
4758
381
2464
497
3714
2308
1122
2625
1909
1650
854
2882
3744
1978
3884
3447
1487
2296
4502
2187
4217
802
2499
361
1303
951
4012
407
4453
74
3966
762
3747
3659
4178
1088
4889
4169
4860
4783
1901
4795
3127
3627
2677
5
3457
4784
1148
256
1457
3342
2361
2718
1620
2338
1998
4022
1846
2937
4525
2399
914
4857
957
4745
3791
3131
762
786
2844
4900
4506
1331
1609
800
1160
633
2596
2831
2727
3664
1464
126
1323
3965
4077
4549
1094
3269
948
3561
3990
545
2900
3359
2873
2569
1979
2
121
1040
611
3473
3222
355
2232
1004
3722
1877
1844
4485
4157
2503
437
1054
3954
3763
4267
1042
4369
3333
1750
1717
1627
2215
186
81
985
1765
3169
1096
867
3857
2666
696
1450
1914
2242
693
3740
3752
4461
3408
181
2732
1209
166
1909
4377
4909
3236
4452
4419
4705
2993
4292
726
873
4538
3573
2351
1610
2038
1202
3289
4766
1450
2464
4345
4595
397
3445
243
3267
4762
1758
4152
2214
1755
355
2402
4271
4514
1986
1802
2069
665
307
3717
557
2343
596
1151
749
4408
561
1705
2963
1671
4592
4802
1125
1496
1915
974
802
2715
574
3960
4056
409
2069
1588
3824
3054
118
874
2986
2890
549
3494
1853
1873
3036
4425
2365
2977
3929
2764
616
899
3927
2484
552
3941
1095
344
542
1610
3083
3381
492
157
2329
4846
361
4670
984
1129
1556
1880
693
3317
3799
4448
1711
1003
1940
2310
796
3205
4256
707
3199
4564
3885
4838
2734
2652
4550
3749
1413
340
2034
3027
860
1971
4018
1291
1741
4505
128
1291
1224
202
2587
3787
3854
4502
4706
1863
1659
4287
872
1964
2611
304
1416
626
321
324
4384
245
2174
3743
2505
3850
1045
3582
95
3736
2122
4765
255
802
610
3732
536
3684
2812
3412
580
3124
3131
2857
3245
4871
1593
155
2179
1550
1967
2736
1485
4022
4955
3872
3320
981
2941
2160
3965
3591
284
1715
2857
3643
904
4377
232
2623
2294
879
2039
1246
1485
4486
4774
2836
3702
1358
4759
476
157
479
2520
339
1556
1386
2097
156
1142
4137
1231
4869
4742
54
2185
986
3119
2329
668
4872
4135
3393
1095
147
507
2378
379
795
594
4895
3873
3648
4000
2179
2142
1440
3354
4133
3381
2303
3934
3273
2915
2429
1937
2098
3064
2220
1881
4058
3315
4305
258
1299
54
894
2889
3763
821
1540
4035
4081
672
4031
4576
1076
2373
4172
3215
1921
94
1351
3331
1801
4683
374
4193
3742
428
248
420
1933
1844
1299
1892
2638
4561
1098
4871
3071
4929
2976
4624
2323
550
4494
4567
4251
3176
2390
179
2180
155
4455
1754
320
3080
1314
2916
975
2254
2880
3000
643
2402
3328
2032
3497
1422
4383
3128
4839
2608
84
4129
3663
907
950
3498
4495
439
1531
3220
3627
1402
3115
3371
2109
2771
2303
445
3646
2498
2471
3889
4980
1578
3223
4350
4441
343
1002
2591
4331
1461
3410
442
492
4990
4807
1043
1319
3279
2050
4012
106
1692
2095
3010
83
1944
2840
2266
4963
2312
1169
3133
2542
2094
2297
548
2951
1963
4008
3495
2499
2506
2715
4133
159
941
3720
3068
3309
3207
2357
3558
4871
977
4769
1333
4196
2995
36
4139
323
3027
2946
1137
1881
3993
673
2778
447
4019
2538
3411
404
1896
1837
3000
2733
4731
2418
4097
3683
1726
4921
3279
2934
4142
2213
1310
2411
549
3115
1385
247
3177
4328
1601
940
3161
2263
1135
1586
71
2894
1719
1835
2234
3673
71
1634
558
1971
933
1086
4918
95
3648
1027
3461
2604
67
3614
2308
1529
3116
2209
1881
4809
3346
3838
4394
1340
2338
3343
1439
4010
2949
1693
4827
639
3951
4852
2333
4242
3193
3112
799
2767
2778
912
245
3819
3623
245
2389
1252
843
2277
463
3875
2935
4106
1936
942
4859
727
4957
3443
2860
664
86
4735
473
213
4002
3990
4607
3225
31
3922
3493
4049
1866
904
87
3854
1469
1282
1293
4814
4666
2810
4991
814
4234
2692
184
1817
724
3222
950
1602
1127
3732
894
74
2068
2498
4184
3535
374
3814
2369
3910
1355
3692
1659
1786
3130
3501
2351
829
810
4785
2877
3166
2661
788
46
3592
3405
3625
989
4190
4389
2786
3753
1634
2012
4966
604
3395
2583
1353
3605
4545
1806
2427
3127
3758
2380
2420
105
2948
3520
3743
303
1839
2089
4335
4054
244
2385
1962
1493
1083
2154
1832
4859
4016
1997
1952
1576
72
975
184
1766
1091
446
1060
2959
2825
4537
2366
3027
4175
1931
12
3162
2046
2014
2481
2423
4590
3022
4276
1098
4076
3833
557
2117
1390
4695
567
4286
1450
2549
1663
3368
4422
2798
1080
4760
1927
3188
1568
4885
3517
4881
1197
2516
4538
2930
1781
3899
3448
1942
4066
3798
4083
1481
2447
3564
2650
3782
379
2583
987
3581
3061
2685
4348
1619
1119
2949
3242
2665
1064
1368
2131
1834
16
2143
2709
295
4975
2780
2713
4200
4267
1162
1892
3222
2240
4776
1335
2703
126
2954
3835
2071
4942
3409
3868
3395
2735
2030
1775
305
3460
165
1810
2204
1073
1918
112
2125
4280
2507
2383
4182
1740
3098
3691
1314
3129
4260
3800
2959
1151
78
104
1823
516
4941
42
1927
2331
3078
3297
571
1809
1039
3645
3641
1577
4419
3119
704
1910
2189
1267
153
273
2148
2755
3161
3081
1247
1279
4589
1005
3607
2553
179
48
649
1678
4832
1433
4778
2118
1862
1325
2237
4303
1088
592
2267
4937
3834
931
4330
1509
4948
2899
849
1414
3018
1758
3009
1158
3173
1617
2191
4180
4086
2860
1690
3000
3912
2496
3711
2148
1311
1782
4720
797
4076
1884
3670
2049
2301
2489
2131
297
4384
439
1817
4563
1011
427
2542
3104
3344
2609
803
2243
2857
1744
4260
821
2486
4489
276
3677
1459
1124
4931
1167
874
1781
3383
4821
1481
904
1306
2841
2880
69
445
3326
2982
2774
976
3713
4579
202
849
3100
1673
192
3641
2239
138
2494
1459
826
3022
4259
1118
4663
628
4143
4994
1078
146
2766
2674
1640
3361
3896
1062
3796
3398
340
3230
4736
459
515
750
4242
498
3446
1501
1718
4481
3302
4773
1450
3458
4113
1864
3413
679
746
2394
3118
4712
239
182
2523
690
2458
1923
1198
4556
3069
1419
1083
2611
4362
815
2566
4397
4121
1191
4295
4114
3028
3461
1418
2646
1449
2125
3242
2737
1061
3958
3019
1889
4374
281
1314
2510
4472
559
3162
3607
3921
280
254
4511
1004
4915
3234
179
86
40
3023
3711
3969
4592
4901
4660
1234
4636
2049
3328
3223
3491
2050
86
1170
2350
264
3037
4012
1528
4658
1262
4066
4644
1195
536
4950
3070
567
1938
1406
3431
4389
118
4835
2064
4699
2885
3656
906
1725
3840
2024
1502
4739
2678
494
1374
3656
4837
3517
4269
1178
3998
534
4503
3764
2469
519
2525
5000
1840
593
4664
4748
1045
3085
731
752
3441
2313
3761
1336
3516
4089
2632
2687
2174
3770
3566
3384
497
779
1263
157
2738
1634
3572
4740
4580
665
3001
1505
4937
3468
646
4377
2809
2218
3398
1838
317
1515
696
4281
2817
1049
538
843
4332
1578
2729
2689
2857
4183
4564
948
3132
222
3241
3741
950
1729
4086
4268
1509
88
4609
3258
4123
1504
2869
1922
1057
2226
1132
1188
3146
482
2186
3311
2296
803
766
2509
1857
2440
1973
4126
167
2408
1031
2041
641
3876
4994
2056
4912
4481
575
67
3112
1404
753
3306
4519
1149
4081
1196
62
4298
2214
1420
763
2970
3314
929
1962
2546
4792
4512
698
2393
2412
2469
3288
3718
2674
2997
1421
4097
4001
3484
1240
3637
1451
3838
4691
99
1482
528
1509
790
3705
1172
364
1566
1072
3040
1743
4242
4371
3238
4682
1694
845
2593
1300
4150
3194
115
4551
4040
2979
273
727
4690
675
2046
2279
2039
1045
451
2938
1795
3444
3268
1035
2454
3785
3919
567
3739
3862
391
2493
1305
2633
1596
4509
4230
1166
297
1127
1638
1666
3351
440
2850
4315
4821
1583
1084
2339
1640
2483
887
2316
1963
804
3301
1406
956
3937
2258
3641
3070
4425
4594
1427
517
3511
4443
1824
4088
2831
833
735
1459
3297
4885
4167
4116
1271
1137
908
1250
308
363
4115
198
2742
2374
2725
487
3934
4119
2010
4669
775
2469
463
3244
1427
4748
4463
3956
167
3566
3966
1527
1804
1686
4698
2330
4367
739
4351
350
681
1987
125
6
4561
2383
1908
3017
941
2622
4567
2366
256
1336
2755
3646
1127
2926
2957
2659
1262
2529
4417
4144
1197
2081
1228
3191
3325
3196
3375
2093
1271
1698
1875
987
1391
414
4953
332
3371
3102
2111
820
1745
1056
3290
405
4718
4441
1780
2240
1260
774
4204
2204
4002
1565
3339
568
3181
998
1009
2814
2672
4216
177
3996
2700
1155
18
3840
1663
2337
2533
1098
1666
3054
3857
2631
1891
2300
4420
1471
292
1203
1517
1069
2387
3990
1396
3738
1384
841
2225
1956
194
4339
4542
1081
1097
2254
3965
305
3915
3834
4294
580
3867
1511
4544
3349
2371
3881
3158
1944
3810
3739
4878
3609
1718
1125
1226
869
1646
292
1817
2551
4227
998
894
318
3926
2433
4570
1071
2664
2469
1777
3912
1074
1553
1761
4824
2039
240
3413
4159
3744
3997
2592
2607
2544
4292
25
17
3563
4337
3745
2003
1798
1327
3451
919
2189
1086
2021
4946
4497
4636
4740
4999
2691
4268
2137
3896
4741
3408
4266
3262
463
3127
564
423
2501
358
1770
4717
1261
2931
4449
3922
3226
1457
2634
4108
4598
4503
505
2813
3040
3354
4438
2155
1714
4058
2493
1789
4057
4573
847
2678
1135
1962
3129
4336
253
2503
743
2043
4364
854
4761
2228
1849
2329
3706
3261
1379
1317
1900
285
139
3444
2637
236
1573
3643
922
2996
4245
2621
2707
4476
4559
250
4452
4348
1
457
2498
2523
2625
3914
3415
4826
2745
1507
2290
202
2228
2546
383
441
4736
4731
3392
784
1512
4321
53
814
2851
3613
894
720
4707
1069
4371
2964
645
673
2965
1799
2077
3608
4844
4579
2272
3170
2979
2496
2267
2436
410
287
1368
4868
2740
3975
4084
86
2845
1304
1816
3481
2004
2522
3657
3092
2719
176
2929
2236
17
2436
3513
2160
775
679
289
4009
2190
2776
3601
4627
3957
3985
1353
255
320
896
4654
1521
4643
1759
643
1226
1199
937
4393
4924
4444
4675
1704
341
1058
1661
1644
3416
3415
14
4920
633
1676
4430
2692
876
3240
4123
2131
4290
1863
1582
1954
3989
2611
4301
4669
446
3523
3320
0
1869
1967
235
2825
1269
405
1930
1868
1783
3116
1745
881
2061
4950
1910
1756
1500
1674
2644
621
3172
217
1916
4799
1113
2042
2614
819
3096
3939
2666
3813
3845
3536
944
3787
4347
570
4165
2053
743
1709
1456
4964
86
4909
2773
781
3539
4931
4744
2670
599
1278
3562
4845
577
4522
377
2670
254
2173
3643
1558
2151
1925
420
1808
1470
4042
2987
299
1898
4725
1925
1893
4194
444
1346
4988
4835
3184
2620
4553
2655
3514
3525
3706
4456
438
4880
1071
3950
2038
3236
3509
1522
3488
4122
1737
1182
1136
2517
164
4341
1717
4756
4347
4982
4609
3064
4510
4859
294
3198
3746
1007
581
1985
3623
4
416
2897
3131
359
650
4021
4889
573
4294
2141
1475
10
3513
3284
4105
3165
4612
2059
2734
3412
1488
2407
2355
2022
2326
1769
4564
2493
3493
525
2105
2117
3712
2037
4741
4394
4277
1947
1799
1127
724
2144
274
4104
648
2349
3637
3094
3971
1738
2727
2657
4658
3824
1990
4159
3838
1418
2344
1397
3821
887
2816
3313
3435
4545
760
478
1542
3046
4443
1625
2554
3497
823
1821
1172
4948
1370
911
3253
3795
395
2930
833
3062
837
2298
3442
4113
4639
3778
3275
1629
4069
2987
268
1347
2310
4755
4516
1103
1604
4092
4739
1553
1447
4264
3190
577
304
2386
4114
3091
4056
1168
1777
840
3182
1908
4093
4172
4195
2278
4884
366
4293
4570
4518
817
4680
4216
793
1074
128
333
3737
2452
1124
4755
1664
600
1339
2175
4326
2279
3599
2626
941
842
1997
1438
2195
2104
1382
86
2143
4898
4043
624
966
1956
1084
2324
1173
92
3425
1772
495
1952
4839
3305
1039
747
4520
4093
2432
3459
956
2738
4173
149
1190
1844
1294
4438
1220
1729
2948
4299
2299
4398
362
3512
3505
3071
2464
2487
4462
3700
3493
4624
4050
2781
4032
270
1259
4514
492
3167
1163
3960
4759
1430
1976
4366
1974
2316
3209
2773
2741
4704
1201
4444
4985
2105
1954
2216
4478
2492
3773
3235
4671
4570
788
1650
4460
4885
2855
3485
3096
3767
4155
4968
960
1729
3746
1615
3635
1551
3231
4015
4621
873
972
1976
2205
1166
2308
1094
2361
3085
1382
1124
2079
2645
2028
4807
467
1269
75
3811
2907
2490
4855
4704
777
2423
2576
199
3849
2375
1831
3222
3267
3369
1913
3661
3259
3199
1484
4769
1820
48
2345
1643
2033
366
3106
353
1733
4571
1482
48
4246
2783
1263
1054
2182
356
1026
2376
4997
3022
4100
2311
1146
897
4384
2259
2803
3455
590
4952
1370
3002
2953
590
296
1570
3055
4222
3797
4566
3389
4468
559
3628
1319
1205
1657
1926
3746
270
3124
4758
4307
163
2749
3249
1958
4680
825
410
4090
3762
4389
2483
2559
981
4598
140
3096
2464
790
1388
3686
2173
4515
1745
4838
2006
1815
2284
421
2309
2063
2325
4916
695
1705
547
2481
3439
444
1102
557
4678
1217
4382
725
1715
1008
3826
4058
4598
2509
3002
4902
3736
831
2278
1451
4950
1818
2138
1175
828
3342
3598
1056
3990
4325
3223
4801
560
2531
130
1926
2930
1690
3420
1758
3909
531
2477
2058
1069
2984
1449
2469
3602
2797
2505
1123
4825
55
3617
2122
3481
2279
82
3460
2396
4482
966
3542
3008
1670
1595
3782
1929
2422
914
4745
258
1395
2659
4800
3544
3154
2984
319
1292
1558
722
3699
1579
2165
2667
3868
255
2373
1462
4702
4912
2402
3344
897
1203
3030
2487
537
3868
1463
2811
357
2582
4241
4827
4865
2683
2238
1519
1216
85
2158
4833
4916
4578
3445
4510
1774
2624
4357
2082
4385
160
3689
3686
3339
1579
4680
2999
3770
4695
4707
3728
295
3298
952
2747
3439
478
4386
4904
1138
4738
4689
3006
1551
4874
694
970
3102
3059
1521
3708
1032
3226
416
1843
3136
4072
1015
3665
397
2104
353
3562
361
1995
897
4079
1757
2060
2841
2009
3332
88
404
705
3378
427
2214
2657
1733
3169
4281
127
1606
1642
1542
1076
4037
452
2255
4454
1484
4077
4688
4300
2163
2786
101
860
2449
649
2551
88
166
4205
2514
2192
2295
4944
1915
527
466
4985
1937
3442
2558
1948
3813
2600
4401
4719
882
4907
2722
1312
4635
534
906
4428
1258
3782
3304
3333
793
3352
4663
2129
1396
2415
2259
2287
3616
1702
376
3440
427
1270
955
4352
2062
619
1024
3461
790
511
1004
3592
1569
3635
2247
65
2667
3678
2488
4842
2932
2239
1890
891
1072
3185
1953
1316
3853
1184
3972
710
4539
455
60
4530
4540
3505
2308
1391
3104
444
4497
4192
1397
3884
3285
1335
4718
3707
4603
1431
4913
2386
3402
2995
3643
1189
4459
1880
4184
4201
4923
2074
2243
600
414
2580
2911
908
4680
4097
4717
2741
3516
3192
1186
1700
2186
1181
4330
7
4832
4348
2441
3990
4120
2968
2504
1097
2450
230
4989
1701
3411
4075
3285
3537
4662
2654
178
2016
4288
1731
2211
1525
2998
2384
3986
836
2541
3411
2364
3027
186
1292
1302
437
1980
3381
2455
4570
3090
4572
3119
3439
2697
2783
1429
1764
277
2141
4338
3134
3852
4089
2385
1406
1096
1773
4480
3206
3120
820
3291
4720
3481
4015
157
2215
1981
4187
870
1519
4038
2150
475
4116
4438
2975
1297
2153
676
3223
2383
3404
2097
2190
4729
4621
3456
2470
4861
1357
2703
4251
1876
2643
3424
3042
1123
4935
3252
1720
2153
2088
289
4871
3096
1901
4559
1990
3589
2167
1218
686
1302
138
1856
3066
2040
830
2096
4773
1555
1411
919
2027
3507
401
3587
497
1984
3795
1917
3684
191
4751
737
2958
966
2864
3654
3916
729
2430
2168
2942
277
3520
1785
225
4274
2168
4926
1264
1282
4106
3018
656
4913
2774
3469
1817
4472
1999
1888
2596
43
1612
2160
154
3655
657
465
3694
2380
4262
954
3230
863
3828
4475
3763
4583
3508
141
2533
4331
2704
4507
579
1969
1144
2953
2416
3693
558
4657
4655
353
2496
919
3488
3657
441
4893
3122
4631
485
1980
3485
857
4980
492
447
3103
1589
677
2110
2876
4332
608
255
736
2508
1289
2200
3005
544
4674
4838
4973
2136
465
3334
1095
703
708
4386
1261
1112
4781
1847
1096
1307
4145
4734
2424
891
183
3300
3469
4055
3523
4216
3151
3672
233
2664
952
3842
29
4273
3805
474
1720
1964
2982
4309
1233
1192
4547
743
3856
1529
411
1455
4116
3634
4762
3231
4681
1381
3372
4777
2916
2752
4126
885
4963
1749
3097
4851
443
2399
229
3661
432
4913
3988
1530
958
2154
2940
4443
3611
3538
4776
101
2265
4829
3341
4638
441
4956
2960
1984
1716
1978
205
1607
1408
28
386
2008
3823
2367
219
3817
2891
57
4408
1812
2432
2749
2821
2432
266
2237
3149
559
4166
1686
4819
2478
2397
2446
684
2767
4729
374
4502
1229
4140
1635
4512
3363
329
2992
3205
872
868
4033
956
978
3586
4785
1794
1274
2047
368
4662
1804
3482
4050
2115
3698
3256
21
4672
285
707
599
997
3659
1235
2906
2014
567
4080
1553
2391
3569
3222
3793
4287
4976
2698
456
4661
874
4541
2146
2420
2512
1653
3149
2683
4895
1393
4120
3625
833
132
4971
1512
1359
4757
674
2013
4054
612
3331
125
4771
2691
3902
99
2045
2665
1008
3335
1595
3520
1862
3856
3188
4939
119
1002
4194
4607
2024
4949
2837
44
4816
4831
3737
2901
647
1979
2129
811
1157
2668
3461
2196
2299
3209
1387
4205
3730
3419
4483
3254
3666
2510
797
279
2030
2659
1961
945
2387
1903
1755
2665
2332
1473
2109
2237
2166
91
971
135
3387
2281
2045
1566
1826
2954
2080
3021
1006
1236
2587
1239
4298
3660
4930
3608
1338
3644
3968
3904
4713
154
3118
1230
2009
2814
3451
4119
4489
3556
258
1206
3173
4931
1837
1172
3427
3744
2705
1687
1816
163
1229
369
132
3870
3479
1917
4390
1335
4498
3037
1521
4097
2946
4232
2446
4737
4280
2507
2033
4700
1210
3991
15
3064
1676
4640
307
4202
2099
959
1007
3942
1571
1086
2910
627
4704
1811
1645
433
1858
3940
927
4175
2393
4664
598
3540
3966
1459
2886
2568
1943
996
2729
499
39
1461
1505
2893
3781
3582
2670
1977
3264
1377
3498
1862
4116
4799
3437
753
56
2886
4716
2865
3212
932
3441
862
2905
4559
1813
4461
1720
2053
4827
1320
4092
4070
2266
1615
3961
2189
3885
1558
1035
3199
49
1858
2964
4045
1075
981
555
2609
2058
1455
3974
371
2091
982
4142
4502
3779
4844
1055
4271
2355
695
2147
806
4600
162
4847
3920
1296
379
3631
3992
1000
3105
48
2152
678
526
1800
1701
1512
4195
2655
2162
2050
3881
2165
777
2977
684
4662
1243
1856
4971
4262
47
3877
4788
3771
4954
3451
780
3116
4716
4417
2684
492
3223
4242
1442
2863
1027
1278
3528
1314
2099
263
2292
3333
2672
4866
3531
53
3737
491
2016
360
1357
1432
472
2327
1919
967
3755
4428
3983
3708
1194
4939
2117
2972
1305
3576
3929
2084
228
2168
2815
4994
1606
4162
1509
4937
4006
76
535
1071
2253
4501
3957
1348
2809
1152
3714
3263
4346
1190
2757
3025
2002
4748
1657
4927
2036
4036
2706
2373
1708
4161
4057
3820
4915
4926
4671
3565
2745
4281
2335
224
4246
2301
1429
4679
3437
4236
4140
3772
2961
446
3223
3529
1400
3768
2219
1142
763
2880
3
3926
711
3008
1776
448
4064
3147
3391
1928
1175
4250
1481
935
4491
4566
3801
355
4896
3996
2927
4622
815
4698
1838
2337
2962
854
3523
2363
507
390
2986
2117
2234
3727
3194
1538
264
2774
716
3116
4822
2244
241
575
1362
911
3809
2278
3710
595
2058
1882
3494
2567
2839
1998
932
2109
641
2785
1201
2255
4012
71
304
768
1912
2813
4017
3032
3758
4869
3515
503
1078
4734
3440
3408
2125
2628
2058
2794
4416
1999
4167
4805
3533
57
4578
2495
3910
677
1647
3283
986
2816
4650
4245
1342
658
3190
3038
3164
989
811
4083
971
2697
1015
959
1117
2015
862
3491
649
1170
2276
1973
4888
4757
603
1207
4789
4776
3752
1999
2555
4199
3190
2767
2651
1677
1117
2720
3922
609
3104
4051
1191
2897
817
2390
1734
344
3033
2893
3821
4778
1401
2293
1793
1256
3068
3274
3975
1977
187
2609
3251
3725
1611
335
4738
4693
2852
4007
4976
1212
3454
4515
57
1915
16
787
4378
4918
1314
4484
2429
263
4903
4468
777
2019
3785
1982
4046
1017
4422
3736
1702
4725
281
2303
882
3145
3084
2300
975
608
1344
3991
3420
1131
2781
4260
2593
3618
2414
4018
574
4983
167
4981
3381
3246
5000
1759
4562
4276
1099
4049
2514
208
165
2428
1042
3362
4142
4518
943
3855
1988
33
1452
3652
1241
2405
4285
460
3267
3977
2924
596
2597
2921
1045
1826
1890
1541
3601
4051
883
1462
3583
3248
265
1817
3880
4193
3210
3321
1311
2760
4327
3256
4624
2071
4947
3464
968
1554
2754
3988
240
4907
1248
2816
429
2750
3877
788
1784
94
1779
678
1977
275
4715
3241
1386
1424
954
4524
4928
2367
4013
4797
144
2198
3553
3585
2569
1731
341
4874
2163
281
3249
3498
2125
3701
4053
4625
1689
327
1342
2753
1106
4256
1769
2486
2353
1910
592
1060
987
4248
429
147
680
505
2081
71
4022
1029
3323
4413
576
3600
2236
2303
1422
2229
30
1043
4456
3996
4852
593
2909
2254
4962
832
1567
1133
3550
3240
1403
140
1576
9
897
4076
3431
3718
1556
3176
4242
1878
465
1620
4067
4879
2047
4718
2121
1182
2877
1973
361
3517
493
4674
3340
681
2936
2108
2008
2211
3191
3021
1050
1208
4895
1895
3921
600
4735
1313
2858
960
3163
978
1171
2912
4014
3468
2947
1231
1706
1817
905
378
3618
4074
4070
1712
2327
687
1279
395
4924
1019
4797
848
4315
4177
1430
2648
1438
978
4246
1455
2902
88
4296
3500
1423
4756
4954
633
2775
3208
301
1143
2243
3873
1478
4916
1683
4025
3643
2375
970
2143
4066
4986
3318
1095
3094
3673
2288
1426
4882
629
308
2110
3075
424
4932
4065
4661
1831
4237
390
4452
3644
49
271
3198
3508
1916
1313
126
2394
2491
4416
2582
776
4243
124
2574
177
4726
3801
874
1731
3815
4386
2250
4742
4364
1595
3511
1598
1489
3275
1171
1258
2163
1871
4807
1625
4262
4565
4142
3994
241
3754
1596
61
4651
4235
527
1335
4872
3343
4316
3504
3460
2983
3563
4343
2589
841
1787
95
1304
3074
4561
221
1212
4837
1499
3505
2576
2040
1244
3096
4714
30
344
1967
903
1006
3442
835
2502
4276
1222
1950
386
5000
2069
4218
3488
2563
823
4812
2347
1999
1748
2408
4261
241
1827
4554
890
350
1510
2096
2588
1859
646
3806
173
2532
1619
376
399
448
608
1222
2117
1136
1060
4058
295
2023
237
351
86
162
2335
1659
4851
4801
4189
4267
1252
3220
3034
3234
4950
2105
2098
4105
105
2961
3963
3753
4661
3416
2203
576
4183
3178
1005
3274
4034
2174
2624
206
2021
826
1671
3003
3989
2435
1280
4598
4220
137
3286
1736
3126
2964
122
1182
4854
3370
1971
2471
3270
3952
569
4979
4390
4815
1396
2128
2932
4101
4312
681
374
2933
3229
4210
628
4476
2162
3048
34
3239
1022
2188
1583
3186
510
4005
1835
1704
2911
2581
4116
4410
712
2163
3104
3895
3416
476
4426
2367
3858
1924
4518
4199
4665
1796
4157
2161
4317
239
535
4845
323
4385
3721
944
2515
3317
4782
2694
163
1637
1201
1989
510
2958
4750
4402
1889
4348
146
1555
1807
1574
2842
4466
3184
246
2850
3653
3173
2122
3396
4060
2845
571
619
3776
4625
1488
1672
1397
2599
2771
2442
72
3591
3760
4951
2193
1579
3072
2778
1344
3213
3225
1633
4052
1587
431
3195
485
3843
2775
1088
981
4955
3641
268
2586
1388
4007
2632
4284
2080
4565
4018
827
3810
2972
4322
2665
1831
4687
932
2409
4361
3346
3163
1264
2285
4119
4677
2029
1989
4279
3844
3245
476
4831
4995
2793
2756
3678
1125
2197
868
3013
1688
4287
456
3779
4588
910
3992
1499
1525
844
263
2951
2626
710
2042
464
4084
1593
2265
2482
4421
1749
3408
1603
4244
489
2859
615
373
2337
2282
1867
4321
3588
3427
873
2521
3019
4526
3141
4750
4682
3015
3381
3878
1599
1691
3966
136
842
2854
1312
1064
2782
429
3670
4320
4009
505
4184
1743
4598
1535
4077
2149
2147
1584
81
1041
1737
164
2885
4592
297
3084
3280
3980
3760
3801
2947
1357
3555
4267
3359
4065
396
143
3924
4845
1961
3985
3871
82
4843
2526
4169
3266
2037
1507
3874
1050
2988
3534
378
4847
2955
1164
4794
1316
4083
2135
4425
4673
563
2786
135
3306
1525
2445
1736
4209
4614
326
4049
4915
478
4327
3679
498
1861
1897
295
1512
1843
996
2402
4118
2876
4291
1034
1395
4100
733
3393
1474
1199
4018
3079
4682
3845
1119
3674
4257
695
2163
1359
3885
1595
3987
2669
17
2644
3656
2013
1697
4055
454
3085
1835
167
1632
3433
3262
4704
3428
4733
1906
1685
4479
766
2576
96
2725
3889
1055
1199
4803
2581
1245
309
385
540
4823
1798
832
1131
661
714
667
4533
584
2125
728
1430
3636
2599
1938
4676
2902
1759
2833
3394
2152
3146
1896
3282
350
517
50
1834
1504
3236
4142
3864
576
828
4857
4033
4700
3729
2456
1159
4044
982
195
2869
3991
2159
1303
1641
4266
3497
2190
1397
3733
2225
3688
1690
2680
4612
438
1095
3253
1607
569
3010
3891
1435
1664
4913
4511
1404
1945
860
2082
3993
1137
3024
3229
780
2532
3368
3362
4159
1364
438
4566
3164
4286
3463
2008
2170
3432
1965
3134
4466
4844
2006
1823
473
1179
1706
4631
4601
185
3738
1291
1111
3605
4539
2801
2686
1505
4559
4049
2459
3766
407
4022
2548
4743
2222
2535
3675
3688
2980
2872
1324
4801
183
3328
2617
1681
1382
2778
2813
1161
3275
1167
2522
4437
3347
746
4756
4953
2160
3964
1168
3234
3161
755
3414
498
1137
2237
3859
2000
3208
4835
1055
2437
2270
221
4527
1535
4990
2270
3241
2782
3747
607
3239
2059
832
2234
2703
2424
2816
1880
2303
4583
2597
777
4404
1835
1422
4338
588
4483
89
1226
3641
2382
2671
3333
584
2802
2846
781
3917
2808
3550
1009
2089
812
1478
3054
1736
4589
264
4435
3347
1444
925
1059
2658
3403
3778
559
4537
4890
3264
4423
3605
4158
1756
1586
3350
1941
3519
318
44
3998
2927
3577
4505
2207
1951
1828
1922
2385
1348
1114
1748
3704
687
2732
207
3119
3144
3407
2240
2640
1312
1385
3924
4512
2917
594
2536
1350
2045
4497
4925
4356
2090
896
3863
73
3399
1712
1507
2516
296
1558
2537
2898
662
3710
905
1880
1613
4302
2638
3646
4033
4064
411
1412
3273
2404
2387
1739
3899
2598
3957
2217
3957
2816
198
374
2025
304
1908
3199
2313
238
4034
4484
1242
191
2993
2772
2936
2790
1032
2991
1459
4274
2567
3728
2690
695
2219
358
1892
3669
1619
863
2121
418
1364
4283
3088
4728
1462
4777
3578
1485
3846
2163
1711
2867
3755
1570
445
327
2919
4183
1788
3936
4908
2726
4882
2116
3849
2187
4975
164
3174
2080
1341
3129
1157
4739
1699
3912
1825
1645
3415
2640
2211
3391
1559
2415
669
1573
1518
2856
1181
3884
2291
3069
2354
3978
2630
4443
3137
4391
4427
2286
1114
3964
624
263
4573
1361
3089
1402
1473
4540
3290
3326
1514
1017
278
1014
2055
3614
3763
1800
2830
3521
185
1705
4339
3077
790
1392
2831
2225
5
930
1688
2441
3581
3773
4930
3225
4942
2196
3753
1379
895
3665
1980
3658
1806
1852
1834
3883
3763
1946
3161
2375
3464
4402
3871
3152
2443
1982
1210
243
1897
3135
514
4443
3440
1396
4496
2581
1536
3687
1097
3322
1016
1307
1618
2488
2369
2134
3520
4353
2835
2730
1799
1435
2436
248
2153
4095
4808
3226
506
1247
930
3473
190
2816
1251
2645
2490
1413
1817
2551
3842
1959
2239
252
886
4559
2126
730
746
4625
2812
4997
1409
309
923
614
2939
3372
4123
1733
822
760
4557
4233
2901
2664
701
143
4771
3680
1270
1238
1047
1667
833
1010
3889
2992
4355
4444
1095
3332
2250
2524
2350
4424
1402
2831
1703
3227
304
4986
1041
2079
891
4689
2506
3247
3870
1369
4510
1085
2953
4534
3264
3344
2701
1499
408
1895
1799
3591
2988
4399
3099
1175
3867
4948
3938
4158
4279
342
1000
3727
4129
1738
3597
2900
4466
2291
964
3760
1468
3230
2613
356
3392
1201
4374
4140
4753
4187
3065
2713
2762
183
4784
2159
4225
3871
2195
3172
2105
4825
620
3701
2308
3310
1961
3981
1789
4123
999
175
3786
569
1896
1869
2536
3211
551
1661
3424
3842
1041
2897
4170
3046
3316
4782
4699
3249
1467
1919
689
1593
1790
4556
3383
1690
3633
159
4256
911
498
3245
595
4530
2788
583
4412
1996
4120
1306
4727
4689
4990
4265
4737
4396
1497
1679
453
3769
59
4604
3813
3505
1355
140
2549
2086
4907
216
173
4889
214
3136
1254
2482
4371
3123
1730
1221
2061
3495
1891
4505
2532
4815
4182
836
3303
1590
2389
4183
4911
1563
4590
692
2069
990
633
3642
1142
52
148
2375
3069
4122
3952
1572
609
4411
2176
2738
2281
726
1026
4418
4165
2569
1706
1641
3023
4116
811
2804
4203
4788
3106
892
4625
3327
170
3122
4519
620
2012
1697
672
3429
2738
4936
751
2245
386
3647
3200
2984
1191
430
3123
61
1910
2848
3544
3619
4530
2497
466
4874
1230
2958
467
2181
63
3513
3568
2846
1230
1078
1656
3658
3926
2404
4026
4697
4980
3358
3007
4519
1593
1193
4317
2182
3521
554
1018
4555
2427
3981
2388
1953
3543
3702
4440
1719
4795
1053
547
2555
542
219
2920
4535
177
703
4197
4777
4807
1766
3092
4656
544
1641
1048
50
3263
4966
4163
3076
1067
4667
2348
122
886
82
2680
1332
4809
3246
718
2106
1769
2888
1996
58
2934
2796
373
4614
1609
697
1518
53
3515
680
4558
2805
2856
1888
1993
1748
1773
638
1166
3285
430
1970
3607
796
788
1288
4982
1282
2213
2449
574
534
3120
3639
2852
4432
4278
1120
294
3432
1263
3124
4311
858
105
1402
4996
1439
498
2185
2515
4864
1596
3965
2667
4107
4555
4233
4912
1422
904
4684
3957
4643
4604
4102
4161
3964
1989
1090
2552
651
4204
4056
4442
1401
4017
128
4644
2097
2419
276
1148
803
459
4445
1006
4545
3782
4334
3800
1556
4185
3309
1936
1275
3351
2427
446
3867
4783
2254
4545
1527
171
516
3968
4006
4240
3464
3521
1564
4889
2839
2949
1546
2089
1664
2837
4285
3247
4019
2117
390
3170
3308
4489
295
731
2041
4070
4124
1626
4518
1773
1848
2557
1712
4139
2792
1512
2023
2994
4293
399
3135
2948
4892
631
160
4744
1728
3761
2575
4295
3149
389
1683
4570
803
2931
1853
4966
1521
3602
4498
3556
1489
2011
987
4396
3397
312
2825
3150
670
4107
3028
3020
2834
327
2296
185
4454
195
2825
349
4919
3366
1975
513
1023
4034
1518
1506
380
1007
642
3603
1468
2759
3355
1326
2996
1676
4314
104
4671
2914
1925
4478
4909
3020
4674
4010
2441
4559
4412
3903
3686
4611
78
2352
3062
3427
594
4049
4949
607
976
956
996
4515
482
3467
295
2453
2828
372
2034
4975
574
3689
2231
307
477
3187
4643
3006
1922
1804
113
3182
828
3561
3622
3832
2893
4537
3796
907
3226
4155
3247
1854
4788
1954
1794
2307
3206
918
1814
1113
3335
1773
1295
146
3954
4200
3035
612
2529
1545
4174
4716
1024
1756
3208
3973
3465
619
2521
2892
2093
2564
770
3667
3363
2136
710
1104
1553
1304
2582
950
184
2852
2049
2114
1434
4342
932
997
3901
4951
3777
3148
1956
4292
1908
3118
4373
3624
4578
3014
655
4687
314
4616
757
1927
4052
452
2432
584
2666
3927
235
2714
2935
2954
2405
1659
3387
4700
967
2176
4985
3974
3335
4316
745
347
4459
4681
2793
4618
1386
3548
4125
4844
2167
4871
2450
2143
2420
1427
3879
67
1063
790
15
4170
1037
2155
4586
2443
3113
4918
4931
1741
279
4317
660
1541
4987
1102
2351
239
3541
29
504
4135
360
880
2662
1084
1297
3927
2961
3247
4017
4461
1038
39
99
3158
3437
98
3560
644
720
4017
2578
2368
4448
709
478
1147
1709
2665
298
2730
1019
233
1531
507
4287
2153
356
2850
4350
2353
2555
2741
2496
2877
1812
2229
3808
285
3313
3589
4241
1051
2827
4856
1202
3153
3997
2880
2267
3150
3487
1020
914
4289
3254
4547
1702
4413
4046
588
1067
4281
1361
2917
3062
2918
3143
3594
3266
4317
4619
3727
1235
3516
1707
2610
4046
2208
3614
1709
3162
3730
3870
4151
4604
3692
892
95
4765
3583
3282
4862
1078
1657
85
4642
3731
1165
3430
428
704
2278
3911
1508
2557
4401
4198
2493
1843
4878
1016
3348
1863
373
2663
4668
3744
2630
1998
191
3597
4920
3382
1123
2466
853
2300
1281
1642
1760
3948
1874
840
4566
4689
3300
698
3434
1990
2280
4569
4634
4741
4342
602
1911
2993
2932
555
607
2613
2162
3858
4223
4623
3520
1544
3248
4864
2271
3590
2547
3089
2075
1019
1598
452
4965
245
4290
2322
999
1590
2090
4022
3761
3574
1692
1384
2993
1323
3149
2907
316
4618
1848
95
4532
2152
1113
479
1742
3984
1992
2116
1716
2222
725
229
1433
3403
2190
4649
1037
3317
3664
1000
3937
2840
4823
2404
4580
4689
4948
2613
1676
964
2217
4134
1495
4287
1398
1390
1175
3722
1543
3699
2659
4530
592
2899
561
601
4299
4120
4767
3697
164
1917
1308
1367
773
1893
4825
3421
3518
3287
403
1995
1918
1210
3113
2113
3677
3340
1543
4802
1715
2804
4126
3136
1402
736
3914
4847
846
3307
4758
579
3292
3580
624
4378
2638
391
2987
109
231
51
2888
2644
2115
1024
4011
1693
4484
3084
927
1437
548
2965
3062
3641
103
1140
3058
4956
4325
4782
2158
517
372
2332
3626
809
4533
2155
4359
1454
563
4836
2544
2748
936
966
881
1049
4812
3825
3702
1
3147
4139
399
1993
3056
4122
1445
4336
2582
133
3618
1487
4903
1036
24
4228
958
4030
781
2750
2746
4943
3162
1094
408
1348
4328
2158
3393
3850
2833
1516
1388
3089
1670
1459
933
508
1630
4398
1279
1354
3700
1612
1932
24
640
4983
2396
4711
2690
4
4879
4408
4372
4315
4301
3942
2166
1521
2192
4750
1417
897
545
4191
464
3300
3084
805
4219
4281
2946
3607
2053
4553
2164
1100
2460
3246
3434
424
4548
2299
3206
1387
85
4730
3553
2850
3188
2553
748
3206
2229
176
3972
1398
1563
3299
3751
3346
2282
632
1035
1350
4399
3141
788
4047
1734
850
197
2342
4755
3805
2277
1704
2581
2097
325
4903
1753
4062
4
549
3330
1824
1600
3640
701
1463
1571
4128
221
2780
553
568
2223
294
2102
143
1321
2264
4303
620
43
2243
1476
2949
1061
3191
4808
1559
3514
1807
188
1852
328
215
1775
4583
2448
4914
1221
1313
2537
1458
845
566
2622
3597
145
4500
4015
1296
717
2233
1965
3227
4340
1048
1571
2831
17
1721
4441
3919
4784
1494
2383
2500
754
1532
1893
4161
1297
3456
3274
3642
1592
4310
83
4357
4735
2732
1455
2547
867
3445
4045
4039
3342
1298
4984
3640
3610
1366
4656
2866
3034
1447
2162
3715
4959
2899
4476
1839
236
2608
406
861
3610
2482
3915
567
1845
2392
3060
2946
4135
2166
3484
4586
1269
4987
788
3167
2151
3471
856
3229
121
939
3268
4451
1688
3798
3664
1615
3224
3006
2461
1220
4576
677
4547
3454
4408
2252
3909
4599
1941
4738
558
1548
4623
4602
2159
3402
4877
3119
3460
2578
886
2554
3124
1272
3006
1588
3573
4886
3687
1319
1482
2078
2871
1054
3977
2232
2535
4918
4847
3111
1244
3516
4289
384
346
331
2419
1984
2637
2572
1067
735
520
67
1927
275
3677
1695
1226
3822
1005
4593
4366
3174
3681
3239
3519
2148
820
730
4127
2852
951
1775
385
1735
1540
4651
4764
691
2838
3908
2757
3633
1884
1418
42
4271
2914
2319
4211
2120
3694
2923
1365
2866
43
4118
341
1355
3066
847
4195
1765
3966
1772
4098
2839
1046
4702
1504
3192
3838
2822
2389
3266
2696
573
4102
190
4386
4278
3678
1092
377
3858
3329
1247
4419
3457
365
1807
3884
2259
2156
4726
1891
2761
720
2758
716
2853
189
1857
3692
4184
2498
4340
4477
2301
1246
2844
131
715
222
2555
542
851
4438
2947
1958
580
3143
4665
3433
3241
10
3040
2273
134
1420
1632
2479
2653
572
764
1917
737
589
4171
1721
3779
538
3218
1535
4440
1972
3184
3576
1135
3301
4128
871
1661
4541
3140
99
2475
2050
3856
152
2229
1342
2328
2085
1334
301
4906
4770
4488
4241
1718
3397
2938
1652
368
3886
2600
1398
1043
825
2998
3738
2644
3755
3146
663
3756
3254
3501
2456
985
1994
4281
600
3514
636
681
3725
2882
1770
4770
4720
2900
3230
4864
1327
4054
3168
4533
2560
2556
1351
1704
3584
81
3738
1432
4114
3941
1150
1755
653
3526
1759
3761
2724
3478
525
613
303
391
2189
951
714
2514
2057
4957
4585
1511
758
3773
3333
4015
4837
162
1792
3890
4678
1674
1287
1244
3323
821
1165
3027
419
4298
3938
2077
633
3240
2773
1860
3995
2039
1527
1600
2637
4794
2753
2334
2342
514
4272
4808
4547
4879
2113
2859
3745
1434
907
2386
1025
3962
801
1177
3478
2701
3845
1534
4542
2463
4148
2328
3689
312
4413
3043
753
4556
695
2207
1686
4624
3390
31
4616
2611
1044
3725
3254
1147
207
258
2224
2369
2816
446
4791
4625
1660
2675
2725
2368
106
1137
2417
2856
2805
3706
4244
4916
3445
2669
4475
188
1266
2225
2356
2982
96
3333
889
1200
734
1783
4660
2903
3212
1198
3897
3527
1726
3482
4027
1592
1967
2615
740
2283
1686
2736
4162
11
3776
4945
4266
3058
3809
3288
4635
4312
789
650
3835
1747
1422
2219
3909
1583
4796
2883
2325
2178
145
225
2812
4892
3316
295
2586
199
4239
3750
4429
229
3094
575
957
1910
4002
2371
380
899
1016
1070
1936
3335
1065
4654
1908
201
4925
2116
2840
653
1968
3399
3635
3030
3156
973
330
4565
3992
1868
558
4506
3580
955
2544
1325
635
743
966
1529
1898
2784
4818
217
1425
2208
2404
900
4397
1055
70
4625
1544
1051
1338
2514
791
1295
2164
3703
1212
545
2976
1976
3452
990
3844
4861
4460
3188
3230
2382
2193
3266
2640
4087
6
924
2451
4545
935
2877
718
4007
4387
4805
2976
3807
2177
3394
654
4988
2252
2176
649
638
2351
4648
4662
1404
673
4820
110
947
702
2715
1847
2838
4224
4084
4357
4967
4775
1120
1034
2025
3466
624
4467
768
2050
4982
1716
3421
2129
3779
776
2783
890
623
2065
2284
1279
3270
4678
4364
2338
3848
1143
4742
1446
1209
4577
4114
459
2127
2582
1975
4363
4310
3893
3109
2497
714
354
1635
1447
2397
2471
2237
3140
1350
3969
846
640
3453
1843
3565
1068
4047
4473
3286
3365
1393
1129
3398
4712
248
4468
4185
4098
2324
1676
4942
166
3576
4553
2413
4719
3257
861
2591
2269
979
335
2483
4852
1315
1671
1115
817
3654
4645
2528
4033
1060
1492
666
2457
1822
1309
4269
3175
1597
419
235
2282
2545
1841
2829
2509
1574
3625
2004
808
5000
984
4183
1192
362
1043
2920
358
3670
2743
4048
4574
4777
4176
901
2665
2248
4332
4450
1727
3736
2175
2194
4294
4419
1799
3291
119
2591
4878
3651
1065
1579
2462
4578
2879
4163
1660
1362
3577
3019
2051
85
2358
1517
1224
2078
1530
837
1040
4582
3351
1751
80
3785
2446
573
1776
3302
1964
1586
4504
1176
4224
4295
149
4646
2939
546
3934
3253
2366
2848
4511
2679
3905
1597
4407
3486
1945
4717
2140
377
4040
2689
1209
232
340
4141
2267
3825
2989
2348
4480
759
2914
2355
1147
2500
2509
743
1735
4454
2794
3967
2968
4897
1504
3696
2445
219
1874
3371
2730
616
1262
4096
1616
3000
107
1053
4589
2252
182
3236
2302
1754
3676
4122
2312
4083
4756
3767
1193
4243
4098
118
3474
636
156
2875
3810
4201
2022
1682
642
4727
972
326
4159
2373
2571
3441
3117
627
3814
4964
3332
552
4370
2989
3674
4148
2282
3624
2714
192
2275
3984
204
3871
3694
1186
237
671
4965
4821
901
3552
1819
2633
1198
4932
1215
3513
2509
838
4606
3305
279
4400
2885
3620
3548
2129
820
4615
3450
2126
2012
1914
3224
3872
2759
2099
1273
667
2538
4987
1293
3365
2664
1450
1154
3163
2316
1531
483
198
2225
2492
960
4482
240
1967
2265
2900
4190
3612
4499
2474
890
369
3112
3039
325
2617
4195
4728
176
4393
605
578
4262
3852
716
1936
1342
3230
1565
4982
3515
427
3600
1289
4680
4047
230
3820
3267
3618
417
3734
3416
4764
4606
3814
117
4149
1902
727
3117
2727
1537
3984
3224
3992
1571
1532
3423
1777
3486
727
3184
4310
1878
955
2348
2857
86
4871
2631
4281
901
3757
4061
3339
2593
4389
3480
4328
4612
4205
2428
3434
3271
3485
3567
4858
3666
4590
2178
3756
2205
4166
3308
2038
2846
4359
1073
3768
332
2394
3244
3699
600
218
510
2184
27
4769
3144
3553
3784
4692
1452
3861
4338
1657
1607
4706
2901
4729
68
3687
968
1431
4
2466
3231
420
2380
710
4592
3449
4105
3033
528
2899
3039
3438
1567
3742
3098
3569
384
3233
3253
4540
526
4883
2098
2015
1873
1795
965
2949
1364
2854
281
2125
3880
4762
1100
389
3829
1716
3542
2657
4990
1518
4535
2202
3624
2919
3929
2868
1850
3152
1513
4723
2522
1828
3166
1399
2279
1576
265
4959
2968
4968
1952
1320
1981
4396
636
1132
141
4265
2534
35
2189
3557
2486
284
312
3307
2276
974
2719
3736
2491
1314
831
1752
1634
4420
2274
4082
4026
2143
2398
3223
4056
3825
3502
4948
3137
3798
625
2053
2754
1926
2967
4777
3698
1134
3400
1831
4209
2494
887
728
384
4044
273
1355
1805
3307
2902
1084
4231
1598
3992
4048
4149
2161
4813
3375
3585
3426
4893
3961
1211
1480
31
4647
870
646
1098
1795
3698
908
3807
179
539
2524
2681
4290
1414
1397
1433
4615
4693
1939
4528
568
2782
1907
2476
1756
722
1944
4488
1689
732
471
3524
2051
2040
974
3970
1762
4663
4463
3896
3093
4489
2314
2322
730
3199
2393
310
1108
1010
1
2631
721
3537
2835
789
2740
2050
875
1370
3120
3991
1421
4393
1359
602
4347
2387
224
1428
1534
278
1728
3567
589
4571
3433
2619
2635
2507
217
4939
4933
4841
476
649
4121
819
3389
100
2378
3070
4692
2212
4937
3096
4763
1944
1613
2884
2104
2447
4306
2455
35
1493
2182
889
3417
2424
3348
3232
4666
4901
4861
1967
1558
211
4635
3475
398
4183
19
3326
3044
3080
1761
3766
396
1185
1275
264
3536
2251
3430
888
2913
3505
4836
4534
2069
2636
839
991
1180
215
4418
945
3906
120
3326
1307
1785
2426
1512
4249
3696
3492
4306
4440
3183
3471
3557
99
2152
1395
874
1503
1823
512
1533
1280
1525
46
1593
1308
3032
2086
1347
2476
4551
2367
1498
1335
736
3896
3280
3664
417
1839
1681
3170
1344
577
3220
3970
1489
695
3798
1033
1782
1900
672
197
2561
1601
361
4999
3426
2656
4745
322
620
372
2108
4637
4115
1964
317
1301
1117
3399
4309
3389
155
3065
906
1794
1980
4468
2542
3388
3864
3578
800
4431
1041
2183
3723
4135
4922
1293
1782
11
4795
693
4945
2659
580
4456
1110
4352
2946
3743
2686
4160
180
2822
4139
1597
2281
3873
4959
644
2608
1787
4290
4764
4291
2633
3118
874
2876
2232
3464
2347
3580
4347
841
96
4364
2313
4994
4002
2268
3919
4958
4655
4275
887
2224
3385
2593
4653
2019
1368
2792
3681
2345
3208
1933
1750
3225
3362
3084
3863
3010
4383
1355
830
4404
3178
471
1467
3474
541
3750
1071
927
2026
477
3475
3997
4347
1109
4339
2956
2755
405
2783
3843
1631
2560
586
4467
443
4577
4412
4499
459
1232
420
1246
3136
4845
4858
3865
4517
4438
3260
2029
3055
2566
1315
1339
2849
4518
1303
3307
2404
4025
4451
4807
3099
3250
280
2497
292
437
4616
4812
339
2024
269
322
906
1411
1412
1702
146
3525
4505
4267
1297
687
3749
3654
1697
4274
3049
2064
4217
1393
2291
895
2877
2943
3597
3126
1839
4646
3390
943
3083
2475
1581
1585
2992
1684
1818
4907
1817
1357
3587
4216
34
2915
4586
920
2262
2580
685
1631
3341
1861
246
1610
316
14
1450
981
1100
1545
4444
1544
858
4472
144
3629
923
2244
4548
1845
3168
3698
4598
1359
372
3194
4410
2830
2887
599
3230
1823
553
3037
3137
1329
4050
2441
2455
1342
3583
742
3648
1155
1228
2832
774
4818
4773
1003
1783
2624
2016
537
2060
1031
1511
3970
4512
4156
617
1364
4317
1558
1960
2180
2946
3113
2087
1824
4494
444
2550
3511
789
3990
4331
2865
3644
3494
2868
129
4923
723
773
824
1188
456
1157
3
1675
3664
3714
2271
3861
2321
552
3619
2551
1353
221
372
1630
2781
667
3515
3944
3722
2168
2579
1377
2004
2043
2347
2200
2774
4954
1422
983
2962
2644
4516
1799
1651
33
4439
3928
3771
3431
636
2319
1866
1903
444
869
1244
4176
1119
2176
4738
2107
3677
4771
1606
2458
956
406
3609
4777
4782
2074
2550
1507
4728
3558
2904
1005
1742
1414
1119
1925
79
2849
3557
593
2989
2446
1154
1563
1468
3512
3599
1149
357
2566
2131
2577
4624
807
4565
314
2099
2038
660
4528
1420
4506
1203
861
3800
2501
120
3861
747
4752
1789
3844
2012
1353
3322
884
3420
663
1732
3691
2155
4555
3309
4060
2615
2583
2873
2741
3564
995
2271
1193
3138
4110
814
1991
3378
3829
4066
827
129
2836
4129
2955
104
4825
4369
257
2137
86
2241
4693
1918
4851
3835
3501
1969
3389
1192
2766
1045
3691
4225
4950
1738
663
717
3671
2873
766
3998
1508
1685
1287
3685
4292
1050
854
2522
3621
3880
4537
3666
4383
786
1643
4092
86
4873
3187
4669
2872
3972
2703
3385
1332
1841
1661
836
2538
4392
4161
4955
3790
4360
4196
3257
4904
94
318
603
2834
679
4382
497
4092
2551
174
3111
3336
1092
4573
4783
1837
4419
4977
283
2929
1198
3633
1972
932
2757
2409
3219
1924
982
1432
1620
4380
2381
3341
3969
4270
2326
2824
2132
4543
2762
2999
4959
1475
156
2086
4639
394
4286
4062
4557
3932
76
3566
1190
4673
1899
2524
3490
85
1561
746
2761
4283
4529
122
207
1418
2066
4965
963
3449
1407
3920
1566
1268
2121
451
1228
3243
4346
1516
1671
1026
1990
1102
2247
289
3078
3716
1585
1822
127
415
4483
3800
4817
4139
4052
1567
2282
1719
4625
1499
701
3741
1898
3166
3232
2419
2619
883
3865
4640
4559
3064
4411
4257
908
3656
4056
4780
1318
3833
1732
2890
4154
2672
2640
4428
1696
1256
4558
3624
577
3583
1123
2497
28
4969
2517
3132
2515
2578
3262
211
602
676
4885
3103
4515
1926
2529
565
4223
3008
1178
874
1138
1505
4663
1134
830
3987
3416
3305
3213
3020
1951
1916
3430
4460
3234
1103
2831
409
826
4952
1614
2813
2392
110
737
845
1119
2941
1139
4438
2020
2345
3295
1885
1747
1995
2247
1371
92
4075
3498
1855
4245
1000
4389
1177
3523
2875
2535
4349
2408
2304
4395
4818
124
623
1909
4434
2201
3053
1610
1532
4007
2548
993
1020
116
3747
3334
2993
747
2754
3073
1016
89
1487
1844
2154
357
4588
258
3508
3367
2698
2049
3027
2621
4907
4573
2812
2312
90
3476
3856
2124
2933
4854
920
2641
1358
3864
3637
3408
4546
2856
991
3081
2240
4427
3104
2736
619
2190
3112
744
4443
447
4043
3388
4106
2439
4192
3625
3312
420
4291
3643
3225
1604
4949
4278
1853
1091
3964
3263
282
882
570
3211
4694
535
4083
948
2695
2864
624
2014
1154
1416
1571
1488
34
1747
1946
1584
4267
3973
931
3228
4998
837
2515
1793
4662
1522
555
34
1667
4353
58
3731
2523
991
4945
1579
4137
2718
1682
647
4067
4580
2782
1844
1243
1184
766
4713
1750
270
3577
953
1768
573
2948
2612
2119
647
4371
2778
3794
52
1972
3203
4547
282
3718
1037
2492
4640
680
432
3740
3659
1561
4275
2269
1410
2203
2551
1237
2566
3914
2217
155
1821
3036
2512
180
2949
3805
3045
428
4180
1689
4078
1590
77
4929
4261
133
2993
2853
2747
1745
1058
3898
504
125
4544
1420
1943
3972
4407
4551
1567
308
1703
2132
391
630
403
1866
998
3085
4107
2780
3742
281
4831
4375
3494
3825
2086
2985
474
2926
3914
536
1447
4185
3463
4
1271
764
650
2638
1843
4932
3699
3956
232
3852
3655
400
3611
3704
444
2286
3397
2518
2216
4953
2701
4993
3789
2410
4585
3441
2117
1851
717
1318
1228
1321
4884
4323
2599
702
584
4342
4462
3315
3790
148
767
1075
2952
107
3997
620
1203
4961
1643
3268
1231
1908
2043
823
964
2269
4043
2635
1896
700
1056
425
839
1072
111
1570
1290
4272
4686
3968
939
4528
2501
517
4348
736
429
4794
4273
1024
1268
3808
4835
3804
4204
2486
4154
2740
4349
446
4562
1848
4336
2590
590
3038
4356
4495
2418
2400
1600
3098
2229
1204
1044
3239
4790
2704
2930
4803
4039
2001
966
1195
745
1742
3003
4980
2837
349
1707
4044
878
1568
300
708
3179
2212
1844
289
4683
2072
985
1888
1540
1581
1530
4757
2158
4469
1972
3253
1272
3295
4784
388
807
4963
532
1173
3802
2811
2493
4247
1929
4297
2185
371
4927
3588
4660
1036
4759
914
2843
4910
3805
1216
1648
4439
2201
539
1764
3838
3976
3991
3675
4636
1489
4654
3677
3708
4800
380
3348
3002
1046
1185
4952
3556
1157
3808
2205
3848
1829
4787
1993
3330
796
1968
4276
4673
1022
892
804
2930
687
4922
4690
1425
2589
3915
3293
3171
526
2372
3707
399
949
1411
3775
3443
2061
4328
3231
1258
4662
3342
3186
300
75
2561
4963
515
148
3393
4254
2637
958
1294
2335
983
2187
4299
1636
1491
1826
3578
3540
4752
1509
2600
3665
226
3212
1885
1052
1065
4937
1065
346
3694
3001
4100
1960
165
1869
483
4983
4364
3013
1070
736
1488
1845
4654
4058
4177
2397
2661
1319
4030
3142
3598
4971
1968
1355
275
2290
4929
1689
3003
2395
1519
905
2008
2569
2791
3912
3742
2236
3635
4432
1628
3418
4497
1882
1643
2964
187
2019
4170
3538
4776
2945
2815
1004
707
4546
3697
76
3995
4847
934
1349
3799
1348
2244
114
3114
2451
1562
4286
4488
4175
2530
1347
1781
2196
3748
3440
3280
2027
3866
3653
3844
906
2389
1054
914
2742
1817
3431
4962
50
1705
2130
4713
4565
3372
1036
3851
1026
3814
2724
2338
762
2922
2475
2631
1773
1059
3768
3915
515
3849
2796
4067
3689
674
383
2582
4483
3837
3255
1935
1764
227
829
1251
1860
683
4822
2456
2729
1593
2149
4586
4036
1320
205
4652
287
4187
4879
2585
2787
547
4549
4688
246
2681
1311
733
3058
4710
3253
1287
1572
2029
2438
1454
1329
1239
2650
3773
3498
4366
1152
1568
3444
2705
4675
1962
1993
604
996
747
1622
4204
2535
1288
1506
4442
4791
3804
1991
3874
2782
928
1091
1291
1038
853
2903
1848
2737
257
4978
2582
2840
4596
1821
1936
3431
2274
1457
4633
1855
1657
1676
2480
3330
1471
3117
2571
2090
1540
2468
505
239
4662
199
4771
3724
1275
4793
3268
4445
1373
3284
1617
3399
4915
1786
4461
21
2274
2250
2506
3989
4532
2438
1001
1620
447
1236
3980
2576
377
1420
2839
2980
4130
1155
2421
1023
905
152
2511
824
4439
4322
632
1498
3400
3997
4250
3985
2702
2720
1771
2010
3749
4238
4591
4477
3192
1284
1846
235
2029
926
1779
4766
2576
716
2253
2882
2959
5
3638
4322
3458
161
4848
4028
1082
218
2112
4691
4406
524
1645
4996
3483
909
3381
4644
2119
4562
4873
2594
1498
3209
4048
4790
1081
3805
1548
2828
3573
4510
260
4298
1359
2584
3751
1272
4820
2449
1964
824
3700
1473
4009
1609
2579
1910
3278
2348
2297
455
923
3824
3987
1063
692
2061
1572
4504
3832
1422
3308
2731
1571
3777
2320
3844
2329
2327
1245
3576
4889
4712
3292
4894
4908
4857
3821
1406
1021
936
2884
3550
795
2727
4418
3506
505
4814
4744
1513
3403
3078
177
2607
2229
3573
2629
3040
3764
2869
3786
3467
1604
1087
2154
1564
933
3251
899
1915
1963
2001
3911
3187
622
4825
1209
3270
1754
1337
3162
4148
4378
3651
1130
2778
3233
4439
3540
3921
2859
1560
3579
1186
586
2864
2922
115
1263
2576
4511
498
2242
316
104
4853
542
380
437
3053
106
3381
563
4832
4851
3498
3720
3873
1032
3316
2442
2436
3674
2305
2440
4301
940
1572
3460
2186
3577
3468
4448
1411
3491
702
736
3021
349
2011
3632
4866
3343
4218
3553
2317
3364
81
2430
16
31
439
552
3365
2754
1211
3119
815
1692
3890
1692
1316
3463
3283
945
4157
4988
1935
175
1203
3247
2471
3742
1814
4286
1232
2121
3390
53
1667
3495
595
2097
129
1756
2261
1053
3599
4442
459
4600
1919
4608
3096
3880
2320
2899
2991
4633
3018
4632
4886
2382
2030
3683
388
1060
3700
4367
2301
2249
104
46
4092
495
2446
2447
4631
3799
2188
4698
2568
3295
2885
3815
1086
4104
1736
2695
4405
1661
2606
322
1231
1343
4509
4356
2024
3821
2019
372
1811
2402
3691
4750
3100
2558
1120
3495
4271
4143
1377
25
3704
222
3829
3356
2618
3254
423
4874
2931
899
263
3017
1792
3066
3954
4545
730
2212
558
3043
2601
4014
4532
3010
1220
3157
2351
2788
2451
1079
4085
4294
1101
4770
1532
77
1250
2910
1091
2622
827
1156
4994
834
703
3330
4945
1184
1065
870
96
3372
3244
72
752
1495
808
709
3225
2551
2937
1304
638
1349
135
2228
4567
4306
3825
3438
765
821
2247
1134
692
2825
4473
2933
4800
983
1043
2494
1054
4708
1318
3824
907
1336
104
1914
3629
3067
949
136
67
2234
2544
4819
4241
2469
3731
2359
3646
2448
2496
1391
4779
1468
2555
1853
2396
200
269
2241
426
1172
1823
1685
1281
4527
3575
2314
2196
3281
1219
2223
2169
1225
2206
3273
4195
1904
1053
723
1009
3581
1928
2047
4254
4516
2614
1526
2464
3791
494
2184
3509
1540
635
3050
615
4064
2127
4149
3864
2994
4040
169
2019
1545
2919
893
2840
21
3945
88
3348
3821
3296
1089
115
2592
1472
3884
2533
3623
4210
355
1920
3347
1297
3758
1830
4030
4262
2998
887
498
4253
1116
3373
3936
4816
1643
1865
4478
3950
939
1183
63
4588
3538
4161
522
1548
3019
2539
4031
4872
1274
4693
3287
2920
4341
4876
2526
3915
3245
2615
1183
2362
4908
4427
2776
472
4730
1464
1507
3285
167
1242
4736
268
4446
1068
1109
1237
2199
981
4253
2629
4438
337
1416
1959
3031
2752
3827
1248
2438
3353
144
503
4376
4438
949
2138
3013
3960
3169
1523
3513
456
1391
81
2346
4320
4610
2102
2535
2676
3163
4983
3917
321
121
1059
1351
2584
1258
2989
1389
3422
1730
3234
1444
2277
4095
2270
4701
4134
4411
141
3639
3126
3680
2011
4377
2377
4332
857
4653
1985
3049
2320
2942
2485
4344
2146
2935
235
453
1416
122
4057
3349
1601
3276
3591
3603
4216
173
3944
2066
212
1420
3046
4822
3187
2447
2545
2104
4453
4711
2925
3725
3234
1659
1263
834
1941
1903
2810
3418
586
446
1706
3928
115
3953
4054
2482
2330
4188
561
323
1035
1397
994
3977
3483
3801
48
2170
3962
783
1987
2800
1329
4976
63
1894
4764
4573
707
3064
1776
1990
1408
2529
1111
752
494
633
4818
882
474
4358
3494
251
4234
2878
3695
3188
3137
4863
4697
4059
3883
2226
1919
1407
3459
4295
2002
1461
3439
4013
3758
144
3609
2283
2509
3000
1299
402
2149
2492
4331
2841
2821
4186
3553
1277
3290
3379
1898
4072
4311
1747
4103
3616
4038
3419
3721
4560
2547
3884
3201
1648
100
2462
4653
2635
2239
4129
3510
4277
2940
373
2847
3721
496
2288
4155
3376
3273
1240
3424
1002
2715
596
2946
1770
880
2889
2719
1402
1331
4285
4368
639
3689
2341
4065
4731
964
4406
4110
4940
4582
2585
380
1069
3310
4947
12
4995
568
2943
1866
4387
1916
3477
898
2075
964
1761
782
4839
4185
799
1175
1890
59
2295
1599
3222
487
2494
2891
1893
2088
4272
2734
2835
1015
554
4415
4499
3523
2950
2280
2426
4360
366
3348
1824
3063
2148
335
1627
4767
3350
3236
4880
3587
84
676
1853
1863
1416
3116
2549
1693
4138
359
1112
2602
4844
3687
4826
753
491
997
3973
1563
3270
4217
1317
3114
3901
1784
2998
1721
1516
323
3278
1501
1979
395
2162
2321
1195
2245
848
4082
1272
1094
1798
2960
2186
1809
4413
2634
3936
1977
4512
2324
860
2926
4366
1055
2682
1761
1656
4924
4422
2068
2972
2945
4371
4625
987
3218
1018
1046
1920
1514
3800
2438
1964
3394
1221
1842
4245
1940
1406
3621
3037
2639
216
1605
1301
172
2752
2740
4680
3921
2394
1850
271
176
3942
723
1375
2358
2275
1814
2857
61
989
3990
4824
4205
934
4426
1332
3544
2316
2123
3825
1347
2000
3965
795
874
1838
1336
2051
1170
3761
247
3561
3866
4341
3522
3736
2141
4511
1407
1233
1903
4549
2530
1661
4403
2990
1354
4478
2249
2618
2795
182
2631
4240
1121
3348
3526
1658
3425
4368
1433
761
0
1543
4921
2169
2145
2703
3505
4928
1983
3325
970
3948
90
1316
1035
3854
3047
1416
4497
657
4658
596
3564
4304
385
2180
3833
1499
2295
469
1222
2310
4580
216
4531
4613
3039
4269
3500
4952
3741
4571
496
942
3863
283
4998
930
4805
4716
4928
3019
2080
3560
1254
1921
841
2113
3429
3078
2907
1080
73
4807
1937
3428
3501
3760
3563
3841
3680
1702
1290
2412
1797
3086
2403
903
2548
435
857
4965
2178
298
2532
2466
2244
4064
201
4918
4667
1841
4901
802
591
2000
2706
177
1126
3309
2634
313
164
920
3026
3735
4513
1436
3052
1931
1134
4115
3351
2574
1580
3794
303
2726
76
3660
3651
820
3506
2533
3007
1541
2254
3041
1009
302
980
2631
412
2442
1902
2488
4029
3236
716
2982
1102
3001
3905
3946
221
3685
801
2487
342
2565
4861
1578
1506
4428
2002
82
4876
2986
656
2668
3938
3152
1421
2369
1793
1696
3211
2708
3136
3251
2276
3739
4814
4989
1796
589
4712
3762
3969
4067
1433
4584
4114
163
3096
2354
2894
4842
2492
2045
3327
49
928
1021
4405
3168
2502
1116
4664
470
3626
3965
665
284
634
2573
4630
2764
935
370
3844
2785
3972
2741
1790
1820
2130
1651
4463
3080
662
1823
160
96
2983
350
1957
1312
868
3962
3409
4445
3747
729
4393
925
3762
3670
3932
578
3041
4033
1193
955
4358
4519
3918
4118
3057
3822
3435
586
2651
156
1491
1404
881
86
4429
2096
3055
4400
3166
1419
3289
2027
3444
4742
3025
3427
1271
2749
4854
908
1088
1660
4173
2388
2896
1858
960
187
531
1228
717
3623
3159
4663
2337
679
1446
28
4262
2971
3366
2213
680
4397
4416
3900
1485
2980
4414
2079
673
1045
2755
4505
116
4693
2654
1313
3996
803
3227
1901
855
1358
4573
4948
3617
2705
2980
2091
4050
3638
863
2935
2627
2408
3078
4672
1141
1603
235
4121
3638
404
398
2908
1979
2303
1757
388
3393
3631
4617
2766
1316
52
3933
30
3772
4976
3814
4457
4142
2539
94
2166
1873
4727
58
3579
3430
4473
4431
3887
2291
3432
21
1594
1830
2484
1114
3314
4539
1905
2459
3611
3036
3837
4497
1807
2594
4281
2094
1734
4561
1011
947
2627
4905
4732
1867
1521
52
3533
1909
528
2106
4714
412
4229
3365
3245
4448
298
3445
4633
2989
2279
4565
1898
1526
4606
2139
1646
1812
2329
3739
4700
3310
3027
3747
3312
2963
1619
4521
3814
2340
526
3798
3784
135
2201
4811
3647
1704
1979
1664
3998
4304
3901
4165
494
2730
2925
4883
2218
2975
4136
4314
1345
2292
4911
4972
3995
2271
4933
3003
4658
3594
2037
4951
1479
668
4132
1829
3480
4506
3444
4453
652
2009
56
1506
1539
3692
3287
2134
3286
3389
375
2633
1209
3959
2907
116
438
3545
3475
4842
1171
2285
3808
2984
2738
1622
32
961
2259
872
387
1241
3321
1640
1428
2310
2937
4903
2673
433
4728
2411
1744
4568
2584
4646
3275
513
962
3612
986
599
36
3029
2133
1336
871
1310
2978
4722
1538
3240
4091
2419
4488
174
2197
4546
2010
917
3418
3229
1916
839
2440
1679
113
2184
4560
2702
1841
4189
4864
4569
592
4925
2260
2569
502
1338
882
3300
802
1228
4219
2600
4326
3152
4107
4157
1088
4403
1550
2973
1751
2311
4310
3367
2744
2315
3537
3864
1557
2203
855
4218
3231
2080
1584
4619
3481
3922
1305
107
3732
2136
967
2983
2115
4861
4961
3372
4759
385
4465
807
3524
323
4250
1558
4134
125
1655
3614
4849
2594
2755
2109
1235
1528
1612
3252
2209
4280
3081
758
4812
1439
1803
4062
669
4288
35
2984
270
721
2280
1188
4896
680
2180
876
4515
2051
887
4560
3491
4816
3706
4974
1476
1490
1829
1722
143
2813
4925
1706
2064
1113
2275
4720
816
974
2880
4795
2196
1080
4903
3359
1955
4361
4349
2294
4108
31
4124
261
1052
832
1192
1077
4661
2446
965
4032
920
1056
1101
4616
2124
1480
2962
3993
2922
4241
4504
571
1490
3476
3462
2730
4669
1993
1844
78
439
1091
2250
1819
1759
1190
1065
2924
2154
3399
701
1929
562
664
393
1181
3549
3098
3455
4962
725
2907
58
1964
334
4261
4388
3209
4535
2682
489
1168
444
4748
2787
1347
2490
1709
1090
1006
4240
2463
4837
3548
1743
3983
4824
1736
992
451
2057
3989
4707
4491
4177
3441
2704
2787
228
879
4224
1369
4386
2843
4486
3320
2646
435
3970
1813
3361
2956
2867
255
3374
943
3126
2467
1801
3553
598
4476
3724
87
2520
3442
2650
2677
65
4927
1517
3857
3677
4280
4044
770
1018
4399
2351
102
1392
492
1153
4419
2207
143
2011
1702
4168
4083
1638
4195
1154
859
2629
4080
4026
1275
2176
2267
3501
1830
4293
308
460
539
3075
3730
414
4031
3553
2301
1934
4126
4196
4703
4693
2687
2014
1211
1941
680
4862
2787
2792
1832
3578
871
857
2697
2611
1345
3355
2034
134
3564
3611
4213
4345
4534
817
327
212
3714
2942
4951
4691
4311
4791
243
4315
4761
4962
968
1345
2534
1820
2798
2097
4168
4124
2943
3683
186
977
2794
141
1411
3910
3401
621
784
4633
3926
4918
4131
821
1892
3513
4949
3417
2462
3932
1921
4349
2438
1322
4261
415
1621
1843
2046
582
1461
4366
4598
1689
4873
4088
4251
3594
2131
2876
4939
2570
3978
3440
2608
2542
553
1538
2264
37
1566
2108
3451
2152
1921
1805
2888
1128
3705
3701
2913
1004
73
4118
2647
2311
1759
4389
4523
3699
2529
2596
744
162
4729
1493
2573
1698
1110
2851
2358
989
4517
172
496
1456
2824
1605
3330
4784
4794
1887
1684
2760
1706
2762
3140
1980
4559
2091
1293
4066
2369
492
4022
4533
2124
3223
3037
4946
1351
1254
1719
3055
3286
2741
452
2802
4146
4360
261
4519
2163
1444
1584
4758
626
5
4787
2125
3251
4574
2896
4010
2673
1345
1332
4059
2760
3710
3283
968
4947
2101
4645
982
3043
4940
3022
3168
4743
2761
3043
3566
4254
2542
1024
4318
4129
4422
3593
3793
4065
790
4107
1492
2316
3913
743
3359
2655
2769
1193
3640
13
3228
2997
2157
2682
2161
4124
4042
678
2878
584
3053
2670
4576
400
1410
4526
3542
4379
3560
4172
1229
1963
4545
3427
4272
2032
324
1433
419
4199
3426
218
1528
104
3458
3205
2392
3432
4959
4763
4658
3454
4304
131
1349
3570
365
2417
2432
4248
7
688
785
3797
1425
4419
2722
1666
554
857
1070
78
4519
1854
4348
991
462
3046
1711
2099
3281
3190
2618
3437
1554
4242
3911
4379
3354
1196
3204
2887
4881
2129
2672
702
1711
9
1207
4289
1382
3408
3771
2678
1359
4562
4180
1129
4647
1625
2517
2116
3646
3708
2168
146
2387
3385
2711
3809
3642
778
1697
1826
2073
298
3573
2536
829
3690
1962
1996
1458
17
544
284
4793
4891
3128
3147
2206
4922
1696
3507
592
2209
2709
4129
1030
236
391
2943
4453
1104
1847
4035
2739
2424
4848
2182
2758
1281
3090
3480
2044
3791
3394
932
3958
2976
588
4609
518
2231
230
2239
4047
4753
1932
3805
380
3639
2032
597
1597
314
4331
4858
4112
172
3293
1050
903
2276
4913
4160
3622
335
4406
3498
2321
725
3554
3749
3631
4754
3559
4037
3039
3105
1968
4936
4581
3860
709
386
2799
3975
1355
252
2957
3316
2699
2345
3109
14
1254
4185
3472
3916
2761
1029
3410
3135
3372
3370
2120
4097
3765
2932
2831
339
765
2241
3674
4173
892
3870
360
4161
3362
1699
866
1880
485
4207
4592
3764
3607
4282
4086
2018
129
476
4621
528
3023
4334
3268
4485
400
2516
3487
4523
1123
2518
2716
1018
4437
2573
3852
1774
4428
4436
418
2367
789
4681
4457
212
3883
3535
554
3863
4661
4315
1132
2638
4581
2285
1749
3420
2708
4416
2154
695
919
1095
2910
413
4513
2718
763
13
3913
3379
2616
551
1407
1014
4714
4310
4063
4402
176
532
4777
1404
1294
2803
3805
3104
4108
2484
2907
4374
4262
1343
4450
1656
1791
3852
937
1205
1773
1543
2013
2234
2155
4447
2801
3142
756
3190
1571
4773
1936
3876
1588
141
2691
888
386
4699
4521
4159
2647
3942
1743
1818
491
1614
4284
2115
4823
1224
1514
775
1396
4992
4519
856
3513
2825
4047
3590
1101
3687
4431
2492
839
583
4333
287
4110
3505
894
3951
3188
4111
2216
4562
4792
975
3495
3459
1644
2483
4925
3170
835
189
4050
3026
1371
1543
3991
1032
3578
3495
824
4167
4700
545
3235
1515
4687
2357
1299
4801
3789
3527
2024
1610
4157
2110
1274
4129
4506
4946
1540
3084
2456
4933
3313
3912
1856
527
3103
3803
1498
2952
2803
4716
2212
98
402
3137
4152
2671
2225
4020
4528
3463
1862
3551
635
3502
1140
3347
3607
1000
531
2523
3082
3414
1779
3614
1647
4770
949
2351
2706
4365
3928
4009
4515
758
1224
2069
3001
4159
2515
2267
265
2216
1232
463
2861
2317
2119
1656
2708
2615
3026
4924
1021
1251
1326
3499
143
3269
4036
2448
4456
2191
604
3435
1083
4652
1903
4895
3585
3011
674
3544
668
1339
1520
2598
992
2485
2897
1245
2178
4846
573
4110
877
2798
1306
3809
4560
1069
4436
3524
2849
1798
590
4999
1685
327
2557
4371
157
2958
500
850
2074
4671
3963
4485
3928
989
1887
3680
4770
1197
1213
2263
662
2903
107
2810
350
3150
4601
1711
3723
2727
4497
1317
4959
591
2538
4974
88
70
685
2729
645
191
2223
1161
2114
3112
3135
1065
3606
2660
2691
756
3691
4181
4177
1758
377
1882
1185
2477
3848
3362
1837
3539
2135
3259
2670
3682
2999
3494
3295
1530
466
2819
266
1777
659
2107
1293
3104
2901
3486
4413
2579
4808
1746
3163
2294
4198
1802
3601
4129
4930
3799
1143
4452
3452
789
1420
4537
2965
1820
782
4073
2711
213
4916
1636
2690
2146
3173
1120
1684
4847
1070
4747
2806
3951
1707
1642
4505
4752
4088
2151
235
1161
4365
3899
1796
4030
2392
1469
2522
3465
3078
4053
3699
4915
699
132
4663
1856
1409
3480
139
802
27
2237
4362
1546
745
4876
512
2991
1841
44
4726
1023
1533
2391
535
3453
3686
585
4919
234
3774
4577
4670
3900
1994
4067
3052
1466
4103
614
526
190
2327
1341
3015
3566
3769
1306
1820
1012
2648
4586
3664
1754
4622
3474
4489
932
732
3186
1169
603
40
803
3330
2319
2658
709
4558
33
323
2552
3978
3995
4434
322
3457
2691
2744
1843
3683
39
2960
3571
4195
2354
478
2143
3581
2603
3142
198
3603
78
3070
1961
2457
4855
3972
3646
3959
346
2320
4340
368
3588
996
4607
4812
4541
1191
424
49
4050
130
2896
3560
2706
1355
4128
4868
4515
1897
4846
4752
4398
3317
1334
1621
4483
861
2702
1696
3059
1471
204
1122
2572
1591
3117
3824
3720
672
1523
3305
4723
2971
4983
2581
4475
2447
968
2725
3413
393
683
2051
3957
4846
766
4195
701
1605
1618
2974
1174
510
190
3543
594
1261
3306
57
430
2228
2797
4812
125
611
4150
2510
4839
4455
4413
1965
2906
3160
2040
2926
47
3316
586
1189
4343
2329
135
4092
386
653
2311
1335
2371
2445
1514
4128
781
4304
4703
1554
2637
2502
992
1397
2743
1712
3196
4806
1343
3463
2976
542
3032
1473
3815
1458
1483
959
2764
194
2442
4425
338
1031
1358
3301
700
3826
4060
3487
522
4986
318
385
3742
4231
2802
3552
2350
4926
4263
4706
4022
687
755
1497
4023
4071
1401
898
3535
2331
3630
1937
3636
4312
2085
2644
4759
3286
292
234
2209
4746
410
1007
1154
3144
3346
845
462
4515
439
1107
2495
2193
2593
895
2527
4860
1710
3320
3882
1433
3152
2931
2053
2583
4611
1659
4885
4341
2266
599
3669
3097
117
1980
3562
409
1058
3834
1722
867
2054
3972
3497
2937
3268
143
750
394
1119
4802
2633
2641
2022
1885
4601
3668
3852
2108
683
4224
4220
1138
2984
3105
1094
2206
2394
1894
3506
2186
1756
3370
4869
3162
3672
3851
4843
3051
377
3199
2983
1053
3050
1620
2182
2711
4938
1578
653
4706
458
490
429
3980
3284
47
2981
2993
2677
1855
411
3387
3563
2914
4563
590
1214
3607
4591
4825
304
1056
3327
2343
2645
830
4733
1472
4289
2672
779
2151
1533
3613
1187
1710
2991
4283
380
3568
3686
1702
188
1557
930
338
4133
1679
3233
1816
1331
4797
1065
1677
785
663
458
935
2938
656
403
518
3657
3826
1637
4620
363
353
2700
2841
2849
68
2230
3632
4499
1468
4018
3478
3545
1605
1163
342
4136
2939
1006
2110
4431
2573
3992
3011
2252
4404
1605
937
1334
1050
3104
4243
4791
2355
816
468
3755
320
2315
1234
1826
4503
4650
4994
3279
3013
773
1378
621
4766
4700
1717
1040
1862
3914
550
4455
175
2363
4753
1490
1083
4403
3213
3566
3128
674
2816
3579
3125
690
1234
989
4389
2216
3266
986
2351
2878
876
519
3863
465
4519
2775
484
4295
4202
1080
4963
2578
3225
1638
3350
4796
4353
2173
1666
2769
3065
533
2236
2441
2495
3944
2022
766
3724
4835
1605
3219
1699
93
328
1089
4919
979
3698
2777
319
1501
2962
699
3955
854
3835
2453
2208
3511
447
901
475
4367
366
985
1849
230
4594
2902
2395
2571
3949
3001
1096
366
1196
4030
1584
4316
2760
4563
3682
2016
1126
1774
1506
3944
3970
539
2755
3029
1889
1025
447
3643
4734
1460
4005
2096
1181
1113
3748
1289
146
1988
1816
3526
1870
2503
799
2203
2138
1684
2613
52
534
3140
3602
1168
2170
802
4018
710
1371
3300
3120
2397
588
4585
4822
4162
4589
4162
1754
4244
1602
4444
443
4509
3632
4938
1254
4987
2757
2199
3149
3922
1806
1059
4277
4357
4136
4876
4277
1539
2479
684
4832
2251
709
3995
2773
2926
2806
2160
2866
1295
61
2152
868
2681
4648
4881
1573
2379
1818
2320
359
2366
4829
1028
2123
3039
270
171
3503
515
856
2
3752
2072
3754
4758
4360
1380
176
4410
2337
4509
1765
589
2616
3313
1282
3474
267
1373
2630
4660
428
201
3700
3112
3842
2337
1163
4090
4705
4510
202
3852
271
2462
3209
998
96
3586
3388
4394
3016
1127
3079
872
138
342
950
2709
3653
2860
3498
1689
1105
4891
3494
3319
3290
2087
2783
191
4064
2874
1385
4976
3357
2391
1427
2213
650
451
3341
3421
3042
1027
760
3100
2036
155
1161
3429
831
4798
149
32
3063
2523
1292
3203
3074
2669
3833
4461
339
1902
1214
4656
4773
3513
234
3123
235
4802
4286
3913
4057
3146
4090
2914
3475
4441
3266
2229
565
1724
3338
4460
3454
3834
3586
1971
465
4644
57
475
1554
3469
2115
947
1758
4984
2529
4146
404
324
3110
2278
267
2204
427
637
2986
2774
2094
3616
4190
4403
638
45
1573
501
774
2351
3529
1953
3207
1330
3959
4159
1387
4894
1528
2060
3834
3470
1354
1711
1738
1708
3922
3320
872
3928
228
2566
1192
219
3579
4645
2526
405
3331
2647
1654
2705
942
151
4256
4771
4010
524
2262
877
3764
3931
707
4381
3316
4159
4200
2664
3609
3758
3286
4936
865
3576
3495
1514
656
3826
4167
3792
611
616
137
3108
2429
2144
4312
2440
2441
3097
3061
3433
583
4560
4304
26
1663
2170
353
3159
3560
1473
876
4651
2914
4606
3489
576
2632
4763
842
1676
84
4899
926
864
4081
2418
1783
147
1965
2942
4974
537
4325
3269
4644
2503
3650
4232
843
4548
463
2275
2845
4573
3044
4392
929
3869
188
1924
1146
3040
3416
2375
3578
1693
4484
4890
3237
2515
2138
4317
4950
1824
180
2007
4957
563
2597
4123
1740
3708
3305
2560
3306
1220
4351
4430
902
2804
588
282
864
2499
268
4243
4101
404
4026
2855
2712
1517
4107
565
4004
2487
4271
4590
4915
2842
4594
495
1810
2143
3092
4422
1607
1207
2715
3028
665
1947
528
2483
2698
4716
2515
455
52
2168
3778
907
3021
66
2656
3417
4252
1887
1143
3856
2144
1166
2915
894
1842
994
2914
725
1364
4873
3592
4397
2304
4741
1681
2881
3645
3065
2011
3295
411
120
4060
3493
1347
4212
1970
1776
2164
3045
2236
1556
3579
2919
281
3404
4055
4074
622
848
339
3595
1130
3660
3710
970
4100
1941
204
1599
3496
359
4777
4057
2124
3309
1742
227
1525
2745
203
4206
3699
302
3693
1892
598
1883
4496
4020
851
3621
3356
181
3556
4366
4818
181
2283
3391
962
4427
3904
2111
4847
4942
1394
4407
2275
2668
3210
2623
4170
469
1911
1135
3553
1942
2373
1412
4508
255
4141
1437
1506
3895
2475
3219
3917
3789
2027
590
537
2513
1551
2063
4026
3010
1270
4999
717
4226
819
2915
1324
3259
371
3574
3513
3074
1220
3325
3128
753
1862
3119
260
4744
404
3788
1882
4716
1495
3688
2244
3254
4982
2278
697
1441
1252
4941
1965
4180
2866
2257
1087
3214
3099
1748
2257
4215
3756
844
1782
3865
454
1187
2907
826
810
1269
3262
3503
4577
3977
760
4079
4686
3261
3138
1391
3365
4203
3972
2453
3725
3306
3931
4214
317
3249
4858
2299
4712
1644
2777
2573
1782
1200
1735
168
1265
4171
1385
4742
3779
2253
3436
2223
2919
617
780
3246
2856
2365
2895
3083
122
1541
751
4780
1560
3148
1262
4030
4647
2948
1211
3247
2985
2009
2360
2617
2729
1253
985
145
3236
2526
4606
608
3008
3521
4246
221
1642
1254
2992
3842
1666
4020
3624
4460
2315
3408
2087
315
2954
4076
2243
619
189
2929
2902
1211
208
1737
940
3220
4939
1945
3660
4069
1017
1074
3618
4556
1122
550
604
3875
310
1685
2700
3297
9
1998
1182
3929
3571
4771
1120
375
2617
1343
1092
3290
1422
2201
3820
4362
2540
2012
3011
3004
2784
1684
55
1458
2080
1050
2276
531
3225
4892
2108
3877
3049
479
2829
1145
3561
3784
413
1158
3731
2193
4056
1517
1227
3598
1341
897
1374
3046
2403
2142
3668
2575
1718
3079
1606
4142
3875
34
941
18
3727
3451
4555
2977
4192
2842
2189
3567
4945
3856
4421
1539
675
3006
3639
4658
88
1660
4863
4460
2581
800
1392
4869
2552
4611
2103
2565
3419
940
4985
4206
3197
3112
4034
4045
744
3068
3335
2193
4339
414
1410
3301
4903
1987
2333
2131
2942
3181
3163
4422
940
3117
4255
510
3324
469
2690
1844
4898
223
343
4351
4782
3310
426
4580
3487
622
2802
128
4252
3430
1650
855
4495
4493
4295
760
743
425
1436
191
2144
1757
467
639
2429
3963
3150
4231
4437
2216
198
2399
4335
1583
2541
2774
4984
864
2752
3658
1457
2809
4706
4161
3173
4304
1088
1651
1531
1789
3211
3116
2927
4551
1621
3415
2704
4164
604
1806
4368
3626
449
3131
3698
2384
592
1790
164
4889
1796
2056
775
3154
4452
228
4643
3860
104
2684
3180
1996
1520
59
1543
2665
3908
4447
1190
4736
3478
717
1674
1429
1127
2744
3330
2954
836
1110
10
692
2703
3702
2281
3590
2726
2773
2326
3669
4573
1072
3831
1052
2496
2179
1310
4202
3281
4055
4722
134
2205
1584
4853
1864
1180
4097
2197
214
1295
1259
3768
4465
3170
2019
2945
4646
1136
3036
3030
1145
3386
1119
397
947
4359
691
211
249
3513
4154
2257
1334
3952
1124
2829
133
670
3958
3026
3744
2346
1809
878
2997
2933
2465
764
1560
183
3081
3838
2804
4847
4422
4809
3321
855
3706
2104
2809
3154
4055
4196
2683
3281
705
3966
4223
716
2669
1390
3428
942
267
232
384
2695
2873
203
3096
4136
2016
2739
1908
3480
4704
3480
2938
15
4631
2237
2058
2771
2454
4686
1298
1347
2999
3153
1706
1265
1406
4869
1899
3107
1332
3586
1542
1890
597
2734
110
3157
4062
3530
3496
2548
2867
518
2640
2087
543
3507
3311
338
3545
1725
1037
2694
4768
2201
192
4979
134
3982
425
599
4899
3852
2968
2835
637
842
4705
1223
3944
707
729
2782
3496
1666
214
1517
4933
863
89
4582
2187
2280
2898
3682
3756
4627
4826
2661
4091
3299
3596
1629
780
1724
3712
3726
844
298
1582
1834
2275
192
1878
2216
3799
2276
854
3281
2100
70
397
4500
787
3743
4416
3212
1802
3520
4591
3020
781
1240
67
3552
561
2654
1235
4543
1205
1530
973
4623
4273
1879
667
4181
960
368
2199
2479
3595
2605
2281
2732
4294
2971
3474
3958
4236
4386
4582
4128
955
1065
4750
938
2940
2092
2157
856
1204
1005
179
4106
4301
2331
1931
506
4220
2806
878
3952
2753
788
2115
1134
3710
3077
224
3275
3077
1782
288
3580
4990
588
1064
4980
1075
635
3903
3078
2066
2139
3964
136
1226
2697
2478
2861
2455
4726
3605
2672
1174
1397
878
4673
3636
1746
1865
1395
1226
1914
3957
3642
1798
4239
3765
1243
1841
3361
4587
4164
2535
1059
2285
1423
936
1806
1467
2335
4013
1260
1602
4743
625
3063
2908
818
1619
905
3785
2203
3943
4703
2889
2696
1537
1662
373
4111
2389
1996
4641
2172
4482
1166
3829
175
1414
3038
691
510
3513
4367
3783
2678
468
2171
3852
3189
503
3336
3070
2098
3524
4872
889
276
4183
1907
829
3899
219
781
890
537
2733
3858
2841
578
1357
4162
4663
3174
2531
4820
3895
1476
4669
4566
2506
3283
238
3841
1430
4941
880
1538
2467
1024
3313
1205
2393
4421
2627
2003
4517
4622
2912
3812
3514
261
4393
3148
857
1037
3038
2378
2610
4202
3626
457
3017
1818
798
2463
2220
3899
1904
1020
3435
1848
883
2575
1599
2597
3502
3907
2123
2015
4953
375
4362
4928
2089
1086
557
2152
3678
2865
4278
3786
3068
2579
2673
1981
1300
3926
382
2270
4979
2777
1233
3000
65
4852
464
3259
987
2579
457
1633
3794
2383
1023
3925
2736
3500
4243
3709
3857
2817
2371
1260
1469
3535
4908
725
3018
4194
2604
3652
1519
3446
1572
2720
376
1614
3530
4649
465
1897
3411
1781
2643
4719
3407
4400
2794
2266
4176
2071
3055
1104
4581
4534
1020
4227
3665
1525
4909
312
1763
4422
4752
2682
4696
4123
3250
156
837
144
1919
453
2253
1030
399
2876
4143
2247
752
4687
3215
1188
3984
1563
4621
492
4765
1758
3896
1075
4975
2049
4668
3730
3048
771
4126
3295
3379
3057
4268
2794
3910
4571
1008
3266
3624
3345
4227
4566
4096
4630
153
2777
135
4364
250
980
858
357
1806
2107
4823
2283
2349
873
3982
1079
1840
1339
4791
662
1818
4000
1748
3284
3521
1975
3762
1771
4763
2670
4587
2489
2204
344
2135
3048
952
890
4865
4375
824
1192
799
3092
1034
1864
358
1479
1506
155
1300
118
491
3866
649
2758
2066
3341
2233
4890
2414
1807
3989
1820
4638
3170
72
656
1084
3483
1568
742
769
1753
2514
4553
362
2818
4776
418
237
552
151
497
2550
1452
4942
2501
407
4711
1036
1353
3181
704
1257
3839
872
247
3973
399
2317
4627
136
1575
3568
1788
2970
2641
2341
2763
3090
4558
1343
2884
3861
4893
793
4879
602
3630
4794
4432
4027
2470
1449
4571
3331
4331
3823
4720
4118
2433
875
271
270
2556
4354
4126
1937
4019
1278
1074
605
3151
217
3456
4290
4016
1199
2904
4743
706
3114
3354
600
4255
1177
1330
4209
2544
1619
451
4205
3118
2214
999
2704
3570
4281
4665
3056
384
1540
3512
1804
698
4256
3372
4541
452
3882
1771
1617
2414
2062
2491
3296
4699
2400
3229
2649
181
1128
2551
2336
79
2094
3366
2701
808
1845
2314
3657
2906
4809
1920
733
2252
197
1953
2807
3887
3602
2309
4413
1861
215
3101
4181
4369
4539
2348
3406
3872
4950
1884
4905
247
497
917
1809
557
2160
4912
3446
1203
229
2986
4479
4517
1691
4742
2752
4241
2214
182
4139
1995
799
4449
2325
420
4966
3709
4682
3243
335
385
1542
2505
3853
3084
3311
4715
4226
3115
4471
2603
3565
2249
2700
1385
1096
3308
4655
3694
4354
4238
2627
2
4937
4477
4098
4034
2841
237
4523
100
2289
1276
1970
2483
539
963
3684
4580
1607
922
324
2585
841
4879
1988
752
4574
3579
4888
980
2549
2279
2290
1981
3101
60
3635
290
327
3169
736
761
2814
63
4624
4253
1547
4557
2762
4847
738
4530
1604
1762
4555
199
279
4731
1675
3639
300
1153
2815
785
1087
1534
2683
3912
4485
2757
4379
253
3904
1271
4088
3131
4337
2173
4555
618
3629
1755
4763
3902
99
4750
76
1691
3598
1922
2181
4479
1789
4295
4090
4320
3731
4255
93
2284
415
4019
1418
1624
259
2317
1995
4398
3654
3030
2602
4307
4321
3530
642
2512
4716
1178
3805
2917
4325
4587
1859
2444
4255
4755
2371
4610
4449
1216
331
4123
2400
33
1991
1935
3502
4149
3248
4695
4646
2980
3259
793
4535
436
1881
2694
2169
2961
3329
2020
3927
2685
3398
545
4145
920
2554
880
3593
240
498
652
2352
4384
2129
910
3014
4164
1169
269
2890
868
3347
1709
365
4104
3037
3144
2930
151
331
876
1171
559
4514
1124
3140
4456
2215
4698
4790
1391
4201
100
1911
4582
3989
4231
3354
4053
2985
59
1784
4173
2446
4578
3255
2015
2730
1810
812
3649
2651
4231
4100
1290
148
4357
1090
1297
4802
3779
3
4835
1390
2118
2949
4676
4967
1619
3891
1223
1806
1887
3412
4789
4996
4088
2141
2254
3457
326
4592
4866
1767
2662
1701
1229
4633
1718
3136
718
1574
2287
4672
2606
633
4672
2104
3957
2945
4019
590
786
4901
4878
715
1362
3681
3178
4627
1697
2117
895
565
1178
84
2034
3916
535
2240
2409
2490
1085
3847
1381
2057
282
2897
4286
3253
3212
604
1701
34
2520
403
40
2114
4822
2866
1623
1490
2084
2513
4309
292
3526
1183
1287
4999
225
485
4630
1238
3183
4596
860
4897
1869
804
3131
4227
2378
1225
2808
554
208
3098
35
2189
3547
2529
724
2417
418
3680
254
116
3393
3486
127
1237
710
3099
970
1044
534
3819
2250
548
3804
2585
318
3181
4781
1903
3040
1445
865
341
3315
3242
3714
2210
3970
3273
1125
630
1699
16
1066
4910
290
2310
1413
616
1613
4551
3092
3057
4279
4438
3052
2410
2147
1249
2019
2653
4983
4939
3710
1785
2603
1405
496
3106
286
1422
4432
3197
2795
4420
434
2761
4304
3563
1615
2034
4215
2213
694
3899
4284
2186
60
4186
4400
1892
2021
2869
4063
4044
1988
1560
3543
4352
853
1659
2954
1806
3409
2954
1831
3163
1721
3254
3608
1522
4613
4959
495
3525
2328
1219
2616
4195
3647
158
3486
3881
2212
2715
1011
178
2909
2019
3966
4208
3337
4019
3927
4722
3349
2393
1121
3672
3157
552
3654
4373
2137
1940
2657
2267
3873
3401
149
4283
1022
1068
118
2913
1046
2799
999
3660
4444
3278
4091
3898
4535
1559
1542
3350
2000
1093
4976
3831
2809
3769
867
4331
2782
3668
1480
3759
2167
173
3488
681
2150
3065
4797
1339
498
2131
706
1772
2287
4848
223
2011
3174
1604
402
4274
2128
3463
4248
3285
2536
4875
3048
4069
4864
1332
810
217
4489
3414
2274
1243
3694
3591
1389
1771
4525
4704
2956
3857
3835
1576
1286
2986
1714
800
4807
3819
75
3133
4541
631
332
504
1258
690
407
3163
370
302
26
497
3042
1647
4755
4620
3509
3457
451
729
3680
246
3946
4423
2427
4818
89
830
1473
4076
1425
4184
1424
4691
2596
2041
3100
2751
138
999
2670
1903
3117
4337
3416
2725
881
2013
2690
4604
2178
4392
2513
2029
250
1014
1781
1687
1861
1194
159
1686
978
2912
1018
3862
2991
215
487
3488
3695
4800
3629
4835
591
10
1407
2227
2821
4427
742
2617
41
3033
3623
4469
2766
3108
3135
2189
2324
1026
4748
2671
4227
3576
361
2845
1273
4764
4301
4039
490
3557
3246
4882
483
3833
3033
1681
4227
4892
659
1743
862
720
2768
1194
2307
3785
3657
861
388
3202
4792
2021
2532
3798
4855
300
4723
235
852
2453
3159
3494
4309
1297
2355
3649
3444
4482
618
2601
1187
4577
1708
4433
4851
2593
2714
2433
1918
95
1394
500
1754
2273
3239
4066
4857
2436
1198
232
2588
733
3290
4289
3806
3794
3626
4581
1668
4171
3230
1667
4754
1318
1683
1108
2002
2380
4722
109
999
3256
608
421
2924
3856
4890
3388
3915
373
3571
1735
79
1928
1289
3502
3031
4428
4778
1528
3515
3919
2979
2161
2049
2665
102
3957
4199
852
3941
1268
3807
2227
1305
3550
297
3157
1473
3752
4096
4667
4352
4297
3844
509
3970
4757
663
524
4844
3590
2620
3759
2576
918
4986
1662
4170
3011
1763
3443
1507
3967
3651
1985
3435
857
4807
4664
1951
4357
2583
3434
1288
2233
3835
2221
2560
2625
3380
1362
4717
1797
437
2032
2930
2362
682
2617
2169
455
1647
1581
4428
2028
4356
2854
2436
1161
1596
4099
334
869
2462
4145
1100
32
1025
87
725
895
4381
2467
2366
1281
367
3879
2882
2298
2056
4260
1460
1050
1205
2962
990
4626
4121
2636
1772
225
1214
1162
2043
3985
4005
722
1654
3945
3645
4474
4970
4181
3530
3836
4529
4786
2072
1829
1808
1640
1771
1378
4535
582
1992
1859
4114
2467
567
4922
2655
1966
3504
439
1661
2004
2373
1110
1770
1408
1707
4639
1000
2914
851
896
4743
4330
4487
2825
907
3884
482
1971
3096
182
2362
4486
1270
1260
3557
3199
1405
1708
4830
4372
678
1687
4520
269
1744
3948
271
1419
3036
1123
3188
3338
3607
4943
3619
2448
512
959
4377
2684
3813
149
4979
2519
2377
2605
1449
1886
2135
796
1308
1059
5000
1835
1028
3098
611
3498
261
3800
3812
1362
3937
3528
3892
3439
231
4558
3082
1596
1753
4978
4221
4691
2359
565
4904
3620
2887
2421
2259
2392
3175
2960
1629
119
1784
702
1010
3928
4225
3748
1900
4807
4063
4641
524
4186
3709
2623
1139
889
3456
3097
3718
4346
1474
364
98
2472
2717
2382
3240
3233
740
4971
2475
3541
3700
930
3283
3379
2960
465
3713
3044
893
3815
3473
3610
4867
3561
2769
1676
3339
3383
3510
677
4410
302
2850
4415
1234
1087
3732
4551
2926
3156
299
2432
2442
2160
1759
4678
847
2013
4988
2843
413
1675
540
4705
3172
107
88
3451
962
2860
726
4237
4666
1632
4607
4360
3986
2213
4826
1531
4476
348
102
2237
1945
3718
3131
3469
1355
2366
4235
335
4284
3567
220
1787
3879
2749
1080
2445
1455
3753
2662
4800
3113
3275
1038
3907
3057
2187
451
1005
4694
1905
1453
1973
3804
987
2692
1131
721
2194
1586
632
1872
1090
592
2296
4024
4509
1516
2101
2861
4934
2485
4737
2534
1763
508
639
489
4384
1257
4379
1847
819
281
933
807
561
2535
3787
2188
1232
2944
3558
3531
3950
1236
1650
4229
523
1434
473
4879
4787
1296
2587
857
4682
3131
839
4424
4183
1311
3358
3532
182
1966
952
4973
2331
903
4517
3770
3127
2713
1252
2554
4671
4572
4300
4941
4783
4750
588
4127
3326
1252
4953
2981
4674
234
462
2247
4755
1008
4943
3074
3326
3775
3334
2167
2085
4424
1515
65
4604
3233
2374
3284
2903
920
47
2082
3639
2862
3790
3876
1515
119
1158
52
475
4429
2688
3042
4654
2497
1824
2167
1929
1854
4442
2329
986
78
2336
4327
2688
3648
3134
2793
4231
3160
2506
1144
2259
2580
3190
2517
2745
825
2318
2122
1932
1311
1423
4356
1932
1634
125
4450
4498
63
2597
354
2102
4564
3442
3656
782
2947
2003
1165
1474
1785
4112
4759
938
1457
4851
4247
2312
1226
1534
2646
802
3320
4624
1427
3442
2552
4008
1376
4557
3881
4838
4152
885
368
4603
1331
3947
1260
2373
3459
4725
1452
998
3121
1893
2894
888
1076
825
2931
2839
1251
2739
3324
4112
3065
4383
3624
2390
3038
2581
2435
214
1110
4926
3664
3771
1709
2951
4526
4597
4984
4923
4598
3786
1805
367
2334
4681
1459
394
757
329
1163
1648
3452
168
1571
1708
4859
2108
86
4429
3941
588
265
76
3423
2958
2442
186
4725
2425
957
1293
4675
2445
2399
1310
3580
4112
260
1899
4223
4678
2874
1310
1243
2686
4200
2624
1693
2176
2432
274
34
4575
1094
4036
1762
2046
541
2418
358
4312
4260
1798
2496
3400
3465
720
327
976
4315
2229
4533
2992
3164
4915
4704
2872
4090
4290
3688
2639
3909
602
4551
4839
1099
2756
433
3798
2443
413
4601
3657
1884
2447
4908
2850
2594
3535
3894
1370
979
3838
2521
4727
1598
1376
4829
4483
753
2746
3004
4497
1430
4050
3281
3466
481
4013
4299
3324
2621
643
3929
2138
993
2115
3658
2096
1649
2140
1737
3307
2591
522
1046
1348
2055
1401
30
1259
4379
4873
112
5
1917
603
2151
2184
3057
1895
1584
1859
2902
3780
3199
1107
1351
3230
2335
311
2715
2459
4375
4699
595
3399
3189
1584
52
61
4238
148
787
189
2949
938
48
2840
3738
4927
3239
1190
3349
3875
4376
1036
3815
3372
3975
1697
3927
76
4804
2074
3281
4280
1823
2451
3196
4347
19
2096
2323
4961
384
4327
3367
4163
2870
2157
1721
1959
541
3960
4278
1815
4474
132
3089
840
3821
92
1254
3249
3197
1311
860
842
4498
2622
4682
4094
4643
2274
3199
2049
4429
3794
207
3592
4927
2629
261
2979
1964
540
4027
4441
346
655
4770
4851
2453
4563
2128
2194
4585
4997
1148
198
2667
4028
1724
4256
314
3801
918
2649
4598
4020
1451
957
3496
560
3195
3636
2304
4051
1540
921
1947
2265
1142
3802
684
48
2243
4375
3667
981
3739
4442
4749
4336
2861
2701
222
2482
2842
926
4964
420
2865
4247
437
4039
1900
4572
4531
4155
136
2777
1588
2019
4184
196
3558
1252
1559
2212
4654
3152
1905
2340
4793
4292
3252
3646
563
1137
582
3342
4060
210
1470
1981
138
4034
2112
1849
4108
976
1207
1365
436
339
4267
3360
1124
2762
3273
1330
432
3072
3066
4808
82
3809
1274
1409
4440
2988
2496
2689
285
2778
1836
3311
186
2347
2662
900
3278
4101
1807
1240
3482
3778
1297
3082
1885
1672
3601
3922
1732
4766
3802
3548
4715
3672
4108
1752
3454
1534
1350
2706
1253
3576
348
1539
530
2444
1159
2673
4513
2013
1288
3242
2894
2199
638
2994
4587
4016
741
3096
915
612
692
3450
336
4418
3434
3121
1947
3267
3129
1490
3290
4740
2004
3279
1337
2881
3790
4241
2381
1026
2252
3289
1976
406
924
4871
4837
984
3946
1347
750
1579
1205
1771
2666
2097
496
2357
1680
3140
1182
4146
1590
139
985
4961
1458
4955
2197
1624
1972
2205
3785
3462
1500
4655
4723
1068
3318
830
2167
1754
2770
2904
910
1784
4499
3840
4096
3667
4904
1854
1234
2747
2477
2899
3354
1521
2245
3818
2762
616
2925
1831
1042
4753
4974
3348
4285
750
645
1086
2605
1179
4099
2497
3813
2593
1173
4581
1800
4526
1737
1085
2293
3812
3706
4881
2384
3651
399
4573
1444
4374
3546
4799
713
627
2724
2618
3499
2912
919
1456
345
3859
1452
1586
3611
976
4643
3865
4591
170
2086
2758
2513
2971
4765
3065
4905
100
3995
4287
2150
1816
1969
3926
1271
2514
3821
4238
4896
2583
387
2160
2513
2335
2410
684
4982
619
2149
1549
943
1638
892
4417
1569
2152
2602
878
1415
4433
4975
1915
1336
4729
71
851
2473
2424
4545
4279
1483
2838
742
107
1753
1389
3331
3409
3171
4096
1850
1544
3058
504
3399
1711
1376
3897
1946
2850
3960
2645
620
3393
1860
2681
1971
620
1817
4787
1703
3459
761
4603
4463
3817
4831
2015
4107
2296
4722
1129
3011
3288
3409
3497
3796
2599
1978
4691
673
4060
3978
233
3753
4276
2670
3460
3705
407
2739
1282
2841
2349
3043
4976
3485
1799
182
3938
525
2513
3742
3462
3230
1182
2260
3087
2162
837
489
4297
3410
1914
2472
480
1604
1950
4732
4141
1811
538
4596
463
4187
4903
1374
1931
3833
1133
1635
345
17
2092
1291
2744
3595
59
2537
2754
4136
2111
3655
2215
3374
2059
4879
528
1797
4559
1468
4759
2542
421
497
3976
2874
459
549
4212
120
111
2330
218
3938
3595
3094
3525
1950
1080
4929
4741
1292
3609
2335
4258
2718
4666
1122
1472
4779
306
4533
2689
4658
155
2390
3732
251
818
2547
1790
2167
228
2544
4648
4906
1876
4846
3139
3153
2813
1654
1108
2542
3951
4
23
168
974
6
983
3329
4150
1921
4611
2616
3491
4564
2608
829
703
95
2945
1896
1225
4809
1604
4429
1095
3208
2470
4311
126
3454
2960
787
280
274
2701
661
2563
4214
2134
1185
3789
2582
2
2151
4179
4687
3736
3292
2013
375
4570
3563
3990
2786
2984
4231
3185
340
3881
4069
4711
1428
4456
4687
953
82
1033
4466
1000
1799
2985
3086
4140
2476
1315
559
717
4522
613
4563
4403
3407
744
3814
4822
4483
589
885
3220
4710
2929
639
2089
3873
4619
4897
2161
1271
2189
253
120
1969
1241
271
2274
2201
3338
2127
1312
4017
2045
3863
2101
1627
2274
4996
4989
4696
4521
4970
4497
1705
4048
2010
860
546
1224
407
2705
2472
4768
3785
53
4412
3404
699
4374
3987
1457
3525
3195
1984
547
2470
321
1467
2571
2423
3147
2006
2233
875
4237
4722
4599
4714
635
3681
4830
3291
1541
1041
4243
1743
169
4661
4270
2930
1023
43
3910
2046
2931
4371
514
4836
3690
118
4186
613
4122
4117
176
1682
1524
455
3229
1698
1850
2883
2845
2937
4943
803
4149
2303
2333
3004
2420
3541
2977
3524
3417
4160
2000
200
1038
1483
2278
965
2075
3463
328
3732
1023
2420
4548
3997
2448
1092
1509
4059
3666
2278
3040
1796
61
4039
4902
3914
1933
3484
1732
4849
390
4742
4931
2869
3745
1843
4281
116
1262
3678
320
3914
1213
4382
3697
833
3466
1133
404
1945
2910
2763
3867
1984
4827
3808
2237
3896
3162
1711
777
1110
598
3408
4755
2890
3998
1129
1283
1396
1993
281
415
2799
3323
1350
650
344
621
58
3509
1990
464
2569
4383
4412
3741
2221
2607
4076
3331
3071
399
2359
4635
4909
3673
3069
1586
3383
1975
1755
2085
3211
4922
1840
2901
1043
4440
3271
4847
3060
4845
1572
1955
2119
2698
2225
4087
4691
3840
4453
4595
536
3733
4304
4547
2340
319
1371
2846
3227
2445
2743
3518
957
3312
1234
1242
2705
396
4808
2712
386
3237
1824
2566
3925
3375
4943
74
3422
344
1390
918
461
1979
2745
1553
4829
1405
820
3326
4134
4579
2829
1967
1119
2049
204
386
2578
2271
1094
1403
945
244
4053
2665
3416
834
3236
3900
2087
99
3922
1349
394
3909
943
2831
4324
2000
2728
418
2052
4302
1899
1694
1127
1402
1694
1960
1647
116
1423
4255
3703
1393
592
28
4419
2143
3917
3846
2658
3804
881
1912
3975
1742
1034
4147
2973
1875
2952
4652
895
1109
821
174
2292
1438
2585
4282
3837
891
1920
1533
1823
4152
2794
1760
2086
3114
1365
2250
2058
4608
3541
1965
1437
3356
1692
4845
2008
3520
4792
1732
1649
1628
4325
3936
44
3551
3892
278
2289
4320
1588
2768
1121
2737
1407
1786
2117
2312
3355
1366
4085
2937
1655
4600
4838
104
855
429
3218
4803
3412
3485
2220
3860
3376
4492
1247
3858
3881
4915
3428
2384
2416
3608
4302
372
2904
2542
2998
528
3023
2241
1239
3812
1082
2776
3404
1
2860
2779
198
2703
410
3533
2759
286
2194
112
3834
399
3311
3641
1607
1619
479
3968
3171
2317
1090
3662
793
3555
2398
3822
1541
3631
647
4196
2351
103
2665
2225
845
4083
992
1992
4307
934
1764
2528
563
4257
3370
4794
4803
1989
2697
328
4139
1445
4305
2604
2642
3595
414
3845
1700
3849
1171
4630
4251
3176
270
3369
2201
2482
2048
1492
1492
2242
1097
403
3553
1864
2242
2580
563
1647
3729
4819
180
3287
3714
2755
4644
2482
4065
3804
2610
4701
3677
4842
2592
1195
1435
2126
4772
4365
3066
2082
914
3137
3558
663
3833
403
567
4147
3581
1779
2519
2403
2834
2202
2421
4404
2796
3762
4920
1518
457
3055
1723
5
593
1649
3134
3756
364
1153
4342
1818
3126
2064
1822
3054
3690
821
3707
3044
3399
2110
4866
1871
4048
1796
796
3445
1874
3537
4287
1908
1329
1275
4982
1611
3694
2575
3071
2262
70
2745
2782
2701
427
1676
1400
12
4176
2816
3184
4654
4447
3526
3807
2537
777
279
2662
1690
611
425
1349
2243
283
4999
1709
281
508
1427
1631
4682
171
4229
423
1589
562
2997
2910
2727
3453
655
4125
2142
2380
2938
1003
570
3247
561
3883
4853
2439
3377
3815
2673
4424
1977
1625
4257
2630
3570
4634
3038
2778
4617
4317
2591
4423
2042
4338
643
3756
3351
3475
4313
3162
3681
1906
736
3777
2783
1433
391
1790
71
2623
65
466
542
2729
4238
1041
1410
1684
4266
2575
3075
2816
4362
1944
1347
3185
4942
1947
3837
1762
643
2261
700
130
1936
3530
1952
1018
202
4462
1039
2924
3377
4608
2444
2973
4037
3797
3606
688
3182
1196
4724
2117
939
4860
713
299
4608
1607
2895
2274
2440
4230
1917
2747
4347
3689
718
396
2921
4031
4310
2861
4108
3077
3444
2897
1264
3520
2066
2410
749
3655
2690
2152
2862
3260
2677
2713
1909
4440
134
2555
459
4356
1544
2946
186
3223
3998
1931
1187
1828
4107
1069
754
2995
3071
2084
1121
3160
1482
3850
545
1295
4750
851
4485
3975
2936
1305
34
4468
2572
3219
3393
851
4346
281
3229
1380
4139
3108
4147
3875
2223
1391
2226
1742
4630
4529
3382
2416
58
1102
679
1544
76
4780
38
1041
3635
2777
1926
1882
4218
3700
3318
1119
3233
815
1401
3667
4142
2627
2911
1501
1220
3356
4204
2209
2782
1979
4271
654
587
503
4568
3989
2598
1997
32
447
560
1536
4734
2997
776
2440
4416
371
2195
354
3000
3875
750
3864
4693
2915
1004
4922
2546
4199
1302
237
4958
4775
612
180
1494
3564
3670
4233
2101
4812
4413
3100
640
1850
190
4416
719
801
2982
4540
2343
935
4595
2948
4096
1100
4131
4683
4860
175
489
4096
3909
3503
1198
4833
2433
3154
2152
3960
624
3379
2940
1895
4028
3113
86
3784
1648
4074
4450
4689
4645
3103
1142
386
4785
4483
1635
2061
3685
3678
918
4062
1674
1949
4788
3508
2212
4159
2299
3250
3967
4959
923
2704
3021
2490
216
4730
2176
3818
2698
3316
3186
4938
36
4889
938
3264
3259
2245
3782
2326
2450
1130
1017
4488
4247
4520
1470
376
3611
2712
1113
2505
4360
201
1747
2940
4403
4436
1799
2437
1121
467
3057
1467
3361
3454
96
522
4827
4600
191
3965
2784
3762
4496
4417
2068
1635
1140
1462
217
3174
1791
1796
3755
3029
4192
2406
4359
2286
2374
1752
1307
739
316
1776
855
2557
1901
2725
2690
2337
1840
1178
1116
3233
3786
1358
1787
1149
160
3213
2596
3635
4198
4994
785
575
2546
2580
3193
2632
3184
4366
3655
2529
724
4554
3697
2117
3253
1235
3649
4440
1030
3016
391
2040
4928
2228
552
1076
4377
616
3942
2037
2614
2461
2135
3146
4853
2137
2444
1093
986
2664
4456
377
3170
2102
3879
3535
2081
2300
2127
767
1534
1594
244
2431
975
4902
1724
2981
3417
889
1837
536
1270
3754
2855
1190
3979
4148
2552
4995
701
1885
1941
3617
3283
1153
4418
1859
4217
3955
2462
1234
138
1919
4545
4073
3090
2290
1529
299
4906
1851
1007
1337
2943
471
4710
3945
3148
1547
782
351
3441
1646
1363
4641
2214
4100
1986
4096
2565
2087
4665
3907
2072
3290
1971
3266
2039
4462
2816
1659
454
639
2140
2959
4719
127
2208
3528
1692
1273
702
2251
4091
3202
2618
3170
1744
1546
2578
4863
1014
1187
763
1776
2589
492
564
350
857
1171
586
1634
985
4045
4206
369
2693
2822
3632
4158
654
1642
517
2062
4467
2331
410
4744
1376
3345
3587
3443
4585
2123
3850
480
437
1795
1955
1353
494
4154
4745
1181
2662
205
4603
3094
2100
7
3813
105
2942
4401
239
1792
4535
2520
4023
226
3737
2341
4650
1635
2913
3324
1351
344
3226
4176
1447
4973
1304
4745
3437
2297
360
4526
770
2341
667
2967
4128
868
2693
4593
2479
3577
14
4258
2865
4752
2451
3087
1764
3285
4944
4264
1575
1789
1251
4221
4155
509
500
3149
3612
193
3474
1140
472
2614
755
4867
1576
1861
2621
4090
1121
4684
4152
754
2792
2651
4670
2031
2030
1914
1997
4051
1745
4049
3664
545
278
956
4261
1677
4663
4511
1370
786
1977
4469
577
3911
880
3700
2438
1186
2731
2415
49
1176
3695
4594
3254
2674
1452
3399
177
790
424
1312
1710
622
2768
666
2822
3559
484
1166
2059
4408
1713
1148
2265
1455
135
3637
3289
1594
3532
2040
3805
3566
4554
3333
4253
639
2951
450
4706
775
804
2640
7
952
2162
2585
1034
705
1598
2980
3918
4190
904
3610
3848
169
58
2140
1361
139
1739
470
2658
3766
1818
4699
960
2733
4573
1952
2424
674
3781
3016
4253
3166
3627
764
2802
1083
4045
3698
981
899
923
1317
4420
2557
2552
2649
4713
4546
3135
3222
1214
2441
1934
2242
4104
514
4161
1448
1493
443
184
1226
2620
3410
3498
256
1691
3077
2727
4121
4023
2068
3933
2875
3798
634
3701
90
1006
2910
1060
368
3046
4464
2586
393
4168
4567
2086
1256
1480
3899
859
3471
4862
1841
766
4881
2553
108
4706
2104
444
4963
4034
925
3252
3514
4724
4452
2972
1330
1544
2545
1845
4384
3537
1810
1846
1094
2805
3278
4007
393
1056
1625
2528
3586
4207
2529
1182
15
2232
4641
1385
4051
852
2368
4489
4443
2695
2767
4355
3072
979
2168
831
4264
1743
1857
3280
3540
3507
108
1714
3277
208
440
3801
4861
1659
3800
2599
4882
4557
3685
3858
1304
3253
4979
2727
862
3486
1658
4592
280
3104
664
3717
726
290
4052
425
4553
4563
4099
2745
2347
1479
1175
1190
1705
3548
2815
138
4930
2822
1777
4629
1117
3879
3914
3084
4747
4419
2492
3222
3447
1863
2839
1256
1123
4068
324
3823
845
979
1733
3720
2152
4939
3550
1715
4396
3791
2520
1117
2924
1029
3925
1626
4587
4419
1908
1540
1092
1897
4715
1559
2504
1701
921
4631
4529
4658
4891
3232
1001
4007
2492
1941
1727
263
2501
3028
4992
3767
3516
2113
2714
1385
3627
2557
693
2148
1604
3493
3774
4442
1100
371
1830
1727
4004
3464
168
2498
695
2596
2148
800
3840
214
1199
3664
1555
3923
2211
410
2518
2034
49
4340
2701
3232
2187
3897
3095
1656
1529
1298
2815
1731
1491
3056
1676
448
315
1001
4173
1056
4655
4821
3956
2004
1739
4400
1952
2957
2360
3950
1954
448
330
1756
4500
4745
853
25
1605
4913
1145
3877
4976
3654
1952
818
4242
4343
3117
1019
4429
4917
1752
4707
1398
2711
3319
2436
2316
2882
1529
615
828
3036
3301
1314
2793
274
2305
1547
147
3664
4739
1599
1497
3387
95
3668
3941
4103
4619
337
1432
3780
3216
3596
2255
517
126
1636
4251
1851
4079
1336
2168
4187
45
1615
1722
4703
3479
516
4504
2168
650
1753
2875
4702
3870
3903
451
405
4734
605
2640
3786
630
4162
892
4635
3906
323
2750
3531
1409
507
263
4099
1652
4072
2807
4788
1626
886
3443
3442
2943
2168
357
2869
1998
902
3483
978
3156
1124
2743
3576
3735
3013
4340
1617
2774
2304
3572
4433
511
3319
4353
374
1360
916
1651
1631
2908
1103
1053
3638
1027
127
152
3654
2803
4476
2060
1056
1648
3906
2512
4
2787
3155
4628
1917
3222
180
1316
3672
4659
3831
2353
758
3847
4153
2349
3527
2538
2175
2750
575
190
3611
975
4203
1925
1358
2139
2729
4436
4634
1628
864
773
1542
4653
1106
655
378
1916
4886
833
3155
3887
3145
524
3669
3318
3462
534
1996
3873
3798
4665
3092
2228
3748
2911
2364
2561
4782
2284
1313
4197
4627
370
2809
3344
2598
96
253
2184
146
2493
2526
2054
4880
3180
3850
4026
4701
261
1763
2842
2092
1604
277
3462
1288
1017
3852
4700
1605
3255
2812
950
2237
4210
2756
1045
585
2793
702
2823
231
4126
4276
1404
3075
285
1255
2889
3260
2692
1704
4413
4514
3184
914
3755
4306
1048
2970
3826
486
3633
3870
575
4251
1761
2463
3214
1424
1225
1994
510
1182
1277
2802
968
3592
4867
4864
1032
2159
4928
30
1692
613
1768
1530
2132
3553
4765
756
3129
1453
3133
1241
3153
1148
3915
3979
3288
1481
1682
1615
1309
4636
2790
2754
438
3985
2560
3109
2736
2024
3547
290
1815
4409
613
4791
3198
220
2496
3101
2362
4792
4585
938
2152
433
1169
4100
4862
1254
323
1292
3837
3036
3492
4719
2338
1119
3497
1226
3222
1138
1049
2676
1823
3008
4192
388
722
3028
4093
2181
4713
4785
3742
3450
946
4182
3159
2198
213
237
3180
45
1802
2614
2154
490
163
4024
1318
2247
3687
4213
4824
4869
218
1717
668
123
2431
1335
4430
3482
4017
3266
4758
3482
779
1853
3283
3955
1714
4473
3955
2165
1926
2188
574
4404
2222
309
4079
70
320
2589
3425
4516
3823
2364
3296
1262
3039
4962
2464
261
2872
3114
1052
2538
675
2798
1050
1620
739
2271
4639
4922
3798
2661
1953
3323
136
1637
2139
3198
3175
4085
4030
1308
717
4259
861
573
3980
2383
4546
2115
4324
2513
4511
1204
992
223
3944
852
4852
814
3295
2410
4034
3836
2462
2655
4043
4445
2455
2752
3849
2778
4228
770
2689
3748
1376
2419
2132
2162
1013
2701
2342
4046
1605
4794
488
237
3489
3862
3668
1175
1420
4015
26
4347
4006
2453
900
3141
955
2095
4925
3239
70
973
1451
3205
1819
2353
2817
3702
2273
4030
3333
3037
4323
462
1614
2187
917
2872
3884
1805
1684
2357
1568
998
3804
3091
1117
255
4258
1388
4111
2060
4928
1306
3374
1543
4090
3043
389
1187
3305
3428
2844
3051
3229
167
4338
1245
2345
870
240
900
2057
2545
4239
1940
579
1653
341
3914
824
2760
369
4528
3776
1134
1187
4484
357
4486
2538
3674
1570
42
4313
1506
4009
1269
4053
4748
2944
2555
142
2694
4871
4536
4280
4115
1763
4247
1228
4327
1035
3571
530
51
4913
4677
4619
457
701
4122
1602
2009
1801
634
4091
267
2943
3404
996
1672
1250
1666
585
1104
1874
2179
3363
2712
3476
3718
1123
537
1307
4850
1410
1512
3351
1427
3364
2329
4004
2975
4385
2941
911
3037
794
3920
672
4306
2125
1562
1617
4532
4604
52
1737
3698
812
1741
2160
3751
1381
182
550
3716
116
1658
3736
1731
4382
3982
1375
3941
146
1195
1751
4059
1534
1242
647
917
1601
4040
582
134
3865
908
3378
4816
933
181
2062
1310
1036
486
2640
2392
4445
4774
2960
796
3916
3067
2791
1125
2753
414
1862
3561
1393
4982
3915
3390
2566
77
4236
122
3709
4256
3809
1525
1636
4872
4575
695
3660
145
971
1118
1404
3386
3992
204
1403
3080
775
415
2223
1298
4945
2276
1086
1494
3722
2596
3066
798
1481
372
3556
3485
554
3754
168
2910
497
4306
2200
1324
4371
2262
4506
946
4415
2021
4258
4116
3780
760
1683
2818
4854
2315
2740
3661
1889
1057
2995
4252
85
1112
3762
3898
1482
1897
67
1939
4418
4101
3007
3948
4295
388
2868
584
981
3331
2797
3223
4706
4913
3157
1555
123
554
127
3236
2973
4274
4381
612
3404
1903
4306
819
4846
4773
897
1437
1652
1881
1093
4781
811
2677
2506
787
3329
2975
3443
1033
199
2199
2607
415
880
1067
3708
983
1267
1084
2218
3642
4263
4083
988
1144
357
443
2543
1589
2251
2564
3925
3087
4111
1275
3794
2860
1894
4193
2844
1194
1713
4181
3275
403
4386
3021
4152
2694
3014
1995
1359
2350
4943
4865
1264
4813
673
216
895
3312
3794
955
1459
4340
174
2469
4236
572
198
1134
4900
2429
3657
1496
4432
2458
4961
3757
1293
1533
1973
114
2393
2765
3185
191
1660
2746
2361
1590
2698
2246
2927
2200
4412
631
3912
4447
2488
4666
1011
1032
4899
3406
2657
3354
4708
2934
4923
3057
4789
422
3696
232
3831
1762
198
667
1013
3635
1693
3259
3729
2379
4285
314
1187
3460
3416
3098
4492
2932
122
2646
2375
1017
1710
3897
3780
636
1246
122
3599
1980
2239
3857
2030
4077
1059
44
2122
316
1549
2780
2706
14
2263
3389
3435
997
2102
1967
47
4176
3015
4738
2926
539
2154
4181
1689
4016
3525
1861
1600
1909
3201
4177
4689
1259
4663
1412
1301
872
3380
2477
2544
4350
3625
3768
5
2074
883
1177
638
3437
3032
374
4165
2185
1109
3305
1091
4324
4330
747
4792
2493
611
2269
301
2668
648
3658
231
1373
2411
4547
1513
3277
588
4140
1450
4136
2209
4188
4213
2160
3411
127
4170
2226
506
3298
1515
1786
4273
3682
2365
1897
3730
4941
978
349
4424
4782
763
2042
2760
2004
2834
1393
3589
4094
1019
3276
3512
2952
572
2708
4282
975
3265
2216
3083
1727
2457
1841
2769
3113
2702
4941
791
4387
3041
4569
1478
1459
998
459
658
4005
1764
3514
4230
3839
760
985
984
4217
2786
3275
639
2835
746
318
3942
666
2616
377
525
3558
3806
2196
773
4221
3470
4411
494
383
1817
4431
3356
3020
755
3231
4163
3787
3590
2540
3072
2213
3630
3170
4071
1164
2388
4202
3658
4856
3846
482
2981
2394
4247
3796
1444
3371
1349
1705
3651
4413
4950
4887
1656
3261
576
4590
4135
2587
3096
3795
1020
3017
1145
3177
295
1740
477
1765
789
970
2415
2601
3505
1073
1294
4759
788
928
1528
3051
4269
4956
375
2910
4156
2468
2253
2099
4065
3611
4777
3648
1478
4507
1608
1929
1367
3718
1923
3647
3518
2396
2453
1374
4499
4610
4129
952
538
2989
3529
2871
3941
3361
3850
284
128
3066
2501
4150
1395
1762
3765
2261
15
4758
3778
60
3008
2812
4555
99
551
4487
1311
4008
1118
198
2180
2220
931
804
3667
869
2151
2886
840
1666
45
3292
4276
2405
4630
3592
3791
2427
453
3315
3940
4026
2502
2853
4011
22
1859
2335
2177
778
3763
4963
699
2522
4146
4815
1104
3062
3794
2359
1675
405
3414
1578
2360
1030
1762
3390
2161
3764
6
2551
4005
2264
814
1939
3964
1348
470
4984
498
2704
3225
2699
2489
132
4884
543
850
181
704
1329
79
1607
741
4040
2755
2398
3931
974
782
3164
325
3866
1304
4608
2793
2523
4761
2830
3170
4601
920
4792
3085
2026
3786
786
696
18
2440
2149
2617
4519
3403
3075
714
4621
4202
4755
1694
1422
203
1037
3615
4761
4768
3835
2740
1649
3044
3087
879
303
573
4200
1458
423
1041
728
4830
4184
1359
3155
4255
3312
1017
2929
149
942
2783
577
3301
4899
1371
4923
4416
1199
2608
2225
867
1797
2116
1848
3029
421
3830
2481
3013
4069
800
593
2480
3142
2589
764
3596
4081
1049
134
4477
4362
3379
3353
2469
168
1965
2939
2072
2743
1281
46
2878
3096
3924
1739
3381
3927
233
3821
2825
1339
4334
3269
4477
4460
4219
318
1958
2986
421
3842
1896
3254
4242
4137
652
875
3553
4642
4835
1956
3913
762
2114
825
3638
4456
481
1951
436
3344
180
2692
292
1772
1621
2364
3692
44
4035
3020
3370
3454
1187
4900
163
3498
4683
2350
807
2209
4246
559
1869
1229
1406
49
1372
3234
1958
3477
4368
2366
1462
1539
3700
561
770
4203
1696
3248
4792
2335
2686
2681
3588
1655
4767
2337
3807
3921
3845
953
4432
274
1345
2286
1771
58
2748
4071
3362
619
92
642
179
404
2909
4842
4579
4773
4697
2507
3736
1872
4349
1628
539
2337
4951
4541
857
3965
3890
4091
3628
3169
3434
1759
3820
4615
3441
87
2802
667
2637
1285
1319
3053
4743
3212
2822
3254
950
1280
4861
2753
963
4830
2952
673
1961
4122
2072
1969
4613
889
2843
2025
3480
3991
4605
3411
3208
451
2479
4677
4495
585
2074
1417
1435
4170
1896
3214
1956
1499
1225
2046
2854
444
675
4196
3607
1843
2082
4299
1753
3300
2339
3406
3858
853
1921
54
4944
2289
1103
2070
3096
4829
3956
1932
1540
1756
3305
3332
105
4180
286
767
1486
825
308
103
2325
257
79
1509
4691
3817
4707
1171
4677
3616
4964
4929
3039
4186
3975
4753
2764
3102
1330
3684
2921
3944
2580
1613
4893
1882
2265
1223
4263
439
1329
2011
185
1341
2551
4097
100
4155
3382
2799
665
4842
22
3759
2314
4892
1451
924
3154
1361
4620
4848
3627
4570
650
1125
4544
2871
3278
3784
2246
4757
1109
983
310
4330
1863
1045
3105
1524
4908
192
1476
1650
3506
3332
2420
2486
1076
4651
2899
3981
562
2591
4553
2549
3351
4787
970
1760
2719
3187
3813
30
1282
3866
2322
4462
1332
3646
3485
3865
1937
820
3661
2566
2682
4019
102
2341
2110
4259
2033
4997
3899
3950
3940
4554
996
2196
4112
1219
32
1412
3540
1643
4625
3716
3799
2683
2446
1485
1713
2424
2916
2620
3053
3863
1434
845
317
922
2247
2741
167
2648
1412
3211
852
33
1518
2077
3332
1802
112
3386
2213
339
4618
3202
2359
190
764
1122
33
3374
2856
3615
753
3847
925
4231
2121
227
3951
4446
3140
440
2518
4469
2455
3253
3706
1559
2916
1808
3793
1907
2820
3398
1658
147
4299
1243
1258
3914
3442
4757
914
1594
4163
925
310
3617
1734
2378
2259
2279
2673
2602
3704
2876
3849
2889
4480
2013
452
574
4682
34
1457
3287
577
2329
4375
2258
1953
486
1734
4074
1688
3299
1080
3377
204
472
3955
2000
1523
3138
2621
4339
3913
2824
584
751
2309
2953
3974
1053
4214
1868
215
625
2780
1454
345
1357
4139
1846
208
2468
2634
445
215
3330
1902
649
2266
4010
4258
424
4318
2226
274
3920
2310
3324
399
1614
886
4866
3984
2139
1352
4882
3943
3272
2149
846
1788
2241
4306
4831
2481
4147
677
439
2576
4666
3954
4068
3108
4106
3621
4640
119
3448
1754
591
3443
3322
1128
653
1666
694
3329
4292
3466
3927
2628
1234
774
117
698
3310
4934
3638
4973
2726
63
2497
157
2903
2000
1620
597
4728
729
2986
2369
70
2435
4581
427
2966
4142
2178
534
3164
1920
1078
4598
2000
342
4111
1491
3169
2235
2602
1170
3188
447
4352
1527
585
2479
2114
885
2933
4430
3441
1948
2481
362
408
600
4369
2019
4284
1153
3617
901
2129
252
3149
3985
2409
2835
1914
3024
2348
1377
1443
1521
2828
587
2618
2171
3979
3450
3141
1519
1147
3456
3228
962
1119
1357
759
1207
723
3025
3093
1378
4293
1963
549
1912
1666
2077
2219
663
594
3963
2025
2471
756
1270
1551
3317
2624
2872
2100
638
4379
3374
2231
4369
4149
3057
152
28
162
4518
1090
4122
4124
927
772
492
3802
1388
1379
2177
3111
2211
19
2744
4034
3200
2954
865
3248
4518
915
705
3495
377
2716
4822
4578
242
1327
262
2689
372
1593
1018
3069
2714
4510
3501
3081
4626
4801
3169
3521
531
3909
2185
2323
2567
3028
3944
1248
85
1227
789
623
4263
3126
1727
543
4710
1394
3219
4826
3493
1670
4985
4630
2610
4370
3941
3302
2343
4321
2712
1044
2996
220
4298
934
3268
2662
2198
223
2872
2549
1636
2974
4430
2245
4360
3806
2548
2728
2534
3933
1174
1489
4831
4693
4290
2460
2280
4763
1507
1169
517
4484
4447
831
2958
3668
2200
690
2586
1621
3084
1939
4491
1696
2160
3494
2588
725
1183
4626
4780
3604
171
3990
4048
1456
4372
3193
4786
497
2891
2710
3099
1968
2040
2839
414
1072
4718
1793
457
2685
3898
148
953
3710
2563
2894
2028
2415
2252
4982
2548
2561
2826
4935
1764
4690
3623
2080
4844
540
1019
2842
647
4386
4612
2617
3830
3057
2896
2517
3310
3912
473
913
1909
3821
1388
4601
1868
2002
2517
632
4749
1313
4312
3794
1531
333
2234
1783
3014
4805
3603
3477
3747
1825
395
4957
1305
4027
558
3615
1143
2647
177
3095
223
1708
4175
4289
914
2744
1130
3802
3666
1419
2680
1806
1912
3445
778
1760
1898
988
854
2475
3465
3452
39
2918
750
2038
4806
3114
1954
1174
1730
2247
1806
1621
4258
2966
1402
2394
1152
3602
3935
4700
102
48
2603
1910
450
3860
3061
748
4397
2555
4627
2760
1091
1505
2046
3916
2567
1842
1647
3590
1970
4692
3170
4123
72
4288
179
386
925
3041
2675
1552
1402
1665
1691
816
1672
65
876
3921
239
501
2445
908
4437
2901
4498
4886
4641
3141
1119
338
901
3243
4846
2879
3795
2546
4605
4418
1899
1054
1624
1944
2758
1075
2806
83
3754
3519
365
1646
4127
2088
318
4525
2074
3966
2450
886
4945
4553
2732
691
2315
4850
3724
1729
3098
461
4042
1871
266
1921
4266
4445
1473
1064
3903
3099
1450
1542
1703
3972
4935
2198
648
302
1045
2732
4809
376
4872
4171
4475
547
1438
1240
1949
3188
3574
4687
2723
1747
4622
966
3304
958
2688
1499
3538
3638
2822
433
1650
2783
2460
3943
96
3104
2948
5000
2440
3953
1496
2118
104
629
1939
609
4472
438
3846
365
4133
3518
2286
4915
449
3841
4350
95
530
87
3429
2792
430
4981
4941
2935
190
992
3277
763
4071
3445
1861
4425
377
4247
4474
2470
2796
196
2577
391
1420
1962
3695
2280
69
355
1942
3437
3342
1381
4284
3423
2921
125
1258
2106
3071
2646
554
4598
1919
682
3018
3900
4542
2251
4271
4952
824
3701
2892
4523
1703
4524
482
2177
3261
4494
4905
111
313
2676
3365
1340
3134
4376
2573
2630
2183
308
3616
4611
4982
4260
1891
2859
3608
3464
1106
3884
4125
2494
3773
296
1908
3171
1614
1486
2733
2582
3034
1232
2780
3263
1964
2027
1945
3195
305
853
2492
379
2413
3874
2422
386
1877
2482
2706
1882
766
3565
3398
2555
926
2859
3141
159
3923
4949
2194
3240
3125
3635
3661
4916
2220
4905
2143
2606
1306
1256
4685
4192
288
1263
2700
4318
4142
2436
4729
2835
3827
4651
2722
3297
3631
4470
2137
2619
1801
2626
4227
4709
563
2487
3727
3319
1872
2110
947
744
1349
2228
2062
729
4689
1323
2795
4634
1521
3568
1850
1583
2737
3270
2048
3540
1483
385
4628
3774
3907
1937
50
605
3590
3405
1629
4820
4001
771
1845
2896
1768
1567
4350
823
2584
3380
1073
4289
888
2451
2913
3510
328
3246
311
4863
2513
2744
3103
216
1531
4769
3371
2279
2079
2531
1088
4001
785
1063
931
2593
2921
574
3053
4455
2984
1365
885
2764
2985
4036
729
1232
2267
400
3266
4345
312
3854
1597
3622
138
4594
2268
2409
3631
1596
3698
284
134
1083
2399
1548
1994
2213
712
4473
3229
2170
2023
4951
4763
1630
2126
1595
4427
2964
3324
239
226
1569
481
3733
2721
864
4881
3583
4125
2309
4935
4134
1005
2850
1504
4407
4125
2525
3853
2817
2067
260
1350
4039
2186
3857
3828
3798
640
2500
4052
2743
3801
4881
3413
4754
1394
196
47
235
2689
4923
4838
4379
3952
2110
196
3540
1148
1931
2190
2624
3694
4284
874
4838
4121
3013
2831
3931
2207
4341
1265
1264
195
594
361
4975
21
4440
3332
59
2059
4247
3415
1519
2397
1874
568
4512
3054
99
545
974
4865
3655
1061
2596
192
35
3103
95
3085
3771
4352
4122
3868
796
834
478
2032
4737
4841
739
3199
2462
112
1087
4409
2165
2699
1268
4647
1412
3188
2942
999
3855
4581
3497
1507
4001
4234
2458
4227
1841
3410
4442
2170
966
1195
1480
3498
592
4984
1725
2599
1347
4922
4473
3624
78
3728
3652
2679
2704
4922
3042
4288
2745
2439
849
3789
2940
3130
558
4931
4304
4879
1557
851
699
1236
2721
3046
3084
2752
1530
2586
1004
1154
4033
1576
1814
2441
1506
3334
3838
1277
3668
75
3342
3145
1267
2299
2831
1578
4834
649
2066
2812
1853
2735
4951
1750
2202
3145
2431
3163
2838
2783
2035
1144
727
2087
3599
589
3337
3462
769
3781
933
1688
3184
2158
31
1981
4318
2153
4488
3114
617
4264
308
4895
174
4698
670
3697
2850
2066
1176
1450
2347
2922
4960
163
4491
759
189
3718
4171
1366
3779
615
2483
141
4749
1587
4519
648
2605
128
2176
4510
1194
2918
4097
1840
3782
4737
2063
4337
1698
2851
597
2906
1004
1459
1753
869
1380
764
763
2382
1067
3176
3174
3623
204
1693
3681
3817
236
3059
2783
1072
4090
738
1383
4222
2692
299
2159
1393
713
2527
2942
622
4504
963
809
2747
2814
4968
1824
2488
2643
4946
1725
2907
3205
1022
1843
4443
4507
3781
350
3021
4466
222
3254
1866
1942
4741
3641
1245
3652
4094
971
2625
4140
1103
835
3490
2025
3252
566
1684
1500
394
4283
2473
2062
2418
621
3420
1762
3925
4719
3733
188
3057
313
4424
4989
2724
4005
1703
3716
190
1281
870
4337
4101
2859
31
1245
390
228
4913
2782
664
2779
1052
602
711
2710
4937
394
3419
650
1315
3563
2416
1396
4486
3029
4607
114
1944
3671
4805
452
125
1512
1193
2413
4983
2764
691
2758
3667
839
2928
2058
3302
4034
405
4263
3549
618
2807
3236
3491
2379
2584
159
3763
1931
4554
2611
2171
3298
2167
613
1814
903
1595
762
263
4737
1541
3824
3793
1645
2623
42
773
2014
1014
1950
215
3266
2269
1232
4411
3855
1591
1717
604
4925
3612
3401
511
1752
4018
2838
2465
3165
567
3416
2225
3124
4040
3445
1074
577
1132
4906
3683
219
4584
2927
2943
2862
3594
452
3844
3873
2378
668
4376
2594
143
4937
1468
4375
4494
4128
887
864
1299
3237
3089
1850
419
643
538
272
12
3271
3210
2269
2827
2359
196
3553
786
2305
3800
669
2677
529
1163
604
131
180
1199
3250
3877
2494
4238
208
3336
4703
566
1454
1962
4106
2037
193
3304
4845
263
3559
3288
2491
4401
4964
3295
1866
59
4383
4541
2722
4447
3353
3187
4489
2819
1888
1639
673
883
692
1898
3845
1203
2697
1150
273
3940
565
2143
4253
120
3334
3308
4708
1572
3625
3393
4475
2548
386
350
786
663
1938
3606
2855
1251
4988
346
281
2669
326
4030
3579
4083
3286
540
2574
3883
1450
2479
4986
4124
4614
628
3519
1865
3095
134
2435
3705
2629
3485
4985
1032
4762
3046
242
2662
580
3310
1473
4863
4295
3552
496
2563
1058
1890
2039
2611
3520
4752
3039
3540
4931
630
4716
1706
78
893
4103
2223
1040
30
70
26
3736
3923
4011
3923
2375
2638
862
2811
1143
925
801
4929
2665
1767
2845
1502
1915
468
4377
3538
1446
2983
2629
1136
1711
1647
4913
1535
4873
841
412
1237
202
3832
4558
2976
1018
4807
2308
2285
537
4917
4830
1917
3593
368
2023
14
299
371
4084
2770
4701
3176
4377
3934
3809
794
169
1501
1499
4095
4947
2476
100
2940
1201
4720
2331
1135
2207
503
4338
3131
363
1749
157
4908
963
2806
2030
4917
2587
146
4954
1868
1189
932
403
4857
4041
268
3913
4843
3544
879
2081
1027
483
4456
1736
4923
92
2580
57
889
1286
2563
2741
2428
1543
833
2881
2032
4947
415
3250
4620
1777
4784
465
721
1866
2841
4093
940
3737
3870
1403
685
2311
693
1460
3626
1203
3236
1708
4952
4715
777
1281
4453
990
238
338
2621
889
4338
4612
512
2263
4238
2586
4054
1683
4251
485
866
2388
1317
1847
2506
3374
4841
3746
1049
268
4043
3333
1957
2667
4820
4879
4129
909
514
4408
1785
4785
2365
3246
785
4477
2692
1552
1960
4198
4207
2420
3066
378
2200
1216
2457
4092
3143
714
1562
2511
2170
1194
2890
2196
3833
359
4353
1937
4829
3998
3302
3924
4305
4094
206
3250
4727
1466
4734
1768
188
4019
3980
4752
3953
3629
2511
1882
647
2225
2179
3422
3006
2415
273
3107
2159
4357
1012
3013
1901
440
3719
225
1011
1160
3947
2506
2438
4164
78
1645
1323
3161
4453
1722
1868
3197
2325
1130
1753
666
1539
1423
2428
70
3790
2928
2868
883
1426
374
3635
928
2129
1046
271
2382
1221
1910
737
3918
1688
3700
2495
2730
2760
3885
34
800
964
1831
2269
2851
522
441
4192
4459
175
1057
3745
2108
162
4677
3364
2399
599
1033
2941
812
4177
2872
1010
4220
398
3226
4210
458
4176
1608
3064
331
4181
1137
1842
4674
1456
2305
2537
4355
4879
2531
3010
2372
3938
3846
3809
3809
1374
392
2669
580
683
3362
2419
606
3519
3773
3460
3874
2831
8
2286
1752
4378
2060
2764
1012
3699
4138
3144
4247
2075
3081
4742
2007
4778
4160
1601
604
1389
2987
2548
1797
493
4099
4769
4404
4560
151
4866
3478
1637
1293
3692
1115
2298
2429
2494
4620
1512
3338
3894
780
4403
3960
448
3429
91
3601
1381
1391
3896
616
4391
3248
3187
4808
2482
4970
1715
2213
3756
2465
600
3872
1693
1388
813
48
459
979
1821
3503
2905
2975
1011
789
1149
1077
567
3428
1616
2546
4518
2278
188
3524
866
413
3949
4961
4006
4323
2555
4955
4616
2269
4187
442
1093
3943
3534
3888
3496
2965
2723
2449
4022
1581
4056
813
2160
2871
2949
4754
2477
1469
2782
483
3893
2694
1030
4131
1074
1280
702
3051
3590
1967
1591
1286
1631
4853
4473
1595
471
3344
2051
4056
1549
3077
4933
3990
3504
691
321
81
2500
2792
4227
3182
4795
2281
3391
4238
100
450
1484
3920
24
2704
2995
4753
1673
4457
3212
137
199
3550
1176
4129
4346
4627
4861
2058
2216
4492
1971
3827
3321
3972
3745
3047
310
2520
3903
3187
2075
1978
1758
691
4386
3036
2533
2144
2720
1866
4821
2030
1395
3661
342
4364
4019
881
141
1705
1388
572
1594
1434
1561
3868
2054
547
1971
2899
4636
1817
3656
3794
4340
1559
1735
3863
848
1533
2640
4131
1946
3222
3811
966
1424
4975
11
3132
596
2100
1074
1
3787
1765
4923
4843
2375
473
2355
2903
2813
4378
776
44
284
3141
1937
2
2796
419
4413
2056
4646
1508
1525
1685
1792
1859
3063
1961
4617
2400
4530
1689
177
286
114
4138
3230
2570
1205
4346
4353
1128
2957
682
422
1217
1931
695
3789
578
4243
2861
4243
1015
4964
3557
387
1689
3068
1530
2216
1838
4979
1286
945
2615
4978
4872
2723
384
2897
2136
1517
4177
734
65
977
1396
2526
882
3612
3745
4198
2522
2807
202
960
4943
3916
3938
815
314
4174
1539
4096
2586
1257
3901
2271
3610
1734
2849
2265
835
4129
2970
2978
3074
369
2546
1695
4390
1164
4127
4763
3708
3732
275
4669
1103
4000
2936
2204
2912
166
3213
4941
2909
3040
4920
3438
1541
156
433
158
3467
4134
1733
3265
1899
1291
3748
4145
1532
331
1361
2514
1763
2183
2632
3446
3749
4696
4499
68
4442
1424
4103
1064
294
1377
466
3719
4880
877
4673
1793
4360
3355
3167
2935
4169
4687
673
43
3698
1956
535
3369
1775
1510
2726
4266
1107
0
669
666
495
3620
1120
4321
1930
2931
960
1405
47
1308
1299
3605
4301
2159
2114
301
386
4467
1990
767
462
2127
3189
946
810
851
1445
1915
4103
1375
36
2678
3120
78
75
1436
1486
3917
4095
1849
2810
4104
3116
4457
1851
2636
3026
1798
4586
1518
2673
2268
2101
3841
3497
2582
2616
1982
652
4383
3581
2317
3315
667
2914
1016
123
4979
2788
1394
3769
1970
2788
2488
3635
1666
2830
3849
212
3660
2408
1496
2116
2995
658
1702
1331
4198
1210
3280
501
1265
4221
792
1661
3862
1099
4066
2378
1547
2149
2329
2419
1894
98
758
4754
224
1672
1890
2327
4799
4367
2251
3463
25
2752
522
4014
823
447
4903
172
309
11
827
4536
51
1748
510
3349
4478
1650
2644
1683
94
4842
4666
1973
3843
3277
3858
115
846
1682
218
2520
1155
656
4012
2959
4057
3427
1818
2897
1303
2161
2333
4779
4581
1871
4396
2276
1548
2314
3562
2718
2933
2853
270
4120
278
1875
4917
1264
4742
3380
2549
3993
150
4697
285
4517
4697
832
4961
3988
2791
4424
4062
887
4695
1703
2223
990
2831
662
2495
2817
258
3216
1217
1305
1170
1681
2557
370
1107
1086
4833
4899
2420
4853
2720
478
4853
4817
695
4055
4618
1987
2797
4028
3979
3693
2294
4180
4820
1784
1860
2210
1730
3146
4455
1205
1954
2026
4040
2405
408
44
693
4218
3699
4503
887
4784
1690
1608
2338
2969
503
3130
1562
1612
1625
4378
3503
3324
2246
3106
2243
865
640
4937
3054
3401
1841
2474
962
849
2457
1616
2366
78
2485
217
137
3571
88
4317
4506
3813
1949
3635
3133
2623
1937
2174
4301
1807
2850
1927
403
838
3871
318
3215
3685
2158
717
2378
651
2691
2236
3704
4135
813
20
2431
1628
2375
3427
4565
4502
4557
1623
4610
2661
3921
3866
2218
2712
4332
4208
3103
2824
3007
2543
2536
2957
1835
442
598
1265
473
380
1169
293
2674
3104
4810
4982
4313
3777
3816
2318
1025
2169
998
1322
1798
3976
1861
4849
3464
262
3609
3170
3792
2739
3064
2871
1654
328
4232
841
1417
3948
1890
4435
4486
1929
3198
1631
3253
2332
4447
1769
1870
2326
4355
1124
957
4057
4987
1368
2968
2319
3071
665
1458
4766
3703
2188
3992
2715
3166
1055
178
932
4093
1751
624
3976
2819
4266
3177
670
1086
2864
3716
1679
392
3832
338
2183
1991
2042
2005
766
4540
1090
3659
2086
2161
1404
2922
386
577
1346
165
3977
4924
3946
726
1571
4231
674
2488
3055
1819
1894
2539
2263
4421
4500
4435
1344
1074
4607
4439
4111
473
4101
3327
4180
3600
765
942
3037
1690
2072
4799
2843
2559
3657
4641
1119
2008
1907
16
84
2579
2453
2093
3171
558
2799
685
3431
3815
2127
1617
71
736
2418
3616
568
1476
4946
4665
2632
1301
4239
3667
744
3296
4516
243
159
4640
3692
553
2205
98
882
2852
1203
4503
2041
1500
3035
1907
4063
1317
1619
1615
4253
4131
3863
3758
2949
3064
4731
667
3989
924
498
71
2162
3260
227
1829
3616
1836
2772
2638
538
3898
1095
1720
3546
4580
372
904
1833
16
1818
1258
3075
4943
2638
219
4615
2351
361
3572
1460
1291
1394
4487
1255
311
4022
1409
4327
779
2913
1444
4394
1270
1713
725
1857
3018
1377
3373
881
1940
4631
3616
4792
1568
3566
4262
2920
3850
4353
736
4008
1026
3523
3404
4065
4490
100
2339
2349
1
192
3962
4900
2630
2318
763
737
2159
328
2683
2172
653
3990
3697
4756
2963
1543
4058
834
1763
392
3332
2887
2734
405
2491
1918
3768
3324
4599
2162
2925
845
4813
50
2955
1404
4572
4624
3764
1823
559
718
1840
3153
2977
2235
4312
621
4631
1504
4184
4072
3209
3482
3737
1942
4302
2770
2211
487
1076
4058
508
2019
4714
970
1874
611
2611
44
1421
2075
273
625
554
4383
3291
3490
67
2562
4666
1903
2747
937
2006
279
1863
4247
4333
3561
2800
4268
1537
405
136
1312
3081
4843
1211
744
3471
2411
3110
1032
815
512
3109
3543
2589
4501
2384
3153
3577
3970
2014
2829
2965
3318
4563
4983
4270
2771
2310
5000
2608
4711
2163
1233
2935
3606
753
4382
2748
1135
3800
2345
2680
2220
4940
3997
3870
4521
3381
1644
820
3016
1930
3882
3098
2774
4135
1662
2916
4385
4074
1188
3143
198
2850
2129
3894
2867
2069
1352
4378
4332
1516
3406
4599
1265
4426
3346
2579
4328
2674
2575
3952
4220
2161
3041
4592
4124
3569
3337
1080
292
887
4675
460
2591
185
3317
3060
2392
700
697
4326
709
99
1247
909
1258
3222
4943
3842
3948
2631
4069
2676
4463
3998
1272
581
4950
1581
3279
3035
2535
3322
2217
527
183
895
4025
1446
895
3509
2087
3257
4190
2480
3537
998
2866
2854
3192
3788
4985
4909
2237
2076
1771
107
2532
3260
560
3913
2821
2415
1792
2030
1538
3846
200
3835
950
1535
831
4509
3615
1475
147
3087
1269
2026
1816
903
868
4974
2666
3305
4660
3971
250
3201
792
2462
588
1706
4661
4700
4822
537
2154
836
4705
1784
614
3580
3390
3623
4210
4724
4750
2580
4466
1906
1465
2066
3762
4479
2772
842
3961
4263
1329
3408
4328
2176
3082
1727
286
1590
3164
820
3875
380
838
3638
3243
4571
684
3467
4510
2689
2437
522
3338
2303
2319
3124
1829
3660
3506
4437
4759
2501
4615
2072
1642
3677
2909
1543
3839
4989
3605
4249
3501
3134
1294
71
4776
3780
2157
3521
3267
1402
4009
1753
2706
4083
1632
4705
3961
4161
3299
1742
1201
1468
4908
1903
1124
1583
3667
477
3026
3003
1035
1205
3228
1915
2471
2419
1394
1501
340
938
3895
4450
1957
4161
3242
3656
875
3228
1530
2476
4937
2749
3529
4802
4405
4853
3128
3555
4335
3962
496
2466
2697
3637
2856
3158
4728
2778
2987
4067
3473
1226
2813
2947
3130
2136
4065
4375
1054
3615
1990
968
246
4093
956
3330
4278
1736
693
2511
4440
1614
4857
1295
2945
4952
2850
4945
3915
2882
769
969
3886
3132
179
1158
2881
325
2961
2538
3626
599
708
357
2700
2638
4301
4238
3416
4707
4007
729
4714
3033
4189
3628
4591
4142
4241
2435
2408
1590
1599
783
3889
2055
157
400
3378
4737
142
4595
216
2377
2235
1120
3606
3014
2305
259
2862
2905
1887
1625
3731
442
4294
2995
891
3882
158
4619
1527
1979
613
3516
2936
2226
3823
4712
3694
4555
3315
4783
3624
1306
4134
3418
2275
780
1171
3291
4945
3501
730
1655
3407
3368
1984
2681
2211
2143
4714
576
2327
1345
1169
84
720
3733
1386
1752
4645
4514
4357
674
4369
4513
3387
348
2227
4755
4913
1710
3341
3381
3514
3839
2121
4527
4634
3560
4115
3896
3037
1975
4889
946
3401
3592
384
3858
1304
73
4390
526
2592
3369
1684
4939
4144
4924
861
4516
4109
2171
3245
3938
1039
4008
3569
2134
3814
4778
2806
1631
4704
4562
3020
3132
2907
837
4186
933
1249
2207
4161
23
404
3461
2750
4169
4423
4491
971
3982
3466
3304
2498
761
3457
2378
3593
2710
2487
4042
4477
1780
2063
1804
2339
851
3235
2410
880
3973
4307
4836
130
3681
4158
3690
3465
226
3184
3413
1973
1993
4735
4489
4733
1362
4930
2442
4429
4949
3573
2984
4996
2527
4565
4375
0
3056
289
2037
4180
1476
3542
3085
3686
2674
4257
602
13
2934
2315
2054
2819
2634
2110
290
3322
2674
3300
4610
276
872
3273
3856
3205
2637
1777
1867
1606
477
4311
16
2906
2885
260
2805
1978
1283
4954
733
1021
2119
287
4789
3082
560
2897
1698
3155
905
2917
3393
2603
4300
4862
3902
2718
882
1096
2452
1308
1243
2590
2401
1693
4423
1375
2702
2715
3868
2044
2910
1446
2384
2890
1641
2438
1590
2473
773
518
2938
4896
976
3903
1840
2518
1793
1262
564
4828
3406
33
3813
4526
1791
1654
774
4756
727
4287
3142
4813
2319
4426
4915
1870
4694
4316
936
349
384
3674
4178
2468
3850
2952
989
1355
1400
742
366
3625
2792
4177
2044
4696
3313
4555
4372
1872
1896
3757
254
961
3273
3929
4989
2254
3304
1364
748
2779
3795
2345
1388
2893
2873
1948
3896
1234
1542
3463
4231
1322
926
102
3861
1073
3021
3750
594
3622
1459
4634
17
2275
2295
449
234
3301
4483
878
1220
508
3158
4236
4099
1568
1264
1387
1874
3350
3653
3237
3826
4277
3590
1076
2577
2913
1964
160
2643
4297
3735
2615
4262
1021
4231
4583
1339
294
4284
2728
3242
1559
2282
4096
4778
4384
1294
4787
229
3608
4523
3110
4863
3209
2863
2546
4777
2259
1252
4781
574
1240
735
1999
3881
3950
2787
4992
4939
3112
484
3408
1071
3625
4259
4379
1150
2143
4731
1060
3328
4450
322
2120
3697
2295
4470
4010
2585
909
4385
228
701
3769
780
2482
2106
1173
4147
750
2923
2627
2888
3529
1985
1281
4729
4649
2688
392
2400
87
1075
17
342
181
429
476
3481
4371
4763
2761
3954
2086
4706
3715
2585
1279
1881
979
4949
3921
3862
476
4112
3260
1536
848
1652
4978
2033
2080
884
1234
4052
1310
1276
3959
3459
1613
197
3208
53
737
2927
2184
3514
1717
4469
107
3789
3558
2083
4465
33
4772
2531
854
2499
3232
3064
1160
2939
318
2407
4816
1339
2539
573
416
354
755
875
1880
4015
4551
3203
4666
4620
3470
4040
181
3999
2494
3314
371
4735
4
4528
4873
4443
3026
1023
3197
3243
2494
3177
1041
4742
4810
1601
1416
2715
665
504
1401
4066
4046
1711
1199
3684
3646
303
3105
2868
693
1661
1860
1933
2963
464
727
86
49
1063
419
92
164
357
2132
4890
4191
3568
4845
1930
3543
3677
755
703
2852
1865
148
1101
1565
3232
2837
4267
1123
3191
4084
4105
1641
3205
1096
3273
2627
3971
989
3365
2440
3522
4912
3836
4106
4258
1001
2675
4410
2339
4607
4943
2039
1891
1618
4740
2888
4622
3982
3744
1044
745
4632
3765
3451
2237
3567
4405
3855
553
3092
241
3193
2451
488
2086
858
1386
1449
2209
399
2144
3504
1759
4701
2470
2624
3881
2201
2157
37
2860
4717
3838
297
4176
3861
1010
2284
4010
3987
2100
2324
2359
2265
4550
537
2648
3144
423
1393
1957
2068
1868
3857
4388
4368
4172
4917
116
4975
810
3944
2111
2614
1479
1605
1700
3813
2450
511
2485
3252
2136
3888
2570
4018
4186
442
2887
4077
2608
4845
212
1242
3520
3900
2521
4404
1354
3131
2546
1183
2624
2395
4136
3191
3614
404
1735
2814
2720
2309
1983
1572
2696
1989
749
3460
3821
2385
4972
4954
4980
697
1615
3507
3536
4522
3325
3060
2045
1741
1049
1314
4733
4801
3490
4484
3411
371
4649
4796
1758
1952
3887
3017
4896
4604
3260
849
1294
1098
2122
1621
907
1196
1447
4518
2672
3229
2220
3112
3839
290
4926
944
3655
702
1279
3038
477
1626
1399
124
805
1635
618
1173
1547
292
1984
1196
2648
4236
993
1805
716
153
1195
3039
1775
3470
4786
3037
1485
1736
2794
3826
318
874
1836
3564
3217
3013
3130
2378
3174
3830
603
3715
4678
2771
4642
2569
3358
3730
3375
2077
4550
3723
2387
2619
4606
432
3594
748
3663
4889
4539
3967
410
1589
2195
804
3794
1927
2872
4666
4907
4096
646
2121
1967
1792
2058
1558
1715
2771
842
931
1946
2797
4272
4935
3081
1279
2650
3902
2182
2876
4115
2228
291
4508
247
1840
780
82
4996
2637
2385
4943
4421
2375
3530
806
540
1883
1840
1625
4650
20
3153
815
2346
4450
3669
353
2429
476
2016
2958
4357
4632
81
3393
1516
1517
2923
2679
1446
2231
2839
3537
4898
2868
2264
1258
2058
2586
3054
2453
2266
4212
3499
2448
3235
1695
2439
1826
4005
1393
3972
2906
2446
949
4768
2956
1740
1393
4175
1522
4614
1833
1803
3160
94
3490
1064
4506
4644
979
313
4176
3439
4121
24
2004
1110
2584
1399
2953
4980
312
4662
3159
4594
4512
25
737
4073
2304
1955
2454
1060
1474
4227
1704
2758
2873
47
1679
2296
1966
2488
3403
2184
4006
2553
2555
2608
4562
2932
4026
2751
2682
4444
374
4987
2987
679
1994
759
1930
1009
1105
4890
2210
4910
678
492
3534
2680
3725
4266
2516
2850
1403
629
4861
3165
371
4326
30
97
404
4135
3747
3080
3858
1
666
3722
807
4417
2493
393
3749
209
3128
2168
2790
2215
2117
4770
1627
2463
2427
4300
4689
2344
2481
1004
3826
4562
1805
3157
2
2102
3436
789
1758
4246
1627
1327
3263
2177
4090
2720
561
548
2859
2472
3528
4781
3649
209
4210
2388
8
2625
2438
1204
2090
1074
4859
2208
755
3000
703
915
153
2205
3833
4821
2300
2916
3221
1626
2265
1646
2695
3355
4504
4316
1898
4126
1288
1443
3193
2600
1703
1690
1193
1807
759
147
1585
90
4512
1754
305
191
1015
2630
4741
1173
1651
3344
3937
3529
3215
1563
1493
4463
2769
1765
977
281
3811
3399
2312
1132
2599
4701
3716
4617
1881
631
4864
1175
1781
2891
4392
1392
1864
1270
1230
4377
29
1877
4677
1632
2983
2317
1312
3342
1773
4424
4626
399
4443
4316
1710
407
3460
854
1714
2103
4802
733
1385
3864
2732
3910
1793
2756
2241
252
4471
4345
3472
4363
1713
3756
4495
1943
520
940
423
1412
4891
3564
3584
4307
965
4580
4391
2869
1220
3773
413
3898
3939
1091
849
3327
548
3710
3344
1558
562
1649
3636
1622
2823
4954
3096
321
1871
645
1314
2967
1663
216
4673
4691
4914
3554
2943
2502
1036
1534
650
1729
4509
2234
3490
4717
1881
849
1384
4860
3640
2336
3459
3106
3949
470
1051
4712
2555
4436
2623
805
2865
551
1787
3861
2239
3797
2440
4106
311
4739
4080
3395
224
1795
2701
191
515
822
4471
1502
2481
3111
4669
4297
3937
2780
3712
2833
2624
684
1026
4997
3964
3658
1279
786
229
4478
2348
4166
964
2976
3665
3210
487
375
110
4238
1554
2213
138
3838
116
1045
3073
2955
4963
3866
4312
2518
2185
654
4223
137
3960
3463
3340
4167
1060
1722
3874
4121
726
4565
225
3746
2949
2653
3195
580
4809
2377
122
2131
3158
2073
3272
1047
1109
2014
1591
2676
519
3785
1322
1885
1605
3934
2409
2322
3051
4626
4784
1928
456
775
2532
4797
3910
4200
4271
1121
4504
844
3773
4143
1006
3276
217
4968
1555
933
3383
342
1324
1976
2518
562
763
4703
3128
2832
2386
622
4903
4221
321
4790
1711
298
3178
312
4545
4622
1138
3728
863
4134
3770
3160
3901
1581
3478
3817
3818
80
4259
2454
2521
4937
1333
1453
4230
2222
424
1513
2705
2266
3061
2193
2857
3090
1050
4306
625
1829
4233
901
2166
1677
855
1221
3996
3775
654
164
2180
574
4470
3422
4942
1360
1056
2286
2086
4543
3101
2621
2297
1803
1597
1737
2313
499
606
2405
1459
335
4691
4007
730
2158
4861
97
1901
2469
2437
4018
71
4952
404
2178
1674
4981
386
799
3914
898
2755
3305
3462
2731
3811
4712
361
1636
1738
2090
4153
1708
2837
2702
3074
3030
2953
3024
4454
369
4438
1990
3596
3539
2835
1142
4307
1339
4880
3167
1626
2644
3399
4582
617
1803
2063
1370
354
2326
2393
1944
623
1455
4248
927
4489
1802
424
3997
1370
1266
1363
2817
4339
1765
891
3404
3027
4306
3047
3354
4726
4321
4054
4589
3022
1546
394
2063
3605
4429
3419
2213
1009
3467
4194
483
3481
124
200
4880
3452
3935
1360
2543
322
1045
2349
4554
2585
1160
4778
2561
3201
4608
4822
3928
2392
1782
3775
1749
768
3170
3980
4899
281
815
2676
2354
2680
3392
3926
2561
4351
311
1338
4166
4352
746
2900
1376
1640
1495
3438
4714
2024
1289
1735
2142
4635
2567
748
3622
204
2729
407
726
1134
3622
2424
4624
3776
1501
4850
3587
1281
2327
1423
1534
2743
3903
120
3742
2089
1138
3702
2728
2591
4623
1599
4457
100
4398
2724
759
1495
2157
1903
3281
459
1142
4429
2934
4601
3868
3763
4033
3279
629
2496
1143
1639
1842
4501
3790
3028
682
4446
3454
566
3910
1164
3670
1981
1776
1763
1816
1428
4812
898
1628
758
4562
3939
1721
4897
4566
2152
879
3345
1488
701
3288
4560
4918
521
1393
3621
4868
671
4697
2946
4905
1499
4359
756
4851
2971
78
1260
4569
2011
2993
2166
1580
2681
2339
757
1244
2429
1968
460
4773
2587
1947
1223
1213
720
2913
4316
3670
2188
1549
2601
1466
364
3135
2866
2147
4894
3910
2722
4624
451
4368
4934
3605
1940
715
592
3
4832
4231
728
734
4386
2464
4911
2265
3093
813
3715
435
4366
1466
3685
335
1634
2876
636
2432
4923
1226
2003
1487
4160
857
2049
56
116
4871
2218
4052
2142
4553
3967
4450
113
22
4651
843
1855
2114
4936
1590
2895
4289
2557
614
4135
3233
1272
738
677
1495
3394
1098
2570
1052
4962
1248
3264
1280
1866
786
331
4200
2331
1535
339
1385
4336
3658
788
1864
3376
4250
3760
4874
2520
3886
4787
110
681
4146
1893
2396
3139
1583
4609
3692
1048
3965
924
3660
441
4881
2665
1197
42
1473
4067
141
4589
3279
2814
1614
3390
3697
3316
2350
2533
3279
4358
2620
2106
1055
4697
352
4096
2097
2434
631
3896
1776
643
3162
4107
3114
1783
4949
3117
1479
1883
2852
1094
562
2234
1340
952
944
498
2074
1722
1944
3141
3658
3077
1509
1702
3694
4708
1292
1815
4612
4672
880
2499
2460
4920
1576
1695
798
501
3630
2797
3406
4611
2671
1321
4265
4700
2403
556
1237
3239
3946
1434
1799
3890
1416
2463
4619
4558
3012
3914
2826
3491
4330
2975
1102
1852
3595
346
178
3463
2687
4183
471
318
1009
2593
3000
1233
4436
4854
2024
538
345
4787
124
609
756
1410
4834
4015
4968
1091
497
3217
3225
48
2795
1890
1426
4225
2464
3259
3402
660
2754
308
330
3980
3176
3147
3576
4379
3242
2040
1110
614
3919
3359
611
2016
4564
2325
1258
1868
4330
913
4430
299
3203
4264
2699
2766
4639
3530
2631
1190
389
2641
3294
3595
227
790
131
3495
2906
1584
967
3795
603
1203
218
2086
829
695
3167
1762
111
1388
18
590
4786
4492
3200
3682
3911
1432
3631
2887
793
3009
715
4282
4157
3296
2068
2585
3238
3511
775
4283
1492
1489
3849
377
1382
766
3069
2474
3331
2377
3930
833
1128
4580
3544
49
1835
231
3141
514
3593
1382
2389
1524
2597
2774
3152
4544
3109
1135
2040
4922
4874
474
3335
2167
2628
2461
605
4657
2788
4922
2023
4672
2320
2805
867
2006
1368
1357
3424
79
4015
733
168
1456
4847
2596
4725
944
924
2840
989
4665
1175
3493
1748
3798
1024
4545
2813
2657
3898
1538
3906
3849
4153
1969
4285
4614
1536
1198
1851
3449
4852
2081
1334
4593
1265
867
771
3138
49
3304
1124
449
2741
1548
2303
1596
203
2041
464
1451
4511
2346
4985
142
1543
3445
2341
2780
2265
4833
1725
873
204
1416
3685
2574
1738
3467
372
3282
1348
2186
3658
318
1241
3214
2138
2419
2896
2844
837
1500
3124
4776
3308
2031
3247
477
647
4206
992
2983
946
1566
4133
2608
4291
1908
195
3378
1184
2762
4339
4490
2072
4555
716
1692
561
3297
4819
4063
4557
2820
1320
4051
2595
3497
4373
4537
852
3275
2081
2014
78
6
3619
3665
3013
2806
2518
1433
4682
4281
4980
1415
3713
3437
3565
3612
553
819
557
4082
1246
2503
4154
609
2897
4973
2765
899
1907
1316
1727
1455
3718
3253
3232
2621
1176
769
3648
1903
1699
2085
4990
2699
4592
3798
1600
4210
675
2626
2092
1579
1715
2052
3680
3494
4793
532
4258
943
2737
3568
3994
4686
1219
143
3869
3708
3845
1571
450
3373
647
4003
3492
4594
574
4059
4468
3989
948
2841
4890
749
1951
4940
2635
777
3489
446
4299
295
2153
4006
3841
3603
4587
4886
949
3401
3587
3852
1354
1266
4942
1381
4666
461
2968
4149
1652
777
945
4017
2242
1028
2699
1225
4669
3898
4484
2354
4771
916
1516
3157
737
1072
2189
1516
3743
1166
2945
2879
4361
4654
559
1755
2694
2491
3421
1933
98
4274
4716
4200
59
526
1333
3482
4067
1983
113
442
2562
3160
4425
2415
1675
3073
2251
649
406
3954
2489
2034
3440
2376
3421
3720
4698
3790
3312
2706
4210
2333
2269
3232
2010
1381
4143
3462
564
1468
4789
4608
142
4038
1095
1725
4064
2627
1678
2751
4076
1332
4212
2233
1374
284
2669
794
3189
856
4508
4832
4841
4095
3955
2060
196
1039
4977
3852
1097
4192
3046
936
2038
2165
1959
1560
4816
514
4638
3588
2699
4817
3690
3836
2175
2829
3895
4397
2544
4607
4769
716
3850
4672
2005
2911
4392
3147
3194
3194
1174
2897
2420
4598
4173
318
1004
3115
2551
4652
2232
1668
4558
451
2292
844
3473
3566
2350
1729
2631
70
4540
1198
2683
3349
4213
1349
4064
433
118
24
1067
4448
2270
1314
3927
610
1334
2223
1585
441
823
3033
3086
4484
2905
2093
536
4743
684
417
4000
2185
2365
1651
17
4286
4201
4792
559
4175
4601
2403
3482
1376
575
666
595
1111
1168
1857
4933
1423
81
2649
4946
4221
3047
3892
2336
2792
2377
2632
4714
3462
1893
43
4924
4808
2798
2489
424
4004
3787
2497
4810
285
1148
3085
104
3974
3040
3323
2955
1321
4598
3664
2373
2836
2004
2827
3042
4294
3067
3410
1979
207
4744
2894
2617
3848
4310
1777
717
1585
3819
4561
826
434
905
1550
972
2734
2802
4905
2192
1373
2879
3758
138
108
638
4674
4270
3333
1255
943
1492
932
2620
692
2022
4879
3961
401
1201
3618
4290
2742
351
23
3026
3396
544
4148
1876
2258
2899
1542
1445
2812
4277
232
1722
2867
2847
46
730
3851
3358
1604
453
4291
4202
4635
1577
420
1432
4915
641
2386
977
1621
4306
1975
4470
2363
2998
1324
3552
1739
3953
1287
4807
2677
349
1844
1938
2033
4393
3669
2714
409
97
4239
3336
3099
3427
3341
2337
4395
4116
1073
972
1048
4521
1020
4697
3722
2393
966
1287
4650
4860
4694
493
2736
1163
639
3729
2485
4823
2091
1310
238
3590
1419
4773
3872
3863
3824
3499
2551
3184
4707
4325
1029
4066
4068
2958
145
3149
3924
1191
1263
1130
4487
2933
3659
3348
2670
707
4698
2549
477
4964
3413
856
4345
1028
4527
4912
541
395
2858
3107
2515
3908
261
1081
4245
3930
365
3549
1638
3208
2209
614
4343
3228
3360
324
175
2488
3171
856
2438
215
2425
1240
3048
2847
4853
3354
2564
437
845
1100
707
1598
1278
664
3268
1395
994
885
2137
2462
3593
4390
1044
1440
3037
584
2476
4208
515
2667
2703
4165
4222
2926
994
1258
3381
2265
101
799
2748
796
177
3868
3834
1118
674
565
330
2459
318
2503
2185
1646
3078
1546
2936
512
2453
1154
4048
811
1206
140
1848
3270
1105
1919
10
1197
2725
516
3620
3653
833
3763
757
1145
1388
4601
4978
1057
4660
1300
4898
3238
2421
2429
674
4500
1832
3840
2961
1826
1888
3915
4163
1016
159
3846
858
1088
457
1751
2920
3967
1156
674
4192
160
3401
716
4737
929
3824
865
4403
606
2762
4923
1962
389
4085
1674
439
1945
4982
4168
1911
3979
1077
4837
1699
2484
3149
1611
1015
1950
502
2405
2046
4228
4415
2352
2056
1415
3112
326
958
4773
2840
2118
3812
2878
4942
1928
613
949
2228
1237
1167
1776
1893
97
1991
4771
1455
1105
2430
1809
4083
474
601
3223
3415
146
2537
4927
3266
4766
236
1259
1987
4831
4673
4895
4012
112
4597
2969
3058
2659
3334
254
3863
1576
3211
225
2991
407
3695
3735
2685
3345
962
1258
3189
559
870
2272
667
4055
1233
2883
2850
2970
1898
632
3752
371
2186
954
995
355
2112
2774
2950
4308
146
4767
4743
3022
1570
1477
1589
3525
2920
3079
2502
4001
3009
619
4605
1913
2039
2073
2408
3167
3895
4795
244
4385
2520
3788
3390
4618
4437
2705
4231
1368
3672
1797
2184
4825
1399
1591
4697
919
4580
1798
847
1051
2028
897
3612
2797
869
1565
938
801
4906
3695
4952
4750
1575
1644
2310
302
1794
1810
470
1758
3815
4173
4054
1375
4512
1746
3204
560
1941
3971
2557
2924
1170
2535
3646
4759
4548
3749
344
2100
498
4798
3806
778
4121
2706
1177
3815
1394
3707
4631
3566
2
2698
2973
482
2639
1383
845
4516
2161
3837
4913
1074
3047
4014
4101
4247
2035
636
1942
4856
390
409
1184
4725
147
309
1119
2042
4268
3712
241
3575
2618
4972
2490
1115
3845
1676
3827
2357
4144
2219
3963
1991
1288
4414
2820
2448
345
462
3733
4706
2069
427
1756
3981
4470
3861
2832
4982
319
1081
2901
4213
1499
4506
2885
2000
4547
1984
4536
4736
1069
4219
3787
3558
2805
3237
1675
1667
1531
1499
3138
4086
4177
92
3661
2413
294
363
1166
3118
1413
2413
127
4586
2899
252
4272
703
3246
537
672
2912
1378
1878
1904
3261
3609
3256
436
66
2218
3713
2722
197
945
4013
869
2519
336
3714
687
4462
2456
4813
1358
1191
4037
1978
1397
430
4281
4670
2986
178
1956
1873
1441
4747
518
49
4858
3625
1367
247
4835
2349
2033
3416
660
3692
4810
1771
586
780
4248
4968
3689
743
4375
3158
1028
4154
4233
2427
334
1994
1366
4019
2867
4997
4081
1021
2404
1331
396
1940
2682
2882
1113
277
2980
4734
3167
2666
4385
3854
425
483
4958
1999
695
2685
2058
891
3719
779
2008
1286
2546
3180
3961
4929
13
4122
2954
868
135
3870
4212
1298
3871
317
3227
707
3927
1611
2390
1235
3164
3403
2744
4889
4500
2491
3420
475
1867
1001
3069
1118
4994
2143
3574
4747
205
1418
427
1066
1555
1004
1048
2073
2350
3172
2650
3238
2475
2040
1935
4051
727
2249
2093
2231
4758
1838
3138
3508
4798
48
3059
3619
223
3777
3625
4773
1170
3715
1512
3357
1933
3654
388
1855
1517
2183
2931
37
2531
106
3176
4159
1120
3712
2294
3881
4921
3870
1293
759
464
1942
2899
2502
3060
3209
4956
2873
4706
1469
1185
309
4301
4035
802
3014
3292
3799
2124
2378
1969
4060
4301
2016
3722
623
4286
891
4799
9
4694
1878
1127
3505
901
2678
4095
3410
4718
2304
1869
1640
2782
2389
501
4812
1063
660
629
1804
46
1306
256
2158
1820
358
2082
395
4271
1873
4580
93
2538
786
2045
1909
4830
1547
4682
2640
3690
2217
4006
844
841
1270
4057
1475
2353
357
1013
4659
1039
3809
636
1736
91
767
3975
3827
4187
1120
3014
2456
570
3763
106
1820
329
1029
2340
2077
3384
3669
2452
4158
3487
4860
48
2198
1979
191
4112
2039
692
541
1935
2500
3234
238
138
2505
718
3791
3863
1524
2276
4602
2333
37
3747
395
1509
403
1529
857
4089
796
227
2624
1493
1926
3666
3871
2255
40
2603
2675
139
1280
3570
4253
4798
2469
685
2946
365
3796
339
175
666
659
396
2400
1893
341
1347
4948
2025
3568
2163
2697
1641
4144
3250
4169
2883
3147
4047
4632
2030
4218
1164
3588
2480
2873
782
976
782
3344
2326
4586
2346
141
4651
1619
1168
4872
4134
2822
2442
3635
2509
1971
2873
3182
4134
1251
4030
434
1451
790
4861
1072
1137
4606
4157
4670
739
3578
2183
2151
2538
82
3685
3521
595
3940
528
549
1118
2293
349
2278
4004
3027
2891
3267
1477
1442
48
324
2572
4403
959
1749
2977
3883
4373
3269
569
2305
651
312
1978
766
4736
2701
2045
4397
874
3109
3680
4860
105
1037
2283
2067
4755
4035
4909
1682
1899
69
135
4806
2901
3870
4059
4077
4647
652
4349
123
821
1050
1657
3772
536
853
4298
7
4825
2039
1142
1057
3047
4530
4980
216
1045
2379
1862
4509
2268
169
1776
2144
2471
1024
1285
3804
3131
4074
521
2895
1903
4535
4395
3466
2905
2421
621
419
2326
418
776
149
934
4021
4820
1585
3301
1131
4240
4989
1809
4463
4601
3994
265
3565
3822
1416
450
2516
3099
347
3710
858
2857
3112
3618
4622
386
176
4152
3765
872
2433
4407
2639
2246
270
3979
376
4045
2130
350
3937
914
1441
2370
3019
4204
1296
123
4860
3825
3342
2443
1131
4317
305
3352
4739
17
1340
164
3524
3863
1083
4490
3552
3077
4008
1923
17
4094
516
3046
2295
982
3582
994
4557
3993
2251
219
688
1111
1208
2888
1516
4019
412
182
3768
2053
3043
2412
4864
772
3303
1066
1905
1706
1091
2956
3020
321
2787
2388
676
567
1277
4460
1386
596
4796
3120
2933
130
1679
2129
3062
2152
576
650
256
1548
1322
1056
882
1880
1289
2519
2647
4505
1857
3660
1140
3787
594
1873
1642
3279
4910
646
4444
4267
4418
2645
3039
4793
3548
3404
112
3613
3958
441
3865
3978
3964
342
2569
1387
4540
723
718
3473
2737
4075
2917
2950
828
1562
659
12
4031
4738
1039
90
2348
3336
3
2903
1917
2514
2280
2265
4205
4496
1387
2212
4846
1163
4237
440
2789
4043
1686
1599
2812
4532
2398
2887
2242
4167
811
2768
1782
4700
1636
3679
1523
3830
1805
4182
1821
2782
2257
4888
3812
1299
1319
1152
379
4750
3077
2422
3894
3313
538
3036
2868
2342
4110
1245
1865
171
2021
4048
3653
4447
639
3742
2182
3236
2523
2781
4533
4219
19
3384
205
3877
540
506
3072
2272
2995
3733
4876
612
1804
2632
2396
1089
1647
2582
3812
3508
2451
2878
3187
1905
1744
3654
4622
3748
1703
1848
2206
718
2773
3139
3118
3367
4571
1824
1641
1731
115
4723
1323
66
1981
3259
3541
3074
3991
3763
2539
3302
1669
153
2420
3964
3485
1995
2427
2120
4892
4288
2906
3986
2888
4692
2947
4830
4726
1376
2588
940
813
3893
1993
3278
433
1411
3721
4377
3619
632
1452
3528
2234
4701
1898
3856
1403
1808
3374
4577
3152
1732
2460
2692
4735
288
4204
3319
840
1305
4098
1294
2146
4037
4259
1890
1881
2678
246
938
3026
2091
3597
451
272
4863
753
753
4777
591
683
2979
4361
1998
3168
4324
999
482
4230
4971
1528
3032
4234
3740
2926
1021
3730
4903
2674
1217
2985
2797
4687
1206
1813
1554
2729
918
4935
1930
1000
2983
2028
4487
4980
4269
2594
4261
567
4182
2351
1869
4556
660
2386
4691
4772
1760
950
271
3097
1287
1063
1430
3546
1269
650
4098
1658
3664
4453
4598
4407
453
672
1402
349
842
3388
546
2017
650
2489
1286
2588
4028
4647
4050
3047
4978
2825
1358
3190
4643
1375
700
3624
185
4453
4177
1571
2312
2581
3744
1560
2684
457
4975
3948
1696
3752
3395
1981
1758
4773
4916
4323
2490
2416
4169
4233
4723
3227
2462
912
1003
1157
1516
1711
2189
3140
3054
2843
4805
2825
4306
4270
4294
2598
1454
935
2985
2359
1044
3098
1709
1496
898
2461
1773
3287
3413
4928
2058
1052
276
4672
4716
297
4131
4618
2120
1915
1347
4939
3667
2639
2102
3494
3992
1619
3346
2316
2232
2781
4440
1421
1712
2939
1158
1305
4355
4606
2793
3783
4572
4098
3920
715
1163
2453
4914
3915
4140
1932
1052
1831
4386
2494
4815
2873
4624
3856
1715
3350
846
1635
4585
2371
641
3565
4038
2707
2748
534
1359
151
2701
312
2116
2216
2423
3610
1567
2860
4594
3721
1755
1371
3701
3336
3062
2122
1882
2663
1215
4370
3988
3451
1621
4132
1204
2644
1415
1542
4005
3676
1752
4526
4510
2086
851
154
3636
1957
735
476
3580
891
511
4126
4277
2972
1591
507
4582
4169
1598
928
1499
4414
64
3
4992
4117
323
4364
162
2039
285
2649
151
2330
2889
4156
4026
1282
2040
2782
4934
2157
928
4404
2115
1470
561
3163
3026
1505
1848
3879
4491
1283
3809
4667
2662
2861
3648
716
4418
3187
337
3196
3810
2780
1033
109
2801
1278
131
3366
2665
10
1472
331
3333
1262
4039
3676
4724
694
4265
2824
3122
3806
2909
2716
3485
4183
1643
3757
3981
2221
4787
1469
4564
2515
2472
3346
2843
4832
4055
3276
4166
4476
1779
4398
1449
4207
830
3076
4002
543
2166
2061
4698
3103
3005
2631
3163
1896
180
4342
2084
3079
2377
2976
4991
3571
1642
2162
4233
2946
3462
1698
2994
1963
3488
1149
2645
645
2808
4091
351
0
1226
2050
1894
1766
2930
2595
3895
455
1578
1743
4526
1202
4617
358
4567
3121
1745
3533
2732
4489
3767
481
1699
4401
4763
2056
2411
3897
2388
2590
1654
2689
4573
852
2700
4302
4780
733
3361
3007
2102
425
3043
1491
4312
1924
2745
3438
3868
1520
4445
2380
3571
971
3716
6
4193
2676
1916
2565
3902
4681
700
2422
4003
329
2662
1895
4632
2176
90
4185
3888
3283
3411
2250
3039
2296
1755
4019
779
4744
2861
2820
3308
3407
4025
4753
516
4623
2456
2645
282
4962
382
2826
2454
3052
1380
590
4273
1036
3554
4339
1194
3013
4680
2766
3616
1812
1830
4247
4460
3993
466
1233
1024
4094
3174
2906
3303
3226
397
4177
2694
240
4909
4857
4377
1297
3847
446
2761
3792
910
1903
2731
3823
1752
4907
2031
1046
4136
4056
4983
1599
2606
2124
856
4284
3440
388
866
1883
4423
4785
533
4070
2283
1142
3413
3596
3887
2094
1910
2905
2527
736
114
2304
3439
2837
2210
1534
2134
415
872
3162
847
1125
4809
4996
1547
1069
3262
1172
3697
595
2001
4416
350
4495
4193
1409
2144
2770
710
4819
4443
1855
4192
1448
247
1384
3789
3439
2051
801
397
2342
1200
600
3293
190
2798
3884
4090
4496
3370
1886
4884
1117
4572
3478
1590
4509
1214
576
1348
3387
3705
3428
2755
559
2700
4697
2859
4648
4472
3834
2994
395
2998
2938
3474
1915
1116
818
2601
3371
1284
1715
4175
3705
4772
3414
431
4004
3105
3388
4639
182
70
2942
1100
1880
3821
1641
2600
4382
2835
955
2932
2758
2221
1849
3226
1907
1590
4503
3786
4061
4907
1307
2078
4165
996
2548
3053
348
4780
2202
34
1140
1859
4961
4806
2866
4648
1092
1283
2471
1344
176
1392
1294
2950
371
4898
2002
143
404
4632
2982
1267
4022
3016
164
1727
2073
4366
1652
363
4533
563
1774
4489
580
4578
1373
3391
4007
1954
880
1722
521
4261
2368
2334
3507
4467
3451
841
2376
4738
426
1487
676
4679
2005
2552
639
622
1225
2264
187
2417
1649
3767
4118
1062
2483
180
2225
2049
3139
2995
1759
1984
3124
3015
3601
2921
4910
3717
2892
2169
4614
1224
79
4602
3401
2184
2528
3753
4206
546
3581
3781
2208
2208
4217
3871
4775
4363
3510
4199
579
639
2087
3300
663
1792
2875
3801
814
3326
3242
3408
4692
2570
4986
4013
2675
4995
247
3110
447
1432
2116
4961
567
4973
1221
2151
1213
1756
4834
109
4752
1978
4713
3434
1654
4502
3703
4094
4123
686
3822
3351
1602
2388
3600
3985
4447
2711
3975
3495
1239
3046
439
4214
2789
4290
2556
1189
2262
1243
2731
111
3199
1342
1793
2743
4744
2635
2556
1631
2024
2781
1690
3145
934
1648
782
3080
1241
1898
3132
3533
4416
4610
2765
4172
4538
1427
4571
1109
4170
3073
3997
100
2490
1493
696
4404
2849
4541
3985
1470
4266
1387
3498
997
1571
2173
4809
4945
770
2361
3599
2929
470
835
1360
4666
174
4207
4319
2468
1018
614
3254
4549
3927
2127
452
2515
3656
4355
1140
2566
48
1114
4074
2494
2329
2740
3357
319
3757
2732
3413
3124
1119
3692
2108
898
687
3025
1811
2850
1289
4455
1973
1866
3790
2431
1998
2833
240
1591
4
3831
3211
2523
2937
756
1030
235
1498
1004
1965
2419
3406
3819
1290
1404
4350
2772
4896
4559
672
3341
4219
1718
1824
13
932
3903
1028
1788
1527
496
4454
2291
3296
503
4357
2667
1
244
1921
3632
3849
4363
2065
464
2624
2935
2667
666
3735
2770
1997
4679
4546
111
76
3547
3917
1160
60
3660
2026
3159
4008
863
516
4775
4016
3538
988
930
2453
4592
618
1932
4709
637
3199
1689
191
1395
3573
335
3466
4822
3119
2316
3905
2648
3058
4145
2997
1721
4861
3451
3586
1378
1343
2147
1558
4264
2538
1566
2900
2884
1840
2831
3627
3552
1141
4182
3152
4531
4280
930
2655
858
2367
4363
4695
1252
3785
1982
2532
4962
2290
1399
3205
2721
434
4613
287
3896
4474
1447
2970
2678
114
2305
2522
758
2580
638
3782
342
2531
2878
4702
4444
4543
3515
1910
863
2402
707
4680
4084
3693
3230
2442
2627
1624
1908
2289
4869
388
971
3822
3006
1536
168
305
3756
1916
823
3896
1007
217
4349
3973
13
2868
4765
4727
1159
234
2453
4927
105
2119
3852
2044
147
892
4458
1078
4954
3942
3587
1028
430
1155
1501
2674
1011
3427
4675
237
361
3450
2062
304
2803
3692
3456
3790
1168
2825
1317
194
3837
3754
116
2334
4773
3039
214
4380
3945
324
1918
833
4775
4240
61
4909
2317
4585
2721
3251
2472
1866
1819
4172
1385
4129
2551
4892
1063
4393
2519
4399
3527
3214
3374
1876
944
3263
3214
1297
4473
2934
639
705
1850
302
4804
402
4606
4149
2220
2233
3870
2079
356
1345
339
3084
1686
1097
1999
2065
1928
3972
3402
724
3723
2689
1145
2573
4983
3685
3017
163
428
2762
2781
3608
4174
4247
1392
2059
4159
631
4764
2041
764
1776
2172
750
1527
4627
1194
4654
522
4279
4634
3746
4841
4962
2803
2462
4012
289
1692
4950
4563
2363
3047
862
2720
2612
4750
3651
3106
4541
522
3880
193
4302
540
4485
1791
3990
532
1079
4889
1519
2373
2009
846
3489
2159
3943
3418
353
931
1018
3038
2878
3576
102
1028
4241
4544
781
4457
1145
4335
4386
2355
33
4723
295
2602
1311
627
1633
127
3181
38
737
2312
776
1636
1962
2623
4193
448
1509
3562
3901
3701
511
2698
4236
2645
1705
4038
2592
4720
4965
1043
1672
1407
1441
1785
2727
3156
4011
1576
4841
2866
765
437
50
3844
2750
1726
576
1010
899
1330
3203
2707
3533
4974
1736
1722
2304
1910
3055
2476
1508
705
1072
2721
4964
706
124
4704
1368
1102
1771
3822
1050
176
3102
1329
3132
1272
25
3637
176
4889
632
1638
1357
178
262
3561
1813
469
2708
4602
122
1419
3984
1444
3116
1881
1374
418
1622
2107
887
1305
4341
4235
3075
3984
131
156
1273
2094
2440
1724
712
1777
1506
4433
337
2029
590
1129
4887
1538
870
3031
4783
4099
3205
3297
1309
4321
3081
2431
3902
3863
14
2587
1354
177
3802
382
1231
374
4049
4701
1535
3041
4011
72
3
3588
855
1087
4300
4208
4199
2465
4086
642
4611
2181
623
4979
1852
406
3652
1159
3590
509
1240
1432
2592
136
1791
3116
2956
4199
2761
2626
2937
3468
724
108
2722
1626
79
2417
2945
4881
4352
3559
4390
4625
212
730
4890
2904
3476
4916
4982
1515
2527
4885
3392
3422
1796
2817
1794
601
531
3815
3799
3067
3988
2793
1712
3226
3998
4126
3122
4869
3381
42
2472
1208
624
3281
877
1764
142
387
1095
2414
1696
489
4439
4531
1132
4975
838
1702
3392
98
1481
1083
893
2107
4399
2939
4896
2290
4109
1869
4965
1726
1215
395
4475
194
2558
3970
4001
4790
4813
771
2879
3797
281
4595
3610
1907
2757
4799
3741
1613
2107
1119
682
2599
1452
467
755
2369
929
2436
2205
1713
2356
3159
4939
3852
2737
726
2257
1394
967
2264
3347
1297
3034
2118
275
1093
255
753
430
957
1746
4477
4158
1988
4129
606
1171
2436
4826
1406
4420
2313
513
4880
4867
484
439
2833
3891
1366
2638
4517
1598
213
4043
2811
2847
1170
1852
2203
4391
3957
3428
3487
679
4253
2835
2994
4766
276
1999
3371
1250
2196
3579
1250
1093
4935
4778
2237
2924
4452
4493
3017
3024
2475
1339
814
1119
1160
4842
3983
2877
2383
4859
1970
423
1478
2489
1848
3757
4752
1044
982
2754
4220
635
3013
2475
1714
3298
2776
4411
4306
2236
2633
2713
3721
1600
701
29
3798
3723
1504
1654
628
1821
771
4986
3888
3819
1457
1976
3681
3731
558
3602
1614
3905
3460
228
4679
970
1374
3738
3689
509
4769
2126
430
1419
2356
4818
2750
1106
2328
2370
2275
3093
3152
210
3472
390
1121
3402
3476
1059
1479
1682
1886
3880
2047
2754
1857
4709
4002
1604
2238
3850
3785
1808
3781
3244
4253
2539
3202
1814
88
1283
4752
4874
4911
4575
226
790
1238
644
4112
773
1758
1295
2016
545
2312
3439
4800
4980
6
532
1423
920
1057
2798
302
1370
2805
2691
2838
559
749
948
1360
1571
1529
414
4276
707
363
4882
4677
2362
2999
1787
4030
1492
2464
1930
2342
3534
2371
4303
232
71
147
1819
401
1083
635
4935
4557
4309
1261
2363
1068
767
4260
648
1607
4702
2789
2439
3887
635
4036
4963
3051
1568
2881
452
2167
223
4653
879
3050
2534
1136
3439
2348
813
2419
4303
642
1561
386
3026
4538
257
1806
2759
2496
2960
3234
1804
3394
3517
939
1786
3816
115
980
2995
1042
1761
4687
2614
4983
920
3382
2481
2089
3125
2677
1661
61
3746
1581
3954
4041
3535
2763
4468
4433
4186
3112
4262
2056
1245
3249
601
43
2463
3608
886
1622
2733
1577
4100
4623
2927
1624
1435
539
1141
2061
3180
4326
2822
2450
1396
3155
286
1293
1573
4547
4259
4398
3661
2083
2868
1065
3722
1052
93
1686
488
4160
116
3181
4026
2310
4436
3817
2148
4763
2658
3058
2460
2162
3301
3937
3117
4456
1579
1059
1648
765
2349
4464
359
1775
2404
4422
2226
2800
2883
4613
2158
308
1672
3499
20
2065
2366
3183
3921
1627
4922
1356
301
29
1340
231
4847
2190
2852
2497
3493
3613
4663
4835
1861
989
1366
2463
3286
3316
3622
531
3062
3828
22
856
4613
1956
3869
4563
3793
1150
3859
475
2755
3174
4148
2429
1863
4317
4609
785
4086
4239
4881
258
4089
3352
843
3253
4125
90
2790
60
3894
3285
4196
384
680
3255
4986
4679
104
3453
88
2294
528
4991
4977
3800
488
4144
4073
2293
4561
1009
398
3103
3046
632
3016
3966
1164
3393
1885
3303
661
1147
3974
2298
665
647
780
1503
3599
4352
2095
3923
822
3348
1688
2398
3887
2318
4064
322
2202
3433
2346
3726
1853
664
3810
2058
4563
4584
4519
1071
4570
1682
2777
4098
1826
2908
2331
1754
4758
115
4833
3692
4153
1
3911
4406
622
53
754
3624
4411
4794
24
4796
3875
1275
106
939
673
1956
4178
2614
1261
4330
2737
3818
2417
3770
988
508
3328
2562
4883
904
3899
4922
4454
1675
146
991
3308
2407
2569
2744
2022
4367
2252
4952
2278
4551
3393
2514
168
1820
3321
4911
2887
4883
1264
297
3374
3411
639
1132
4891
4556
1093
1702
4132
567
4734
225
857
2243
3348
1935
1976
3886
3384
1817
2547
2050
4964
830
4124
4000
2390
3382
4393
3148
1815
342
4400
864
327
823
685
3980
1300
2805
135
4786
3089
1328
2697
3997
4162
3044
409
1887
1362
539
4756
4637
2076
2632
3134
155
4031
4451
3777
1796
1707
1350
4183
2712
2995
779
246
4121
4910
3505
2180
3424
311
298
2392
271
364
3661
3194
3679
256
1960
4326
4557
933
1084
1071
4611
2866
2401
1417
1331
4534
42
2138
2584
2331
4643
4009
3567
1548
2697
1148
4757
4262
919
4558
916
2449
290
2523
4390
4023
1999
137
4768
1070
498
1592
959
3557
506
630
2131
1140
1820
3953
3039
2094
4397
308
4586
2543
4633
1916
3647
2083
3311
1456
380
3382
4072
905
2899
3263
2467
3443
2414
1919
3938
3626
4825
3111
323
2391
3782
4080
1132
4337
4764
124
3587
4585
3562
3693
1793
3469
597
2668
3145
2360
3756
4113
3918
2311
2507
2485
1602
4770
1000
2950
1118
625
1230
3778
4336
4235
3520
2457
4451
4923
216
3081
303
3511
657
915
1716
4063
2885
959
79
1348
2546
671
2966
1169
3003
4125
3579
2954
4930
2975
4848
1841
489
1692
3148
2632
4640
110
3062
3439
2640
2912
1157
3112
2867
3028
998
1242
3137
3301
3544
4292
3983
4135
1812
3503
3992
3185
3798
4876
526
1493
0
1141
2816
2742
4956
4826
3899
2346
2828
2399
4813
271
3182
4714
2784
1342
1610
3970
2599
4558
3591
2892
1671
3741
3038
2680
3877
591
1404
4070
3849
1714
398
1841
1495
2305
2074
4367
1665
1307
1563
3786
2009
2087
3800
617
1193
2873
1440
369
4138
2853
3351
290
1081
2862
4218
2976
323
2561
1593
2811
4759
1187
1717
1823
2262
4294
622
4705
3887
1628
1816
4107
535
4129
2247
3482
1195
4114
1004
1742
713
3508
4401
2909
4202
1900
2283
1796
2494
4914
1619
1584
3678
3840
686
661
695
2022
1050
3633
3925
3700
2159
4173
2313
4956
4928
1338
3534
3085
4326
2013
3116
70
3729
1086
1154
4019
3243
3925
972
4049
409
2829
3277
4890
3228
147
2600
1090
1751
3132
2255
1074
2434
4666
3138
4228
675
1266
4659
1628
3371
4741
4172
2008
3264
3766
4392
1857
196
3319
3153
1574
2611
1945
3408
4275
1250
638
3734
3502
4741
2550
3804
3064
857
3825
1643
299
3426
4377
498
4434
2619
1116
4350
4529
2948
1630
185
2260
1829
1143
520
4014
3825
2359
2414
3239
4999
4274
2229
3903
4714
2990
1405
3802
306
4085
3719
3368
2193
3639
1000
895
524
882
1380
2716
660
4441
114
2012
4998
2731
2090
2371
4773
2791
2194
2330
2544
2944
3467
1811
3210
2077
4647
3782
3881
1588
2623
81
2090
4294
3058
923
3338
3311
2858
784
4595
305
2008
2667
2194
3157
344
331
3538
3112
226
4491
3211
4311
1961
596
1496
3283
198
4027
2710
2786
2441
2620
819
4089
597
1469
3732
3977
1020
3366
3692
3246
1346
3787
1797
4575
2553
4804
3427
2148
3633
761
924
26
2889
3900
2894
824
4441
335
1592
974
1037
1722
3446
311
1222
3165
1343
2822
2570
4500
4188
4812
4080
1579
418
1484
956
3269
3313
4274
1049
1788
1926
2943
4365
1824
4749
1247
4848
1313
3741
1697
2460
174
666
394
4317
770
2070
1610
474
3645
1349
330
4983
596
1694
697
1815
4815
3704
425
2372
3200
886
1813
3755
2792
2611
632
3549
4116
4155
1373
4978
2120
2257
4454
1443
3036
3565
3360
286
2157
4944
634
164
4663
2197
128
2922
3480
4798
3373
854
4382
1431
3217
4237
1502
4650
24
4210
2329
3527
1195
4057
529
3022
3337
4104
1214
2034
1067
3166
3599
2279
2790
2284
3438
2685
3900
1115
2641
2495
3971
2471
4843
4388
1579
1545
2294
483
2233
3922
1986
2209
4663
2637
373
960
4951
1530
2402
198
666
541
4214
1741
3198
1813
4791
1233
1903
1286
1013
4532
1335
1265
3777
2145
2384
3859
149
3783
3412
4469
3668
3111
4935
1353
1927
3564
2773
513
2014
1827
1299
3310
494
2188
1636
4725
3292
528
4443
2640
2770
3610
3649
3313
2789
1508
715
4086
1709
1470
4622
2573
3676
535
2750
3771
3737
869
919
4528
4370
3390
359
4545
1109
2149
3576
2569
4315
4737
3427
2263
1808
4977
4995
4898
1109
1951
1471
4642
2778
1132
2673
251
3726
559
2685
4216
4928
1788
1179
560
663
786
2463
3323
1800
1832
881
3529
287
507
3031
4523
1732
1709
4405
2776
4643
4980
3563
2602
1125
3993
3674
1051
2243
423
4234
4340
4289
3892
477
4253
1744
4331
1601
4302
4708
4609
980
2522
359
2150
1870
779
3259
4403
4301
3542
3495
2399
4659
2681
2715
2850
3897
119
247
2316
2038
3961
3283
307
1065
506
1516
3790
745
270
1113
1011
461
4681
151
2975
2236
1638
3535
2110
4001
4483
2053
4000
1058
1739
442
4425
4348
4835
1991
4506
339
789
1080
499
3496
1305
2939
1208
4418
2671
3813
86
4223
654
3320
824
438
3713
2123
3765
2958
1737
2684
742
4366
4691
4833
584
4484
828
4877
3592
532
4366
2757
192
2476
3810
2096
1027
66
1479
2669
963
1999
4363
189
4766
130
4269
1580
773
4142
486
1105
2867
3641
2809
824
64
1793
4560
4628
3312
1345
1871
780
2628
4857
3622
4951
842
2254
4564
3158
3232
768
1895
2825
2095
4726
4461
1614
2125
3946
990
359
379
2706
2505
3531
16
3429
1421
1216
1805
2818
4441
3008
1753
4844
2585
2286
4018
1843
1846
4324
190
3995
4893
4464
3388
1611
3285
3194
3831
810
298
1584
3620
528
1466
4375
4200
1765
381
763
4294
4331
1565
2839
907
3382
4169
2625
3935
4630
867
747
1623
1653
1088
4729
409
353
845
1271
3559
2284
2076
4315
685
4929
2579
916
4971
1089
3148
1586
100
555
4188
2582
4250
3868
915
3947
2613
1349
4735
3377
2518
4841
2032
907
63
3491
629
3467
1961
2716
522
2529
3994
3706
1656
3671
1467
4732
4587
1901
258
2146
4740
2156
605
296
2234
2656
4183
2923
1332
2399
4593
2831
2598
1319
245
786
2494
4504
1179
3990
623
339
3767
2716
3524
1538
734
2675
2655
4551
161
2958
1292
3059
3726
1085
4102
2918
3070
4788
1462
4096
4944
787
1240
319
360
4319
318
3176
2875
2222
2598
1982
3356
4433
1589
1109
2944
4753
3952
2015
3970
2228
2558
368
2537
3044
3996
3835
1870
674
1156
4011
4131
1800
2783
2600
1208
790
4512
2728
1122
4297
2633
1752
1631
3317
3931
249
3329
1704
926
3671
2056
883
1958
3454
1270
320
2250
1518
3683
1644
701
4694
150
2830
800
3146
1645
774
2964
4381
440
322
3014
1963
2109
3770
2941
370
2761
2662
1653
803
1208
1086
928
53
1533
1391
4441
2656
865
2849
4869
4915
1115
183
2597
4745
28
2890
2071
3171
4841
3102
4498
2203
1590
3216
2628
4811
2945
115
280
4293
3838
4328
4803
2730
2781
229
3029
741
2447
1386
4826
3516
1743
3094
2435
4962
3912
4190
1353
4877
1313
1916
1051
1312
1323
2328
3709
4411
2533
464
4543
230
1614
3993
4681
1698
4599
3945
3272
734
3425
2356
1798
1720
2904
61
1902
2843
4723
2495
3087
1038
719
3591
2319
369
2017
3700
1243
2791
442
3853
2462
1447
4607
497
3972
2996
4858
2718
617
564
723
3293
171
800
3134
3579
588
3662
3748
187
3095
2796
4640
2159
98
3295
3314
4960
2604
2744
3533
3065
3459
2665
1426
4078
1555
4491
4230
4304
2740
3722
1498
3642
2776
2147
3469
281
2814
998
3187
1175
3037
3786
750
2202
3755
2503
915
3561
3772
1056
4240
3143
522
4068
748
3646
4786
4204
241
3146
3435
2523
3748
2343
3429
4130
66
748
3212
1491
3721
399
2758
1312
1037
407
2503
3133
2503
4395
863
4665
2581
2811
3592
2873
2860
1634
3858
3070
4986
1979
2619
3305
1264
4762
4773
918
2988
193
3396
4373
1013
3188
4612
3861
1263
4585
2074
1934
3880
3524
330
4472
1182
3140
1593
1835
3316
1457
3571
626
1247
2312
3317
2732
2265
2129
142
1396
135
4376
721
4909
335
1829
2847
2874
973
384
4710
3811
2287
839
1691
3021
3128
4464
2984
2649
2104
4011
2724
645
1946
1178
4334
2687
1225
3336
1941
2954
2082
171
425
1869
4534
4522
3311
3844
2079
1130
103
264
2836
3396
3010
4520
86
4507
1859
4046
1076
3292
3622
4611
4936
1096
2626
3799
3006
2709
2352
3098
1089
4595
3565
1278
1975
427
4908
760
448
488
103
3124
3520
664
702
897
4903
4226
3133
1527
773
39
3287
2675
2014
2519
609
4103
4621
3503
4800
213
4487
3919
1573
1986
2509
979
4157
1155
1473
120
2451
1847
4564
1764
224
2156
55
2163
2345
1197
4402
4456
3107
1986
915
2964
2282
4967
401
1891
2521
190
744
2046
4800
282
179
2661
779
3574
442
3262
952
2211
833
3404
534
899
3310
1415
595
1625
4318
4065
3885
1430
4894
406
1425
1036
655
3091
3329
4873
3005
3114
4640
4671
3180
4124
446
1541
3682
2743
3554
877
4034
4578
2349
2918
1300
4783
717
3130
4682
2254
4383
4203
2451
4862
4571
1270
3369
2651
2762
523
2580
2870
4886
1496
1248
4677
3013
751
1078
516
1137
3371
985
1691
3103
3656
2248
1729
4722
3888
3899
3828
1664
4576
2892
3242
3871
507
2341
3745
1429
1407
537
1480
3169
65
1377
1892
2441
3203
20
2424
2788
1922
2567
3430
4583
4994
4806
4119
1260
1895
174
1186
1291
2585
2172
320
4649
4198
4883
2383
4135
4185
4766
235
3910
959
4374
4512
1001
1439
457
2670
3085
3565
1674
4968
2488
2243
1844
1208
2724
4997
4358
4275
2821
1296
3514
3125
1924
2608
56
3530
2432
4118
4110
3844
877
2132
2423
3098
506
4444
668
3634
696
3407
3898
4268
712
2141
2152
2052
2254
3389
3021
1414
3003
4710
2944
4034
3939
601
2415
635
2494
4985
4825
2534
4099
1989
3148
4365
178
2471
2812
4755
4992
3613
3485
520
3914
2298
1479
4253
3912
2388
845
2099
1434
1395
62
2153
4653
280
3875
2789
2044
1385
388
1521
1321
7
3257
2151
4175
2196
17
3484
2343
1613
4656
3155
207
2099
4656
1020
1989
577
3605
4882
2675
36
1736
917
2163
3779
2859
2802
51
2058
3494
1735
3095
1182
3114
3149
2311
4326
1103
2399
4714
2570
1444
268
4698
772
2186
2480
2550
2829
1098
2734
439
2546
4190
1092
649
81
2514
117
106
3269
3026
3341
3529
1716
2265
2087
281
722
3054
2661
2676
2808
3754
4947
1672
1069
565
4953
2675
1148
3341
3375
1087
4406
175
904
1575
3390
2005
4599
222
264
4977
4378
3499
143
1321
4637
844
4229
400
4190
2257
1246
1709
4629
3477
4769
3498
4273
2158
961
3360
1186
4696
4409
574
1463
685
2632
4866
649
1461
2395
1827
1635
1547
560
3508
2819
218
1462
859
2501
4929
3720
281
4191
1459
4695
833
4273
657
2812
1417
4496
1471
3606
3518
1806
1521
1026
1699
2700
3219
2820
1720
413
2987
3057
2432
2507
254
3254
3875
3019
3776
1311
562
3843
823
2530
4883
2105
4671
873
3734
2058
4047
3878
297
3979
2720
3637
2014
675
646
2219
2352
3041
1302
932
2247
1729
696
4719
3690
1874
2634
2640
292
550
789
4969
73
840
4686
4287
3018
4486
1525
3113
3950
1220
2005
3938
1540
1221
3283
2653
3806
1522
3239
2934
4154
1965
3600
1368
3866
4547
707
1163
4373
730
916
2108
4557
2644
3769
808
4016
190
4455
2761
1399
3381
1282
4644
1633
3435
2384
3227
1787
1703
2596
2510
2350
4284
1511
2821
741
4845
3755
3437
4618
2193
717
3112
2603
192
1419
2535
4904
3425
1017
4219
1040
3632
308
1949
1244
2577
4305
3460
2238
411
2108
1150
2513
3226
1599
4126
4967
2520
2938
2102
1938
198
1228
2029
4675
3208
4403
2950
663
3715
2929
4638
1047
3057
3320
218
1972
3359
3384
2282
646
1860
2781
2306
2498
2842
2011
1681
677
3120
3000
213
2335
2207
2651
4695
2094
758
2622
706
4683
2725
0
3365
1980
3911
2339
2046
4305
2701
1471
3494
2020
1546
1923
672
765
4433
4040
2663
1630
3664
4078
163
4255
1994
3263
1649
3106
3282
2465
3000
3693
333
3674
1908
1931
2878
11
3487
3522
4084
4419
1967
2971
3623
4606
4390
2626
3145
3739
2413
4237
873
4994
1369
4986
540
2240
4187
2234
1067
3174
3425
4359
1248
3856
2704
2119
2423
4362
4149
3460
1807
4545
423
1881
3067
3787
3282
1704
4855
2423
2292
3745
3801
4776
3517
647
3345
563
4607
1340
4379
1423
3754
4670
2455
2089
3995
2309
4100
4012
2025
1262
1551
936
4998
4672
1938
4201
1936
2091
3212
4911
1742
1001
2222
3912
651
2184
1531
3943
2648
4591
790
2077
754
1437
3300
498
3517
2494
1755
3145
699
2749
4259
3348
1826
128
809
285
4579
3006
1275
222
355
803
3547
2824
2748
1556
758
37
454
2249
1381
1772
2001
4893
699
918
2876
945
1960
694
605
3243
4956
1299
3963
2746
2147
80
3542
2854
325
4283
3386
3842
3454
697
1165
4463
2557
730
4335
1396
1474
1767
3121
1631
2118
4986
4009
849
4309
4229
1172
1455
4493
3722
4387
4631
1665
290
4298
1493
4567
2340
934
2007
1524
3002
2100
3137
259
3645
3040
2884
4596
4026
1767
2739
4818
393
1620
2210
3929
3991
3587
2867
4799
1146
499
3955
1866
4872
1881
672
4015
1982
544
3585
2880
3600
1153
976
1105
1071
2370
1636
1406
4065
4595
2293
2569
940
2324
2155
194
4529
493
4691
1145
2866
2358
4811
3679
2174
1303
2691
2126
2663
4811
3997
3715
2355
3691
761
1415
3318
3657
1939
3427
2618
4556
3492
345
552
4133
2118
943
1404
4309
4256
4402
4915
3420
3848
2344
1621
3784
2295
473
319
4479
2902
831
3337
1659
4153
2071
4005
753
2488
2162
3818
3846
1156
1030
2971
908
2794
2828
504
369
3924
1306
525
4823
59
3151
4006
1741
4512
4738
1208
2319
3158
4334
229
3676
1034
4799
461
3736
689
1342
4014
2936
1450
4441
906
4323
4385
856
4603
905
2688
4129
1744
4910
1603
450
28
4352
1157
4088
3273
2838
3134
1673
846
3973
4044
2756
2943
373
1257
2184
4511
152
442
1639
1992
1720
3813
190
4737
2811
2153
3114
4027
3293
777
3217
3501
4505
1623
1121
4215
3987
4927
4489
3535
758
4958
261
1086
4086
549
3111
189
4790
538
3671
3161
3000
4522
3352
3231
1376
4012
4022
2123
3375
2101
3252
3825
27
1721
3392
2648
3449
4932
2045
1938
2774
649
705
3742
2126
4928
1885
571
3981
4487
2523
475
1868
3086
2380
2666
169
1466
3110
4875
4992
2487
2067
2998
1501
750
1714
53
439
2282
1219
869
4197
2741
1019
555
121
4144
1779
2568
3240
2801
201
4092
3312
4620
1549
1436
4294
3136
188
1508
2898
4607
2807
8
569
3099
228
4975
2064
1929
2113
3806
3795
2716
3612
319
4617
134
1359
385
705
3576
2008
355
1792
3398
2698
3439
4699
4222
3470
3651
3436
171
243
1322
1966
1627
692
626
487
372
4433
958
4386
2091
541
1514
1883
1247
1577
4406
2953
3806
2917
699
4777
10
3692
2723
4450
4306
4655
501
1877
691
3387
3227
1999
1891
3131
3291
2504
2598
3364
4052
3734
2379
2363
588
3605
1722
1221
3791
813
36
4654
1688
2049
4607
2931
4593
87
4287
4484
1110
3358
420
2790
66
1149
2618
1377
2259
1533
1692
3037
230
2054
4056
2017
3185
2978
3048
4685
1125
4631
814
1811
1195
1023
674
3454
3062
996
168
2542
522
2200
901
3468
3069
1910
2529
2360
1779
2966
3948
2868
334
2053
841
70
83
2406
2394
3363
4654
3500
256
739
4905
4237
3918
3338
4116
3006
62
2441
2625
1545
4610
243
1385
877
3818
1916
466
6
4490
787
3919
2067
2018
2866
814
2184
3193
1404
325
1483
3044
3388
2262
933
41
4554
4621
4337
2362
3309
173
422
2761
2528
2120
532
6
1439
3488
3648
125
1385
3786
3871
1248
2927
2878
166
4762
3989
3261
962
409
602
4952
2006
3166
65
1837
3291
3827
2009
1852
2084
1164
3947
2851
3034
826
4609
52
4420
2164
4462
1499
2395
1970
709
1842
3194
2995
2789
2416
2973
2584
4528
2277
26
373
4497
4821
2299
3513
966
2121
2540
1819
4037
2596
2335
428
1571
1039
2824
4569
3427
3505
4784
4293
3828
4551
2660
2580
3276
3698
4849
3905
845
3297
1800
1866
152
894
39
4811
1972
4228
4732
1213
3790
3572
4766
4624
4044
1978
67
4504
4063
3104
2223
2206
1581
4017
4215
312
2993
1865
193
772
2495
1964
4653
2050
1128
4214
1504
579
554
4694
425
3842
3343
4325
3353
3016
3240
1162
1630
1421
2624
1510
2634
4303
3424
2821
3050
2174
1382
4094
4786
3505
4729
1975
601
2579
3637
1280
4766
4518
2652
2515
3318
1713
1247
2738
189
4235
2968
1017
1032
341
2338
4998
1206
1763
2412
69
4066
4208
2947
1551
2018
1953
2780
1569
2907
3656
1886
3916
1231
2882
4540
1569
3758
1902
539
1055
2580
625
4043
1862
2438
804
4707
276
4084
318
2697
2689
3632
3275
3100
4066
1413
1563
2264
4211
4147
992
4779
4686
4657
594
2080
3741
3329
4298
1921
2211
4414
2014
2819
1588
796
4697
2766
1497
1999
4903
3550
194
3624
1845
4377
2405
3076
3729
269
3848
811
2756
2809
191
1781
2385
392
347
1816
4657
1029
2214
1831
2393
1270
283
4566
1796
3919
2809
3328
1057
494
4806
1903
266
1575
1746
1252
4657
1880
2751
986
4435
3889
124
4887
2726
364
1750
783
624
4142
812
4775
3539
41
4678
1515
2178
2812
3173
4096
2768
1803
1240
1406
2255
1972
4348
958
1176
2550
1233
4952
4909
377
3760
3826
978
1370
426
1080
435
1219
2721
4151
4488
2454
4638
2806
3905
2375
2216
4660
2309
2899
4959
1726
4523
4701
4158
2173
568
4736
131
3045
3448
2545
1310
3615
3771
4597
3915
2552
3908
353
4976
26
1114
771
3335
2128
1108
4452
2438
2584
2249
3836
2012
3841
523
3435
2316
791
3355
2816
3279
3703
1512
3493
1154
3958
4720
624
3644
1012
910
615
4344
4663
2737
4728
4810
66
1037
3128
276
1809
4848
2507
2387
1154
1988
80
1128
1794
4274
1151
2125
389
3182
2836
4297
3169
4387
1625
3038
3035
1754
609
531
1149
4621
3096
2325
2685
100
4269
3634
3008
1871
4798
4482
4408
3996
365
407
4471
4508
4825
1672
4804
351
3652
3323
1123
3844
686
2679
423
2939
2088
4273
2111
3359
531
3733
40
2619
1113
1831
1998
3355
38
390
236
4607
281
2873
4883
1878
1572
12
2122
2796
1812
4748
3761
2094
3450
203
1551
82
4948
1348
3336
772
935
2311
3188
4014
89
977
3343
1255
1505
3011
657
3166
1194
2933
3588
3094
2865
1778
3479
2638
3426
3094
4934
1581
2840
3710
4867
3081
4877
2767
4357
692
1250
2121
4808
2838
663
2292
1674
772
1404
2212
392
283
4904
100
3512
484
22
3372
661
2648
4274
1501
2023
1351
2982
2608
4372
857
3944
220
1310
3907
1105
2527
892
474
4281
2289
2121
1767
2622
731
370
4170
1296
1914
1660
650
550
877
3527
2159
3783
3526
2469
4157
1974
2366
4816
3768
4749
4295
3905
3851
4154
20
901
1364
1645
2798
4809
2634
3031
427
1648
4459
1475
4300
1790
3841
1678
3888
1493
2378
3390
1413
1385
613
444
3725
929
1635
3165
573
3009
941
2217
4556
1916
618
324
236
942
3126
4138
4174
4548
2363
2842
4061
4551
2735
1594
517
2956
323
4842
1595
2630
1915
2241
289
3018
394
2188
4272
2382
1270
2850
3604
1743
21
2525
225
2496
4391
4932
600
3296
3442
3252
72
4443
1021
1797
1306
4676
4890
2091
492
3432
2568
2952
4038
4465
1930
2670
694
2367
4666
4654
178
1106
3862
2041
550
1239
1095
1529
897
2336
649
1048
409
4813
4954
3656
3506
1916
4703
4310
2393
3929
2619
3014
1356
2841
4855
4660
3884
4632
3812
615
1875
738
136
3284
4880
3366
1649
1771
2841
2275
2100
1872
348
1742
793
3048
4740
3629
2035
4570
4843
2009
4618
199
4122
664
1359
4207
2390
3258
659
2004
2069
4922
4124
4817
3257
1501
4560
3698
323
4560
4340
3171
1869
880
3900
2386
2429
2381
4013
3274
437
4062
2919
3015
3110
2776
1304
4437
4526
2873
940
874
2693
521
1527
2181
3840
2091
4611
4526
2569
2223
1502
4286
610
1078
3559
1140
1980
1479
701
352
2290
2141
1420
1081
1435
603
2591
350
601
1903
2304
1920
2807
2992
330
1363
4586
2810
500
753
250
64
4611
801
2723
3742
1580
2765
1678
2772
863
978
140
173
1614
2796
4842
3958
4405
2527
4050
1349
2395
4108
2874
1916
3517
1598
3138
2137
1907
2745
2705
768
749
284
2833
4237
614
637
4876
123
4439
1797
4767
849
453
1929
3108
849
2363
3654
881
1354
3137
606
4938
4845
3623
1413
564
3913
4551
1197
4834
627
4526
3555
1031
1957
1381
4639
4658
1886
3711
1675
3342
4553
2364
190
2822
322
3003
3562
3769
2778
4594
3870
4710
2253
4149
2999
3202
4121
4076
3398
952
2913
3843
1961
484
1013
2739
4161
3977
2332
851
2621
1991
712
511
1599
3262
1472
2912
3434
2270
964
4654
4952
1663
3322
1499
2977
1506
40
4257
4986
4785
2499
1369
3214
2097
2734
4312
822
4712
1901
3849
3626
100
3384
1383
3367
4923
3196
1234
2331
1788
697
1108
4169
1374
3932
1016
2959
4605
580
4748
222
2855
4864
1882
4081
207
3309
3123
2088
3293
2609
2147
4760
3576
1007
4806
2627
2337
2022
2795
2220
3538
4954
239
1587
4755
2089
2134
4017
1215
1359
2507
685
3563
2766
4870
1825
4882
2229
2612
2302
2543
486
17
462
2740
4638
4495
803
759
4656
1244
1567
3949
1634
4844
3666
3232
1841
782
561
484
3178
964
2640
111
2422
1955
4501
2264
3208
1991
3906
3289
1691
2311
896
1838
1776
1454
2438
4895
2478
4543
2873
2621
4577
1085
1486
3931
249
2855
3063
92
1308
469
400
2720
4679
1452
428
768
766
4044
1483
4379
3890
4060
4706
1747
4650
989
1818
2799
2139
2672
1277
4110
3590
2781
2021
415
3198
3549
2678
4359
4588
2265
1886
3211
3372
1447
2985
3570
301
2557
3417
1881
3054
1293
2899
1597
3731
3478
3786
3688
2080
1822
491
4855
3328
3772
2533
1465
3503
3332
4707
3247
4291
3632
848
4453
183
329
3531
3068
2892
577
3367
1252
937
1570
3979
4701
4072
2542
2600
3858
3941
4155
805
4547
222
1729
355
826
1016
2560
4772
368
2054
2947
3580
3952
2605
1499
625
2448
2345
767
972
1656
3065
3163
16
2965
2201
3223
785
4749
4770
662
3349
616
3709
2330
763
2206
4837
4528
1161
2425
3225
3861
1270
4011
2972
2980
3198
1100
3107
2416
4427
1424
1404
650
4553
3027
3151
3325
3259
1024
1487
3858
458
3319
675
3950
1475
235
247
3021
725
2078
4330
1063
3567
2486
3360
1204
438
2612
4115
1512
2264
4526
3470
358
1618
9
2812
264
4058
866
2867
2016
926
4125
3726
4293
2930
4275
3654
1446
570
4771
3728
3406
